9.800000190734863 9.800000190734863 9.710000038146973 9.710000038146973 7400
9.800000190734863 9.84000015258789 9.699999809265137 9.699999809265137 511600
9.699999809265137 9.800000190734863 9.699999809265137 9.800000190734863 471100
9.800000190734863 9.800000190734863 9.770000457763672 9.779999732971191 463000
9.8100004196167 10.0 9.755000114440918 9.760000228881836 1154700
9.779999732971191 9.850000381469727 9.739999771118164 9.779999732971191 559000
9.75 9.850000381469727 9.75 9.819999694824219 31500
9.75 9.83899974822998 9.729999542236328 9.75 40700
9.75 9.824999809265137 9.739999771118164 9.755000114440918 235300
9.75 9.789999961853027 9.729999542236328 9.729999542236328 2100
9.800000190734863 9.829999923706055 9.760000228881836 9.829999923706055 1700
9.75 9.800000190734863 9.75 9.800000190734863 67300
9.829999923706055 9.829999923706055 9.699999809265137 9.729999542236328 35100
9.800000190734863 9.850000381469727 9.729999542236328 9.789999961853027 211800
9.710000038146973 9.770000457763672 9.710000038146973 9.770000457763672 212800
9.84000015258789 9.84000015258789 9.729999542236328 9.75 11600
9.739999771118164 9.739999771118164 9.729999542236328 9.729999542236328 500
9.760000228881836 9.760000228881836 9.710000038146973 9.710000038146973 11300
9.710000038146973 9.78499984741211 9.710000038146973 9.78499984741211 5000
9.75100040435791 9.788000106811523 9.75 9.75 2500
9.75 9.75 9.6899995803833 9.699999809265137 19500
9.699999809265137 9.720000267028809 9.699999809265137 9.699999809265137 53400
9.75 9.75 9.72700023651123 9.734999656677246 344000
9.710000038146973 9.739999771118164 9.710000038146973 9.739999771118164 1100
9.6899995803833 9.6899995803833 9.6899995803833 9.6899995803833 200
9.75 9.75 9.720000267028809 9.75 9200
9.75 9.75 9.75 9.75 1000
9.75 9.75 9.699999809265137 9.720000267028809 127600
9.710000038146973 9.710000038146973 9.710000038146973 9.710000038146973 2700
9.713000297546387 9.75 9.710000038146973 9.710000038146973 1100
9.720000267028809 9.720000267028809 9.720000267028809 9.720000267028809 3600
9.720000267028809 9.720000267028809 9.720000267028809 9.720000267028809 0
9.729999542236328 9.729999542236328 9.729999542236328 9.729999542236328 100
9.734999656677246 9.75 9.729999542236328 9.729999542236328 343200
9.720000267028809 9.734999656677246 9.699999809265137 9.699999809265137 1700
9.75 9.75 9.699999809265137 9.699999809265137 43800
9.699999809265137 9.725000381469727 9.699999809265137 9.699999809265137 35800
9.699999809265137 9.770000457763672 9.699999809265137 9.770000457763672 1900
9.699999809265137 9.75 9.699999809265137 9.75 203700
9.75 9.75 9.729999542236328 9.75 224300
9.75 9.75 9.720000267028809 9.739999771118164 106300
9.77400016784668 9.829999923706055 9.760000228881836 9.795000076293945 10700
9.789999961853027 9.8100004196167 9.729999542236328 9.729999542236328 228000
9.819999694824219 9.819999694824219 9.6899995803833 9.75 653900
9.75 9.829999923706055 9.75 9.829999923706055 165600
9.760000228881836 9.829999923706055 9.699999809265137 9.739999771118164 29600
9.767999649047852 9.800000190734863 9.722000122070312 9.770000457763672 14400
9.800000190734863 9.800000190734863 9.75 9.779999732971191 515600
9.75 9.760000228881836 9.699999809265137 9.760000228881836 23500
9.720000267028809 9.779999732971191 9.680000305175781 9.779999732971191 49300
9.74899959564209 9.899999618530273 9.74899959564209 9.899999618530273 24600
9.789999961853027 9.899999618530273 9.75 9.779999732971191 25500
9.760000228881836 9.880000114440918 9.734999656677246 9.880000114440918 29100
9.885000228881836 9.918000221252441 9.880000114440918 9.880000114440918 17600
9.899999618530273 9.930000305175781 9.720000267028809 9.779999732971191 18700
9.789999961853027 9.869999885559082 9.734999656677246 9.850000381469727 19900
9.75 9.880000114440918 9.75 9.880000114440918 20700
9.75 9.880000114440918 9.675000190734863 9.869999885559082 202900
9.880000114440918 9.930000305175781 9.829999923706055 9.930000305175781 5600
9.9399995803833 9.960000038146973 9.850000381469727 9.920000076293945 27800
9.9399995803833 9.949999809265137 9.859999656677246 9.899999618530273 19500
9.960000038146973 9.989999771118164 9.819999694824219 9.819999694824219 20800
9.890000343322754 9.989999771118164 9.829999923706055 9.850000381469727 16200
9.930000305175781 10.039999961853027 9.90999984741211 9.930000305175781 36200
9.960000038146973 10.050000190734863 9.930000305175781 9.949999809265137 46500
10.0 10.050000190734863 9.859999656677246 10.0 440400
10.0 10.0 9.930000305175781 9.949999809265137 34700
9.979999542236328 10.0 9.904999732971191 9.920000076293945 39600
10.0 10.0 9.949999809265137 9.960000038146973 38400
9.961000442504883 9.989999771118164 9.920000076293945 9.960000038146973 43000
9.989999771118164 9.989999771118164 9.90999984741211 9.949999809265137 39700
9.960000038146973 10.0 9.899999618530273 9.899999618530273 50600
9.970000267028809 10.010000228881836 9.961999893188477 9.979999542236328 59100
10.010000228881836 10.350000381469727 10.0 10.050000190734863 211600
10.130000114440918 10.149999618530273 10.0 10.050000190734863 87900
10.140000343322754 10.140000343322754 10.0 10.069999694824219 182300
10.079999923706055 10.149999618530273 10.0 10.149999618530273 216900
10.100000381469727 10.239999771118164 10.029999732971191 10.210000038146973 138900
10.25 10.25 10.010000228881836 10.109999656677246 63400
10.074000358581543 10.1899995803833 10.069999694824219 10.125 46200
10.140000343322754 10.180000305175781 10.111000061035156 10.135000228881836 383000
10.100000381469727 10.199999809265137 10.100000381469727 10.149999618530273 557400
10.199999809265137 10.199999809265137 10.100000381469727 10.149999618530273 90500
10.180000305175781 10.369999885559082 10.15999984741211 10.260000228881836 100800
10.359999656677246 10.600000381469727 10.3100004196167 10.529999732971191 258500
10.59000015258789 10.600000381469727 10.359999656677246 10.4399995803833 109100
10.40999984741211 10.550000190734863 10.3100004196167 10.350000381469727 144300
10.479999542236328 10.479999542236328 10.3100004196167 10.375 44900
10.399999618530273 10.470000267028809 10.319999694824219 10.369999885559082 90600
10.489999771118164 10.569999694824219 10.359999656677246 10.5 115900
10.5 10.600000381469727 10.40999984741211 10.539999961853027 791800
10.600000381469727 10.732000350952148 10.350000381469727 10.420000076293945 84900
10.510000228881836 10.510000228881836 10.199999809265137 10.210000038146973 259000
10.25 10.289999961853027 10.220000267028809 10.25 492300
10.260000228881836 10.399999618530273 10.260000228881836 10.380000114440918 177400
10.390000343322754 10.449999809265137 10.350000381469727 10.350000381469727 200000
10.430000305175781 10.539999961853027 10.380000114440918 10.430000305175781 45600
10.630000114440918 10.65999984741211 10.380000114440918 10.550000190734863 184300
10.520000457763672 10.670000076293945 10.5 10.550000190734863 174400
10.619999885559082 10.619999885559082 10.470000267028809 10.479999542236328 105400
10.510000228881836 10.609999656677246 10.479999542236328 10.520000457763672 233300
10.539999961853027 10.6899995803833 10.449999809265137 10.5 68300
10.5 10.5600004196167 10.449999809265137 10.5 150200
10.510000228881836 10.699999809265137 10.449999809265137 10.460000038146973 119900
10.529999732971191 10.529999732971191 10.369999885559082 10.449999809265137 78100
10.420000076293945 10.472999572753906 10.40999984741211 10.4399995803833 18500
10.5 10.579999923706055 10.40999984741211 10.479999542236328 383000
10.479999542236328 10.569999694824219 10.4399995803833 10.489999771118164 27600
10.470000267028809 10.59000015258789 10.470000267028809 10.5600004196167 393100
10.569999694824219 10.619999885559082 10.5 10.550000190734863 87500
10.539999961853027 10.539999961853027 10.40999984741211 10.4399995803833 55200
10.350000381469727 10.399999618530273 10.199999809265137 10.359999656677246 126000
10.350000381469727 10.510000228881836 10.350000381469727 10.489999771118164 65700
10.399999618530273 10.399999618530273 10.199999809265137 10.229999542236328 159700
10.220000267028809 10.270000457763672 10.100000381469727 10.119999885559082 151800
10.1899995803833 10.279999732971191 10.140000343322754 10.170000076293945 36600
10.170000076293945 10.170000076293945 9.920000076293945 10.100000381469727 233200
10.0649995803833 10.069999694824219 9.979999542236328 10.0 149100
10.0 10.0600004196167 9.890000343322754 9.949999809265137 385300
9.920000076293945 10.199999809265137 9.899999618530273 10.180000305175781 60500
10.079999923706055 10.079999923706055 9.949999809265137 10.010000228881836 6600
10.020000457763672 10.079999923706055 9.930000305175781 10.0600004196167 29600
10.010000228881836 10.0600004196167 9.899999618530273 9.920000076293945 66700
9.979999542236328 10.020000457763672 9.899999618530273 9.930000305175781 123300
9.899999618530273 9.930000305175781 9.899999618530273 9.899999618530273 74700
9.869999885559082 9.9399995803833 9.850000381469727 9.859999656677246 25500
9.899999618530273 9.960000038146973 9.899999618530273 9.960000038146973 29900
9.899999618530273 9.989999771118164 9.899999618530273 9.989999771118164 32000
9.949999809265137 9.960000038146973 9.899999618530273 9.90999984741211 116700
9.899999618530273 9.949999809265137 9.899999618530273 9.9399995803833 35000
9.949999809265137 9.979999542236328 9.800000190734863 9.859999656677246 46400
9.850000381469727 9.904999732971191 9.789999961853027 9.829999923706055 28400
9.800000190734863 9.819999694824219 9.699999809265137 9.770000457763672 31400
9.739999771118164 9.840999603271484 9.630000114440918 9.829999923706055 32200
9.786999702453613 9.880000114440918 9.699999809265137 9.829999923706055 53900
9.699999809265137 9.84000015258789 9.630000114440918 9.819999694824219 12200
9.819999694824219 9.829999923706055 9.760000228881836 9.770000457763672 45900
9.760000228881836 9.800000190734863 9.75 9.779999732971191 48800
9.819999694824219 9.979999542236328 9.819999694824219 9.819999694824219 30600
9.883999824523926 9.883999824523926 9.850000381469727 9.859999656677246 5200
9.899999618530273 9.899999618530273 9.8100004196167 9.8100004196167 13300
9.833999633789062 9.869999885559082 9.829999923706055 9.850000381469727 10000
9.819999694824219 9.90999984741211 9.800000190734863 9.880000114440918 41100
9.880000114440918 9.930000305175781 9.850000381469727 9.930000305175781 97300
9.84000015258789 9.930000305175781 9.84000015258789 9.90999984741211 8900
9.90999984741211 9.90999984741211 9.829999923706055 9.880000114440918 6600
9.850000381469727 9.899999618530273 9.84000015258789 9.899999618530273 120600
9.899999618530273 9.920000076293945 9.854999542236328 9.899999618530273 19300
9.869999885559082 9.869999885559082 9.835000038146973 9.84000015258789 12200
9.84000015258789 9.859999656677246 9.800000190734863 9.819999694824219 41100
9.8100004196167 9.819999694824219 9.800000190734863 9.800000190734863 6300
9.800000190734863 9.819999694824219 9.800000190734863 9.819999694824219 24000
9.824999809265137 9.829999923706055 9.800000190734863 9.829999923706055 3800
9.800000190734863 9.890000343322754 9.800000190734863 9.8100004196167 5500
9.881999969482422 9.890000343322754 9.760000228881836 9.829999923706055 61700
9.8100004196167 9.84000015258789 9.788999557495117 9.800000190734863 3800
9.833999633789062 9.869999885559082 9.779999732971191 9.819999694824219 5600
9.779999732971191 9.899999618530273 9.779999732971191 9.880000114440918 18000
9.779999732971191 9.869999885559082 9.779999732971191 9.800000190734863 29300
9.800000190734863 9.859999656677246 9.779999732971191 9.826000213623047 29900
9.8100004196167 9.829999923706055 9.779999732971191 9.819999694824219 37000
9.779999732971191 9.800000190734863 9.779999732971191 9.779999732971191 39000
9.779999732971191 9.800000190734863 9.770000457763672 9.779999732971191 45800
9.779999732971191 9.800000190734863 9.770000457763672 9.800000190734863 34000
9.781000137329102 9.800000190734863 9.779999732971191 9.800000190734863 11500
9.789999961853027 9.8100004196167 9.779999732971191 9.8100004196167 24200
9.829999923706055 9.850000381469727 9.779999732971191 9.800000190734863 11800
9.800000190734863 9.800000190734863 9.770000457763672 9.770000457763672 5100
9.789999961853027 9.789999961853027 9.770000457763672 9.779999732971191 32500
9.760000228881836 9.779999732971191 9.760000228881836 9.779999732971191 7900
9.760000228881836 9.84000015258789 9.760000228881836 9.8100004196167 11200
9.770000457763672 9.84000015258789 9.75 9.770000457763672 17300
9.8100004196167 9.8100004196167 9.760000228881836 9.800000190734863 6300
9.8100004196167 9.8100004196167 9.760000228881836 9.800000190734863 1700
9.760000228881836 9.789999961853027 9.744000434875488 9.760000228881836 23300
9.760000228881836 9.800000190734863 9.739999771118164 9.789999961853027 2100
9.782999992370605 9.788000106811523 9.720000267028809 9.75 79900
9.75 9.770000457763672 9.720000267028809 9.770000457763672 17300
9.729999542236328 9.760000228881836 9.710000038146973 9.739999771118164 47000
9.770000457763672 9.770000457763672 9.729999542236328 9.770000457763672 11000
9.739999771118164 9.770000457763672 9.739999771118164 9.765000343322754 1900
9.744999885559082 9.8100004196167 9.739999771118164 9.779999732971191 11000
9.739999771118164 9.800000190734863 9.729999542236328 9.800000190734863 27700
9.75 9.789999961853027 9.699999809265137 9.789999961853027 45000
9.779999732971191 9.800000190734863 9.770000457763672 9.779999732971191 115300
9.779999732971191 9.819999694824219 9.779999732971191 9.8100004196167 72200
9.800000190734863 9.8149995803833 9.770000457763672 9.800000190734863 246900
9.789999961853027 9.8100004196167 9.789999961853027 9.807999610900879 50200
9.79800033569336 9.800000190734863 9.779999732971191 9.800000190734863 7600
9.779999732971191 9.800000190734863 9.770000457763672 9.800000190734863 9400
9.770000457763672 9.800000190734863 9.770000457763672 9.789999961853027 22600
9.789999961853027 9.800000190734863 9.779999732971191 9.800000190734863 3600
9.800000190734863 9.800000190734863 9.779999732971191 9.779999732971191 13700
9.779999732971191 9.779999732971191 9.779999732971191 9.779999732971191 700
9.779999732971191 9.789999961853027 9.770000457763672 9.779999732971191 9100
9.770000457763672 9.819999694824219 9.770000457763672 9.819999694824219 34100
9.819999694824219 9.819999694824219 9.779999732971191 9.789999961853027 81800
9.819999694824219 9.819999694824219 9.770000457763672 9.779999732971191 52600
9.789999961853027 9.8100004196167 9.770000457763672 9.779999732971191 64700
9.770000457763672 9.829999923706055 9.770000457763672 9.8100004196167 282400
9.829999923706055 9.829999923706055 9.760000228881836 9.760000228881836 25700
9.770000457763672 9.829999923706055 9.770000457763672 9.819999694824219 25400
9.789999961853027 9.819999694824219 9.789999961853027 9.812999725341797 2000
9.829999923706055 9.829999923706055 9.789999961853027 9.8100004196167 3500
9.770000457763672 9.800000190734863 9.739999771118164 9.800000190734863 3300
9.789999961853027 9.800000190734863 9.789999961853027 9.800000190734863 5500
9.800000190734863 9.800000190734863 9.779999732971191 9.779999732971191 12500
9.779999732971191 9.779999732971191 9.779999732971191 9.779999732971191 600
9.770000457763672 9.779999732971191 9.770000457763672 9.779999732971191 10900
9.779999732971191 9.779999732971191 9.779999732971191 9.779999732971191 700
9.779999732971191 9.789999961853027 9.770000457763672 9.779999732971191 13200
9.76200008392334 9.779999732971191 9.760000228881836 9.770000457763672 215600
9.75 9.779999732971191 9.75 9.770000457763672 14500
9.770000457763672 9.770000457763672 9.760000228881836 9.770000457763672 5700
9.770000457763672 9.779999732971191 9.760000228881836 9.779999732971191 112800
9.760000228881836 9.779999732971191 9.710000038146973 9.770000457763672 87200
9.779999732971191 9.779999732971191 9.770000457763672 9.779999732971191 6100
9.779999732971191 9.779999732971191 9.760000228881836 9.770000457763672 32500
9.770999908447266 9.770999908447266 9.75 9.75 1600
9.75 9.770000457763672 9.75 9.760000228881836 1300
9.75 9.779999732971191 9.75 9.75 22700
9.770000457763672 9.800000190734863 9.75 9.760000228881836 37400
9.760000228881836 9.800000190734863 9.760000228881836 9.789999961853027 31900
9.770000457763672 9.789999961853027 9.75 9.760000228881836 41000
9.75 9.779999732971191 9.75 9.779999732971191 13900
9.760000228881836 9.779999732971191 9.75 9.770000457763672 22100
9.760000228881836 9.789999961853027 9.760000228881836 9.789999961853027 800
9.788000106811523 9.788000106811523 9.75 9.75 12000
9.75 9.760000228881836 9.699999809265137 9.75 61300
9.75 9.770000457763672 9.75 9.770000457763672 14200
9.760000228881836 9.770000457763672 9.760000228881836 9.760000228881836 4800
9.762999534606934 9.779999732971191 9.760000228881836 9.760000228881836 90200
9.770000457763672 9.800000190734863 9.75 9.779999732971191 18700
9.770000457763672 9.779999732971191 9.769000053405762 9.770000457763672 11700
9.770000457763672 9.789999961853027 9.760000228881836 9.760000228881836 57300
9.760000228881836 9.760000228881836 9.75 9.75 113000
9.75 9.760000228881836 9.739999771118164 9.760000228881836 1500
9.760000228881836 9.760000228881836 9.744999885559082 9.760000228881836 20200
9.75 9.800000190734863 9.75 9.779999732971191 8400
9.774999618530273 9.789999961853027 9.760000228881836 9.770999908447266 3000
9.760000228881836 9.789999961853027 9.760000228881836 9.779999732971191 4300
9.779999732971191 9.779999732971191 9.760000228881836 9.760000228881836 9000
9.760000228881836 9.779999732971191 9.760000228881836 9.760000228881836 2200
9.779999732971191 9.789999961853027 9.770000457763672 9.789999961853027 11600
9.779999732971191 9.789999961853027 9.699999809265137 9.789999961853027 13200
9.793999671936035 9.800000190734863 9.75 9.800000190734863 16200
9.770000457763672 9.770000457763672 9.770000457763672 9.770000457763672 200
9.800000190734863 9.8100004196167 9.800000190734863 9.800000190734863 7600
9.800000190734863 9.8100004196167 9.800000190734863 9.800000190734863 2100
9.8100004196167 9.8100004196167 9.800000190734863 9.800000190734863 2900
9.800000190734863 9.8100004196167 9.800000190734863 9.800000190734863 4300
9.8100004196167 9.829999923706055 9.800000190734863 9.800000190734863 1959700
9.800000190734863 9.819999694824219 9.800000190734863 9.805000305175781 6900
9.800000190734863 9.819999694824219 9.800000190734863 9.8100004196167 3100
9.805999755859375 9.805999755859375 9.805999755859375 9.805999755859375 200
9.819999694824219 9.819999694824219 9.800000190734863 9.819999694824219 4600
9.819999694824219 9.819999694824219 9.800000190734863 9.819999694824219 1300
9.817999839782715 9.817999839782715 9.800000190734863 9.807999610900879 1200
9.800000190734863 9.800000190734863 9.800000190734863 9.800000190734863 1200
9.800000190734863 9.800000190734863 9.800000190734863 9.800000190734863 2500
9.8100004196167 9.819999694824219 9.800000190734863 9.819999694824219 80000
9.819999694824219 9.829999923706055 9.819999694824219 9.829999923706055 10000
9.814000129699707 9.829999923706055 9.814000129699707 9.829999923706055 2400
9.850000381469727 9.850000381469727 9.829999923706055 9.829999923706055 3400
9.829999923706055 9.84000015258789 9.829999923706055 9.84000015258789 31200
9.850000381469727 9.850000381469727 9.829999923706055 9.84000015258789 114300
9.850000381469727 9.850000381469727 9.829999923706055 9.829999923706055 18400
9.829999923706055 9.829999923706055 9.829999923706055 9.829999923706055 400
9.850000381469727 9.850000381469727 9.814000129699707 9.850000381469727 20200
9.819999694824219 9.84000015258789 9.819999694824219 9.84000015258789 3500
9.850000381469727 9.850000381469727 9.829999923706055 9.84000015258789 1300
9.829999923706055 9.84000015258789 9.829999923706055 9.829999923706055 5200
9.84000015258789 9.850000381469727 9.84000015258789 9.850000381469727 1200
9.819999694824219 9.850000381469727 9.819999694824219 9.84000015258789 596300
9.819999694824219 9.84000015258789 9.819999694824219 9.84000015258789 10200
9.819999694824219 9.819999694824219 9.819999694824219 9.819999694824219 300
9.8100004196167 9.829999923706055 9.8100004196167 9.829999923706055 700
9.819999694824219 9.850000381469727 9.819999694824219 9.850000381469727 63300
9.829999923706055 9.850000381469727 9.829999923706055 9.850000381469727 6900
9.819999694824219 9.850000381469727 9.819999694824219 9.850000381469727 26200
9.845000267028809 9.920000076293945 9.84000015258789 9.859999656677246 80100
9.84000015258789 9.869999885559082 9.84000015258789 9.84000015258789 22600
9.850000381469727 9.880000114440918 9.829999923706055 9.869999885559082 532300
9.850000381469727 9.869999885559082 9.831000328063965 9.869999885559082 25200
9.845999717712402 9.859999656677246 9.84000015258789 9.850000381469727 403700
9.84000015258789 9.869999885559082 9.84000015258789 9.850000381469727 761900
9.859999656677246 9.869999885559082 9.850000381469727 9.850000381469727 64600
9.869999885559082 9.880000114440918 9.866000175476074 9.869999885559082 41800
9.850000381469727 9.869999885559082 9.84000015258789 9.859999656677246 6900
9.850000381469727 9.869999885559082 9.850000381469727 9.869999885559082 196900
9.850000381469727 9.869999885559082 9.850000381469727 9.850000381469727 1000
9.859999656677246 9.880000114440918 9.850000381469727 9.850000381469727 2400
9.850000381469727 9.880000114440918 9.850000381469727 9.850000381469727 3300
9.850000381469727 9.880000114440918 9.850000381469727 9.880000114440918 1100
9.859999656677246 9.880000114440918 9.859999656677246 9.880000114440918 2900
9.859999656677246 9.880000114440918 9.850000381469727 9.880000114440918 5700
9.859999656677246 9.890000343322754 9.859999656677246 9.890000343322754 13300
9.859999656677246 9.899999618530273 9.859999656677246 9.899999618530273 78900
9.880000114440918 9.890000343322754 9.880000114440918 9.890000343322754 16000
9.869999885559082 9.899999618530273 9.869999885559082 9.880000114440918 1900
9.890000343322754 9.890000343322754 9.859999656677246 9.890000343322754 7100
9.90999984741211 9.90999984741211 9.890000343322754 9.899999618530273 65200
9.869999885559082 9.899999618530273 9.869999885559082 9.899999618530273 112100
9.869999885559082 9.899999618530273 9.869999885559082 9.899999618530273 10400
9.869999885559082 9.890000343322754 9.859999656677246 9.890000343322754 43600
9.859999656677246 9.890000343322754 9.859999656677246 9.890000343322754 58400
9.880000114440918 9.899999618530273 9.869999885559082 9.899999618530273 25700
9.899999618530273 9.899999618530273 9.880000114440918 9.890000343322754 6200
9.859999656677246 9.899999618530273 9.850000381469727 9.899999618530273 46100
9.859999656677246 9.880000114440918 9.850000381469727 9.869999885559082 56300
9.864999771118164 9.880000114440918 9.850000381469727 9.869999885559082 6400
9.859999656677246 9.880000114440918 9.850000381469727 9.869999885559082 44400
9.869999885559082 9.869999885559082 9.869999885559082 9.869999885559082 400
9.869999885559082 9.880000114440918 9.854999542236328 9.859999656677246 12900
9.850000381469727 9.859999656677246 9.850000381469727 9.850000381469727 25400
9.850000381469727 9.869999885559082 9.850000381469727 9.869999885559082 10000
9.854999542236328 9.869999885559082 9.850000381469727 9.859999656677246 188800
9.850000381469727 9.869999885559082 9.850000381469727 9.859999656677246 25600
9.850000381469727 9.850000381469727 9.84000015258789 9.850000381469727 31400
9.84000015258789 9.880000114440918 9.84000015258789 9.880000114440918 18500
9.859999656677246 9.880000114440918 9.859999656677246 9.880000114440918 560800
9.850000381469727 9.880000114440918 9.850000381469727 9.850000381469727 9900
9.850000381469727 9.880000114440918 9.850000381469727 9.880000114440918 13200
9.850000381469727 9.880000114440918 9.850000381469727 9.859999656677246 26800
9.850000381469727 9.880000114440918 9.850000381469727 9.880000114440918 71400
9.869999885559082 9.880000114440918 9.869999885559082 9.880000114440918 15900
9.859999656677246 9.880000114440918 9.859999656677246 9.880000114440918 43700
9.84000015258789 9.899999618530273 9.84000015258789 9.880000114440918 9100
9.850000381469727 9.880000114440918 9.84000015258789 9.869999885559082 29600
9.869999885559082 9.880000114440918 9.864999771118164 9.880000114440918 67200
9.869999885559082 9.880000114440918 9.869999885559082 9.880000114440918 6400
9.880000114440918 9.880000114440918 9.869999885559082 9.869999885559082 5100
9.859999656677246 9.869999885559082 9.859999656677246 9.869999885559082 6000
9.861000061035156 9.869999885559082 9.859999656677246 9.869999885559082 2000
9.859999656677246 9.869999885559082 9.859999656677246 9.869999885559082 36600
9.861000061035156 9.880000114440918 9.859999656677246 9.880000114440918 3900
9.868000030517578 9.880000114440918 9.859999656677246 9.880000114440918 3800
9.880000114440918 9.880000114440918 9.880000114440918 9.880000114440918 0
9.859999656677246 9.859999656677246 9.859999656677246 9.859999656677246 800
9.859999656677246 9.859999656677246 9.859999656677246 9.859999656677246 24400
9.859999656677246 9.880000114440918 9.859999656677246 9.880000114440918 38600
9.850000381469727 9.869999885559082 9.850000381469727 9.859999656677246 13600
9.859999656677246 9.859999656677246 9.859999656677246 9.859999656677246 11800
9.859999656677246 9.869999885559082 9.859999656677246 9.859999656677246 15200
9.859999656677246 9.869999885559082 9.859999656677246 9.869999885559082 32300
9.859999656677246 9.869999885559082 9.859999656677246 9.869999885559082 18000
9.859999656677246 9.869999885559082 9.859999656677246 9.859999656677246 24300
9.859999656677246 9.880000114440918 9.859999656677246 9.862000465393066 34700
9.87600040435791 9.880000114440918 9.859999656677246 9.880000114440918 23500
9.880000114440918 9.899999618530273 9.880000114440918 9.890000343322754 83200
9.859999656677246 9.890000343322754 9.859999656677246 9.890000343322754 8400
9.899999618530273 9.899999618530273 9.869999885559082 9.890000343322754 1200
9.890000343322754 9.890000343322754 9.890000343322754 9.890000343322754 0
9.869999885559082 9.899999618530273 9.869999885559082 9.899999618530273 7500
9.869999885559082 9.899999618530273 9.869999885559082 9.899999618530273 10400
9.880000114440918 9.899999618530273 9.880000114440918 9.899999618530273 9900
9.880000114440918 9.880000114440918 9.880000114440918 9.880000114440918 1100
9.880000114440918 9.880000114440918 9.869999885559082 9.880000114440918 3800
9.880000114440918 9.880000114440918 9.880000114440918 9.880000114440918 5300
9.880000114440918 9.880000114440918 9.880000114440918 9.880000114440918 0
9.890000343322754 9.890000343322754 9.869999885559082 9.869999885559082 1000
9.869999885559082 9.880000114440918 9.869999885559082 9.880000114440918 400
9.869999885559082 9.869999885559082 9.869999885559082 9.869999885559082 1300
9.880000114440918 9.890000343322754 9.869999885559082 9.890000343322754 5600
9.880000114440918 9.887999534606934 9.880000114440918 9.880000114440918 5800
9.880000114440918 9.890000343322754 9.880000114440918 9.890000343322754 60500
9.890000343322754 9.899999618530273 9.890000343322754 9.890000343322754 29100
9.880000114440918 9.890000343322754 9.880000114440918 9.890000343322754 33200
9.890000343322754 9.901000022888184 9.890000343322754 9.899999618530273 21100
9.890000343322754 9.890000343322754 9.890000343322754 9.890000343322754 6000
9.885000228881836 9.899999618530273 9.880000114440918 9.899999618530273 15100
9.890000343322754 9.899999618530273 9.890000343322754 9.899999618530273 600
9.899999618530273 9.899999618530273 9.890000343322754 9.899999618530273 5400
9.899999618530273 9.899999618530273 9.899999618530273 9.899999618530273 600
9.899999618530273 9.902000427246094 9.899999618530273 9.902000427246094 9300
9.90999984741211 9.90999984741211 9.890000343322754 9.899999618530273 45100
9.90999984741211 9.90999984741211 9.899999618530273 9.899999618530273 3900
9.90999984741211 9.90999984741211 9.895000457763672 9.899999618530273 2100
9.899999618530273 9.901000022888184 9.899999618530273 9.899999618530273 56400
9.890000343322754 9.904999732971191 9.890000343322754 9.904999732971191 7700
9.899999618530273 9.90999984741211 9.899999618530273 9.899999618530273 6700
9.920000076293945 9.920000076293945 9.899999618530273 9.899999618530273 253500
9.90999984741211 9.90999984741211 9.895000457763672 9.895000457763672 76100
9.899999618530273 9.899999618530273 9.890000343322754 9.899999618530273 35200
9.899999618530273 9.920000076293945 9.899999618530273 9.90999984741211 35200
9.90999984741211 9.920000076293945 9.90999984741211 9.920000076293945 452200
9.90999984741211 9.920000076293945 9.90999984741211 9.90999984741211 70100
9.90999984741211 9.914999961853027 9.90999984741211 9.914999961853027 12700
9.90999984741211 9.90999984741211 9.90999984741211 9.90999984741211 4500
9.90999984741211 9.913000106811523 9.90999984741211 9.90999984741211 7200
9.899999618530273 9.920000076293945 9.899999618530273 9.90999984741211 33200
9.920000076293945 9.920000076293945 9.899999618530273 9.899999618530273 36700
9.930000305175781 9.930000305175781 9.930000305175781 9.930000305175781 400
9.930000305175781 9.930000305175781 9.930000305175781 9.930000305175781 1500
9.949999809265137 9.949999809265137 9.925000190734863 9.930000305175781 1600
9.920000076293945 9.920000076293945 9.920000076293945 9.920000076293945 46700
9.949999809265137 9.949999809265137 9.920000076293945 9.920000076293945 600
9.930000305175781 9.930000305175781 9.930000305175781 9.930000305175781 11500
9.920000076293945 9.930000305175781 9.920000076293945 9.920000076293945 13000
9.930000305175781 9.9399995803833 9.930000305175781 9.930000305175781 7500
9.9350004196167 9.9399995803833 9.930000305175781 9.939000129699707 25700
9.9399995803833 9.970000267028809 9.939000129699707 9.970000267028809 36100
9.960000038146973 9.960000038146973 9.944999694824219 9.958000183105469 21200
9.979999542236328 9.979999542236328 9.949999809265137 9.954999923706055 9700
9.960000038146973 9.970000267028809 9.949999809265137 9.961000442504883 30700
9.970999717712402 9.970999717712402 9.960000038146973 9.960000038146973 600
9.949999809265137 9.960000038146973 9.9399995803833 9.960000038146973 103200
9.949999809265137 9.949999809265137 9.9399995803833 9.949999809265137 5800
9.9399995803833 9.949999809265137 9.9399995803833 9.949999809265137 4000
9.949999809265137 9.949999809265137 9.9399995803833 9.9399995803833 15900
9.9399995803833 9.949999809265137 9.9399995803833 9.9399995803833 22600
9.942000389099121 9.942000389099121 9.9399995803833 9.9399995803833 10100
9.9399995803833 9.9399995803833 9.9399995803833 9.9399995803833 700
9.949999809265137 9.949999809265137 9.949999809265137 9.949999809265137 13000
9.949999809265137 9.949999809265137 9.949999809265137 9.949999809265137 3500
9.9399995803833 9.949999809265137 9.930000305175781 9.9399995803833 205600
9.9399995803833 9.9399995803833 9.930000305175781 9.930000305175781 15400
9.930000305175781 9.9350004196167 9.930000305175781 9.930000305175781 3800
9.930000305175781 9.949999809265137 9.930000305175781 9.930000305175781 53000
9.930000305175781 9.9399995803833 9.930000305175781 9.9399995803833 67100
9.9350004196167 9.9399995803833 9.930000305175781 9.930000305175781 254400
9.930000305175781 9.9350004196167 9.930000305175781 9.930000305175781 2000
9.9399995803833 9.9399995803833 9.9399995803833 9.9399995803833 1100
9.930000305175781 9.930000305175781 9.930000305175781 9.930000305175781 2300
9.9399995803833 9.9399995803833 9.9399995803833 9.9399995803833 17800
9.949999809265137 9.949999809265137 9.930000305175781 9.9399995803833 6100
9.9399995803833 9.9399995803833 9.930000305175781 9.9399995803833 14700
9.946999549865723 9.946999549865723 9.9399995803833 9.9399995803833 10200
9.947999954223633 9.949999809265137 9.9399995803833 9.9399995803833 167500
9.949999809265137 9.949999809265137 9.9399995803833 9.9399995803833 39000
9.9399995803833 9.9399995803833 9.9399995803833 9.9399995803833 3100
9.949999809265137 9.949999809265137 9.949999809265137 9.949999809265137 261100
9.954999923706055 9.960000038146973 9.949999809265137 9.949999809265137 9600
9.960000038146973 9.960000038146973 9.960000038146973 9.960000038146973 18600
9.960000038146973 9.970000267028809 9.954999923706055 9.970000267028809 28800
9.960000038146973 9.960000038146973 9.960000038146973 9.960000038146973 3300
9.960000038146973 9.960000038146973 9.960000038146973 9.960000038146973 4100
9.960000038146973 9.960000038146973 9.960000038146973 9.960000038146973 1400
9.960000038146973 9.970000267028809 9.960000038146973 9.970000267028809 35500
9.979999542236328 9.989999771118164 9.979999542236328 9.979999542236328 11400
9.970000267028809 9.970000267028809 9.970000267028809 9.970000267028809 500
9.970000267028809 9.970000267028809 9.96500015258789 9.970000267028809 226200
9.979999542236328 9.979999542236328 9.979999542236328 9.979999542236328 100
9.960000038146973 9.970000267028809 9.960000038146973 9.970000267028809 13000
9.979999542236328 9.979999542236328 9.960000038146973 9.970000267028809 26900
9.970000267028809 9.989999771118164 9.961999893188477 9.989999771118164 103400
9.970000267028809 9.979999542236328 9.970000267028809 9.979999542236328 20500
9.984999656677246 9.984999656677246 9.975000381469727 9.979999542236328 700
9.979999542236328 9.979999542236328 9.970000267028809 9.979999542236328 8600
9.970000267028809 9.979999542236328 9.970000267028809 9.979999542236328 95900
9.979999542236328 9.989999771118164 9.979999542236328 9.979999542236328 43000
10.0 10.0 9.979999542236328 9.979999542236328 26500
9.975000381469727 9.979999542236328 9.975000381469727 9.979999542236328 23400
10.0 10.0 9.979999542236328 9.979999542236328 800
9.989999771118164 10.0 9.982999801635742 10.0 37200
9.989999771118164 10.0 9.979999542236328 9.989999771118164 60500
9.994999885559082 10.0 9.98900032043457 9.989999771118164 66500
9.994999885559082 10.0 9.989999771118164 9.989999771118164 585300
10.0 10.0 9.989999771118164 9.989999771118164 37200
9.989999771118164 10.010000228881836 9.989999771118164 10.0 58400
10.0 10.0 9.989999771118164 9.989999771118164 33800
10.0 10.010000228881836 9.989999771118164 10.0 85700
9.994999885559082 9.994999885559082 9.989999771118164 9.989999771118164 700
9.989999771118164 9.989999771118164 9.989999771118164 9.989999771118164 0
10.0 10.005000114440918 10.0 10.0 229300
9.994999885559082 10.020000457763672 9.994999885559082 10.010000228881836 119300
10.010000228881836 10.010000228881836 9.970000267028809 9.989999771118164 473900
10.0 10.020000457763672 10.0 10.0 18800
10.0 10.020000457763672 10.0 10.010000228881836 8100
10.020000457763672 10.029999732971191 10.020000457763672 10.020000457763672 48600
10.029999732971191 10.050000190734863 10.022000312805176 10.039999961853027 19700
10.050000190734863 10.055000305175781 10.029999732971191 10.055000305175781 16800
10.055000305175781 10.055000305175781 10.055000305175781 10.055000305175781 0
10.0600004196167 10.09000015258789 10.0600004196167 10.074999809265137 6700
10.079999923706055 10.199999809265137 10.050000190734863 10.050000190734863 2200
10.050000190734863 10.0600004196167 10.020000457763672 10.020000457763672 155000
10.050000190734863 10.050000190734863 10.020000457763672 10.020000457763672 300
10.039999961853027 10.039999961853027 10.039999961853027 10.039999961853027 700
10.029999732971191 10.029999732971191 10.020000457763672 10.029999732971191 10300
10.029999732971191 10.154999732971191 10.020000457763672 10.024999618530273 9400
10.050000190734863 10.050000190734863 10.029999732971191 10.029999732971191 1200
10.039999961853027 10.039999961853027 10.029999732971191 10.03499984741211 1900
10.029999732971191 10.029999732971191 10.029999732971191 10.029999732971191 900
10.029999732971191 10.039999961853027 10.029999732971191 10.039999961853027 500
10.039999961853027 10.039999961853027 10.029999732971191 10.039999961853027 1400
10.039999961853027 10.039999961853027 10.039999961853027 10.039999961853027 0
10.029999732971191 10.039999961853027 10.020000457763672 10.020000457763672 45800
10.020000457763672 10.149999618530273 10.020000457763672 10.149999618530273 67100
10.100000381469727 10.100000381469727 10.050000190734863 10.079999923706055 6100
10.069999694824219 10.069999694824219 10.050000190734863 10.050000190734863 1300
10.050000190734863 10.079999923706055 10.020000457763672 10.03499984741211 435200
10.032999992370605 10.039999961853027 10.029999732971191 10.039999961853027 700
10.029999732971191 10.0600004196167 10.029999732971191 10.050000190734863 17300
10.039999961853027 10.039999961853027 10.039999961853027 10.039999961853027 300
10.020000457763672 10.039999961853027 10.020000457763672 10.029999732971191 4100
10.020000457763672 10.029999732971191 10.020000457763672 10.024999618530273 3800
10.020000457763672 10.027999877929688 10.020000457763672 10.027999877929688 1600
10.027999877929688 10.027999877929688 10.027999877929688 10.027999877929688 100
10.039999961853027 10.039999961853027 10.029999732971191 10.029999732971191 2000
10.029999732971191 10.029999732971191 10.029999732971191 10.029999732971191 0
10.029999732971191 10.039999961853027 10.020000457763672 10.020000457763672 11400
10.039999961853027 10.069999694824219 10.039999961853027 10.069999694824219 11800
10.069999694824219 10.069999694824219 10.050000190734863 10.069999694824219 4100
10.029999732971191 10.149999618530273 10.029999732971191 10.149999618530273 2700
10.199999809265137 10.199999809265137 10.069999694824219 10.09000015258789 16600
10.079999923706055 10.100000381469727 10.079999923706055 10.09000015258789 6300
10.109999656677246 10.109999656677246 10.069999694824219 10.079999923706055 10700
10.100000381469727 10.100000381469727 10.069999694824219 10.069999694824219 1100
10.069999694824219 10.069999694824219 10.069999694824219 10.069999694824219 200
10.100000381469727 10.100000381469727 10.100000381469727 10.100000381469727 2000
10.069999694824219 10.074999809265137 10.0600004196167 10.0600004196167 35300
10.0600004196167 10.0600004196167 10.029999732971191 10.0600004196167 11000
10.039999961853027 10.050000190734863 10.020000457763672 10.050000190734863 11400
10.050000190734863 10.0600004196167 10.029999732971191 10.029999732971191 7500
10.029999732971191 10.029999732971191 10.029999732971191 10.029999732971191 0
10.020000457763672 10.029999732971191 10.020000457763672 10.029999732971191 1100
10.0600004196167 10.0600004196167 10.039999961853027 10.050000190734863 75800
10.029999732971191 10.039999961853027 10.029999732971191 10.029999732971191 8800
10.039999961853027 10.0600004196167 10.029999732971191 10.039999961853027 34200
10.050000190734863 10.0600004196167 10.045000076293945 10.055000305175781 5800
10.055000305175781 10.055000305175781 10.055000305175781 10.055000305175781 0
10.050000190734863 10.0649995803833 10.050000190734863 10.0600004196167 19200
10.069999694824219 10.069999694824219 10.050000190734863 10.069999694824219 85500
10.050000190734863 10.0600004196167 10.050000190734863 10.0600004196167 4300
10.0600004196167 10.0600004196167 10.0600004196167 10.0600004196167 100
10.0649995803833 10.0649995803833 10.022000312805176 10.0600004196167 12500
10.069999694824219 10.069999694824219 10.045000076293945 10.045000076293945 5700
10.069999694824219 10.069999694824219 10.050000190734863 10.050000190734863 700
10.069999694824219 10.069999694824219 10.0600004196167 10.0600004196167 36700
10.0600004196167 10.069999694824219 10.050000190734863 10.0600004196167 108500
10.0600004196167 10.0600004196167 10.0600004196167 10.0600004196167 0
10.069999694824219 10.069999694824219 10.0600004196167 10.0649995803833 2200
10.069999694824219 10.069999694824219 10.0649995803833 10.069999694824219 4200
10.069999694824219 10.069999694824219 10.0600004196167 10.069999694824219 27100
10.069999694824219 10.069999694824219 10.0600004196167 10.0649995803833 206400
10.069999694824219 10.069999694824219 10.0649995803833 10.069999694824219 14300
10.09000015258789 10.09000015258789 10.0649995803833 10.069999694824219 85300
10.09000015258789 10.09000015258789 10.069999694824219 10.069999694824219 25200
10.069999694824219 10.069999694824219 10.069999694824219 10.069999694824219 11600
10.09000015258789 10.09000015258789 10.079999923706055 10.09000015258789 12200
10.079999923706055 10.079999923706055 10.069999694824219 10.079999923706055 39300
10.079999923706055 10.079999923706055 10.074999809265137 10.079999923706055 20000
10.079999923706055 10.079999923706055 10.069999694824219 10.079999923706055 13600
10.079999923706055 10.079999923706055 10.079999923706055 10.079999923706055 0
10.079999923706055 10.079999923706055 10.079999923706055 10.079999923706055 0
10.069999694824219 10.09000015258789 10.069999694824219 10.09000015258789 6000
10.09000015258789 10.09000015258789 10.09000015258789 10.09000015258789 200
10.09000015258789 10.09000015258789 10.09000015258789 10.09000015258789 0
10.09000015258789 10.09000015258789 10.085000038146973 10.09000015258789 50900
10.09000015258789 10.100000381469727 10.09000015258789 10.09000015258789 30600
10.09000015258789 10.100000381469727 10.079999923706055 10.09000015258789 83700
10.095000267028809 10.095000267028809 10.09000015258789 10.09000015258789 800
10.109999656677246 10.109999656677246 10.109999656677246 10.109999656677246 300
10.109999656677246 10.109999656677246 10.109999656677246 10.109999656677246 100
10.09000015258789 10.100000381469727 10.09000015258789 10.09000015258789 35400
10.09000015258789 10.09000015258789 10.09000015258789 10.09000015258789 0
10.100000381469727 10.100000381469727 10.095000267028809 10.095000267028809 4100
10.095000267028809 10.095000267028809 10.095000267028809 10.095000267028809 0
10.095000267028809 10.095000267028809 10.095000267028809 10.095000267028809 0
10.095000267028809 10.095000267028809 10.095000267028809 10.095000267028809 0
10.119999885559082 10.119999885559082 10.09000015258789 10.09000015258789 2900
10.09000015258789 10.109999656677246 10.09000015258789 10.09000015258789 3800
10.09000015258789 10.097999572753906 10.09000015258789 10.09000015258789 1200
10.09000015258789 10.095999717712402 10.09000015258789 10.095999717712402 1900
10.09000015258789 10.100000381469727 10.09000015258789 10.09000015258789 4000
10.109999656677246 10.109999656677246 10.109999656677246 10.109999656677246 1000
10.100000381469727 10.100000381469727 10.100000381469727 10.100000381469727 200
10.079999923706055 10.100000381469727 10.079999923706055 10.100000381469727 3000
10.100000381469727 10.100000381469727 10.100000381469727 10.100000381469727 800
10.100000381469727 10.100000381469727 10.100000381469727 10.100000381469727 100
10.097999572753906 10.109999656677246 10.095000267028809 10.109999656677246 7600
10.100000381469727 10.100000381469727 10.09000015258789 10.100000381469727 10500
10.079999923706055 10.170000076293945 10.079999923706055 10.170000076293945 14200
10.170000076293945 10.170000076293945 10.170000076293945 10.170000076293945 0
10.131999969482422 10.149999618530273 10.109999656677246 10.149999618530273 6300
10.109999656677246 10.111000061035156 10.109999656677246 10.109999656677246 1200
10.109999656677246 10.109999656677246 10.109999656677246 10.109999656677246 0
10.109999656677246 10.109999656677246 10.109999656677246 10.109999656677246 2800
10.119999885559082 10.149999618530273 10.119999885559082 10.149999618530273 40800
10.149999618530273 10.15999984741211 10.149999618530273 10.15999984741211 1800
10.170000076293945 10.1899995803833 10.15999984741211 10.1899995803833 27300
10.180000305175781 10.180000305175781 10.180000305175781 10.180000305175781 300
10.180000305175781 10.199999809265137 10.180000305175781 10.199999809265137 400
10.199999809265137 10.199999809265137 10.199999809265137 10.199999809265137 0
10.210000038146973 10.229999542236328 10.199999809265137 10.204999923706055 12600
10.20199966430664 10.20199966430664 10.199999809265137 10.199999809265137 500
10.204999923706055 10.204999923706055 10.199999809265137 10.199999809265137 700
10.210000038146973 10.225000381469727 10.210000038146973 10.225000381469727 46200
10.229999542236328 10.229999542236328 10.220000267028809 10.220000267028809 21500
10.220000267028809 10.229999542236328 10.21399974822998 10.220000267028809 17200
10.149999618530273 10.149999618530273 10.149999618530273 10.149999618530273 400
10.289999961853027 10.289999961853027 10.194999694824219 10.194999694824219 1700
10.289999961853027 10.289999961853027 10.210000038146973 10.220000267028809 1100
10.149999618530273 10.149999618530273 10.149999618530273 10.149999618530273 200
10.15999984741211 10.180000305175781 10.15999984741211 10.15999984741211 14900
10.208000183105469 10.208000183105469 10.1899995803833 10.1899995803833 200
10.1899995803833 10.1899995803833 10.1899995803833 10.1899995803833 0
10.1899995803833 10.1899995803833 10.1899995803833 10.1899995803833 0
10.1899995803833 10.1899995803833 10.1899995803833 10.1899995803833 100
10.15999984741211 10.170000076293945 10.15999984741211 10.170000076293945 1700
10.170000076293945 10.170000076293945 10.170000076293945 10.170000076293945 0
10.170000076293945 10.170000076293945 10.170000076293945 10.170000076293945 0
10.170000076293945 10.170000076293945 10.170000076293945 10.170000076293945 0
10.170000076293945 10.170000076293945 10.170000076293945 10.170000076293945 0
10.170000076293945 10.170000076293945 10.170000076293945 10.170000076293945 300
10.170000076293945 10.170000076293945 10.170000076293945 10.170000076293945 0
10.170000076293945 10.170000076293945 10.170000076293945 10.170000076293945 600
10.170000076293945 10.170000076293945 10.170000076293945 10.170000076293945 0
10.170000076293945 10.289999961853027 10.170000076293945 10.289999961853027 1900
10.270000457763672 10.270000457763672 10.220000267028809 10.220000267028809 700
10.289999961853027 10.380000114440918 10.289999961853027 10.34000015258789 1700
10.5 10.649999618530273 10.5 10.539999961853027 6200
10.539999961853027 10.539999961853027 10.539999961853027 10.539999961853027 400
10.5 10.550000190734863 10.324999809265137 10.449999809265137 42900
10.449999809265137 10.449999809265137 10.449999809265137 10.449999809265137 0
10.449999809265137 10.449999809265137 10.449999809265137 10.449999809265137 0
10.449999809265137 10.449999809265137 10.449999809265137 10.449999809265137 0
10.1899995803833 10.210000038146973 10.1899995803833 10.199999809265137 38200
10.270000457763672 10.270000457763672 10.170000076293945 10.1850004196167 2800
10.1899995803833 10.194999694824219 10.1899995803833 10.194999694824219 500
10.170000076293945 10.1850004196167 10.170000076293945 10.1850004196167 400
10.1850004196167 10.1850004196167 10.1850004196167 10.1850004196167 600
10.1899995803833 10.1899995803833 10.1850004196167 10.1899995803833 7700
10.1899995803833 10.1899995803833 10.1899995803833 10.1899995803833 100
10.1899995803833 10.1899995803833 10.1899995803833 10.1899995803833 4000
10.1899995803833 10.1899995803833 10.1899995803833 10.1899995803833 100
10.1899995803833 10.1899995803833 10.1899995803833 10.1899995803833 0
10.1899995803833 10.1899995803833 10.1899995803833 10.1899995803833 0
10.1899995803833 10.1899995803833 10.1899995803833 10.1899995803833 0
10.1899995803833 10.1899995803833 10.1899995803833 10.1899995803833 100
10.1899995803833 10.1899995803833 10.1899995803833 10.1899995803833 0
10.232999801635742 10.232999801635742 10.232999801635742 10.232999801635742 300
10.232999801635742 10.232999801635742 10.232999801635742 10.232999801635742 0
10.232999801635742 10.232999801635742 10.232999801635742 10.232999801635742 100
10.279999732971191 10.279999732971191 10.279999732971191 10.279999732971191 500
10.25 10.25 10.25 10.25 300
10.25 10.25 10.25 10.25 0
10.220000267028809 10.279999732971191 10.21500015258789 10.279999732971191 3500
10.220000267028809 10.260000228881836 10.220000267028809 10.260000228881836 9300
10.279999732971191 10.279999732971191 10.279999732971191 10.279999732971191 1000
10.279999732971191 10.319999694824219 10.210000038146973 10.279999732971191 16400
10.25 10.25 10.25 10.25 1000
10.350000381469727 10.350000381469727 10.350000381469727 10.350000381469727 400
10.260000228881836 10.305000305175781 10.260000228881836 10.305000305175781 2500
10.260000228881836 10.260000228881836 10.260000228881836 10.260000228881836 300
10.260000228881836 10.260000228881836 10.260000228881836 10.260000228881836 0
10.289999961853027 10.289999961853027 10.279999732971191 10.279999732971191 600
10.270000457763672 10.300000190734863 10.270000457763672 10.289999961853027 6800
10.279999732971191 10.300000190734863 10.279999732971191 10.289999961853027 11100
10.279999732971191 10.300000190734863 10.279999732971191 10.300000190734863 5900
10.279999732971191 10.289999961853027 10.279999732971191 10.279999732971191 6200
10.210000038146973 10.390000343322754 10.210000038146973 10.3100004196167 8500
10.289999961853027 10.335000038146973 10.289999961853027 10.3100004196167 1700
10.300000190734863 10.40999984741211 10.289999961853027 10.40999984741211 1800
10.380000114440918 10.380000114440918 10.279999732971191 10.289999961853027 2200
10.34000015258789 10.34000015258789 10.289999961853027 10.3149995803833 1300
10.3149995803833 10.3149995803833 10.3149995803833 10.3149995803833 0
10.289999961853027 10.300000190734863 10.274999618530273 10.298999786376953 6000
10.289999961853027 10.289999961853027 10.289999961853027 10.289999961853027 300
10.279999732971191 10.289999961853027 10.279999732971191 10.289999961853027 9000
10.289999961853027 10.295000076293945 10.289999961853027 10.289999961853027 1400
10.289999961853027 10.3149995803833 10.25 10.289999961853027 5100
10.289999961853027 10.324999809265137 10.279999732971191 10.289999961853027 38800
10.300000190734863 10.300000190734863 10.279999732971191 10.279999732971191 2200
10.3149995803833 10.3149995803833 10.279999732971191 10.279999732971191 1300
10.279999732971191 10.279999732971191 10.279999732971191 10.279999732971191 300
10.289999961853027 10.324999809265137 10.289999961853027 10.295000076293945 25600
10.324999809265137 10.324999809265137 10.289999961853027 10.289999961853027 15300
10.324999809265137 10.324999809265137 10.289999961853027 10.319999694824219 6000
10.319999694824219 10.319999694824219 10.319999694824219 10.319999694824219 0
10.319999694824219 10.319999694824219 10.319999694824219 10.319999694824219 0
10.34000015258789 10.359999656677246 10.305000305175781 10.359999656677246 208600
10.300000190734863 10.300000190734863 10.300000190734863 10.300000190734863 600
10.289999961853027 10.364999771118164 10.289999961853027 10.350000381469727 2500
10.291999816894531 10.324000358581543 10.289999961853027 10.300000190734863 4000
10.375 10.375 10.3100004196167 10.3100004196167 10700
10.3100004196167 10.3100004196167 10.3100004196167 10.3100004196167 0
10.3100004196167 10.3100004196167 10.3100004196167 10.3100004196167 0
10.289999961853027 10.289999961853027 10.289999961853027 10.289999961853027 600
10.289999961853027 10.289999961853027 10.289999961853027 10.289999961853027 0
10.289999961853027 10.289999961853027 10.289999961853027 10.289999961853027 8000
10.289999961853027 10.289999961853027 10.289999961853027 10.289999961853027 200
10.289999961853027 10.289999961853027 10.289999961853027 10.289999961853027 0
10.300000190734863 10.300000190734863 10.289999961853027 10.289999961853027 1400
10.289999961853027 10.289999961853027 10.289999961853027 10.289999961853027 0
10.289999961853027 10.289999961853027 10.289999961853027 10.289999961853027 0
10.300000190734863 10.329999923706055 10.300000190734863 10.319999694824219 12800
10.380000114440918 10.380000114440918 10.369999885559082 10.369999885559082 500
10.369999885559082 10.369999885559082 10.369999885559082 10.369999885559082 0
10.369999885559082 10.369999885559082 10.369999885559082 10.369999885559082 0
10.4399995803833 10.449999809265137 10.430000305175781 10.449999809265137 9100
10.359999656677246 10.359999656677246 10.359999656677246 10.359999656677246 400
10.430000305175781 10.430000305175781 10.420000076293945 10.430000305175781 5200
10.479999542236328 10.479999542236328 10.470000267028809 10.475000381469727 2300
10.5 10.880000114440918 10.484999656677246 10.720000267028809 81200
10.520000457763672 10.649999618530273 10.380000114440918 10.579999923706055 37000
10.385000228881836 10.385000228881836 10.369999885559082 10.369999885559082 1400
10.34000015258789 10.380000114440918 10.34000015258789 10.380000114440918 2500
10.34000015258789 10.4350004196167 10.260000228881836 10.260000228881836 34400
9.520000457763672 10.279999732971191 9.520000457763672 9.930000305175781 22500
9.699999809265137 10.0 9.593000411987305 9.800000190734863 12200
10.199999809265137 11.430000305175781 10.050999641418457 11.0 52300
11.020000457763672 11.095000267028809 9.670000076293945 9.710000038146973 140500
9.880000114440918 10.449999809265137 9.680000305175781 10.029999732971191 24100
10.470000267028809 11.270000457763672 10.420000076293945 10.850000381469727 110700
8.069999694824219 9.75 7.170000076293945 9.5 337100
8.6899995803833 10.75 7.809999942779541 10.039999961853027 221100
8.100000381469727 9.399999618530273 8.100000381469727 8.569999694824219 107900
8.260000228881836 9.100000381469727 8.25 8.460000038146973 84000
8.25 8.392999649047852 7.25 8.0600004196167 98800
7.670000076293945 8.220000267028809 7.670000076293945 7.880000114440918 48000
8.0600004196167 8.0600004196167 7.5 8.0 26200
7.760000228881836 8.0 7.400000095367432 7.539999961853027 33400
7.739999771118164 7.78000020980835 7.13100004196167 7.320000171661377 23200
7.230000019073486 7.449999809265137 6.510000228881836 6.610000133514404 89000
6.599999904632568 6.599999904632568 5.46999979019165 5.860000133514404 114700
5.809999942779541 6.190000057220459 5.75 5.820000171661377 26400
5.78000020980835 5.956999778747559 5.539999961853027 5.75 46300
5.800000190734863 6.190000057220459 5.75 5.920000076293945 37600
6.0 6.300000190734863 5.75 5.920000076293945 61300
6.239999771118164 6.239999771118164 5.760000228881836 6.0 29200
6.039999961853027 6.210000038146973 6.039999961853027 6.199999809265137 5100
6.21999979019165 6.599999904632568 6.099999904632568 6.119999885559082 27800
6.150000095367432 6.7210001945495605 6.150000095367432 6.230000019073486 37700
6.5 6.789999961853027 6.239999771118164 6.480000019073486 100100
6.480000019073486 6.489999771118164 6.25 6.25 21400
6.289999961853027 6.489999771118164 5.909999847412109 6.090000152587891 64700
6.03000020980835 6.260000228881836 5.980000019073486 6.260000228881836 49200
6.369999885559082 6.400000095367432 6.019999980926514 6.230000019073486 22800
6.090000152587891 6.25 5.800000190734863 5.800000190734863 23600
6.050000190734863 6.050000190734863 5.840000152587891 6.0 6100
6.0 6.150000095367432 5.829999923706055 5.829999923706055 19800
5.900000095367432 6.235000133514404 5.900000095367432 6.099999904632568 13400
6.329999923706055 7.25 6.203000068664551 6.900000095367432 84700
7.0 7.730000019073486 6.760000228881836 7.599999904632568 47200
7.639999866485596 7.75 7.5 7.510000228881836 17000
7.599999904632568 7.650000095367432 7.260000228881836 7.489999771118164 31800
7.5 7.650000095367432 7.110000133514404 7.590000152587891 14600
7.5 7.53000020980835 7.25 7.320000171661377 12300
7.420000076293945 7.5 7.36899995803833 7.465000152587891 4500
7.300000190734863 7.849999904632568 7.25 7.590000152587891 23500
7.559999942779541 7.559999942779541 7.255000114440918 7.369999885559082 10300
7.309999942779541 7.599999904632568 7.150000095367432 7.159999847412109 10600
7.230000019073486 9.90999984741211 7.230000019073486 9.199999809265137 110400
9.25 9.890000343322754 8.680000305175781 9.489999771118164 34500
9.529999732971191 9.529999732971191 9.0 9.390000343322754 8900
9.456999778747559 9.699999809265137 9.109999656677246 9.109999656677246 11100
9.420000076293945 9.630000114440918 9.140000343322754 9.15999984741211 11800
9.593999862670898 9.593999862670898 9.0600004196167 9.0600004196167 12700
9.0600004196167 9.5 8.720000267028809 8.989999771118164 16100
9.079999923706055 9.5 8.109999656677246 8.180000305175781 45000
8.119999885559082 8.329999923706055 7.489999771118164 7.5 40200
7.559999942779541 8.1899995803833 7.559999942779541 7.75 3300
8.5600004196167 8.75 8.050000190734863 8.100000381469727 2100
8.140000343322754 8.574999809265137 7.559999942779541 8.279999732971191 31600
8.079999923706055 8.649999618530273 7.650000095367432 7.650000095367432 19600
7.699999809265137 8.1899995803833 7.650000095367432 7.71999979019165 19200
7.480000019073486 7.989999771118164 7.060999870300293 7.139999866485596 29300
7.289999961853027 7.59499979019165 7.230000019073486 7.25 17900
7.289999961853027 7.335999965667725 7.0 7.010000228881836 5500
7.199999809265137 7.869999885559082 6.75 7.099999904632568 22500
7.150000095367432 7.150000095367432 6.789999961853027 6.789999961853027 2100
6.820000171661377 7.340000152587891 6.510000228881836 6.510000228881836 20700
6.539999961853027 7.014999866485596 6.53000020980835 6.769999980926514 12900
6.820000171661377 7.389999866485596 6.820000171661377 7.230000019073486 3100
7.230000019073486 7.514999866485596 7.03000020980835 7.03000020980835 7800
7.199999809265137 7.599999904632568 6.800000190734863 6.829999923706055 20700
6.849999904632568 7.230000019073486 6.699999809265137 7.230000019073486 8500
6.824999809265137 6.929999828338623 6.824999809265137 6.929999828338623 500
7.025000095367432 7.425000190734863 6.940000057220459 7.401000022888184 3500
7.260000228881836 7.310999870300293 6.889999866485596 6.949999809265137 13600
7.0 7.090000152587891 6.849999904632568 7.0 6000
6.840000152587891 6.889999866485596 6.53000020980835 6.809999942779541 6400
6.800000190734863 7.099999904632568 6.800000190734863 7.0 2500
6.710000038146973 6.71999979019165 6.400000095367432 6.559999942779541 12500
6.824999809265137 6.824999809265137 6.599999904632568 6.670000076293945 1900
6.769999980926514 6.802999973297119 6.199999809265137 6.289999961853027 10400
6.320000171661377 6.639999866485596 6.320000171661377 6.400000095367432 3300
6.599999904632568 6.840000152587891 6.5 6.5 2400
6.251999855041504 6.784999847412109 6.251999855041504 6.769999980926514 7400
6.679999828338623 6.679999828338623 6.199999809265137 6.210000038146973 12700
6.199999809265137 6.440000057220459 6.150000095367432 6.210000038146973 5200
