19.09669321882468 19.115759927212352 19.061416625976562 19.061416625976562 7100
19.106230236191248 19.106230236191248 19.095741271972656 19.095741271972656 50200
19.25877185483034 19.25877185483034 19.23207664489746 19.23207664489746 200
19.19298878757188 19.198707891408628 19.190128326416016 19.190128326416016 1300
19.192030759736927 19.192030759736927 19.146268844604492 19.146268844604492 300
19.172967048005148 19.185359954833984 19.163432783808 19.185359954833984 300
19.32265281677246 19.32265281677246 19.32265281677246 19.32265281677246 0
19.315961156293426 19.315961156293426 19.287303625367993 19.29781150817871 2300
19.45926045565083 19.45926045565083 19.406719207763672 19.406719207763672 100
19.419132232666016 19.419132232666016 19.419132232666016 19.419132232666016 0
19.421044950490508 19.421044950490508 19.416269302368164 19.416269302368164 100
19.444923400878906 19.444923400878906 19.444923400878906 19.444923400878906 100
19.560516357421875 19.560516357421875 19.560516357421875 19.560516357421875 100
19.530902862548828 19.530902862548828 19.530902862548828 19.530902862548828 0
19.539501190185547 19.539501190185547 19.539501190185547 19.539501190185547 0
19.597774505615234 19.597774505615234 19.597774505615234 19.597774505615234 0
19.60541534423828 19.60541534423828 19.60541534423828 19.60541534423828 0
19.522306442260742 19.522306442260742 19.522306442260742 19.522306442260742 0
19.58917999267578 19.58917999267578 19.58917999267578 19.58917999267578 100
19.643625259399414 19.643625259399414 19.643625259399414 19.643625259399414 100
19.545228958129883 19.545228958129883 19.545228958129883 19.545228958129883 100
19.533767511198675 19.53567886352539 19.533767511198675 19.53567886352539 200
19.507022557285637 19.507022557285637 19.485050201416016 19.485050201416016 100
19.56911277770996 19.56911277770996 19.56911277770996 19.56911277770996 100
19.659866308035117 19.66846466064453 19.659866308035117 19.66846466064453 200
19.669417700519226 19.669417700519226 19.634071350097656 19.634071350097656 200
19.763992309570312 19.763992309570312 19.763992309570312 19.763992309570312 0
19.760173797607422 19.760173797607422 19.760173797607422 19.760173797607422 100
19.760173797607422 19.760173797607422 19.760173797607422 19.760173797607422 0
19.966508865356445 19.966508865356445 19.966508865356445 19.966508865356445 100
19.98753329518379 20.021923065185547 19.98753329518379 20.021923065185547 300
20.003773362284996 20.003773362284996 19.974159240722656 19.974159240722656 200
20.061086129159193 20.061086129159193 20.01714324951172 20.01714324951172 300
20.059181213378906 20.059181213378906 20.059181213378906 20.059181213378906 0
19.839458935170345 19.868118286132812 19.839458935170345 19.868118286132812 1000
19.635032653808594 19.635032653808594 19.635032653808594 19.635032653808594 100
19.860479216583506 19.860479216583506 19.84519386291504 19.84519386291504 300
19.78978729248047 19.78978729248047 19.78978729248047 19.78978729248047 0
19.72673754352209 19.819400787353516 19.67897377378407 19.819400787353516 1100
19.440148679587978 19.440148679587978 19.43728256225586 19.43728256225586 900
19.55001449584961 19.55001449584961 19.55001449584961 19.55001449584961 100
19.834678649902344 19.834678649902344 19.834678649902344 19.834678649902344 0
20.04198485805589 20.06395721435547 20.04198485805589 20.06395721435547 100
20.15661779032216 20.15661779032216 20.14324378967285 20.14324378967285 100
20.009502410888672 20.009502410888672 20.009502410888672 20.009502410888672 0
20.105987548828125 20.105987548828125 20.105987548828125 20.105987548828125 0
20.1824145710455 20.1824145710455 20.177637100219727 20.177637100219727 100
20.242594445910072 20.260744094848633 20.242594445910072 20.260744094848633 1000
20.258834838867188 20.258834838867188 20.258834838867188 20.258834838867188 0
20.277938842773438 20.277938842773438 20.277938842773438 20.277938842773438 0
20.271253559447345 20.271253559447345 20.21489143371582 20.21489143371582 200
20.264568328857422 20.264568328857422 20.264568328857422 20.264568328857422 0
20.229215621948242 20.229215621948242 20.229215621948242 20.229215621948242 0
20.03816032409668 20.03816032409668 20.03816032409668 20.03816032409668 100
19.545232529446583 19.545232529446583 19.466899871826172 19.466899871826172 100
18.863155364990234 18.863155364990234 18.863155364990234 18.863155364990234 0
18.764760971069336 18.764760971069336 18.764760971069336 18.764760971069336 0
18.011037826538086 18.011037826538086 18.011037826538086 18.011037826538086 100
17.419714564768817 17.56778335571289 17.419714564768817 17.56778335571289 600
17.768395305587145 18.480085372924805 17.768395305587145 18.480085372924805 100
18.073129653930664 18.073129653930664 18.073129653930664 18.073129653930664 100
18.808704376220703 18.808704376220703 18.808704376220703 18.808704376220703 0
18.265148162841797 18.27469946075853 18.265148162841797 18.265148162841797 1900
17.95562962317915 17.95562962317915 17.953720092773438 17.953720092773438 900
16.89908029723903 17.051926548642907 16.62395668029785 16.62395668029785 50700
16.92773969170424 17.230567932128906 16.92773969170424 17.230567932128906 100
16.53607154415223 16.54562466404535 16.31157960391358 16.457738876342773 10000
15.150899856716649 15.150899856716649 14.949334144592285 14.949334144592285 700
15.408827468951324 15.896982192993164 14.902524916326007 15.896982192993164 55200
14.59683213550861 15.045818727220396 14.129695892333984 14.129695892333984 7400
14.797440563298263 14.87004280090332 14.529959642213555 14.87004280090332 400
14.386666728374378 14.41532517114803 13.98639965057373 13.98639965057373 600
14.233819745714783 14.24337286376607 14.041807174682617 14.041807174682617 2200
14.262480490026332 14.262480490026332 13.383613586425781 13.383613586425781 200
12.86775613967014 13.011049270629883 12.839096784649787 13.011049270629883 200
13.803937976281361 14.167903900146484 13.803937976281361 14.167903900146484 400
14.310243139506289 14.602562544586513 14.291137814076786 14.500346183776855 5100
14.699794889232926 15.432387351989746 14.699794889232926 15.432387351989746 3800
14.939519847625384 14.966368675231934 14.939519847625384 14.966368675231934 200
14.966368675231934 14.966368675231934 14.966368675231934 14.966368675231934 0
15.466905793112632 15.466905793112632 15.170609474182129 15.170609474182129 1000
14.68061802363583 14.68061802363583 14.497469902038574 14.497469902038574 800
14.497469902038574 14.497469902038574 14.497469902038574 14.497469902038574 0
14.741028785705566 14.741028785705566 14.741028785705566 14.741028785705566 0
15.246362079056823 15.57430362701416 15.231979303520248 15.57430362701416 400
15.57430362701416 15.57430362701416 15.57430362701416 15.57430362701416 0
15.616495132446289 15.616495132446289 15.616495132446289 15.616495132446289 0
16.484293651583936 16.484293651583936 16.399911880493164 16.399911880493164 1500
16.09978111618274 16.1553955078125 16.09978111618274 16.1553955078125 100
16.607987236514408 16.615657806396484 16.588808982870283 16.615657806396484 39900
16.176487901980938 16.194705963134766 16.109364012571586 16.194705963134766 200
16.109363257829706 16.304977416992188 16.109363257829706 16.304977416992188 6500
16.63675423099453 16.747026443481445 16.62716510439494 16.747026443481445 5600
16.585933173450005 16.588808265327224 16.4727840423584 16.4727840423584 300
16.06142109945102 16.06142109945102 15.977039337158203 15.977039337158203 200
15.977039337158203 15.977039337158203 15.977039337158203 15.977039337158203 0
16.29826545715332 16.29826545715332 16.29826545715332 16.29826545715332 0
16.32032288665488 16.527442932128906 16.32032288665488 16.527442932128906 300
16.527442932128906 16.527442932128906 16.527442932128906 16.527442932128906 0
17.010725915189525 17.010725915189525 16.883193969726562 16.883193969726562 600
17.34633516288106 17.34633516288106 17.28976058959961 17.28976058959961 300
17.02989822179742 17.05291175842285 17.02989822179742 17.05291175842285 300
16.579225304795393 16.579225304795393 16.577306747436523 16.577306747436523 100
16.577306747436523 16.577306747436523 16.577306747436523 16.577306747436523 0
16.649219512939453 16.649219512939453 16.649219512939453 16.649219512939453 0
16.809358152813154 16.809358152813154 16.724016189575195 16.724016189575195 7300
16.724016189575195 16.724016189575195 16.724016189575195 16.724016189575195 0
16.85250473022461 16.85250473022461 16.85250473022461 16.85250473022461 0
17.2312662574676 17.233184814453125 17.2312662574676 17.233184814453125 200
16.882230758666992 16.882230758666992 16.882230758666992 16.882230758666992 100
16.507308959960938 16.507308959960938 16.507308959960938 16.507308959960938 100
16.531275980252715 16.67798614501953 16.531275980252715 16.67798614501953 500
16.723053422717157 16.754695892333984 16.723053422717157 16.754695892333984 900
17.352088928222656 17.352088928222656 17.352088928222656 17.352088928222656 0
17.317567912789464 17.336746168373715 17.18236541748047 17.18236541748047 1200
17.377017974853516 17.377017974853516 17.377017974853516 17.377017974853516 0
17.27633285522461 17.27633285522461 17.27633285522461 17.27633285522461 100
17.28976058959961 17.28976058959961 17.28976058959961 17.28976058959961 100
17.518932342529297 17.518932342529297 17.518932342529297 17.518932342529297 200
17.772083282470703 17.772083282470703 17.772083282470703 17.772083282470703 100
17.912075632589296 17.912075632589296 17.791255950927734 17.791255950927734 200
17.921667098999023 17.921667098999023 17.921667098999023 17.921667098999023 200
17.969614028930664 17.969614028930664 17.969614028930664 17.969614028930664 100
17.969614028930664 17.969614028930664 17.969614028930664 17.969614028930664 0
18.297557830810547 18.297557830810547 18.297557830810547 18.297557830810547 100
18.20262908935547 18.20262908935547 18.20262908935547 18.20262908935547 100
18.727136259669535 18.727136259669535 18.615903854370117 18.615903854370117 100
18.736727035740813 18.839326858520508 18.736727035740813 18.839326858520508 100
18.727135205158906 18.727135205158906 18.705080032348633 18.705080032348633 100
18.621660860649225 18.62741470336914 18.621660860649225 18.62741470336914 100
18.13262499428937 18.13262499428937 17.547701017396466 17.566879272460938 11400
17.461402748297257 17.74907112121582 17.461402748297257 17.74907112121582 400
17.63400040942442 17.883312225341797 17.63400040942442 17.883312225341797 900
18.372349514164718 18.372349514164718 18.17098330287493 18.180570602416992 5100
18.228513544243473 18.266868223547167 18.172897338867188 18.172897338867188 1300
18.142213821411133 18.142213821411133 18.142213821411133 18.142213821411133 200
18.09810447692871 18.09810447692871 18.09810447692871 18.09810447692871 200
18.156597137451172 18.156597137451172 18.156597137451172 18.156597137451172 100
18.21892738342285 18.21892738342285 18.21892738342285 18.21892738342285 0
17.755781701427235 17.77879524230957 17.755781701427235 17.77879524230957 1100
17.806722505089617 17.953105926513672 17.806722505089617 17.953105926513672 300
17.74894109648529 17.74894109648529 17.62759780883789 17.62759780883789 400
17.83946990966797 17.83946990966797 17.83946990966797 17.83946990966797 100
17.960808108195106 18.166900634765625 17.960808108195106 18.166900634765625 600
18.201571047743485 18.201571047743485 18.176532745361328 18.176532745361328 100
18.35084351477214 18.35084351477214 18.23527717590332 18.23527717590332 300
18.461596004663022 18.500116898071663 18.451965322094644 18.490488052368164 3000
18.47122518319856 18.47122518319856 18.32387924194336 18.32387924194336 400
18.461592009498634 18.461592009498634 18.433664321899414 18.433664321899414 200
18.336397171020508 18.336397171020508 18.336397171020508 18.336397171020508 200
18.515525817871094 18.515525817871094 18.515525817871094 18.515525817871094 100
18.373952865600586 18.373952865600586 18.373952865600586 18.373952865600586 100
18.656129837036133 18.656129837036133 18.656129837036133 18.656129837036133 0
18.845848083496094 18.845848083496094 18.845848083496094 18.845848083496094 0
18.821773529052734 18.821773529052734 18.821773529052734 18.821773529052734 100
18.905555725097656 18.905555725097656 18.905555725097656 18.905555725097656 100
19.0124568939209 19.0124568939209 19.0124568939209 19.0124568939209 100
19.01630973815918 19.01630973815918 19.01630973815918 19.01630973815918 100
19.145353317260742 19.145353317260742 19.145353317260742 19.145353317260742 0
18.91326141357422 18.91326141357422 18.91326141357422 18.91326141357422 100
18.827550485673868 18.835256132917518 18.798660278320312 18.798660278320312 900
18.952749252319336 18.952749252319336 18.952749252319336 18.952749252319336 200
18.815032958984375 18.815032958984375 18.815032958984375 18.815032958984375 100
19.05386734008789 19.05386734008789 19.05386734008789 19.05386734008789 100
18.978750228881836 18.978750228881836 18.978750228881836 18.978750228881836 200
19.116466522216797 19.116466522216797 19.116466522216797 19.116466522216797 100
19.318703694993054 19.318703694993054 19.307147979736328 19.307147979736328 100
19.337966918945312 19.337966918945312 19.337966918945312 19.337966918945312 0
19.415971755981445 19.415971755981445 19.415971755981445 19.415971755981445 0
19.424641281730533 19.479534149169922 19.424641281730533 19.479534149169922 600
19.482423296011337 19.530576705932617 19.482423296011337 19.530576705932617 500
19.59895133972168 19.59895133972168 19.59895133972168 19.59895133972168 0
19.433311462402344 19.433311462402344 19.433311462402344 19.433311462402344 100
19.72318533928832 19.732816021518804 19.708740234375 19.708740234375 500
19.686588287353516 19.686588287353516 19.686588287353516 19.686588287353516 100
19.70873834405729 19.72318344758514 19.685625076293945 19.685625076293945 3300
19.78000259399414 19.78000259399414 19.78000259399414 19.78000259399414 0
19.75207588362671 19.791561126708984 19.75207588362671 19.791561126708984 200
19.722219467163086 19.722219467163086 19.722219467163086 19.722219467163086 100
19.751117706298828 19.751117706298828 19.751117706298828 19.751117706298828 100
19.833938598632812 19.833938598632812 19.833938598632812 19.833938598632812 0
19.948537808974287 19.971651077270508 19.948537808974287 19.971651077270508 200
20.00824737548828 20.00824737548828 20.00824737548828 20.00824737548828 0
20.02173290757051 20.122852325439453 20.02173290757051 20.122852325439453 200
20.175817035420557 20.175817035420557 20.123811721801758 20.123811721801758 300
20.14692441867505 20.19507598876953 20.14692441867505 20.19507598876953 3900
20.242267608642578 20.242267608642578 20.242267608642578 20.242267608642578 100
20.291379204068964 20.33664321899414 20.291379204068964 20.33664321899414 200
20.47436333533259 20.66215705871582 20.47436333533259 20.66215705871582 200
20.28174672420196 20.28174672420196 19.819485119726917 19.886898040771484 2400
20.00246886039016 20.00246886039016 19.540207151917503 19.73859405517578 400
19.19350814819336 19.19350814819336 19.19350814819336 19.19350814819336 100
19.56909794063907 19.63651087884787 19.56909794063907 19.628807067871094 200
19.260923385620117 19.260923385620117 19.260923385620117 19.260923385620117 100
19.21276823784533 19.24839973449707 19.21276823784533 19.24839973449707 1000
19.55754280090332 19.55754280090332 19.55754280090332 19.55754280090332 0
19.73281487198405 19.73281487198405 19.655771255493164 19.655771255493164 300
19.67503174636925 19.67503174636925 19.559465408325195 19.559465408325195 400
19.385156631469727 19.385156631469727 19.385156631469727 19.385156631469727 100
19.309077159919607 19.309077159919607 19.217588424682617 19.217588424682617 1600
18.77940060643011 18.99897575378418 18.77940060643011 18.99897575378418 300
19.219512939453125 19.219512939453125 19.219512939453125 19.219512939453125 100
19.280183063542427 19.280183063542427 18.78036117553711 18.78036117553711 1400
18.832534790039062 18.832534790039062 18.832534790039062 18.832534790039062 100
19.138809204101562 19.138809204101562 19.138809204101562 19.138809204101562 100
19.4006419649386 19.438322067260742 19.39098006947839 19.438322067260742 15600
19.429629248881746 19.429629248881746 19.37262535095215 19.37262535095215 2700
19.323350864452145 19.690493720036663 19.323350864452145 19.56682586669922 177600
19.564891068498007 19.595808029174805 19.564891068498007 19.595808029174805 3100
19.461509704589844 19.461509704589844 19.461509704589844 19.461509704589844 100
19.690493513151406 19.814163208007812 19.690493513151406 19.814163208007812 900
19.874064452378565 19.874064452378565 19.57358741760254 19.57358741760254 2800
19.748462726806455 19.90691375732422 19.748462726806455 19.90691375732422 600
20.02575299485551 20.047975540161133 20.02575299485551 20.047975540161133 1600
20.192900639113553 20.25087017386418 20.192900639113553 20.194833755493164 400
20.328165176925726 20.53105946829493 20.328165176925726 20.523330688476562 500
20.41898536682129 20.41898536682129 20.41898536682129 20.41898536682129 100
20.26053073679778 20.311738967895508 20.26053073679778 20.311738967895508 800
20.278886795043945 20.278886795043945 20.278886795043945 20.278886795043945 100
20.366808819937795 20.366808819937795 20.26922607421875 20.26922607421875 500
19.925268173217773 19.925268173217773 19.925268173217773 19.925268173217773 0
20.02672004699707 20.02672004699707 20.02672004699707 20.02672004699707 0
19.953290939331055 19.953290939331055 19.953290939331055 19.953290939331055 0
19.980344772338867 19.980344772338867 19.980344772338867 19.980344772338867 0
20.009322360760176 20.062461853027344 20.009322360760176 20.062461853027344 700
19.729137938892816 19.729137938892816 19.728172302246094 19.728172302246094 100
19.864403380440955 19.864403380440955 19.67889976501465 19.67889976501465 4100
19.390978837904864 19.390978837904864 19.046056747436523 19.046056747436523 500
19.261518478393555 19.261518478393555 19.261518478393555 19.261518478393555 100
19.14750810537717 19.14750810537717 18.927221298217773 18.927221298217773 300
19.232526779174805 19.232526779174805 19.232526779174805 19.232526779174805 100
19.46827224916349 19.651844566510757 19.46827224916349 19.6286563873291 2600
19.932036241249392 20.018991470336914 19.932036241249392 20.018991470336914 400
20.376471222108453 20.376471222108453 20.366809326681665 20.367774963378906 400
20.35714487002491 20.376468658447266 20.337821081602556 20.376468658447266 5400
20.3648738861084 20.3648738861084 20.3648738861084 20.3648738861084 0
20.336856842041016 20.336856842041016 20.336856842041016 20.336856842041016 0
20.493377987819617 20.540719985961914 20.493377987819617 20.540719985961914 1200
20.270192744994937 20.326231002807617 20.270192744994937 20.326231002807617 900
20.648929595947266 20.648929595947266 20.648929595947266 20.648929595947266 100
20.821876525878906 20.821876525878906 20.821876525878906 20.821876525878906 100
20.817042266987848 20.817042266987848 20.760038375854492 20.760038375854492 400
20.820907905026527 20.820907905026527 20.547483444213867 20.547483444213867 200
20.58902769525219 20.618013381958008 20.58902769525219 20.618013381958008 300
20.528162002563477 20.528162002563477 20.528162002563477 20.528162002563477 0
20.63057518005371 20.63057518005371 20.63057518005371 20.63057518005371 0
20.84023296103972 20.854724884033203 20.820909168502887 20.854724884033203 5800
20.79192279087506 20.841196060180664 20.79192279087506 20.841196060180664 2100
20.90786361694336 20.90786361694336 20.90786361694336 20.90786361694336 0
20.820905130905366 20.82573699951172 20.820905130905366 20.82573699951172 700
21.052789372443765 21.052789372443765 21.0460262298584 21.0460262298584 200
21.04312996727836 21.04312996727836 21.01897430419922 21.01897430419922 600
21.104963568442425 21.104963568442425 20.993854522705078 20.993854522705078 100
21.17548974191145 21.182252883911133 21.17548974191145 21.182252883911133 1300
21.188053676058654 21.188053676058654 21.163899857001233 21.164865493774414 600
21.15906678536703 21.25568389892578 21.15906678536703 21.25568389892578 600
21.15230369567871 21.15230369567871 21.15230369567871 21.15230369567871 0
21.130084991455078 21.130084991455078 21.130084991455078 21.130084991455078 100
21.023801569639655 21.125248698208598 21.023801569639655 21.094331741333008 2000
21.207373562346888 21.21123795154612 21.087568283081055 21.087568283081055 1900
21.249884667139483 21.329111099243164 21.249884667139483 21.329111099243164 500
21.419931119697917 21.419931119697917 21.38128353952778 21.390945434570312 600
21.51751708984375 21.51751708984375 21.51751708984375 21.51751708984375 100
21.487562912530194 21.497224807739258 21.487562912530194 21.497224807739258 700
21.390945434570312 21.390945434570312 21.390945434570312 21.390945434570312 100
21.468240651364532 21.468240651364532 21.43152618408203 21.43152618408203 600
21.516550522888654 21.516550522888654 21.456647872924805 21.456647872924805 2900
21.482833862304688 21.482833862304688 21.482833862304688 21.482833862304688 100
21.62831443715453 21.62831443715453 21.56915283203125 21.56915283203125 600
21.482835197640664 21.482835197640664 21.470226287841797 21.470226287841797 100
21.599219986868704 21.608919005238615 21.51193067143809 21.520658493041992 1400
21.608917236328125 21.608917236328125 21.608917236328125 21.608917236328125 100
21.201569779630006 21.338321685791016 21.201569779630006 21.338321685791016 900
21.38584322764933 21.550722824298035 21.357717372008107 21.507078170776367 13300
21.65741160321413 21.727243423461914 21.65741160321413 21.727243423461914 300
21.89988295749426 22.058942794799805 21.89988295749426 22.058942794799805 500
22.02596637410511 22.138473510742188 22.02596637410511 22.138473510742188 2000
22.098708375471478 22.13265401630211 22.072521209716797 22.072521209716797 3000
22.174360275268555 22.174360275268555 22.174360275268555 22.174360275268555 1000
22.161751246674747 22.161751246674747 22.132654190063477 22.132654190063477 1000
22.073488235473633 22.073488235473633 22.073488235473633 22.073488235473633 100
22.02596569782635 22.02596569782635 21.899882158802825 21.9677734375 6500
22.084159455280496 22.14235171467729 22.084159455280496 22.131683349609375 2100
22.336327295687845 22.409067153930664 22.336327295687845 22.409067153930664 1000
22.423619245282385 22.435256958007812 22.423619245282385 22.435256958007812 600
22.316931468047212 22.423618823902945 22.316931468047212 22.412948608398438 10400
22.549701975737456 22.578799031347078 22.40422039748662 22.483749389648438 9300
22.598195259852236 22.598195259852236 22.394521419908283 22.437196731567383 1400
21.919281369581206 21.941587448120117 21.919281369581206 21.941587448120117 800
22.113254952209644 22.249039359127696 22.089008331298828 22.089008331298828 1200
21.74469874263369 21.74469874263369 21.560421117300812 21.7185115814209 5800
21.94837510014377 21.987171173095703 21.94837510014377 21.987171173095703 300
22.249036040704553 22.249036040704553 22.19957160949707 22.19957160949707 300
22.17823600769043 22.17823600769043 22.17823600769043 22.17823600769043 100
22.355724701955705 22.35960578918457 22.355724701955705 22.35960578918457 1400
22.518668300682194 22.520606994628906 22.486661351573407 22.520606994628906 500
22.695185023774016 22.722341537475586 22.67578698544468 22.722341537475586 1100
22.748525619506836 22.748525619506836 22.748525619506836 22.748525619506836 100
22.826114309839454 22.826114309839454 22.735915115080683 22.752403259277344 1500
22.840665817260742 22.840665817260742 22.840665817260742 22.840665817260742 100
22.96965789794922 22.96965789794922 22.96965789794922 22.96965789794922 100
23.112232087622278 23.112232087622278 22.9075870513916 22.9075870513916 1700
22.800903596715532 22.897890090942383 22.800903596715532 22.897890090942383 2400
22.782470703125 22.782470703125 22.75337365028402 22.782470703125 500
22.890128432137413 22.890128432137413 22.789260864257812 22.789260864257812 2100
22.58267593383789 22.58267593383789 22.58267593383789 22.58267593383789 200
22.25873910302589 22.607894525299766 22.25873910302589 22.56231117248535 1000
22.732040405273438 22.732040405273438 22.732040405273438 22.732040405273438 1700
22.36542174703951 22.404217816716702 22.219940185546875 22.219940185546875 3000
22.176298141479492 22.176298141479492 22.176298141479492 22.176298141479492 100
22.472109851723815 22.76307298458783 22.472109851723815 22.669965744018555 900
22.76307573393331 22.76307573393331 22.523515701293945 22.523515701293945 1200
22.539999731373683 22.539999731373683 22.212181091308594 22.212181091308594 1600
22.1520527479599 22.161751767058067 21.772829055786133 21.772829055786133 3700
22.08415955480127 22.266496658325195 21.72530327879032 22.266496658325195 4900
22.50120588481719 22.50120588481719 22.234487533569336 22.234487533569336 300
22.617591196531365 22.617591196531365 22.5167236328125 22.5167236328125 3600
22.70488238317694 22.70488238317694 22.68451499938965 22.68451499938965 300
22.87946120078414 22.930864334106445 22.87946120078414 22.930864334106445 400
22.95705244332329 22.989057540893555 22.937654405457167 22.989057540893555 600
23.11223520529365 23.160728454589844 22.995848817124347 23.160728454589844 6700
23.257711706714517 23.257711706714517 23.098651885986328 23.098651885986328 2000
23.09574317932129 23.09574317932129 23.09574317932129 23.09574317932129 0
23.06664656504072 23.06664656504072 22.805747985839844 22.805747985839844 400
22.87945776059822 22.890126124412106 22.836782455444336 22.836782455444336 600
22.76307335521676 22.966749031456608 22.76307335521676 22.953170776367188 1300
22.850363400958916 22.850363400958916 22.718460083007812 22.718460083007812 2400
22.879457525003826 22.879457525003826 22.567155838012695 22.567155838012695 1700
22.724550247192383 22.724550247192383 22.724550247192383 22.724550247192383 200
22.850850297531366 23.098594665527344 22.850850297531366 23.098594665527344 2000
23.113169546383705 23.113169546383705 22.98006622195473 23.038358688354492 2900
22.928577650508878 22.996585845947266 22.928577650508878 22.996585845947266 600
23.134546279907227 23.134546279907227 23.134546279907227 23.134546279907227 1000
23.25792894263033 23.35022735595703 23.25792894263033 23.35022735595703 800
23.643637329827282 23.663068771362305 23.643637329827282 23.663068771362305 300
23.663068771362305 23.663068771362305 23.663068771362305 23.663068771362305 0
23.61837545954802 23.647522621078423 23.61837545954802 23.64363670349121 1800
23.725248937736882 23.783541413624143 23.725248937736882 23.76799774169922 2400
23.81268530286628 23.984649658203125 23.808799385419526 23.984649658203125 100200
24.006996529293588 24.006996529293588 23.909843024230597 23.98173713684082 1000
24.045856513077226 24.045856513077226 23.972989539985775 24.034198760986328 3400
23.95647621154785 23.95647621154785 23.95647621154785 23.95647621154785 200
24.16244385163269 24.215877532958984 24.16244385163269 24.215877532958984 15700
24.249881368975352 24.327607129533728 24.249881368975352 24.310117721557617 7900
24.146900177001953 24.146900177001953 24.146900177001953 24.146900177001953 300
23.978822708129883 23.978822708129883 23.978822708129883 23.978822708129883 200
24.15272881591142 24.200334548950195 24.15175594670763 24.200334548950195 700
24.240166515058622 24.29845898001992 24.049741744995117 24.049741744995117 1000
24.143010903728307 24.306230545043945 24.143010903728307 24.306230545043945 300
24.327611923217773 24.356757236086036 24.327611923217773 24.327611923217773 49700
24.33732480636017 24.3450984954834 24.33732480636017 24.3450984954834 300
24.2790310063287 24.312064087319488 24.26057243347168 24.26057243347168 5200
24.210049127223 24.369382858276367 24.198389522001182 24.369382858276367 1900
24.181871172353393 24.181871172353393 24.148839950561523 24.148839950561523 1000
24.250858306884766 24.250858306884766 24.250858306884766 24.250858306884766 1600
24.1575870513916 24.1575870513916 24.1575870513916 24.1575870513916 1600
24.259598646528918 24.259598646528918 24.208106994628906 24.208106994628906 3400
24.259599434618966 24.36549949645996 24.230454124675745 24.36549949645996 1700
24.49277196891903 24.638505935668945 24.49277196891903 24.638505935668945 20500
24.50637435913086 24.50637435913086 24.50637435913086 24.50637435913086 200
24.24016805282806 24.26931336061563 24.18187373108459 24.248910903930664 3100
23.93898682404562 23.93898682404562 23.64363670349121 23.64363670349121 900
23.8612613687685 24.000192642211914 23.8612613687685 24.000192642211914 900
24.279030214414338 24.36646984802765 24.279030214414338 24.357725143432617 2500
24.28194236755371 24.28194236755371 24.28194236755371 24.28194236755371 100
24.076948165893555 24.076948165893555 24.076948165893555 24.076948165893555 100
23.832116176190606 23.93024253845215 23.832116176190606 23.93024253845215 400
24.152728699578848 24.166330337524414 24.152728699578848 24.166330337524414 200
24.20130529378713 24.26931348308019 24.143983840942383 24.143983840942383 900
24.298462341383797 24.385901977463856 24.298462341383797 24.342182159423828 2400
24.298461469016218 24.298461469016218 24.24016899808377 24.24308204650879 900
24.32469367980957 24.32469367980957 24.32469367980957 24.32469367980957 100
24.415049800927136 24.415049800927136 24.384933471679688 24.384933471679688 2100
24.424759283235474 24.424759283235474 24.36452293395996 24.36452293395996 600
24.57049883131366 24.57049883131366 24.376188102402278 24.377159118652344 1400
24.405332097722276 24.405332097722276 24.37327003479004 24.37327003479004 10700
24.321775436401367 24.321775436401367 24.321775436401367 24.321775436401367 100
24.534549713134766 24.534549713134766 24.534549713134766 24.534549713134766 100
24.473341278737532 24.50637435913086 24.453909836966837 24.50637435913086 400
24.576324462890625 24.576324462890625 24.576324462890625 24.576324462890625 100
24.502483367919922 24.502483367919922 24.502483367919922 24.502483367919922 100
24.531635908814998 24.551067352294922 24.531635908814998 24.551067352294922 600
24.61810302734375 24.61810302734375 24.61810302734375 24.61810302734375 100
24.51220157898926 24.568552017211914 24.51220157898926 24.568552017211914 300
24.555923461914062 24.555923461914062 24.555923461914062 24.555923461914062 500
24.39464569091797 24.39464569091797 24.39464569091797 24.39464569091797 500
24.298458591010196 24.298458591010196 24.143010784879372 24.272226333618164 400
24.016706853309515 24.016706853309515 23.968130111694336 23.968130111694336 800
24.10415147561185 24.319835662841797 24.08472188678181 24.319835662841797 300
24.317891777905103 24.423789978027344 24.317891777905103 24.423789978027344 200
24.381040573120117 24.381040573120117 24.381040573120117 24.381040573120117 100
24.524246215820312 24.524246215820312 24.524246215820312 24.524246215820312 100
24.627515976943307 24.646024703979492 24.627515976943307 24.646024703979492 200
24.676220033570957 24.692781448364258 24.676220033570957 24.692781448364258 500
24.72980308532715 24.72980308532715 24.72980308532715 24.72980308532715 500
24.762924194335938 24.762924194335938 24.762924194335938 24.762924194335938 500
24.822351780695453 24.890544758744287 24.822351780695453 24.857423782348633 25700
24.88080009191369 24.999650955200195 24.88080009191369 24.999650955200195 135300
24.85547274902665 24.9100271273697 24.85547274902665 24.888595581054688 5600
25.030826568603516 25.030826568603516 25.030826568603516 25.030826568603516 100
24.666478093880208 24.90028335328677 24.666478093880208 24.786304473876953 200
25.046414640777485 25.126298904418945 25.046414640777485 25.126298904418945 1200
25.162343978881836 25.162343978881836 25.162343978881836 25.162343978881836 100
25.114607643426144 25.114607643426144 24.99088478088379 24.99088478088379 400
25.017187118530273 25.017187118530273 25.017187118530273 25.017187118530273 100
24.91977233812119 24.92269515991211 24.910030218191256 24.92269515991211 600
24.910025761869658 24.910025761869658 24.760974884033203 24.760974884033203 600
24.344996158340688 24.40052604675293 24.344996158340688 24.40052604675293 1600
24.861318695095388 24.861318695095388 24.802865982055664 24.802865982055664 4100
24.987957144439104 24.989906311035156 24.987957144439104 24.989906311035156 400
24.978222600937187 25.004526138305664 24.96848048124074 25.004526138305664 300
25.241250601516008 25.295804977416992 25.241250601516008 25.295804977416992 600
25.328932278387725 25.35133934020996 25.328932278387725 25.35133934020996 1300
25.202284519333226 25.243200302124023 25.202284519333226 25.243200302124023 400
25.280221704708538 25.309446204484995 25.241253227514242 25.26171112060547 900
25.436089800231773 25.494540653085117 25.416605563240953 25.440959930419922 2800
25.426350728838486 25.426350728838486 25.291912078857422 25.291912078857422 300
25.27340316772461 25.27340316772461 25.27340316772461 25.27340316772461 100
25.53058624267578 25.53058624267578 25.53058624267578 25.53058624267578 100
25.387379031548818 25.387379031548818 25.362051010131836 25.362051010131836 500
25.40686420505234 25.452651977539062 25.40686420505234 25.452651977539062 1000
25.543251143805236 25.543251143805236 25.499412536621094 25.499412536621094 400
25.491619110107422 25.491619110107422 25.491619110107422 25.491619110107422 100
25.621187077577122 25.621187077577122 25.58806610107422 25.58806610107422 600
25.745882034301758 25.745882034301758 25.745882034301758 25.745882034301758 1100
25.72834890769581 25.777057647705078 25.72834890769581 25.777057647705078 600
25.777057606280852 25.777057606280852 25.757575225180048 25.760498046875 1600
25.660155475373376 25.875452041625977 25.660155475373376 25.875452041625977 500
25.560789890229838 25.64944076538086 25.560789890229838 25.64944076538086 700
25.669896954469458 25.669896954469458 25.409788131713867 25.409788131713867 3800
25.39225196838379 25.39225196838379 25.39225196838379 25.39225196838379 100
25.591960565392938 25.63190269470215 25.572476327956373 25.63190269470215 2900
25.85596854633022 25.85596854633022 25.780956268310547 25.780956268310547 1900
25.845250900088875 25.863759625559137 25.8121280670166 25.8121280670166 4000
25.952408412948603 25.952408412948603 25.93097686767578 25.93097686767578 100
25.864733386012443 25.864733386012443 25.76828956604004 25.76828956604004 3200
25.88421686297167 25.968971252441406 25.88421686297167 25.968971252441406 200
26.073211669921875 26.073211669921875 26.073211669921875 26.073211669921875 100
26.040085890207127 26.040085890207127 26.026447296142578 26.026447296142578 1300
25.962151139744485 26.020601992479843 25.962151139744485 26.00111961364746 500
26.14140256833899 26.192060470581055 26.14140256833899 26.192060470581055 1300
26.17647142300384 26.215438034906942 26.17647142300384 26.18718719482422 700
26.029370127218925 26.029370127218925 25.966047286987305 25.966047286987305 300
25.913445373311983 25.92708396911621 25.90370325372049 25.92708396911621 300
25.971893621701664 25.971893621701664 25.840377807617188 25.840377807617188 200
25.80628001558481 25.80628001558481 25.652359008789062 25.652359008789062 200
25.665998458862305 25.665998458862305 25.665998458862305 25.665998458862305 100
25.806282546804095 25.806282546804095 25.495515823364258 25.495515823364258 200
25.609496555655067 25.76828956604004 25.599754436586878 25.76828956604004 400
25.713733673095703 25.713733673095703 25.713733673095703 25.713733673095703 100
25.490646365137057 25.490646365137057 25.476032257080078 25.476032257080078 1400
24.939254300559707 25.06882095336914 24.939254300559707 25.06882095336914 2300
25.124351187700608 25.153575687099647 25.043493270874023 25.043493270874023 7800
25.24125046623252 25.358154026907407 25.24125046623252 25.248069763183594 400
25.588141242647673 25.61737436528936 25.5325984954834 25.5325984954834 2900
25.547218322753906 25.547218322753906 25.547218322753906 25.547218322753906 2300
25.55890892636435 25.55890892636435 25.47705841064453 25.47705841064453 600
25.00057029724121 25.00057029724121 25.00057029724121 25.00057029724121 100
25.051239013671875 25.051239013671875 25.051239013671875 25.051239013671875 200
25.091188772169726 25.091188772169726 24.681934356689453 24.681934356689453 900
24.85733241059544 24.878768920898438 24.847588035398754 24.878768920898438 1300
24.613727838852267 24.623472213745117 24.613727838852267 24.623472213745117 300
24.876819610595703 24.876819610595703 24.876819610595703 24.876819610595703 1200
24.603983393791765 24.861228942871094 24.603983393791765 24.861228942871094 200
25.208119169951644 25.227606059234 25.096059799194336 25.096059799194336 600
25.048315048217773 25.048315048217773 25.048315048217773 25.048315048217773 100
25.130168214229737 25.130168214229737 24.93625831604004 24.93625831604004 500
24.860254287719727 24.860254287719727 24.860254287719727 24.860254287719727 100
24.925539540706854 24.973285675048828 24.925539540706854 24.973285675048828 900
25.404953002929688 25.404953002929688 25.404953002929688 25.404953002929688 100
25.578399644017896 25.578399644017896 25.521883010864258 25.521883010864258 500
25.57644962685762 25.620298385620117 25.57644962685762 25.620298385620117 400
25.753791722348936 25.792767360405715 25.7050698515913 25.765483856201172 2400
25.860979280239416 25.938932418823242 25.860979280239416 25.938932418823242 1000
26.01298713684082 26.01298713684082 26.01298713684082 26.01298713684082 100
26.04709243774414 26.04709243774414 26.04709243774414 26.04709243774414 100
26.104582646485575 26.104582646485575 26.093862533569336 26.093862533569336 200
26.172790176587426 26.172790176587426 26.06170654296875 26.06170654296875 100
26.05586129055184 26.05586129055184 25.887287139892578 25.887287139892578 500
26.12699317932129 26.12699317932129 26.12699317932129 26.12699317932129 100
26.183513641357422 26.183513641357422 26.183513641357422 26.183513641357422 100
26.14355701083987 26.186431884765625 26.14355701083987 26.186431884765625 200
26.323827743530273 26.323827743530273 26.323827743530273 26.323827743530273 100
26.461217880249023 26.461217880249023 26.461217880249023 26.461217880249023 100
26.56743010201809 26.56743010201809 26.49629783630371 26.49629783630371 200
26.569377899169922 26.569377899169922 26.569377899169922 26.569377899169922 100
26.607379913330078 26.607379913330078 26.607379913330078 26.607379913330078 100
26.575226801208995 26.65415382385254 26.575226801208995 26.65415382385254 200
26.45439910888672 26.45439910888672 26.45439910888672 26.45439910888672 100
26.544042587280273 26.544042587280273 26.544042587280273 26.544042587280273 100
26.757440258911906 26.806162133602804 26.757440258911906 26.759389877319336 900
26.7545166015625 26.7545166015625 26.7545166015625 26.7545166015625 100
26.948425003546088 26.948425003546088 26.882164001464844 26.882164001464844 100
26.774003982543945 26.774003982543945 26.774003982543945 26.774003982543945 100
26.820776380794527 26.820776380794527 26.8071346282959 26.8071346282959 300
26.71651268005371 26.71651268005371 26.71651268005371 26.71651268005371 100
26.938681250866498 26.952323003545164 26.720413208007812 26.720413208007812 1100
26.58204708567312 26.759389877319336 26.58204708567312 26.759389877319336 100
26.767185533569403 26.825651785163696 26.767185533569403 26.821752548217773 1000
26.59179130115105 26.59179130115105 26.330646514892578 26.330646514892578 200
26.593737924924394 26.698974567160732 26.593737924924394 26.62589454650879 2300
26.348183425159796 26.474856561884 26.02662467956543 26.02662467956543 4500
26.504096201720184 26.504096201720184 25.853185653686523 25.853185653686523 100
25.968161456182234 26.357927115660253 25.968161456182234 26.27997398376465 3700
26.309211799655547 26.309211799655547 25.948677338713257 26.099712371826172 4100
26.333568572998047 26.333568572998047 26.333568572998047 26.333568572998047 100
26.89288714171943 26.89288714171943 26.81590787676475 26.824676513671875 1500
26.83539432677896 26.932834355678988 26.818829075814097 26.9230899810791 1800
26.90360382552849 26.90360382552849 26.766210556030273 26.766210556030273 3000
26.97181169300787 27.042943954467773 26.91334730430711 27.042943954467773 7100
26.897756576538086 26.897756576538086 26.897756576538086 26.897756576538086 100
26.65512466430664 26.65512466430664 26.65512466430664 26.65512466430664 100
26.845139663435937 27.098487854003906 26.845139663435937 27.098487854003906 2000
26.97083854675293 26.97083854675293 26.97083854675293 26.97083854675293 100
26.854880104114407 26.854880104114407 26.697999954223633 26.697999954223633 1100
26.37059783935547 26.37059783935547 26.37059783935547 26.37059783935547 100
26.494348769223578 26.73015594482422 26.494348769223578 26.73015594482422 400
26.919194721812577 26.972787857055664 26.919194721812577 26.972787857055664 400
27.135404586791992 27.145199117207863 27.135404586791992 27.135404586791992 500
27.515493392944336 27.515493392944336 27.515493392944336 27.515493392944336 100
27.516475068014948 27.517454147338867 27.516475068014948 27.517454147338867 300
27.586024886145626 27.64284324645996 27.586024886145626 27.64284324645996 600
27.635008416065347 27.635008416065347 27.549781799316406 27.549781799316406 200
27.50765609741211 27.50765609741211 27.50765609741211 27.50765609741211 400
27.311731537404576 27.409693648399994 27.311731537404576 27.383243560791016 900
27.517452219001047 27.517452219001047 27.467491149902344 27.467491149902344 100
27.458673505335174 27.458673505335174 26.996294021606445 26.996294021606445 1100
26.998254873951495 27.0276440684415 26.95123291015625 26.95123291015625 10200
26.90029092510292 26.90029092510292 26.819963455200195 26.819963455200195 200
26.508446466729865 26.775882720947266 26.508446466729865 26.775882720947266 100
26.919886950657954 26.978665342680696 26.919886950657954 26.970827102661133 3700
26.95907069988586 27.055072784423828 26.95907069988586 27.055072784423828 100
26.74845314025879 26.74845314025879 26.74845314025879 26.74845314025879 0
26.528041254014486 26.728862762451172 26.528041254014486 26.728862762451172 100
26.288031448958762 26.288031448958762 26.242969512939453 26.242969512939453 100
26.185173333213786 26.227298033485848 26.009822845458984 26.009822845458984 500
26.307624773235172 26.307624773235172 25.642465591430664 25.642465591430664 1800
25.695363518639468 25.695363518639468 25.31821060180664 25.31821060180664 200
24.822526277747787 25.485727310180664 24.822526277747787 25.485727310180664 400
24.94105713496612 25.13796043395996 24.94105713496612 25.13796043395996 6000
25.372088072849834 25.460253780636027 24.921465005028615 24.99003791809082 1900
25.293721929276916 25.391684046690262 24.843098805036306 24.922447204589844 1600
24.79411428415594 25.43576431274414 24.793135204938505 25.43576431274414 2400
25.862876892089844 25.862876892089844 25.862876892089844 25.862876892089844 100
25.842306372257717 26.01374053955078 25.842306372257717 26.01374053955078 2300
26.224359036492366 26.378158569335938 26.224359036492366 26.378158569335938 900
25.891289269424906 25.891289269424906 25.87169647216797 25.87169647216797 300
25.879531860351562 25.879531860351562 25.879531860351562 25.879531860351562 100
25.871697189553426 25.871697189553426 25.72377586364746 25.72377586364746 400
26.016679763793945 26.016679763793945 26.016679763793945 26.016679763793945 100
26.30272590409241 26.363462448120117 26.30272590409241 26.363462448120117 1200
25.930472147994607 25.9794541395361 25.83251190185547 25.83251190185547 1400
25.75414077896616 25.75414077896616 25.450458058107287 25.504337310791016 200
25.20555439561057 25.306455612182617 25.20555439561057 25.306455612182617 200
25.646382931420245 25.646382931420245 25.606218260682393 25.63756561279297 600
25.509238271477766 25.74434622582898 25.460256279859642 25.701242446899414 600
25.30841426124717 25.30841426124717 25.236902236938477 25.236902236938477 200
25.19575911492429 25.264333903147172 25.07820607205749 25.120328903198242 500
24.833302943055813 24.84309934185603 24.787260055541992 24.787260055541992 200
24.686361377174723 24.686361377174723 24.389535903930664 24.389535903930664 200
24.118181441895324 24.704971313476562 24.118181441895324 24.704971313476562 1400
25.225147623031738 25.31821060180664 25.225147623031738 25.31821060180664 400
25.044897987922983 25.233964920043945 24.97044685757856 25.233964920043945 600
24.929304122924805 24.929304122924805 24.929304122924805 24.929304122924805 100
25.49944102885439 25.540584779368164 25.496501922607422 25.496501922607422 800
25.501401901245117 25.501401901245117 25.501401901245117 25.501401901245117 100
25.29372030679298 25.377967834472656 25.29372030679298 25.377967834472656 100
24.941060287887478 24.941060287887478 24.754934310913086 24.754934310913086 200
24.647173872448306 24.647173872448306 24.53941535949707 24.53941535949707 100
24.96064992618215 25.146777748066075 24.96064992618215 25.038040161132812 1000
24.921466063950895 24.985139846801758 24.921466063950895 24.985139846801758 100
24.72652244567871 24.72652244567871 24.72652244567871 24.72652244567871 100
24.63737561702749 24.649132041503524 24.523740768432617 24.523740768432617 1500
24.980243682861328 24.980243682861328 24.980243682861328 24.980243682861328 100
25.136982689767024 25.338783264160156 25.136982689767024 25.338783264160156 300
25.538625892362656 25.625812530517578 25.538625892362656 25.625812530517578 200
25.626790496171044 25.930471360619375 25.626790496171044 25.9118595123291 1000
25.969659179312494 25.969659179312494 25.832513332345634 25.920677185058594 600
26.112682342529297 26.112682342529297 26.112682342529297 26.112682342529297 100
26.02843450013772 26.02843450013772 25.8726749420166 25.8726749420166 200
26.067618699176794 26.184192657470703 26.057822301303176 26.184192657470703 3200
26.231315399317342 26.346176147460938 26.231315399317342 26.346176147460938 200
26.339305218499735 26.457111358642578 26.28040308466085 26.457111358642578 500
26.692720561283068 26.737878799438477 26.614183762222144 26.737878799438477 6100
26.75162282066341 26.75162282066341 26.506195088363746 26.522884368896484 1300
26.21070098876953 26.21070098876953 26.21070098876953 26.21070098876953 100
26.034974548495928 26.23131561279297 26.034974548495928 26.23131561279297 300
26.250948058534068 26.349119518603814 26.250948058534068 26.334394454956055 2200
26.070316314697266 26.070316314697266 26.070316314697266 26.070316314697266 100
25.809179468819835 25.99275779724121 25.809179468819835 25.99275779724121 100
26.190082550048828 26.190082550048828 26.190082550048828 26.190082550048828 100
26.172412872314453 26.172412872314453 26.172412872314453 26.172412872314453 100
26.054607786815648 26.054607786815648 25.808197021484375 25.808197021484375 1000
26.07424007203596 26.07424007203596 25.76107406616211 25.76107406616211 200
26.012393951416016 26.012393951416016 26.012393951416016 26.012393951416016 100
25.877898955657493 25.877898955657493 25.782672882080078 25.782672882080078 100
25.73849868774414 25.73849868774414 25.73849868774414 25.73849868774414 100
25.711009062798652 26.172412512922765 25.711009062798652 26.13707160949707 8300
26.349121176014933 26.408023306775895 26.30985184053097 26.310834884643555 700
25.976070404052734 25.976070404052734 25.976070404052734 25.976070404052734 100
25.455762831975107 25.455762831975107 25.228986740112305 25.228986740112305 100
24.915821075439453 24.915821075439453 24.915821075439453 24.915821075439453 600
24.796052932739258 24.796052932739258 24.796052932739258 24.796052932739258 100
24.85692034732774 24.85692034732774 24.73027992248535 24.73027992248535 100
25.161249073158793 25.180883740183646 25.161249073158793 25.16615867614746 200
24.80783533926089 24.80783533926089 24.28654670715332 24.28654670715332 100
24.4347840379264 24.4347840379264 24.41318702697754 24.41318702697754 500
24.690027584976043 24.690027584976043 24.58694839477539 24.58694839477539 100
24.611491281093986 25.26432991027832 24.611491281093986 25.26432991027832 200
24.382755279541016 24.382755279541016 24.382755279541016 24.382755279541016 0
24.302255630493164 24.302255630493164 24.302255630493164 24.302255630493164 100
23.71126365661621 23.71126365661621 23.71126365661621 23.71126365661621 100
23.713228225708008 23.713228225708008 23.713228225708008 23.713228225708008 100
23.816306901395254 23.816306901395254 23.325451446393206 23.334285736083984 200
23.06235349500328 23.341157913208008 23.06235349500328 23.341157913208008 1600
23.81630748912113 23.85557495280853 23.669051223479595 23.796672821044922 4700
23.777037461308616 23.777037461308616 23.77605628967285 23.77605628967285 100
24.1991736454281 24.225680259527103 24.1991736454281 24.203100204467773 4500
23.168376922607422 23.168376922607422 23.168376922607422 23.168376922607422 100
23.10554601931848 23.10554601931848 23.044681549072266 23.044681549072266 300
22.854228801867 23.019155502319336 22.716788012358577 23.019155502319336 700
23.30581840760833 23.399080276489258 23.30581840760833 23.399080276489258 100
23.1978280611387 23.374536325155617 23.183102996625614 23.29599952697754 600
23.453074167512423 23.6003323090594 23.453074167512423 23.562044143676758 300
23.926258896977604 24.04701042175293 23.926258896977604 24.04701042175293 1100
24.444601396538125 24.568296432495117 24.444601396538125 24.568296432495117 200
24.369009017944336 24.369009017944336 24.369009017944336 24.369009017944336 100
24.169722303823256 24.22371482849121 24.10100097044928 24.22371482849121 400
24.34642953362125 24.499576568603516 24.34642953362125 24.499576568603516 100
24.2286239903983 24.2286239903983 24.191318873374524 24.226659774780273 1000
24.293420791625977 24.293420791625977 24.293420791625977 24.293420791625977 100
24.544736862182617 24.544736862182617 24.544736862182617 24.544736862182617 100
24.20113754272461 24.20113754272461 24.20113754272461 24.20113754272461 100
23.685739517211914 23.685739517211914 23.685739517211914 23.685739517211914 200
23.13597999472146 23.20764484476575 23.077077865600586 23.077077865600586 2700
22.32607040899924 22.42227766014563 22.16703259513939 22.168996810913086 2700
22.119909286499023 22.119909286499023 22.119909286499023 22.119909286499023 100
22.354537963867188 22.354537963867188 22.354537963867188 22.354537963867188 100
21.584877014160156 21.584877014160156 21.584877014160156 21.584877014160156 100
21.548555480185442 21.735079207132653 21.548555480185442 21.66537857055664 400
22.127763979140493 22.13463592529297 22.127763979140493 22.13463592529297 300
22.085552215576172 22.085552215576172 22.085552215576172 22.085552215576172 100
22.165069580078125 22.165069580078125 22.165069580078125 22.165069580078125 100
22.74488925660299 22.81084632873535 22.73012364469087 22.81084632873535 700
22.81773567199707 22.81773567199707 22.81773567199707 22.81773567199707 100
22.59230661844505 22.59230661844505 22.47319221496582 22.47319221496582 1100
22.356045593476544 22.410188674926758 22.356045593476544 22.410188674926758 100
22.30682586489461 22.316670232316426 22.19263458251953 22.19263458251953 4900
22.218227794765756 22.431846618652344 22.218227794765756 22.431846618652344 100
22.346200755246418 22.362934112548828 22.346200755246418 22.362934112548828 100
22.367857525687022 22.461376190185547 22.247759259633668 22.461376190185547 3000
22.79903287791658 22.801002502441406 22.79903287791658 22.801002502441406 100
22.848251849980468 22.848251849980468 22.79804801940918 22.79804801940918 100
22.626760865880478 22.63561948208105 22.564743041992188 22.564743041992188 7700
22.43775177001953 22.43775177001953 22.43775177001953 22.43775177001953 0
22.326514149025815 22.434800310858677 22.326514149025815 22.352108001708984 200
22.054815914075824 22.22315216064453 22.050878542524586 22.22315216064453 600
22.484019629904875 22.556865692138672 22.484019629904875 22.556865692138672 300
22.413143157958984 22.413143157958984 22.413143157958984 22.413143157958984 100
22.730122730235614 22.98607063293457 22.730122730235614 22.98607063293457 200
23.074669425319936 23.074669425319936 22.927007670514037 23.0648250579834 700
23.025449004494504 23.183940887451172 23.005762146231948 23.183940887451172 1400
22.91716308460054 22.9722900390625 22.91716308460054 22.9722900390625 100
23.073684692382812 23.073684692382812 23.073684692382812 23.073684692382812 100
22.917160285816838 22.946691506317176 22.877782821655273 22.877782821655273 5000
23.074668566852125 23.389680799417313 23.074668566852125 23.383773803710938 200
23.611173629760742 23.611173629760742 23.611173629760742 23.611173629760742 100
23.75391298755291 23.929140090942383 23.75391298755291 23.929140090942383 300
23.77360165824526 23.819869995117188 23.77360165824526 23.819869995117188 1800
23.630861282348633 23.630861282348633 23.630861282348633 23.630861282348633 0
23.73914709303 23.93406105041504 23.73914709303 23.93406105041504 600
23.83463478088379 23.83463478088379 23.83463478088379 23.83463478088379 100
23.852355256642117 23.878934860229492 23.75391346259842 23.878934860229492 300
23.926185607910156 23.926185607910156 23.926185607910156 23.926185607910156 100
23.84054183959961 23.84054183959961 23.84054183959961 23.84054183959961 0
24.255966309092685 24.302234649658203 24.246121941363402 24.302234649658203 300
24.37704849243164 24.37704849243164 24.37704849243164 24.37704849243164 100
24.46269270250247 24.75112533569336 24.46269270250247 24.75112533569336 100
24.81707801882123 24.8239688873291 24.81707801882123 24.8239688873291 100
24.922412872314453 24.922412872314453 24.922412872314453 24.922412872314453 100
24.712732032003856 24.752107620239258 24.712732032003856 24.752107620239258 300
24.859411239624023 24.859411239624023 24.859411239624023 24.859411239624023 0
24.620197739853392 24.620197739853392 24.598541259765625 24.598541259765625 100
24.287467484161716 24.287467484161716 24.10239601135254 24.10239601135254 500
24.049237761115194 24.070894241333008 24.049237761115194 24.070894241333008 200
24.127990881463315 24.127990881463315 24.111255645751953 24.111255645751953 200
24.24612155324033 24.43316078186035 24.24612155324033 24.43316078186035 200
24.019707064194943 24.019707064194943 23.74505615234375 23.74505615234375 300
23.607236862182617 23.607236862182617 23.607236862182617 23.607236862182617 100
23.281394576984084 23.281394576984084 23.261705843097104 23.274503707885742 300
23.29123801487327 23.29123801487327 23.139638900756836 23.139638900756836 900
22.98607199459861 23.13373374938965 22.976227627263064 23.13373374938965 800
23.301081792874196 23.419212310879193 22.897472162590184 22.9427547454834 1400
22.867939214661906 22.877783581029057 22.822656631469727 22.822656631469727 300
23.22331428527832 23.22331428527832 23.22331428527832 23.22331428527832 100
23.37885284423828 23.37885284423828 23.37885284423828 23.37885284423828 100
23.665315856794454 23.757850646972656 23.665315856794454 23.757850646972656 100
23.862199305336272 23.94685935974121 23.862199305336272 23.94685935974121 500
23.45858923250066 23.45858923250066 23.015602111816406 23.015602111816406 1000
23.015602237592315 23.015602237592315 22.992961883544922 22.992961883544922 100
22.84825293315135 22.84825293315135 22.812814712524414 22.812814712524414 300
22.493864280637794 22.65530776977539 22.493864280637794 22.65530776977539 300
22.769496763291134 22.82068634033203 22.769496763291134 22.82068634033203 200
22.533240633703308 22.602149327884977 22.484020674322426 22.56572723388672 500
22.720277569110824 22.749810668335392 22.254650115966797 22.254650115966797 500
22.08631706237793 22.08631706237793 22.08631706237793 22.08631706237793 100
21.525468205090103 21.63309669494629 21.525468205090103 21.63309669494629 800
21.406979861876202 21.43265151977539 21.406979861876202 21.43265151977539 200
21.337862749565723 21.426729517225162 21.337862749565723 21.41389274597168 1000
21.821690183135633 21.920431237658757 21.821690183135633 21.863161087036133 400
21.258870589322708 21.40105628967285 21.258870589322708 21.40105628967285 100
21.27861649768039 21.27861649768039 21.151241302490234 21.151241302490234 300
21.73282448716254 21.79206836944738 21.73282448716254 21.767383575439453 400
22.416109085083008 22.416109085083008 22.416109085083008 22.416109085083008 100
22.28577321509448 22.424009577085755 22.28577321509448 22.3963623046875 400
22.325269544590842 22.325269544590842 22.177157010006773 22.21369171142578 300
21.66963005065918 21.66963005065918 21.66963005065918 21.66963005065918 100
21.612361907958984 21.612361907958984 21.612361907958984 21.612361907958984 0
21.550155639648438 21.550155639648438 21.550155639648438 21.550155639648438 0
21.427715301513672 21.427715301513672 21.427715301513672 21.427715301513672 100
21.821691142927673 21.98955037800131 21.821691142927673 21.988561630249023 400
21.56496568233911 21.56496568233911 21.456350326538086 21.456350326538086 100
21.91055782316856 21.91055782316856 21.886859893798828 21.886859893798828 1500
22.216653816007604 22.216653816007604 22.13469886779785 22.13469886779785 300
22.08829054154617 22.08829054154617 21.95992660522461 21.95992660522461 100
21.851313500647958 21.870075225830078 21.851313500647958 21.870075225830078 400
22.382537841796875 22.382537841796875 22.382537841796875 22.382537841796875 100
22.572119500076905 22.648149490356445 22.572119500076905 22.648149490356445 400
22.957210540771484 22.957210540771484 22.957210540771484 22.957210540771484 0
22.967082540131596 22.967082540131596 22.873279571533203 22.873279571533203 100
22.927587124204184 22.927587124204184 22.761703491210938 22.761703491210938 100
23.358097076416016 23.358097076416016 23.358097076416016 23.358097076416016 0
23.2336855845842 23.28305517742034 23.213936994118043 23.214923858642578 2800
23.273177623480503 23.273177623480503 23.251455307006836 23.251455307006836 700
23.095445723948902 23.11519431303777 22.705421447753906 22.705421447753906 3400
22.474367141723633 22.474367141723633 22.474367141723633 22.474367141723633 100
22.74393081665039 22.74393081665039 22.74393081665039 22.74393081665039 0
22.818971968413134 22.97004508972168 22.818971968413134 22.97004508972168 1200
23.110258102416992 23.110258102416992 23.110258102416992 23.110258102416992 100
22.957208328680874 22.957208328680874 22.652099609375 22.652099609375 100
23.421290347026975 23.695789337158203 23.401543640899263 23.695789337158203 700
23.836000218547646 23.836000218547646 23.786630630493164 23.786630630493164 100
23.90511926462094 23.90511926462094 23.646419525146484 23.646419525146484 1300
23.791566848754883 23.791566848754883 23.791566848754883 23.791566848754883 100
23.67801436649122 23.67801436649122 23.594085693359375 23.594085693359375 500
23.539779761573612 23.56940264545831 23.510156877688917 23.559528350830078 600
23.697763555294735 23.722448348999023 23.61877108544358 23.722448348999023 2100
23.658266365884266 23.717512130737305 23.658266365884266 23.717512130737305 200
23.934740716069612 24.07297706604004 23.934740716069612 24.07297706604004 300
24.122348835105242 24.13222312927246 24.122348835105242 24.13222312927246 200
24.18159284197672 24.18159284197672 24.16184425354004 24.16184425354004 300
23.796504974365234 23.796504974365234 23.796504974365234 23.796504974365234 200
23.806381299031802 23.826128005981445 23.806381299031802 23.826128005981445 200
23.757008528901384 24.35932731628418 23.71751323382483 24.35932731628418 2100
24.398820751024243 24.398820751024243 24.35932545895908 24.369199752807617 800
24.300082920591993 24.332666397094727 24.300082920591993 24.332666397094727 100
23.96633848765537 23.96633848765537 23.88537228589268 23.914993286132812 800
23.71751242386281 23.71751242386281 23.61778450012207 23.61778450012207 100
23.618771278070348 23.62074689024758 23.579274101158123 23.60297203063965 900
23.71751328548037 23.72343635559082 23.71751328548037 23.72343635559082 100
23.69776228584834 23.69776228584834 23.53780174255371 23.53780174255371 100
23.852787017822266 23.852787017822266 23.852787017822266 23.852787017822266 100
24.365249623494194 24.365249623494194 23.895244174820984 23.970285415649414 1200
24.10260157670268 24.132224460838863 23.849824905395508 23.849824905395508 200
23.29292869567871 23.29292869567871 23.29292869567871 23.29292869567871 0
23.115195717394695 23.115195717394695 23.08853530883789 23.08853530883789 100
23.002630825797635 23.002630825797635 22.88019371032715 22.88019371032715 1300
22.967082363764895 22.967082363764895 22.920673370361328 22.920673370361328 300
23.221834182739258 23.221834182739258 23.221834182739258 23.221834182739258 100
22.660988046511044 22.946348190307617 22.660988046511044 22.946348190307617 100
23.08953935071884 23.100479125976562 23.07959530743239 23.100479125976562 1600
23.06965120350232 23.1392576039696 23.029875033731212 23.082576751708984 5900
22.85088620603022 22.85088620603022 22.751447677612305 22.751447677612305 200
23.081584930419922 23.081584930419922 23.081584930419922 23.081584930419922 0
22.89861829309119 22.99407958984375 22.880719774108158 22.99407958984375 6800
22.801169072401745 22.886686325073242 22.801169072401745 22.886686325073242 200
23.05970688656974 23.05970688656974 22.930436232984558 23.01197624206543 200
22.8071346282959 22.8071346282959 22.8071346282959 22.8071346282959 100
23.34609031677246 23.34609031677246 23.34609031677246 23.34609031677246 100
23.517123060515658 23.517123060515658 23.27151107788086 23.27151107788086 600
23.278470115549542 23.396800994873047 23.278470115549542 23.396800994873047 200
23.626505999000827 23.689151763916016 23.626505999000827 23.689151763916016 200
23.696111908494498 23.82538067355527 23.65633763333436 23.74881362915039 3000
23.775661242867923 23.814441680908203 23.775661242867923 23.814441680908203 300
23.745830708710653 23.745830708710653 23.72594451904297 23.72594451904297 1400
23.54695455424014 23.54695455424014 23.405752182006836 23.405752182006836 200
23.13925759835237 23.288414441693494 23.13925759835237 23.210851669311523 300
23.50717988786122 23.592697143554688 23.50717988786122 23.592697143554688 900
23.765719290517072 23.849246978759766 23.765719290517072 23.849246978759766 200
23.841291427612305 23.841291427612305 23.841291427612305 23.841291427612305 0
23.845267470635417 23.871122360229492 23.845267470635417 23.871122360229492 300
23.934764250233794 24.12369728088379 23.934764250233794 24.12369728088379 400
24.118722915649414 24.118722915649414 24.118722915649414 24.118722915649414 0
23.914875110262305 23.914875110262305 23.859189987182617 23.859189987182617 100
24.113751778149474 24.265892028808594 24.113751778149474 24.265892028808594 100
24.41206629794992 24.47769546508789 24.41206629794992 24.47769546508789 100
24.68253788719272 24.79987493355708 24.68253788719272 24.711374282836914 1200
24.519460678100586 24.519460678100586 24.519460678100586 24.519460678100586 100
24.323566491272366 24.323566491272366 24.27285244264834 24.304672241210938 2100
24.586084365844727 24.586084365844727 24.586084365844727 24.586084365844727 100
24.286773681640625 24.286773681640625 24.286773681640625 24.286773681640625 100
24.22313332410861 24.22313332410861 24.147560119628906 24.147560119628906 100
24.29075050354004 24.29075050354004 24.29075050354004 24.29075050354004 100
24.521448537171004 24.554264068603516 24.49857704869888 24.554264068603516 1600
24.5234375 24.5234375 24.5234375 24.5234375 100
24.553268432617188 24.553268432617188 24.553268432617188 24.553268432617188 100
24.38223546004246 24.48167399191724 24.35538673400879 24.35538673400879 700
24.26191520690918 24.26191520690918 24.26191520690918 24.26191520690918 0
23.825380242836964 23.825380242836964 23.789583206176758 23.789583206176758 100
23.875101158329592 23.875101158329592 23.72793197631836 23.72793197631836 100
23.875100794176106 23.885044837085005 23.841291427612305 23.841291427612305 4600
23.556898335272095 23.646392822265625 23.556898335272095 23.646392822265625 500
23.725943511342386 23.725943511342386 23.662302017211914 23.662302017211914 100
23.70008837648242 23.70008837648242 23.646392822265625 23.646392822265625 200
23.5559024810791 23.5559024810791 23.5559024810791 23.5559024810791 100
23.745830764219342 23.745830764219342 23.707050323486328 23.707050323486328 500
23.96459442800371 24.014312744140625 23.96459442800371 24.014312744140625 600
23.99243927001953 23.99243927001953 23.99243927001953 23.99243927001953 100
23.815438729251245 23.815438729251245 23.646393790964172 23.65534210205078 300
23.69312858581543 23.69312858581543 23.69312858581543 23.69312858581543 100
23.32222557067871 23.32222557067871 23.32222557067871 23.32222557067871 0
22.91452980041504 22.91452980041504 22.91452980041504 22.91452980041504 400
22.794208526611328 22.794208526611328 22.794208526611328 22.794208526611328 0
23.07859992980957 23.07859992980957 23.07859992980957 23.07859992980957 100
22.691785946751892 22.817077471842005 22.691785946751892 22.7454833984375 400
23.144229888916016 23.144229888916016 23.144229888916016 23.144229888916016 0
22.830998797091112 22.8548641204834 22.830998797091112 22.8548641204834 100
23.1541748046875 23.1541748046875 23.1541748046875 23.1541748046875 100
23.421663284301758 23.421663284301758 23.421663284301758 23.421663284301758 100
23.36796533518284 23.36796533518284 23.04180908203125 23.04180908203125 100
23.004024505615234 23.004024505615234 23.004024505615234 23.004024505615234 100
23.07680892944336 23.07680892944336 23.07680892944336 23.07680892944336 100
23.21241684088449 23.21241684088449 23.194467544555664 23.194467544555664 200
23.192474365234375 23.192474365234375 23.192474365234375 23.192474365234375 100
23.421805973125394 23.503568649291992 23.421805973125394 23.503568649291992 100
23.629201889038086 23.629201889038086 23.629201889038086 23.629201889038086 100
23.840586202618603 23.96522331237793 23.830615005620494 23.96522331237793 1100
24.089860916137695 24.089860916137695 24.089860916137695 24.089860916137695 100
23.800703048706055 23.800703048706055 23.800703048706055 23.800703048706055 100
23.767799377441406 23.767799377441406 23.767799377441406 23.767799377441406 0
23.80070451937941 23.80070451937941 23.767799377441406 23.767799377441406 200
23.8505571710447 23.8695011138916 23.8505571710447 23.8695011138916 500
24.010093083587932 24.010093083587932 23.97319984436035 23.97319984436035 200
24.04000602695727 24.04000602695727 23.867507934570312 23.867507934570312 300
24.11977351231165 24.11977351231165 24.088863372802734 24.088863372802734 100
23.950268573395995 24.014081954956055 23.950268573395995 24.014081954956055 100
23.97020944471224 24.090856552124023 23.97020944471224 24.090856552124023 300
24.169627889159273 24.181594086178993 24.163644790649414 24.163644790649414 300
24.060945510864258 24.060945510864258 24.060945510864258 24.060945510864258 100
24.014081954956055 24.014081954956055 24.014081954956055 24.014081954956055 100
23.986162185668945 23.986162185668945 23.986162185668945 23.986162185668945 100
24.037015914916992 24.037015914916992 24.037015914916992 24.037015914916992 100
23.665096282958984 23.665096282958984 23.665096282958984 23.665096282958984 100
23.73090448776636 23.73090448776636 23.52151506020794 23.525503158569336 13900
23.740875688131517 23.909385681152344 23.738882589856185 23.909385681152344 2000
24.069917863255817 24.096839904785156 24.069917863255817 24.096839904785156 4000
24.154672622680664 24.154672622680664 24.154672622680664 24.154672622680664 100
23.710965770472445 23.838594436645508 23.710965770472445 23.838594436645508 300
23.667091369628906 23.667091369628906 23.667091369628906 23.667091369628906 100
23.422801971435547 23.422801971435547 23.422801971435547 23.422801971435547 500
23.830615997314453 23.830615997314453 23.830615997314453 23.830615997314453 100
23.800703048706055 23.800703048706055 23.800703048706055 23.800703048706055 0
23.71595001220703 23.71595001220703 23.71595001220703 23.71595001220703 100
23.74187469482422 23.74187469482422 23.74187469482422 23.74187469482422 100
23.672077178955078 23.672077178955078 23.672077178955078 23.672077178955078 0
23.672077178955078 23.672077178955078 23.672077178955078 23.672077178955078 100
23.786745071411133 23.786745071411133 23.786745071411133 23.786745071411133 100
23.57735252380371 23.57735252380371 23.57735252380371 23.57735252380371 100
23.840586043779787 23.848562240600586 23.83061484684811 23.848562240600586 4200
23.885456031556537 24.06493377685547 23.885456031556537 24.06493377685547 500
24.01408087423521 24.01408087423521 23.980179184764612 24.011089324951172 800
23.990150451660156 23.990150451660156 23.990150451660156 23.990150451660156 100
23.890440151512454 23.890440151512454 23.75882339477539 23.75882339477539 200
23.57137024127172 23.57137024127172 23.551429748535156 23.551429748535156 1600
23.713956832885742 23.713956832885742 23.713956832885742 23.713956832885742 0
23.978185653686523 23.978185653686523 23.978185653686523 23.978185653686523 100
23.909385681152344 23.909385681152344 23.909385681152344 23.909385681152344 100
23.756830285188066 23.756830285188066 23.70099310378812 23.735891342163086 400
23.899415969848633 23.899415969848633 23.899415969848633 23.899415969848633 0
24.179599289641512 24.349105834960938 24.179599289641512 24.349105834960938 2600
24.256376266479492 24.256376266479492 24.256376266479492 24.256376266479492 100
24.26933824705499 24.35110092163086 24.259367050022952 24.35110092163086 1400
24.399959564208984 24.399959564208984 24.399959564208984 24.399959564208984 0
24.410925616357105 24.472745895385742 24.40893061627401 24.472745895385742 1300
24.50864250597182 24.50864250597182 24.470752716064453 24.470752716064453 500
24.638264154672093 24.728003030252005 24.638264154672093 24.694103240966797 600
24.887538250537276 24.89451789855957 24.887538250537276 24.89451789855957 200
24.797800064086914 24.797800064086914 24.797800064086914 24.797800064086914 100
25.124847412109375 25.124847412109375 25.124847412109375 25.124847412109375 0
25.116870765510654 25.116870765510654 25.06900978088379 25.06900978088379 200
24.89750862121582 24.92542721237792 24.877568128822457 24.89750862121582 1000
24.836687088012695 24.836687088012695 24.836687088012695 24.836687088012695 100
24.85463523864746 24.85463523864746 24.85463523864746 24.85463523864746 100
24.588409202542696 24.628293991088867 24.588409202542696 24.628293991088867 400
24.598379884156316 24.757915231374742 24.598379884156316 24.729000091552734 1500
25.09000015258789 25.100000381469727 25.06999969482422 25.06999969482422 300
25.00200080871582 25.00200080871582 25.00200080871582 25.00200080871582 100
25.176000595092773 25.176000595092773 25.176000595092773 25.176000595092773 100
25.350000381469727 25.47100067138672 25.350000381469727 25.47100067138672 600
25.47100067138672 25.47100067138672 25.47100067138672 25.47100067138672 100
25.36400032043457 25.36400032043457 25.36400032043457 25.36400032043457 100
25.180999755859375 25.180999755859375 25.180999755859375 25.180999755859375 0
25.158000946044922 25.158000946044922 25.158000946044922 25.158000946044922 100
25.30900001525879 25.30900001525879 25.30900001525879 25.30900001525879 300
25.524999618530273 25.524999618530273 25.524999618530273 25.524999618530273 0
25.6299991607666 25.687000274658203 25.6299991607666 25.631000518798828 900
25.770000457763672 25.808000564575195 25.770000457763672 25.808000564575195 200
25.722999572753906 25.722999572753906 25.722999572753906 25.722999572753906 0
25.8799991607666 25.8799991607666 25.790000915527344 25.85099983215332 2600
26.05500030517578 26.05500030517578 26.023000717163086 26.023000717163086 300
26.077999114990234 26.077999114990234 26.077999114990234 26.077999114990234 100
25.94099998474121 25.94099998474121 25.94099998474121 25.94099998474121 100
25.930999755859375 25.930999755859375 25.930999755859375 25.930999755859375 0
25.979000091552734 25.979000091552734 25.979000091552734 25.979000091552734 0
26.15999984741211 26.15999984741211 26.125999450683594 26.125999450683594 200
25.989999771118164 26.034000396728516 25.979999542236328 26.034000396728516 1700
26.25 26.25 25.905000686645508 25.905000686645508 400
26.08099937438965 26.08099937438965 26.08099937438965 26.08099937438965 0
26.111000061035156 26.111000061035156 26.111000061035156 26.111000061035156 100
26.052000045776367 26.121999740600586 26.049999237060547 26.121999740600586 800
25.8700008392334 25.8700008392334 25.8700008392334 25.8700008392334 100
25.805999755859375 25.805999755859375 25.805999755859375 25.805999755859375 100
25.76099967956543 25.76099967956543 25.614999771118164 25.614999771118164 200
25.851999282836914 25.851999282836914 25.851999282836914 25.851999282836914 100
25.530000686645508 25.753999710083008 25.530000686645508 25.753999710083008 300
25.625999450683594 25.625999450683594 25.625999450683594 25.625999450683594 100
25.565000534057617 25.565000534057617 25.565000534057617 25.565000534057617 100
25.552000045776367 25.552000045776367 25.552000045776367 25.552000045776367 100
25.579999923706055 25.660999298095703 25.549999237060547 25.660999298095703 400
25.40999984741211 25.40999984741211 25.360000610351562 25.405000686645508 3900
25.399999618530273 25.399999618530273 25.243000030517578 25.243000030517578 200
25.020000457763672 25.020000457763672 25.020000457763672 25.020000457763672 100
25.034000396728516 25.034000396728516 25.034000396728516 25.034000396728516 0
25.02400016784668 25.150999069213867 25.02400016784668 25.150999069213867 300
25.350000381469727 25.350000381469727 25.093000411987305 25.093000411987305 1000
25.299999237060547 25.299999237060547 25.299999237060547 25.299999237060547 0
25.052000045776367 25.052000045776367 25.052000045776367 25.052000045776367 100
25.155000686645508 25.155000686645508 25.155000686645508 25.155000686645508 0
25.327999114990234 25.327999114990234 25.327999114990234 25.327999114990234 100
25.649999618530273 25.649999618530273 25.649999618530273 25.649999618530273 0
25.733999252319336 25.733999252319336 25.733999252319336 25.733999252319336 0
25.718000411987305 25.718000411987305 25.718000411987305 25.718000411987305 100
25.812999725341797 25.812999725341797 25.812999725341797 25.812999725341797 100
25.59000015258789 25.59000015258789 25.586999893188477 25.586999893188477 200
25.479999542236328 25.479999542236328 25.479999542236328 25.479999542236328 0
25.382999420166016 25.409000396728516 25.382999420166016 25.409000396728516 300
25.4689998626709 25.4689998626709 25.4689998626709 25.4689998626709 100
25.579999923706055 25.579999923706055 25.579999923706055 25.579999923706055 100
25.454999923706055 25.454999923706055 25.454999923706055 25.454999923706055 100
25.399999618530273 25.399999618530273 25.399999618530273 25.399999618530273 0
25.636999130249023 25.636999130249023 25.636999130249023 25.636999130249023 0
25.319000244140625 25.319000244140625 25.319000244140625 25.319000244140625 0
25.378999710083008 25.378999710083008 25.378999710083008 25.378999710083008 100
25.3799991607666 25.3799991607666 25.3799991607666 25.3799991607666 0
25.510000228881836 25.530000686645508 25.19099998474121 25.19099998474121 400
24.832000732421875 24.832000732421875 24.832000732421875 24.832000732421875 100
24.80900001525879 24.80900001525879 24.80900001525879 24.80900001525879 0
24.909000396728516 24.920000076293945 24.860000610351562 24.910999298095703 600
24.57900047302246 24.57900047302246 24.57900047302246 24.57900047302246 0
24.645000457763672 24.645000457763672 24.610000610351562 24.61199951171875 1800
24.815000534057617 24.815000534057617 24.815000534057617 24.815000534057617 100
24.62299919128418 24.69700050354004 24.62299919128418 24.69700050354004 200
24.64900016784668 24.64900016784668 24.64900016784668 24.64900016784668 100
24.31999969482422 24.31999969482422 24.31999969482422 24.31999969482422 0
24.535999298095703 24.535999298095703 24.535999298095703 24.535999298095703 100
24.53499984741211 24.53499984741211 24.520000457763672 24.520000457763672 200
24.804000854492188 24.804000854492188 24.804000854492188 24.804000854492188 0
24.996000289916992 24.996000289916992 24.996000289916992 24.996000289916992 0
25.183000564575195 25.194000244140625 25.108999252319336 25.108999252319336 600
25.236000061035156 25.236000061035156 25.236000061035156 25.236000061035156 0
25.038999557495117 25.038999557495117 25.038999557495117 25.038999557495117 100
24.90399932861328 24.90399932861328 24.90399932861328 24.90399932861328 100
25.214000701904297 25.214000701904297 25.214000701904297 25.214000701904297 0
25.17799949645996 25.219999313354492 25.17799949645996 25.219999313354492 100
25.219999313354492 25.219999313354492 24.91699981689453 24.91699981689453 500
24.670000076293945 24.670000076293945 24.670000076293945 24.670000076293945 100
24.3799991607666 24.3799991607666 24.3799991607666 24.3799991607666 0
