23.907455523868446 24.02309094460828 23.705095835027056 23.70895004272461 61900
23.839999797537214 24.909620435001408 21.459854944058634 24.380592346191406 20600
24.591627616077364 24.591627616077364 23.695459090313737 23.707021713256836 130800
23.49309868404738 24.003818899904196 23.49309868404738 23.88722038269043 29300
24.138724334063255 24.37962977387611 24.138724334063255 24.343976974487305 29900
24.138723231102723 24.572353738137227 23.136557603013344 24.177268981933594 16500
23.974910288152245 24.4181772850727 23.974910288152245 24.1705265045166 16500
23.782187832288322 24.01345685845772 22.288572844412073 23.8978214263916 57500
23.89781897490703 24.340122848970054 23.89781897490703 24.27845001220703 10400
24.0327276573569 24.364213416647413 24.0327276573569 24.21485137939453 11400
24.244721883418144 24.53380765893013 24.244721883418144 24.493335723876953 21300
24.687991022862516 24.697625623337526 24.4663566147206 24.481775283813477 21500
24.51453649807926 24.64944294757602 24.51453649807926 24.637880325317383 14200
24.750621414658408 24.82289377315257 24.736167678144543 24.814220428466797 7800
24.909622818179802 24.9288956944557 24.847949981689453 24.847949981689453 10300
25.3143419312622 25.3143419312622 24.92889362751627 24.979001998901367 22600
24.986711533668288 25.025255446789448 24.95298492045131 25.000202178955078 39000
24.928895632026855 24.928895632026855 24.789170036320467 24.820968627929688 7300
24.996349339517195 25.06380256964294 24.972259162752668 25.049348831176758 9400
25.535974859188805 25.535974859188805 25.02525470033852 25.087890625 13800
25.102345094797258 25.217980510011266 25.073437619465686 25.092710494995117 18800
25.295069394259972 25.295069394259972 24.977074309679203 25.021400451660156 91000
25.478159799873602 25.478159799873602 25.034892835388238 25.099456787109375 61000
25.34324876295808 25.34324876295808 25.05416300196652 25.1601619720459 12600
25.391433447512505 25.391433447512505 25.03489259176643 25.124509811401367 15500
25.08692888954405 25.08692888954405 24.948166387831307 25.031038284301758 37000
25.083074889592385 25.083074889592385 24.871076927658816 24.939495086669922 9600
25.150527979606885 25.150527979606885 24.644626929716363 24.77953338623047 10200
24.331450635460442 24.663899497327872 24.331450635460442 24.511648178100586 17100
24.832534276757237 24.88071463166847 24.54344663340165 24.84217071533203 10600
25.063803071916183 25.063803071916183 24.74677104600925 24.880714416503906 15200
25.189070831250884 25.189070831250884 24.918292999267578 24.918292999267578 8200
25.025255493608096 25.169800222479935 25.025255493608096 25.119691848754883 17300
25.18907139376921 25.285433934207624 25.18907139376921 25.226654052734375 67000
25.51670289660682 25.51670289660682 25.1254723430079 25.213163375854492 52900
25.015619423897903 25.32397992379413 25.015619423897903 25.228580474853516 14500
25.01561852565112 25.275796826551257 25.01561852565112 25.248815536499023 11300
24.977077344122492 25.362525699841733 24.977077344122492 25.307600021362305 87900
25.62270332382629 25.62270332382629 25.275798894247462 25.36927032470703 32900
25.603428951869585 25.603428951869585 24.97322099036997 25.093673706054688 18800
25.217982030473827 25.217982030473827 24.919259793607157 25.10331153869629 12000
24.712080214067637 24.842169370842655 24.65908072375604 24.753515243530273 12100
25.23725370167937 25.255561647087866 24.948166079004338 25.227617263793945 9800
25.343251883008467 25.352888321289534 25.208345422998836 25.31434440612793 4800
24.977076764803964 25.304708319056918 24.977076764803964 25.131256103515625 9300
25.53597738531547 25.53597738531547 24.967440383284636 24.972259521484375 8500
25.19871079489125 25.19871079489125 24.75544562989571 24.822898864746094 23800
25.15052684868883 25.15052684868883 24.612825393676758 24.612825393676758 3300
24.533808996467634 24.533808996467634 24.042363518897076 24.144506454467773 34200
24.235088920498363 24.678355922860163 24.235088920498363 24.650409698486328 71200
25.111984013276523 25.111984013276523 24.687991737519962 25.057058334350586 6100
25.314344602479338 25.314344602479338 24.880714066281104 25.06380271911621 24800
25.078257274863194 25.198710001291897 25.068620836193368 25.18907356262207 32500
25.083075360780963 25.217981820572827 25.083075360780963 25.194854736328125 26300
25.063801592849174 25.063801592849174 24.828678389013383 24.98960304260254 23800
25.150527198221397 25.2565243373482 25.05416465886402 25.185216903686523 27000
25.391433140436373 25.468522805886657 25.374088287353516 25.374088287353516 19500
25.6034303132402 25.6034303132402 25.18425535499878 25.209308624267578 19700
25.333614983171334 25.41070464445983 25.150526348375212 25.179433822631836 18200
24.96743711006653 25.31434149646065 24.90962032498833 25.294105529785156 29300
25.526339454569793 25.526339454569793 25.198707918724082 25.214126586914062 13600
25.392397527924494 25.438651697146277 25.198709343034963 25.3702335357666 24500
25.449251776449003 25.468524653700527 25.38179854403141 25.427087783813477 26800
25.352890134305188 25.47816200295476 25.31434621638726 25.40685272216797 77800
25.439614951230137 25.50706818262268 25.410707473754883 25.410707473754883 29100
25.410705849579152 25.55524874160481 25.410705849579152 25.532121658325195 19300
25.439612988054687 25.55524840292025 25.385650407104947 25.51670265197754 139100
25.468523906760975 26.017788026581446 25.401070676321645 25.487796783447266 36600
25.150529506277753 25.35288920333242 25.140893067661427 25.3336181640625 16100
25.05320252012005 25.126437979300828 24.82289661205781 25.005985260009766 662000
25.256525922812703 25.256525922812703 24.803624348753733 24.838314056396484 42700
24.572351652647832 24.726530966960787 24.514534869271074 24.653295516967773 17300
24.716897458007796 24.846986614487523 24.687025051499297 24.77953338623047 62700
25.217980154869984 25.246889467757004 24.977074728032466 25.1697998046875 33700
25.41070586663817 25.46852265589473 25.32976015612388 25.439613342285156 23200
25.401069598935173 25.660282978909304 25.401069598935173 25.613065719604492 40900
25.680519292770757 25.680519292770757 25.328797574263138 25.429977416992188 23000
25.32398196893402 25.786519999188574 25.32398196893402 25.68052101135254 156600
26.027423532988553 26.027423532988553 25.69111864731644 25.786518096923828 78300
25.950334011565843 25.950334011565843 25.641975345758787 25.74797248840332 10700
25.87324368670683 25.87324368670683 25.63233825543016 25.796154022216797 33500
25.796154547777316 25.95997031790147 25.796154547777316 25.89251708984375 41500
26.0756038980111 26.0756038980111 25.709428443713783 25.89251708984375 52100
25.786517727276184 25.8395172165247 25.680518748779157 25.75760841369629 26200
25.873245585247968 25.873245585247968 25.468524357486803 25.584157943725586 27500
25.767246599560156 25.767246599560156 25.45888791897312 25.584157943725586 14500
25.43961401061612 25.757609116825222 25.43961401061612 25.4974308013916 98100
25.584155878164715 25.584155878164715 25.34325044866048 25.51670265197754 37700
25.42997777493502 25.584157110205442 25.27579843966459 25.352888107299805 15400
25.208344205851336 25.50995754143144 25.208344205851336 25.478158950805664 22200
25.74797216102865 28.609929897332375 25.391433147458468 25.50706672668457 32000
25.39143386009874 25.46852352773395 25.26616200146486 25.352888107299805 39700
24.96743859524346 24.96743859524346 24.47599129793909 24.77471351623535 38000
26.067897029827076 26.067897029827076 24.721717990091218 24.84217071533203 34300
25.111983226685993 25.304708319056918 25.034893557330165 25.131256103515625 29000
25.535978467706297 25.641977457041094 25.34325336672718 25.603431701660156 75200
25.417451589407207 25.535976284943054 25.391433390545334 25.482013702392578 21800
25.699792181154578 25.699792181154578 25.52633997184342 25.53597640991211 22100
25.27579780158216 25.27579780158216 24.977075576782227 24.977075576782227 20400
25.333616054256197 25.333616054256197 24.948165893554688 24.948165893554688 23500
25.054166107081315 25.087892722111526 24.784351348876953 24.784351348876953 23600
24.695697698426248 25.083074041700108 24.65907997012803 24.986711502075195 217400
24.99731328997996 24.99731328997996 24.639809320079664 24.6976261138916 32800
24.919258930200662 25.07343826246483 24.79398707400939 24.93852996826172 46400
24.91925863027867 24.933712368141155 24.6687167588742 24.909622192382812 38600
25.198710001291897 25.372162221423267 25.179437123952244 25.18907356262207 24700
25.42997834252413 25.42997834252413 25.131256103515625 25.131256103515625 27300
25.343250509336034 25.343250509336034 24.986711502075195 24.986711502075195 14900
25.054167821133863 25.131257494757303 24.986714586458707 25.034894943237305 34800
25.09752948804512 25.18907289604182 24.977076764803964 25.131256103515625 21400
25.42034113437008 25.535976553883682 25.39143365796366 25.4974308013916 19500
25.65161386942806 25.767247459526043 25.65161386942806 25.695940017700195 34300
25.728700056194583 25.80578971846937 25.603428206271477 25.73833465576172 45600
25.83951856348258 25.998515201553683 25.83951856348258 25.9792423248291 85100
25.873244524669076 26.094877087510653 25.873244524669076 26.027423858642578 24200
26.01778618473619 26.08523941040039 25.90986102367348 26.08523941040039 33700
26.162330108482546 26.181602984566744 25.99658815286127 26.118967056274414 23000
26.22978525460024 26.277967448333566 26.143059143843015 26.171968460083008 22500
26.43214472117312 26.43214472117312 26.1555846484992 26.210512161254883 76400
26.287600962097013 26.287600962097013 25.87324333190918 25.87324333190918 65100
26.18160159515419 26.18160159515419 26.01104051058194 26.162328720092773 75800
26.258693686830494 26.258693686830494 26.041878417236603 26.152694702148438 73800
26.47068776046907 26.47068776046907 26.210511295144542 26.297237396240234 45000
26.57668673691104 26.57668673691104 26.25869164554768 26.297237396240234 14900
26.586324681301754 26.586324681301754 26.258693133697506 26.48032569885254 45600
26.400236607894435 26.400236607894435 25.737758703923014 25.80697250366211 86600
25.965176148332414 26.004726082988412 25.85641052764285 25.94540023803711 53900
26.01461477711552 26.143156311751774 26.01461477711552 26.133268356323242 89700
26.004726821686983 26.15304426718031 25.994840752193113 26.133268356323242 836700
26.034388150351173 26.073939968210112 25.70809319675284 25.797082901000977 59900
26.004725822658344 26.004725822658344 25.895962088992206 25.95528793334961 34000
26.01461477711552 26.133268356323242 25.93551301962192 26.133268356323242 39400
26.073941383966805 26.182705117115557 26.02548983867845 26.10360336303711 48300
25.935511453040217 26.23214444017469 25.935511453040217 26.19259262084961 32700
26.35079536796057 26.35079536796057 25.92562275212424 26.004724502563477 36600
25.975065231323242 26.008683903098067 25.886075517065027 25.975065231323242 64100
25.717982985991945 25.905850362355796 25.717982985991945 25.72787094116211 43300
26.11349160466946 26.11349160466946 25.589441299438477 25.589441299438477 34300
25.866297335906435 25.866297335906435 25.421348803663683 25.628992080688477 92300
25.312585998123406 25.74764659154494 25.312585998123406 25.73775863647461 32600
25.114830207766488 25.253259690276536 24.88939124847706 25.035728454589844 30900
25.530115639774486 25.530115639774486 25.055505106653964 25.223596572875977 81900
25.36202447146736 25.36202447146736 24.580894862272793 24.709434509277344 34600
25.01595314973675 25.095054904826195 24.264487419354296 24.29414939880371 31500
24.42269115828745 24.82808789265983 24.42269115828745 24.788536071777344 30600
24.758873207331288 24.768759276264024 24.23482291497217 24.46224021911621 51300
25.579555108294667 25.579555108294667 24.551230412956276 24.659996032714844 53100
25.223595443807532 25.342247128809223 25.120762977640986 25.193931579589844 57300
25.0258413072521 25.391688106208576 25.0258413072521 25.292810440063477 171800
25.84652305992544 25.84652305992544 25.05550549254185 25.065393447875977 17100
25.54000431949623 26.696868705505523 24.931909203071875 25.124719619750977 430500
25.213708648681642 25.213708648681642 24.719322204589844 24.719322204589844 26200
24.521565166602734 24.74898434837361 24.511679098031138 24.64021873474121 30100
24.472127236241143 24.926961827100506 24.38313753178005 24.85774803161621 44900
25.70809303393137 25.70809303393137 24.65010643005371 24.65010643005371 34800
24.323813809006204 24.630332881101573 24.323813809006204 24.561119079589844 31300
24.0711311912414 24.14084454797048 23.90680522219727 24.120925903320312 41600
24.459535258891915 24.77822597503959 24.419699869146708 24.67863655090332 179800
25.03716254463411 25.106875901035796 24.09104972275244 24.967449188232422 205400
25.06704098297497 25.22638634333222 25.037163015578034 25.106876373291016 81500
25.16663071087654 25.41062744738664 25.136752745375823 25.355852127075195 62800
25.664587312688237 25.664587312688237 25.266223907470703 25.266223907470703 18300
25.27717712477899 25.36581186130993 25.276179862896935 25.316017150878906 14700
25.41979859773707 25.42977794089929 25.24715957742437 25.287076950073242 24200
26.554426177122718 26.933631717539726 25.167327868945495 25.366910934448242 115200
25.237183655130696 25.41680613275599 25.227204311368425 25.326993942260742 112600
25.36690997857731 25.63634653584361 25.343957298798884 25.46670150756836 33000
25.686241948403143 25.686241948403143 24.94778766201142 25.007661819458008 45600
25.062547525870464 25.127412307430184 24.88791377170795 25.019638061523438 70900
25.14737025114904 25.14737025114904 24.854981012782787 24.857975006103516 24800
24.643424072956304 24.838016510009766 24.442843649215472 24.838016510009766 26900
24.791116427862523 25.197266007429658 24.791116427862523 25.1573486328125 23000
25.1573486328125 25.292066917097628 25.127412505214817 25.1573486328125 14300
25.536555035136065 25.536555035136065 24.84699821472168 24.84699821472168 21900
24.478769665974582 24.8679545400815 24.478769665974582 24.838016510009766 21300
24.388957697911714 24.63843557398546 24.36899901101818 24.397937774658203 21700
24.578560097465253 24.578560097465253 24.15943717956543 24.15943717956543 40300
24.20933420579212 24.588539753777525 23.909959601562914 23.92991828918457 31900
23.868046757252152 23.979814262438197 23.593621472767573 23.610586166381836 14300
23.06173503553861 23.860063462473374 22.792298477686213 23.670459747314453 222200
23.221402233410657 23.690419976862835 23.151548729424718 23.51079559326172 149700
23.680439971395785 23.91195579482792 23.261317055823948 23.381067276000977 48900
23.450920307977807 23.630544682960313 23.07370950118757 23.231380462646484 187400
23.37108772699157 23.60060691833496 22.932006128021268 23.60060691833496 189200
23.321193450356734 24.04966841534624 23.321193450356734 23.939897537231445 44400
23.959855077827395 24.26920710645623 23.931913677952473 24.238271713256836 91600
24.219313050079194 24.289166551949048 24.009750641104457 24.17939567565918 76900
26.594341341050406 29.258765146903645 23.809169953265457 23.810169219970703 47300
23.9498762086316 24.169416055332604 23.77124919586797 24.009750366210938 21200
24.039688975492332 24.12950116570634 23.920938020813992 23.94987678527832 56700
23.800190135494894 24.18438629914427 23.800190135494894 24.17939567565918 18200
24.309124287132327 24.66837112601729 24.309124287132327 24.636438369750977 44600
24.688330453764834 24.79810132860719 24.219312730705504 24.272201538085938 13400
24.12950116570634 24.4208911505375 23.860064595064312 23.94987678527832 43900
23.880023296905673 23.919938768488603 23.630545413575465 23.750293731689453 20100
24.019730273805912 24.20933399785267 23.929918083645088 24.149459838867188 161100
24.408914492024778 24.408914492024778 23.984802863861553 24.019729614257812 129400
24.05964750087795 24.05964750087795 23.57067108154297 23.57067108154297 108700
23.40102615474794 23.64551341386912 23.360111416545767 23.361108779907227 82200
23.570671107902804 23.570671107902804 23.13158950303059 23.171504974365234 37700
23.441937953763638 23.441937953763638 22.87213134765625 22.87213134765625 75000
22.38315567310524 23.281275659427752 22.38315567310524 23.191463470458984 157600
23.271297113323726 23.670461353883304 23.24136098488503 23.56368637084961 89600
23.21142184938907 24.22929204194068 23.191463162468807 23.62056541442871 348200
23.840104784908238 23.919937627631683 23.24235677948153 23.47087860107422 101500
23.47087942542021 24.089583502415806 23.449923374845476 23.979814529418945 76400
23.97981454230023 24.129500889823753 23.480858781645033 23.601604461669922 98500
23.46489042753537 23.530752569841717 23.233374614471984 23.2912540435791 33900
23.181483960171136 23.535742090019866 22.812257766723633 22.812257766723633 20200
23.071715746456675 23.420983264341558 22.732425669055456 22.9320068359375 63300
23.38605551516454 23.520773796331078 23.153542333161074 23.43096160888672 49400
23.09067507099099 23.139572523290685 22.802279077413818 22.941986083984375 14200
22.892089748652126 23.311212643906092 22.862151719217884 22.902069091796875 41900
22.652591712205968 22.932005712829415 22.373175808217397 22.4530086517334 28000
22.46298900142942 22.941986083984375 22.46298900142942 22.941986083984375 37300
23.341149644380334 23.407011788910925 23.061735639320354 23.348134994506836 168800
23.44792638896222 23.740315632585137 23.241359879769462 23.62056541442871 29300
23.700397772293353 23.96983433009126 23.526761387054286 23.87004280090332 22300
23.790209761513985 24.089582443237305 23.620564734306747 24.089582443237305 84500
24.249248611065784 24.272201291157636 24.009750080235904 24.039688110351562 95100
23.91993884968963 24.272202261678412 23.760273156085496 23.939897537231445 131300
23.919938178159356 24.1893747423141 23.870043364070767 24.009750366210938 83600
24.33906138260939 24.33906138260939 23.790210807529572 23.979814529418945 54900
24.249249580668803 24.249249580668803 23.700398996825246 23.939897537231445 68600
24.241266357302116 24.506711566604476 23.99977119187332 24.388957977294922 357600
24.408914579441028 24.46879064036203 24.11353324501832 24.209333419799805 78200
24.06962644078158 24.15943672551885 23.810169219970703 23.810169219970703 26700
23.930916780021978 23.950873563631372 23.71237239337145 23.852081298828125 21200
23.959855266741602 24.139479640705297 23.959855266741602 24.039688110351562 18600
23.93989659844927 24.079603599033096 23.64052391052246 23.64052391052246 15800
23.570670805663333 23.570670805663333 23.24136008207312 23.401025772094727 90100
23.281275838295315 23.470879561282217 23.089677388593657 23.3710880279541 382700
23.26630706428431 23.470878844848183 23.261316440919384 23.346139907836914 100200
23.031797313713742 23.28127518838714 23.031797313713742 23.041776657104492 30900
23.405017940751726 23.431961978926775 23.021819129387744 23.07969856262207 28000
23.185475756665443 23.430962282513278 23.17150505614423 23.361108779907227 28800
23.292252473628814 23.411003427207515 23.151548106064272 23.1605281829834 17400
22.89209146550692 23.24136088830715 22.89209146550692 23.07969856262207 36500
23.181484494822723 23.401026250615654 23.181484494822723 23.35112953186035 36300
23.550712894112017 23.550712894112017 23.32119369506836 23.32119369506836 36100
23.441937758744626 23.519775874250975 22.870134527394313 22.89208984375 109300
22.842192947565287 22.85217229067274 22.31330108642578 22.31330108642578 46800
22.28336324364025 22.4929256439209 21.954052531797885 22.4929256439209 93500
22.293343133538762 22.293343133538762 21.939085006713867 21.939085006713867 279500
22.06382475725497 22.22349045137691 21.944074534980906 21.95405387878418 260200
22.113718967109758 22.547809942151712 21.949064557279428 22.4130916595459 65100
22.40311416119792 22.557789227096652 21.824325561523438 21.824325561523438 162500
21.84727594686412 22.143656543186534 21.683618903736395 22.063823699951172 75500
21.95405338587386 22.24444600292403 21.95405338587386 22.20353126525879 96600
22.148646162321825 22.762361526489258 21.970021048637534 22.762361526489258 21600
22.27837473228491 22.27837473228491 21.76444902164575 21.87421989440918 29000
21.862246530409195 21.94407410259938 21.50499250073301 21.741498947143555 97900
21.47505678713973 21.47505678713973 20.879303476234757 20.966121673583984 51200
21.305412023064097 21.370276806908254 20.876309751020827 21.135766983032227 63000
20.84637089197356 21.405202709528513 20.706663889267404 20.826414108276367 113800
20.621842418891852 20.96612120715343 20.55697763732425 20.816434860229492 155500
20.916224366059986 21.4710648261522 20.916224366059986 21.404203414916992 48000
21.594804985135006 21.594804985135006 21.255514911330117 21.35430908203125 51600
21.754470347472925 21.844282536429922 21.554889185741395 21.804367065429688 42100
21.684617178653433 21.684617178653433 21.10083984483455 21.175682067871094 51100
21.045953031024794 21.39621978910682 21.045953031024794 21.2205867767334 40300
21.554888543123305 21.554888543123305 20.877305789383154 21.27547264099121 18900
21.604782974218608 21.604782974218608 21.265492921687827 21.494014739990234 296200
21.225577638018077 21.34632521641873 21.013021244154444 21.29543113708496 109900
21.00603626321847 21.56486807229961 21.00603626321847 21.455097198486328 84600
21.654679958008728 21.993970014741777 21.654679958008728 21.884199142456055 16900
22.133678130627388 22.39313535789429 22.08378141190383 22.363197326660156 47400
22.293343646116707 22.403114523068375 22.14365729786955 22.18357276916504 15200
22.22348947172644 22.293342971904874 21.918128797594935 22.074800491333008 77700
22.233469175997012 22.612674713134766 22.228478552551753 22.612674713134766 13200
22.19355096709413 22.353216650763756 22.19355096709413 22.303321838378906 33200
22.50290433235572 22.574754465298525 22.302325804192176 22.363197326660156 10200
22.303321831773758 22.582735826430312 22.269392445746863 22.50290298461914 36000
22.462987426307432 22.519867588318334 22.293342400210875 22.31330108642578 25500
22.204529259470178 22.265402686023357 21.881206512451172 21.881206512451172 19900
21.375264654169374 21.557883024184527 21.22557830810547 21.22557830810547 78300
20.656769664734487 20.786497327613233 20.41726921987874 20.566957473754883 157500
20.41726852958709 20.598889535515134 20.387332402516147 20.50009536743164 107900
20.721631442813607 20.95614125161085 20.469159577448448 20.76055145263672 215900
20.132863818412297 20.216689922611366 20.058021597681353 20.131866455078125 12900
20.297519591843784 20.297519591843784 20.028083036280748 20.1079158782959 21600
20.337436006897402 20.651778669671796 20.337436006897402 20.407291412353516 45800
20.38733339585 20.477145588169048 20.247626387071584 20.33743667602539 164100
20.377353595355533 20.430242404155987 20.162802463329584 20.345420837402344 11500
20.87630833557043 20.936182491708802 20.796475492930902 20.907243728637695 76300
20.844375399700965 20.978094410704067 20.796475313856682 20.906246185302734 7300
21.085868686487117 21.09584802966801 20.636809663537623 20.643795013427734 9400
20.826414719240777 20.826414719240777 20.327458948235506 20.367374420166016 131700
19.958229631902537 20.29751968791409 19.958229631902537 20.097936630249023 96300
20.1977281550254 20.29751968383789 19.958229627894475 20.29751968383789 68800
19.83848082613537 20.14783477783203 19.728711849649194 20.14783477783203 12500
20.038062190050887 20.197727872572003 19.91332325662095 20.12787437438965 14000
20.337436278060697 20.616852193515133 20.337436278060697 20.576936721801758 28700
20.277561644382462 20.646789741759825 20.277561644382462 20.6268310546875 117200
20.29752045221061 20.384338647790052 20.19772891962046 20.217687606811523 60300
20.028084188051142 20.277562071616035 19.978189372684245 19.988168716430664 38300
19.948251146647145 20.082969430860466 19.938271802998173 20.00812530517578 14200
19.688793843427845 19.93827172356261 19.559066183238446 19.818523406982422 28100
20.058022105788854 20.256605906132847 20.010122017423168 20.197729110717773 19400
20.507080373811757 20.557974453690534 20.157812874737175 20.27756118774414 53800
20.41726882435527 20.806455612182617 20.377353353229363 20.806455612182617 109100
20.88928301101785 21.000051253824264 20.796476825867703 20.946163177490234 72600
20.872317173243914 21.09584837336941 20.856349843221327 21.0659122467041 21200
21.15572522006608 21.15572522006608 20.72662295716682 20.786497116088867 273300
20.921215578171267 20.966121673583984 20.79647663573207 20.966121673583984 99200
20.82142435170183 20.854356377062313 20.6767267195232 20.736602783203125 11600
20.90624711718821 21.28545265752233 20.90624711718821 21.20561981201172 69900
23.33117060460029 23.33117060460029 21.01901016580213 21.39522361755371 52600
21.36528490631126 21.674636936104193 21.36528490631126 21.664657592773438 22000
21.485035538217968 21.64470122786613 21.46507685117066 21.561874389648438 22200
21.475055789868737 21.684616289819594 21.4431230332141 21.465076446533203 30400
21.664658538941524 21.81434679207512 21.56886026483966 21.764450073242188 16600
21.9041588863192 21.9041588863192 21.685616397877705 21.774429321289062 67700
21.425158616774038 21.894178226727092 21.425158616774038 21.851266860961914 6500
21.974011232718592 22.057835431540273 21.83430233131736 21.89417839050293 647900
21.784409052586284 21.784409052586284 21.66266410238743 21.734514236450195 10700
22.113718314017486 22.283363342285156 22.038874191436268 22.283363342285156 30200
22.462987522048532 22.532841020733358 22.303321838378906 22.303321838378906 13900
22.343238674132035 22.652592620606555 22.343238674132035 22.636625289916992 30200
22.472967615663357 22.692507462199163 22.472967615663357 22.62265396118164 36200
22.832214560597134 22.832214560597134 22.47296771051009 22.612674713134766 14100
22.37317628812506 22.482947164076084 22.288352819426947 22.403114318847656 14400
22.45300848217718 22.50290329523597 22.38315498254882 22.431055068969727 32800
22.28336334670909 22.34323750276689 22.014926056080625 22.08378028869629 174700
21.624742200711434 21.777422537828244 21.624742200711434 21.696592330932617 19900
21.87422084373045 21.87422084373045 21.784408653638074 21.795385360717773 8200
21.824326155175857 21.934095129975148 21.804367467625003 21.901165008544922 14900
22.073804085368817 22.153636932373047 22.01392802259174 22.153636932373047 21900
22.093761118178456 22.093761118178456 21.534931182861328 21.534931182861328 56300
21.48902716381149 21.49501515067363 21.325370115379325 21.39522361755371 9400
21.235558615317476 21.235558615317476 21.059925587459126 21.12578773498535 206000
21.185660549462945 21.21160722281599 21.033977576102416 21.086868286132812 19300
20.97610140130454 20.97610140130454 20.606873287445914 20.926204681396484 14900
20.91622506685821 21.175682296928215 20.676726524493258 20.756559371948242 13300
20.92620384423381 20.92620384423381 20.576936335676262 20.616851806640625 34500
20.45718586418842 20.98607964735206 20.45718586418842 20.941173553466797 10200
20.926204567291574 21.135766983032227 20.926204567291574 21.135766983032227 13000
21.475055395099748 21.55488823695136 21.385243210096046 21.52594757080078 9900
21.744493193486104 21.774429321289062 21.614763628455968 21.774429321289062 9600
21.25551503029301 21.25551503029301 20.856350795160626 20.966121673583984 17300
20.91622371251193 21.125786113115154 20.876308243051614 21.095848083496094 30100
21.035974223277357 21.035974223277357 20.706663506299723 20.866329193115234 16600
20.816434236651446 20.816434236651446 20.452196772147076 20.602880477905273 6500
20.29752065615143 20.706664230853292 20.29752065615143 20.691696166992188 13300
20.5270398646792 20.616852054635803 20.434233681275348 20.49211311340332 15700
20.596893209828966 20.72662277360386 20.227667012486954 20.27057647705078 7900
20.060017295382703 20.107917384853657 19.978189720621284 20.011119842529297 14800
19.898355852995206 19.898355852995206 19.339524042289977 19.52214241027832 16500
19.57902466069282 19.61894013133685 19.219775908070794 19.344514846801758 176900
19.6289186538178 19.6289186538178 19.090045547424275 19.329545974731445 294300
19.359483150537553 19.76862672238155 19.29960899214616 19.75565528869629 87400
19.40937989314006 19.427341950343607 19.1998174834582 19.356489181518555 117700
19.41935671270172 19.519148242533618 19.139942713210548 19.14293670654297 79300
19.539107870268335 19.70875290814393 19.46925436703107 19.62093734741211 563500
19.958229909049237 20.347414783198857 19.9482505656909 20.267581939697266 22400
20.047044168602902 20.395314296195043 20.047044168602902 20.327457427978516 14500
20.262593187900944 20.297519937917755 20.079974821123663 20.151824951171875 18500
19.768626412439488 19.858438600301046 19.589002036716376 19.64887809753418 15200
19.499191300922078 19.58900158333988 19.354493679009053 19.457277297973633 15200
19.13994401673639 19.434328002938695 19.12397668566439 19.24472427368164 14600
19.119984335815843 19.279650024783248 19.09004630537252 19.249713897705078 44700
18.800653027616615 19.678814320194636 18.640987338056977 19.638898849487305 20100
19.628920329294132 19.628920329294132 19.138946533203125 19.138946533203125 23200
19.64887831074702 19.66883509453769 19.489212620230617 19.587007522583008 40100
19.898356405252585 19.898356405252585 19.579025020766977 19.703763961791992 43200
19.708753027830756 19.778606531492226 19.509169957342074 19.569046020507812 19500
19.7386901978066 19.803553075023675 19.459274291992188 19.459274291992188 34500
19.38942178727636 19.948251724243164 19.38942178727636 19.948251724243164 22000
19.728710592863262 20.048041964780978 19.728710592863262 19.983177185058594 15100
20.068000311920162 20.31747817993164 20.068000311920162 20.31747817993164 12200
20.26758237704888 20.52703959986913 20.263591020292438 20.301511764526367 17900
20.397312239944622 20.52703990157892 20.25061798095703 20.25061798095703 13100
20.377352377128336 20.64678893194126 20.287540192190693 20.611862182617188 16800
20.606873041655692 20.6567697609686 20.47714537817258 20.556978225708008 176800
20.756557899803312 20.786495929237553 20.566956090148366 20.611862182617188 9800
20.517059410723355 20.736601153566042 20.13785388737749 20.14982795715332 31600
19.858439341439322 20.132864635318082 19.858439341439322 19.968210220336914 229000
20.107916864862318 20.40230084111767 20.068001393578893 20.302509307861328 155100
20.287541348409942 20.497103759662764 20.287541348409942 20.4502010345459 55900
20.596892501718617 20.736601404316556 20.52803636542098 20.581924438476562 18700
20.387333225053556 20.437228041094922 20.127875994234948 20.157814025878906 29700
20.766538491169346 21.185661411615673 20.766538491169346 21.175682067871094 50900
21.395222851615156 21.5528919075407 20.69668404814826 21.475055694580078 70400
21.355305112408633 21.495014012726394 21.245536144816562 21.29443359375 67600
21.594804724062897 21.634722098552746 21.430150312705205 21.500003814697266 11700
20.996059400971067 21.330358848252366 20.9860800573166 21.195640563964844 100200
20.906247205763172 21.115807712354453 20.891277238602953 21.03797149658203 18000
21.12578703349646 21.135766377137585 20.996059372892255 21.079883575439453 27400
20.916224126497806 21.035974343979113 20.867326676174436 20.993064880371094 49900
21.035974493387666 21.245536899627094 21.035974493387666 21.235557556152344 28800
21.155725458917686 21.36528596919342 21.155725458917686 21.35530662536621 26900
21.385244318955184 21.385244318955184 21.30541147296411 21.311399459838867 3000
21.19563938640314 21.205618729503186 20.973105555030838 21.000049591064453 30100
21.185661203253545 21.185661203253545 21.025995511641 21.058927536010742 19800
21.165702662089327 21.644701643599173 21.0259956568051 21.63771629333496 10300
21.53493021392547 21.70457524600587 21.52395350712962 21.655677795410156 20900
21.449108928022824 21.68262137261889 21.449108928022824 21.663660049438477 23200
21.664658002777575 21.664658002777575 21.145745463313705 21.22557830810547 31700
21.1357671103344 21.170693862607333 20.8164357162017 20.905248641967773 26100
20.97610068690975 20.97610068690975 20.836391779290583 20.901256561279297 12700
21.094852303163748 21.115808354460125 20.996060033728046 21.030986785888672 42700
20.896267734520066 21.095848896240962 20.896267734520066 20.932191848754883 9900
20.96612139228059 21.16570255548639 20.956142048615526 21.153728485107422 24800
21.594804109655463 21.598795466317853 21.185660549601188 21.265493392944336 28600
21.315389981554294 21.37227014454051 21.075891452963976 21.15971565246582 11000
20.906246652068276 20.948158752276505 20.646789434089865 20.698680877685547 13300
20.40729177942786 20.636810977102304 20.40729177942786 20.566957473754883 30400
20.487124546394977 20.497103890172003 20.27756213380783 20.37735366821289 66300
20.387332786853616 20.54699847879245 20.387332786853616 20.460180282592773 13900
20.55697765923901 20.80645553883326 20.55697765923901 20.77452278137207 40500
20.57693673702301 20.57693673702301 20.10791709632879 20.37735366821289 147400
20.427248563694828 20.566957473754883 20.357395060347407 20.566957473754883 9000
20.427248365027303 20.537019242571496 20.37735354979732 20.429244995117188 17400
20.43722698108925 20.43722698108925 20.06800079345703 20.06800079345703 39300
20.280000686645508 20.6200008392334 20.280000686645508 20.583999633789062 13900
20.360000610351562 20.559999465942383 20.299999237060547 20.493999481201172 11300
20.6299991607666 20.6299991607666 20.290000915527344 20.461000442504883 31100
20.40999984741211 20.760000228881836 20.40999984741211 20.645000457763672 51900
20.469999313354492 20.479999542236328 20.389999389648438 20.422000885009766 5300
20.790000915527344 20.889999389648438 20.559999465942383 20.889999389648438 11000
21.010000228881836 21.209999084472656 20.90999984741211 20.90999984741211 89500
20.81999969482422 21.139999389648438 20.81999969482422 21.059999465942383 18400
21.219999313354492 21.34000015258789 21.159000396728516 21.34000015258789 52500
21.3700008392334 21.549999237060547 21.280000686645508 21.459999084472656 11600
21.260000228881836 21.610000610351562 21.149999618530273 21.469999313354492 20900
21.579999923706055 21.65999984741211 21.493999481201172 21.510000228881836 36100
21.559999465942383 21.65999984741211 21.170000076293945 21.170000076293945 76600
21.149999618530273 21.263999938964844 21.100000381469727 21.136999130249023 8400
21.059999465942383 21.540000915527344 21.059999465942383 21.464000701904297 10700
21.399999618530273 21.8799991607666 21.399999618530273 21.75 21500
21.764999389648438 21.829999923706055 21.729999542236328 21.770000457763672 39900
21.510000228881836 21.81999969482422 21.440000534057617 21.81999969482422 12300
21.829999923706055 22.030000686645508 21.799999237060547 22.01799964904785 12400
21.976999282836914 22.139999389648438 21.899999618530273 21.989999771118164 21600
21.760000228881836 21.940000534057617 21.760000228881836 21.760000228881836 30800
21.86400032043457 22.049999237060547 21.86400032043457 22.03700065612793 17500
22.020999908447266 22.440000534057617 21.920000076293945 22.25 15700
22.4689998626709 22.670000076293945 22.424999237060547 22.579999923706055 13900
22.450000762939453 22.59000015258789 22.270000457763672 22.290000915527344 14000
22.270000457763672 22.270000457763672 22.082000732421875 22.1200008392334 44800
22.15999984741211 22.510000228881836 22.100000381469727 22.399999618530273 26700
22.299999237060547 22.399999618530273 22.219999313354492 22.219999313354492 24900
22.389999389648438 22.389999389648438 22.040000915527344 22.06999969482422 13600
22.0 22.1299991607666 21.975000381469727 22.089000701904297 5100
22.1200008392334 22.309999465942383 22.1200008392334 22.260000228881836 11600
22.19499969482422 22.420000076293945 22.15999984741211 22.36199951171875 6300
22.235000610351562 22.399999618530273 22.211999893188477 22.350000381469727 21200
22.219999313354492 22.3700008392334 22.173999786376953 22.18000030517578 8900
22.149999618530273 22.149999618530273 21.902000427246094 22.079999923706055 9000
22.139999389648438 22.139999389648438 21.65999984741211 21.715999603271484 248000
21.649999618530273 21.760000228881836 21.575000762939453 21.628999710083008 17700
21.84000015258789 21.8700008392334 21.589000701904297 21.75 11300
21.559999465942383 21.610000610351562 21.459999084472656 21.565000534057617 66800
21.709999084472656 21.709999084472656 21.579999923706055 21.65999984741211 12500
21.510000228881836 21.729999542236328 21.510000228881836 21.634000778198242 13300
21.65999984741211 21.690000534057617 21.594999313354492 21.6200008392334 8400
21.559999465942383 21.770000457763672 21.510000228881836 21.68000030517578 8800
21.760000228881836 22.049999237060547 21.760000228881836 22.049999237060547 49800
22.010000228881836 22.09000015258789 21.8799991607666 21.959999084472656 10700
21.850000381469727 21.850000381469727 21.600000381469727 21.600000381469727 8000
21.6200008392334 21.770000457763672 21.56999969482422 21.719999313354492 99600
21.639999389648438 21.71500015258789 21.170000076293945 21.22100067138672 10500
21.06999969482422 21.200000762939453 20.780000686645508 20.799999237060547 9600
20.5 20.899999618530273 20.469999313354492 20.59000015258789 55200
20.899999618530273 21.030000686645508 20.77199935913086 20.969999313354492 19900
20.350000381469727 20.68899917602539 20.350000381469727 20.542999267578125 21200
20.3799991607666 21.1299991607666 20.3799991607666 21.05699920654297 36500
20.829999923706055 20.924999237060547 20.75 20.816999435424805 21000
20.829999923706055 20.93000030517578 20.719999313354492 20.871000289916992 14800
21.15999984741211 21.290000915527344 21.0310001373291 21.207000732421875 22400
21.200000762939453 21.299999237060547 20.98200035095215 20.98200035095215 14100
20.950000762939453 21.299999237060547 20.889999389648438 21.013999938964844 34000
20.899999618530273 21.040000915527344 20.809999465942383 20.999000549316406 6600
21.030000686645508 21.229999542236328 21.030000686645508 21.132999420166016 25200
20.959999084472656 21.125 20.959999084472656 21.12299919128418 43500
21.469999313354492 21.469999313354492 21.299999237060547 21.399999618530273 82600
21.40999984741211 21.59000015258789 21.40999984741211 21.559999465942383 39500
21.690000534057617 21.79199981689453 21.6200008392334 21.79199981689453 18300
21.850000381469727 21.895000457763672 21.68000030517578 21.850000381469727 22800
21.850000381469727 21.850000381469727 21.520000457763672 21.639999389648438 25200
21.459999084472656 21.56999969482422 21.420000076293945 21.485000610351562 17200
21.416000366210938 21.6200008392334 21.415000915527344 21.469999313354492 23900
21.34000015258789 21.65999984741211 21.34000015258789 21.648000717163086 21700
21.770000457763672 21.770000457763672 21.6200008392334 21.724000930786133 32200
21.68000030517578 21.825000762939453 21.559999465942383 21.656999588012695 23300
21.719999313354492 21.950000762939453 21.670000076293945 21.83799934387207 9100
21.825000762939453 21.920000076293945 21.65999984741211 21.84600067138672 81800
21.760000228881836 21.850000381469727 21.719999313354492 21.836000442504883 19400
21.6200008392334 21.920000076293945 21.6200008392334 21.875 11500
21.788000106811523 21.920000076293945 21.75 21.917999267578125 22200
21.81999969482422 21.860000610351562 21.709999084472656 21.783000946044922 27800
21.760000228881836 21.780000686645508 21.6200008392334 21.749000549316406 28400
21.780000686645508 21.780000686645508 21.610000610351562 21.708999633789062 16400
21.510000228881836 21.510000228881836 21.270000457763672 21.29599952697754 26700
21.329999923706055 21.40999984741211 21.190000534057617 21.264999389648438 8300
21.382999420166016 21.6299991607666 21.382999420166016 21.608999252319336 6600
21.68000030517578 21.79800033569336 21.579999923706055 21.77899932861328 17500
21.81599998474121 21.889999389648438 21.780000686645508 21.809999465942383 28700
21.690000534057617 21.690000534057617 21.34000015258789 21.523000717163086 76800
21.56999969482422 21.604999542236328 21.34000015258789 21.3700008392334 18500
21.270000457763672 21.290000915527344 21.170000076293945 21.23200035095215 17800
21.459999084472656 21.645000457763672 21.454999923706055 21.56999969482422 15500
21.5 21.64299964904785 21.5 21.594999313354492 16200
21.770000457763672 21.770000457763672 21.479999542236328 21.5939998626709 15900
21.670000076293945 21.716999053955078 21.459999084472656 21.615999221801758 16300
21.65999984741211 21.65999984741211 21.440000534057617 21.535999298095703 16000
21.739999771118164 21.739999771118164 21.360000610351562 21.503999710083008 19800
21.440000534057617 21.739999771118164 21.440000534057617 21.670000076293945 8200
21.510000228881836 21.719999313354492 21.510000228881836 21.584999084472656 12400
21.649999618530273 21.93000030517578 21.649999618530273 21.84000015258789 5200
21.75 22.18000030517578 21.75 22.110000610351562 21600
22.219999313354492 22.229999542236328 22.030000686645508 22.06999969482422 16900
22.270000457763672 22.270000457763672 22.100000381469727 22.100000381469727 19100
22.079999923706055 22.110000610351562 21.84000015258789 21.84000015258789 27100
21.610000610351562 21.725000381469727 21.600000381469727 21.649999618530273 14900
21.895000457763672 22.059999465942383 21.850000381469727 21.959999084472656 16800
22.1299991607666 22.323999404907227 22.110000610351562 22.260000228881836 13200
22.25 22.3700008392334 22.229999542236328 22.31999969482422 43100
22.15999984741211 22.190000534057617 22.023000717163086 22.06999969482422 19000
22.010000228881836 22.420000076293945 22.010000228881836 22.280000686645508 9700
22.469999313354492 22.690000534057617 22.469999313354492 22.6200008392334 26000
22.510000228881836 22.625 22.459999084472656 22.549999237060547 20600
22.55500030517578 22.690000534057617 22.549999237060547 22.665000915527344 17700
22.780000686645508 22.780000686645508 22.59000015258789 22.608999252319336 39100
22.56999969482422 22.75 22.540000915527344 22.700000762939453 37800
22.829999923706055 22.94499969482422 22.770999908447266 22.82200050354004 25200
22.850000381469727 23.010000228881836 22.81999969482422 22.989999771118164 42900
22.989999771118164 23.239999771118164 22.989999771118164 23.1200008392334 137000
23.09000015258789 23.325000762939453 23.09000015258789 23.25 44900
23.450000762939453 23.530000686645508 23.19700050354004 23.43000030517578 7400
23.360000610351562 23.530000686645508 23.34000015258789 23.391000747680664 15300
23.420000076293945 23.420000076293945 23.010000228881836 23.200000762939453 26700
23.239999771118164 23.239999771118164 23.09000015258789 23.09000015258789 47500
23.010000228881836 23.1200008392334 22.979999542236328 23.049999237060547 71000
22.924999237060547 23.010000228881836 22.8700008392334 22.8700008392334 20300
22.799999237060547 22.981000900268555 22.799999237060547 22.826000213623047 27500
23.049999237060547 23.149999618530273 22.899999618530273 23.06999969482422 19200
22.940000534057617 23.149999618530273 22.940000534057617 23.059999465942383 33800
23.149999618530273 23.224000930786133 23.1200008392334 23.200000762939453 25100
23.670000076293945 23.670000076293945 23.40999984741211 23.43000030517578 11200
23.670000076293945 23.670000076293945 23.40999984741211 23.530000686645508 10700
23.329999923706055 23.43000030517578 23.299999237060547 23.334999084472656 24300
23.06999969482422 23.149999618530273 22.969999313354492 23.143999099731445 8400
23.229000091552734 23.34000015258789 23.1200008392334 23.1200008392334 41600
24.989999771118164 24.989999771118164 23.239999771118164 23.309999465942383 25400
23.309999465942383 23.540000915527344 23.309999465942383 23.5 15600
23.739999771118164 24.200000762939453 23.610000610351562 23.700000762939453 88700
24.059999465942383 24.059999465942383 23.860000610351562 23.899999618530273 18500
23.8799991607666 23.93000030517578 23.75 23.770000457763672 7300
24.040000915527344 24.1200008392334 23.860000610351562 23.989999771118164 25100
24.1200008392334 24.2450008392334 23.969999313354492 24.1200008392334 126500
24.239999771118164 24.239999771118164 24.06999969482422 24.1200008392334 37600
24.1299991607666 24.190000534057617 23.969999313354492 24.010000228881836 22800
24.104999542236328 24.149999618530273 23.940000534057617 23.940000534057617 22300
23.975000381469727 24.06999969482422 23.940000534057617 23.940000534057617 17800
24.09000015258789 24.209999084472656 23.989999771118164 24.010000228881836 21700
24.011999130249023 24.049999237060547 23.8799991607666 23.940000534057617 58800
24.235000610351562 24.235000610351562 23.780000686645508 23.81999969482422 29700
24.110000610351562 24.110000610351562 23.969999313354492 24.010000228881836 43600
24.083999633789062 24.139999389648438 24.020000457763672 24.06999969482422 15400
24.059999465942383 24.170000076293945 23.979999542236328 24.124000549316406 51900
24.229999542236328 24.229999542236328 23.65999984741211 23.709999084472656 72400
23.700000762939453 23.799999237060547 23.610000610351562 23.649999618530273 22500
23.860000610351562 23.9689998626709 23.59000015258789 23.617000579833984 25300
23.639999389648438 23.850000381469727 23.639999389648438 23.760000228881836 48900
23.450000762939453 23.729999542236328 23.450000762939453 23.610000610351562 8100
23.614999771118164 23.625 23.440000534057617 23.440000534057617 13500
23.700000762939453 23.819000244140625 23.459999084472656 23.469999313354492 20400
23.440000534057617 23.510000228881836 23.399999618530273 23.43000030517578 17700
23.329999923706055 23.604999542236328 23.329999923706055 23.540000915527344 14500
23.34000015258789 23.43000030517578 23.329999923706055 23.3799991607666 12200
23.239999771118164 23.399999618530273 23.1299991607666 23.1299991607666 10900
23.174999237060547 23.229999542236328 22.93000030517578 22.94700050354004 15400
22.8799991607666 23.040000915527344 22.81999969482422 22.940000534057617 20300
22.920000076293945 23.165000915527344 22.920000076293945 23.079999923706055 10600
22.899999618530273 23.18000030517578 22.899999618530273 23.059999465942383 17700
23.059999465942383 23.350000381469727 23.059999465942383 23.280000686645508 15800
23.3700008392334 23.3700008392334 22.989999771118164 22.989999771118164 98600
23.139999389648438 23.239999771118164 22.969999313354492 23.110000610351562 108700
23.5 23.5 23.260000228881836 23.329999923706055 13500
23.43000030517578 23.68000030517578 23.375999450683594 23.6200008392334 15900
23.739999771118164 23.81999969482422 23.64699935913086 23.729999542236328 25600
23.8799991607666 23.8799991607666 23.729999542236328 23.75 17500
23.841999053955078 23.940000534057617 23.780000686645508 23.819000244140625 14000
23.670000076293945 23.729999542236328 23.625999450683594 23.649999618530273 15500
23.530000686645508 23.674999237060547 23.40999984741211 23.579999923706055 73100
24.979999542236328 24.979999542236328 23.38599967956543 23.420000076293945 25100
23.31999969482422 23.559999465942383 23.31999969482422 23.399999618530273 135700
23.3700008392334 23.6299991607666 22.6200008392334 23.530000686645508 32500
23.399999618530273 23.510000228881836 23.34000015258789 23.360000610351562 21900
23.280000686645508 23.454999923706055 23.280000686645508 23.309999465942383 8800
23.461000442504883 23.59000015258789 23.461000442504883 23.540000915527344 55500
23.59000015258789 23.59000015258789 23.229999542236328 23.290000915527344 12000
23.280000686645508 23.399999618530273 23.239999771118164 23.326000213623047 21000
23.190000534057617 23.295000076293945 23.15399932861328 23.219999313354492 14600
23.350000381469727 23.350000381469727 23.049999237060547 23.06999969482422 43500
22.840999603271484 22.8700008392334 22.670000076293945 22.670000076293945 23500
22.84000015258789 22.8799991607666 22.670000076293945 22.670000076293945 34900
22.600000381469727 22.7450008392334 22.600000381469727 22.690000534057617 18700
22.520000457763672 22.610000610351562 22.440000534057617 22.530000686645508 35000
22.604999542236328 22.690000534057617 22.5 22.56999969482422 18700
22.549999237060547 22.875 22.549999237060547 22.739999771118164 21900
22.889999389648438 22.90999984741211 22.610000610351562 22.672000885009766 18100
22.719999313354492 22.719999313354492 22.479999542236328 22.610000610351562 21000
22.3700008392334 22.549999237060547 22.2450008392334 22.350000381469727 82200
22.469999313354492 22.530000686645508 22.290000915527344 22.530000686645508 31600
22.700000762939453 22.700000762939453 22.350000381469727 22.479999542236328 17700
22.360000610351562 22.81999969482422 22.360000610351562 22.670000076293945 31800
22.72800064086914 22.8799991607666 22.649999618530273 22.770000457763672 29800
22.729999542236328 23.040000915527344 22.729999542236328 22.889999389648438 63800
22.93000030517578 22.934999465942383 22.790000915527344 22.920000076293945 35200
22.889999389648438 22.902999877929688 22.639999389648438 22.68000030517578 24900
23.0 23.0 22.524999618530273 22.56599998474121 22500
22.639999389648438 22.8799991607666 22.639999389648438 22.770000457763672 42300
22.684999465942383 22.920000076293945 22.684999465942383 22.860000610351562 14300
22.700000762939453 22.714000701904297 22.549999237060547 22.549999237060547 11000
22.649999618530273 22.709999084472656 22.479999542236328 22.483999252319336 16400
22.469999313354492 22.469999313354492 22.264999389648438 22.31800079345703 35800
