11000.0 12120.0 10100.0 11080.0 1680
11020.0 11220.0 10840.0 11100.0 145
11060.0 11860.0 11040.0 11600.0 119
11800.0 12060.0 11500.0 11880.0 106
11900.0 12000.0 11220.0 11700.0 86
11800.0 12080.0 11200.0 11940.0 49
12100.0 12880.0 11940.0 12800.0 118
12660.0 13000.0 12220.0 12500.0 42
12600.0 12600.0 11400.0 11620.0 38
11500.0 11800.0 11126.0 11780.0 35
12380.0 12380.0 11220.0 12020.0 26
12000.0 12700.0 11540.0 12600.0 40
12600.0 13240.0 12600.0 12960.0 77
12840.0 13840.0 12600.0 13800.0 78
13840.0 13840.0 13260.0 13840.0 27
13720.0 13720.0 13220.0 13560.0 15
14520.0 15680.0 13800.0 14780.0 272
14800.0 15860.0 14760.0 15620.0 77
16340.0 16340.0 15720.0 15780.0 39
15720.0 16060.0 14720.0 15300.0 30
16400.0 25100.0 15800.0 20660.0 915
21540.0 22400.0 20700.0 21300.0 549
21620.0 22000.0 20440.0 20800.0 133
20500.0 20600.0 18140.0 19240.0 130
19080.0 19340.0 17600.0 18500.0 111
17880.0 18000.0 16520.0 17440.0 102
17000.0 17800.0 16738.0 17780.0 47
17720.0 19000.0 17240.0 17580.0 57
18400.0 18400.0 17400.0 17860.0 26
18460.0 18460.0 17000.0 17080.0 35
17540.0 17540.0 16800.0 17120.0 19
17040.0 17520.0 16000.0 16420.0 15
16060.0 16200.0 15040.0 16020.0 22
15840.0 16240.0 15736.0 16020.0 7
16040.0 16040.0 15000.0 15240.0 39
14900.0 15200.0 13980.0 14020.0 61
14020.0 14180.0 13980.0 14000.0 14
14000.0 14436.0 13940.0 13990.0 13
14040.0 15000.0 14040.0 14480.0 18
14100.0 14440.0 14040.0 14300.0 19
14320.0 14320.0 13960.0 14220.0 11
14300.0 14500.0 13960.0 14060.0 9
14000.0 14000.0 13100.0 13420.0 22
13860.0 13880.0 13400.0 13520.0 11
13520.0 13976.0 13020.0 13160.0 14
13200.0 13200.0 12200.0 12220.0 36
12200.0 12400.0 12120.0 12160.0 9
12120.0 12680.0 11920.0 12500.0 31
12620.0 12700.0 11940.0 12000.0 24
11960.0 12000.0 11800.0 11820.0 15
11860.0 12060.0 11600.0 12020.0 12
11820.0 12300.0 11640.0 12140.0 16
12100.0 14000.0 11940.0 13520.0 32
12640.0 13530.0 12380.0 12900.0 13
13060.0 13240.0 13040.0 13140.0 8
13140.0 13230.0 12660.0 12680.0 8
12660.0 12900.0 12200.0 12580.0 9
12360.0 12940.0 12000.0 12440.0 32
15900.0 16000.0 12840.0 14720.0 60
14520.0 14600.0 13700.0 14480.0 35
14460.0 15336.0 14460.0 14840.0 33
14920.0 15620.0 14906.0 15540.0 12
15500.0 15520.0 15000.0 15180.0 7
15260.0 15340.0 15002.0 15280.0 4
15400.0 15620.0 15040.0 15400.0 14
14840.0 15240.0 14650.0 14960.0 4
14900.0 15340.0 14120.0 15022.0 13
15140.0 15800.0 14902.0 15400.0 9
15380.0 16980.0 15380.0 16880.0 39
17580.0 18850.0 17220.0 18760.0 78
18780.0 19980.0 18600.0 19900.0 49
20000.0 20250.0 18980.0 18980.0 66
18860.0 19180.0 17540.0 18780.0 17
18620.0 21000.0 18500.0 19940.0 31
20020.0 20360.0 19600.0 20000.0 18
19940.0 20200.0 19840.0 19960.0 13
19880.0 20020.0 18100.0 19880.0 42
19900.0 19940.0 18960.0 19080.0 8
19140.0 19140.0 17180.0 17400.0 26
17400.0 18480.0 15680.0 17080.0 45
16816.0 17660.0 16380.0 16400.0 18
16600.0 18180.0 16500.0 17500.0 16
17640.0 19700.0 16740.0 16800.0 87
16840.0 17840.0 15020.0 15500.0 25
15320.0 15920.0 15080.0 15340.0 5
15340.0 16356.0 15100.0 15420.0 14
15480.0 16240.0 15480.0 15960.0 6
16020.0 16800.0 16000.0 16100.0 10
15400.0 15400.0 14530.0 15280.0 20
15040.0 15060.0 13020.0 14600.0 97
14480.0 14480.0 12100.0 12760.0 30
12660.0 13020.0 12460.0 12680.0 9
12680.0 13140.0 12580.0 12660.0 15
12680.0 13000.0 12420.0 12800.0 12
12440.0 13278.0 12100.0 12300.0 31
12140.0 12280.0 12000.0 12000.0 16
12000.0 12200.0 11960.0 11960.0 17
11900.0 12200.0 11900.0 12040.0 12
12300.0 13620.0 12300.0 12360.0 17
12440.0 13120.0 12300.0 12660.0 10
12920.0 13380.0 12580.0 12620.0 3
13280.0 13280.0 12840.0 13140.0 10
13400.0 13400.0 12940.0 13400.0 7
13320.0 13320.0 12840.0 13200.0 6
13100.0 13400.0 13036.0 13400.0 6
13400.0 14040.0 13020.0 13020.0 6
13860.0 13960.0 13100.0 13200.0 5
13540.0 13880.0 13300.0 13580.0 5
13920.0 14300.0 13100.0 14240.0 11
14100.0 15040.0 13900.0 14840.0 14
14720.0 14720.0 13800.0 14000.0 12
14100.0 14620.0 13800.0 14360.0 9
14380.0 14860.0 13900.0 14200.0 15
14520.0 14520.0 13000.0 13520.0 13
13520.0 13780.0 13500.0 13720.0 2
13736.0 13736.0 13000.0 13020.0 3
13000.0 13628.0 13000.0 13040.0 5
13440.0 13440.0 13000.0 13000.0 7
13600.0 13680.0 13122.0 13240.0 7
13120.0 13440.0 13120.0 13240.0 5
13010.0 13400.0 13000.0 13040.0 7
13180.0 13180.0 12828.0 12840.0 6
12880.0 13160.0 12740.0 12740.0 4
12706.0 12860.0 11640.0 11760.0 36
11880.0 12200.0 11700.0 11740.0 20
11540.0 11840.0 11540.0 11700.0 18
11640.0 11800.0 11640.0 11740.0 10
11740.0 12000.0 11560.0 11880.0 19
11798.0 11920.0 11740.0 11900.0 11
11720.0 11900.0 11620.0 11800.0 2
11856.0 12000.0 11700.0 11860.0 5
11840.0 11900.0 11700.0 11900.0 4
12000.0 12000.0 11700.0 11720.0 10
11900.0 12000.0 11680.0 11780.0 14
11840.0 12000.0 11708.0 11980.0 44
12040.0 12040.0 11720.0 11900.0 46
11940.0 12180.0 11680.0 11900.0 17
11900.0 12000.0 11700.0 11920.0 17
12620.0 12620.0 11680.0 11900.0 4
11700.0 11978.0 11680.0 11880.0 3
12000.0 12100.0 11680.0 11960.0 6
11740.0 12000.0 11740.0 11900.0 4
12000.0 12134.0 11800.0 11800.0 7
11860.0 11980.0 11600.0 11640.0 4
11900.0 12100.0 11900.0 12100.0 4
12280.0 13228.0 12102.0 12720.0 25
12720.0 14460.0 12720.0 14000.0 16
14220.0 14740.0 13500.0 13500.0 16
14000.0 14000.0 13440.0 13680.0 7
14160.0 14160.0 13596.0 13800.0 7
13870.0 13960.0 13000.0 13140.0 14
13000.0 13820.0 13000.0 13240.0 25
13360.0 13800.0 13360.0 13400.0 9
13260.0 13560.0 12006.0 12280.0 58
12460.0 12640.0 12200.0 12640.0 8
12640.0 12640.0 12402.0 12640.0 7
12340.0 13420.0 12340.0 13000.0 10
13418.0 13680.0 12540.0 13400.0 8
13320.0 13460.0 12752.0 12938.0 8
13220.0 14100.0 12800.0 13680.0 16
14000.0 14000.0 13420.0 13460.0 7
13700.0 13700.0 12700.0 12780.0 5
12620.0 12620.0 11800.0 11960.0 15
12000.0 12160.0 11600.0 11940.0 6
11760.0 12300.0 11640.0 11900.0 8
12100.0 13980.0 12000.0 13800.0 32
14000.0 15800.0 14000.0 14980.0 41
15380.0 15380.0 13240.0 14920.0 23
14520.0 15480.0 13800.0 15080.0 6
15500.0 16160.0 15100.0 15360.0 30
15460.0 15780.0 15420.0 15500.0 8
15820.0 16560.0 15700.0 16040.0 35
16660.0 17840.0 16660.0 17000.0 50
16860.0 17520.0 16500.0 17400.0 6
17620.0 18480.0 17020.0 17820.0 38
18220.0 18500.0 17000.0 18120.0 19
17300.0 17940.0 17000.0 17540.0 19
17400.0 17880.0 16500.0 17240.0 30
17580.0 18000.0 16250.0 17940.0 36
18000.0 18286.0 17640.0 17760.0 31
17920.0 18480.0 17122.0 18000.0 19
17840.0 18420.0 17840.0 18000.0 9
18280.0 18280.0 17660.0 17970.0 20
18000.0 18212.0 17140.0 17140.0 7
17440.0 19400.0 16620.0 18800.0 49
18220.0 19000.0 18124.0 18740.0 11
18340.0 19320.0 18340.0 18900.0 8
19000.0 19080.0 17922.0 18940.0 9
19280.0 19380.0 18280.0 19380.0 13
19400.0 20478.0 19360.0 19640.0 84
19860.0 20460.0 19480.0 20000.0 43
20000.0 21240.0 19740.0 20980.0 57
21600.0 21780.0 20900.0 21680.0 49
21720.0 21720.0 21140.0 21600.0 20
21400.0 21820.0 21200.0 21800.0 16
21780.0 22360.0 21360.0 22240.0 17
22360.0 22360.0 21916.0 21980.0 23
21980.0 22136.0 21200.0 21300.0 9
20900.0 21260.0 19380.0 20040.0 30
19420.0 19680.0 18040.0 19560.0 21
19540.0 20220.0 19340.0 19780.0 11
19620.0 20540.0 19280.0 20000.0 28
20000.0 20280.0 19660.0 19780.0 19
20060.0 20060.0 18180.0 19340.0 24
19220.0 19760.0 18500.0 19720.0 10
19720.0 19882.0 18980.0 19680.0 9
19720.0 19940.0 19528.0 19820.0 6
19820.0 20000.0 19160.0 19400.0 32
19168.0 19460.0 18180.0 18680.0 13
18600.0 19000.0 17860.0 18220.0 10
18340.0 18340.0 17090.0 17680.0 15
17780.0 19560.0 16440.0 17780.0 13
17800.0 18840.0 17800.0 18460.0 11
18440.0 19320.0 17760.0 18720.0 8
18680.0 18920.0 18100.0 18540.0 5
18380.0 19236.0 18020.0 18800.0 13
19580.0 19828.0 18960.0 19100.0 9
19540.0 21960.0 19540.0 20960.0 133
21140.0 23240.0 21140.0 23120.0 157
23280.0 23600.0 21440.0 23460.0 95
23560.0 23600.0 23000.0 23340.0 31
23600.0 23600.0 23000.0 23560.0 43
23560.0 24100.0 23080.0 24060.0 66
25000.0 25180.0 24200.0 24910.0 109
25360.0 25520.0 24860.0 25500.0 123
26000.0 26380.0 25220.0 25760.0 51
25500.0 25980.0 25200.0 25480.0 58
25480.0 25620.0 24400.0 24640.0 80
24640.0 24660.0 23500.0 24160.0 106
24280.0 24780.0 23670.0 24500.0 30
24540.0 25480.0 24060.0 24880.0 36
25140.0 25980.0 24440.0 25540.0 98
26040.0 26040.0 24180.0 24200.0 33
24600.0 24600.0 23000.0 23720.0 43
23540.0 24580.0 23320.0 24580.0 31
24440.0 24460.0 23020.0 23240.0 38
23200.0 25678.0 22880.0 23140.0 37
23720.0 23960.0 22820.0 23100.0 119
23100.0 23200.0 22900.0 23020.0 97
23020.0 23240.0 22560.0 23080.0 52
23300.0 24140.0 23000.0 23020.0 26
22900.0 23280.0 22740.0 23040.0 33
23000.0 23680.0 23000.0 23220.0 23
23160.0 23660.0 23000.0 23620.0 19
23400.0 23690.0 22860.0 23220.0 33
23360.0 24296.0 22980.0 22980.0 24
22840.0 23080.0 22520.0 23040.0 38
23160.0 24180.0 22900.0 23500.0 22
23400.0 23460.0 22460.0 22920.0 20
23000.0 23500.0 22400.0 23300.0 15
23380.0 23380.0 22320.0 22600.0 15
22540.0 22600.0 21740.0 21740.0 10
21680.0 21700.0 19900.0 20500.0 110
20600.0 20740.0 19540.0 19580.0 77
19480.0 19880.0 18300.0 19420.0 100
18720.0 19780.0 18400.0 18920.0 125
19260.0 19260.0 17600.0 17760.0 55
17400.0 17800.0 17040.0 17760.0 18
17940.0 18640.0 17300.0 18400.0 39
18860.0 19160.0 18220.0 18820.0 27
18780.0 19520.0 18360.0 18500.0 22
18480.0 18880.0 17940.0 18440.0 17
18360.0 19240.0 18000.0 19180.0 16
19080.0 19940.0 18260.0 19500.0 36
19380.0 19680.0 18600.0 18860.0 11
19340.0 19340.0 18280.0 18280.0 13
18100.0 19700.0 17480.0 17940.0 37
17920.0 18340.0 17700.0 17840.0 14
17900.0 18440.0 17300.0 17840.0 87
17860.0 18790.0 17820.0 18500.0 22
18660.0 18760.0 17560.0 17560.0 34
17920.0 18000.0 17120.0 17220.0 25
17200.0 18380.0 17200.0 18140.0 41
18180.0 18240.0 17900.0 18000.0 25
18686.0 18686.0 17720.0 17940.0 24
17920.0 18960.0 17900.0 18420.0 618
18420.0 18940.0 17660.0 17760.0 36
17800.0 17800.0 17100.0 17180.0 68
17400.0 17720.0 17084.0 17240.0 29
17400.0 17680.0 17214.0 17440.0 19
17580.0 19760.0 17560.0 19720.0 36
19720.0 19900.0 18630.0 19780.0 57
19660.0 19660.0 18120.0 18780.0 50
19020.0 19900.0 18780.0 18940.0 44
19100.0 21260.0 19100.0 20500.0 84
20660.0 21200.0 20504.0 21140.0 42
21240.0 22000.0 21240.0 21540.0 24
21900.0 22138.0 20860.0 21480.0 43
21800.0 22100.0 21210.0 22000.0 29
22080.0 22600.0 21742.0 22200.0 53
22520.0 22520.0 21280.0 21700.0 31
21620.0 21780.0 21146.0 21400.0 22
21300.0 21920.0 21060.0 21440.0 44
21600.0 21600.0 21020.0 21100.0 20
21040.0 21980.0 21040.0 21700.0 28
21280.0 21340.0 19160.0 19600.0 54
19760.0 20040.0 19380.0 19880.0 27
20000.0 20000.0 19480.0 19700.0 21
19720.0 19720.0 19040.0 19440.0 16
19440.0 19440.0 18200.0 18260.0 24
18100.0 18720.0 17120.0 17340.0 36
17420.0 18280.0 17420.0 18040.0 22
18400.0 18400.0 17600.0 17760.0 31
17800.0 17800.0 16880.0 16960.0 27
16740.0 17480.0 16740.0 17160.0 31
17240.0 17628.0 16900.0 17380.0 43
17320.0 17900.0 17200.0 17800.0 18
17600.0 18000.0 16920.0 18000.0 32
18000.0 18180.0 16860.0 16980.0 15
16980.0 18240.0 16980.0 18120.0 17
17980.0 18000.0 17260.0 17880.0 13
17800.0 17860.0 17000.0 17460.0 24
17300.0 17360.0 16900.0 16940.0 9
16700.0 16840.0 16500.0 16500.0 34
16100.0 17520.0 15000.0 16340.0 40
15760.0 16900.0 15176.0 16200.0 34
17020.0 17020.0 15920.0 16460.0 14
16820.0 17420.0 16260.0 16840.0 9
16860.0 16860.0 16420.0 16860.0 10
16640.0 18340.0 16640.0 18320.0 14
17960.0 18040.0 17460.0 17660.0 5
17460.0 17460.0 16620.0 16840.0 11
17080.0 17720.0 16180.0 16760.0 37
17060.0 17386.0 16280.0 16300.0 14
16280.0 17200.0 16200.0 16540.0 24
16660.0 17960.0 16520.0 17420.0 64
17540.0 17540.0 16000.0 16040.0 95
15960.0 16680.0 15960.0 16010.0 26
15900.0 16380.0 15860.0 16300.0 35
16120.0 16180.0 15840.0 16000.0 43
16040.0 16120.0 15800.0 15880.0 17
15820.0 16080.0 15820.0 15980.0 16
16000.0 16400.0 15940.0 16160.0 25
15960.0 16780.0 15680.0 16000.0 21
16180.0 16230.0 13720.0 14060.0 31
13880.0 16400.0 13880.0 16320.0 62
16300.0 16400.0 14660.0 16100.0 50
15980.0 15980.0 14630.0 15020.0 33
15160.0 15160.0 13660.0 13940.0 33
14020.0 14120.0 13668.0 13880.0 40
13760.0 14120.0 12340.0 13060.0 57
12540.0 13520.0 12140.0 13480.0 48
13360.0 14380.0 13280.0 14080.0 89
14060.0 14640.0 13980.0 14380.0 21
15058.0 15058.0 13400.0 14920.0 50
14720.0 15380.0 13880.0 15260.0 24
15440.0 15820.0 14160.0 15760.0 16
15760.0 16560.0 15280.0 15960.0 15
16020.0 16436.0 15480.0 16120.0 8
16100.0 16440.0 15200.0 15320.0 8
15120.0 15200.0 13910.0 14000.0 15
14040.0 14820.0 13980.0 14120.0 8
14120.0 14740.0 13660.0 14500.0 55
14600.0 14780.0 13710.0 14560.0 13
14560.0 15000.0 13936.0 14160.0 80
14240.0 14240.0 13560.0 13880.0 76
13880.0 14920.0 13300.0 13520.0 26
13600.0 14260.0 12760.0 13400.0 145
13520.0 14300.0 13060.0 13920.0 92
13880.0 14380.0 13660.0 13840.0 5
13800.0 14100.0 13230.0 13660.0 10
13640.0 14620.0 13000.0 14200.0 24
14260.0 14980.0 13600.0 14760.0 19
14840.0 16040.0 14510.0 15880.0 25
15820.0 16600.0 15540.0 16280.0 32
16340.0 16778.0 15800.0 16060.0 12
16120.0 16778.0 16000.0 16280.0 11
16300.0 16580.0 15772.0 16080.0 7
16000.0 16260.0 15480.0 16260.0 5
15860.0 16840.0 15860.0 16640.0 14
16600.0 17020.0 16120.0 16580.0 8
16580.0 16580.0 16000.0 16360.0 7
16280.0 16400.0 15200.0 15600.0 15
15360.0 15440.0 15000.0 15320.0 11
15320.0 16340.0 14980.0 16000.0 9
15800.0 15920.0 15500.0 15700.0 5
15740.0 16120.0 15500.0 15700.0 14
15720.0 15860.0 15500.0 15780.0 12
15900.0 16130.0 15500.0 15950.0 23
15880.0 16260.0 15500.0 15890.0 8
15760.0 16700.0 15542.0 16470.0 17
15980.0 17180.0 15980.0 17100.0 9
17080.0 17640.0 17080.0 17640.0 2
17724.0 17940.0 17310.0 17840.0 13
17940.0 18000.0 17540.0 17980.0 16
18000.0 18700.0 17660.0 17960.0 18
18080.0 18200.0 17500.0 18040.0 10
18080.0 18720.0 17540.0 18700.0 15
18560.0 19246.0 17280.0 17620.0 14
17380.0 18280.0 17000.0 17380.0 12
17280.0 17284.0 15600.0 15700.0 72
15760.0 15900.0 15370.0 15540.0 49
15040.0 15226.0 13460.0 14680.0 77
14660.0 15240.0 14500.0 14680.0 93
14260.0 14960.0 14240.0 14880.0 78
15060.0 15540.0 14680.0 15280.0 14
15280.0 16420.0 15180.0 15220.0 19
15200.0 15560.0 15200.0 15440.0 20
15320.0 15910.0 14520.0 15600.0 11
15580.0 15580.0 14680.0 15340.0 15
15320.0 16500.0 15320.0 16200.0 10
15520.0 17120.0 15520.0 16280.0 4
16140.0 17000.0 16000.0 16960.0 14
17160.0 18000.0 16700.0 17820.0 24
18220.0 20500.0 18200.0 19960.0 54
20000.0 20820.0 18880.0 19520.0 44
18860.0 19560.0 18470.0 18900.0 31
18540.0 20000.0 17350.0 17880.0 26
17600.0 17620.0 16320.0 16600.0 19
15720.0 16960.0 15460.0 15900.0 19
17360.0 18040.0 16060.0 16300.0 24
17000.0 18086.0 16160.0 16800.0 42
16980.0 16980.0 15340.0 15620.0 42
15620.0 16110.0 15060.0 15720.0 32
15760.0 15800.0 14622.0 15140.0 19
14800.0 14800.0 13980.0 14400.0 16
14700.0 15560.0 14060.0 14500.0 19
14880.0 15160.0 13600.0 14640.0 21
14920.0 15086.0 14040.0 14120.0 18
12720.0 13340.0 12020.0 13340.0 629
13360.0 13360.0 11920.0 12440.0 151
12420.0 13820.0 12220.0 13300.0 111
13140.0 13560.0 12500.0 12720.0 43
12800.0 12800.0 12200.0 12280.0 29
12400.0 12720.0 11840.0 12200.0 146
12220.0 13900.0 12210.0 13260.0 45
13300.0 14080.0 12428.0 12900.0 88
12960.0 13020.0 11800.0 11920.0 68
11920.0 12980.0 11876.0 12440.0 56
12340.0 12340.0 11500.0 11520.0 44
11480.0 11900.0 10960.0 11860.0 45
11680.0 11980.0 11328.0 11780.0 30
11820.0 12460.0 11260.0 12060.0 60
11820.0 12160.0 11420.0 12020.0 20
12240.0 12660.0 11300.0 12520.0 41
12640.0 12640.0 11820.0 12060.0 27
11960.0 12600.0 11900.0 12320.0 26
12240.0 12240.0 11820.0 11960.0 20
11920.0 12220.0 11830.0 12000.0 20
12000.0 12260.0 11660.0 12040.0 27
12100.0 12260.0 11640.0 12020.0 31
11640.0 12480.0 11640.0 12280.0 34
12280.0 12380.0 11450.0 11720.0 13
11720.0 12420.0 11580.0 12400.0 24
12400.0 12440.0 11500.0 11520.0 121
11620.0 11800.0 11030.0 11720.0 15
11600.0 12440.0 11320.0 12340.0 18
12280.0 12320.0 11860.0 12060.0 13
12100.0 13280.0 12100.0 12760.0 19
12760.0 13420.0 12600.0 13180.0 25
13140.0 13550.0 11710.0 11940.0 15
12000.0 12960.0 11640.0 12060.0 6
12220.0 12240.0 11380.0 11620.0 22
11740.0 12180.0 11400.0 11600.0 26
11640.0 11930.0 11460.0 11720.0 11
11640.0 12488.0 11460.0 11640.0 22
11640.0 11820.0 11000.0 11280.0 16
11240.0 11720.0 10640.0 11120.0 229
11220.0 11640.0 11080.0 11580.0 41
11520.0 11900.0 11400.0 11820.0 13
11740.0 12260.0 11660.0 12060.0 14
11920.0 12960.0 11500.0 11600.0 19
11460.0 11920.0 11460.0 11760.0 9
11720.0 12460.0 11520.0 11540.0 5
11500.0 12320.0 11500.0 12220.0 15
12240.0 12280.0 12040.0 12120.0 4
12500.0 12500.0 12080.0 12420.0 10
11960.0 12520.0 11960.0 12480.0 8
12380.0 12980.0 12248.0 12460.0 23
12440.0 12640.0 12220.0 12400.0 18
12880.0 12890.0 12360.0 12620.0 11
12710.0 12740.0 12200.0 12520.0 9
12680.0 12680.0 12300.0 12500.0 5
12520.0 12720.0 12260.0 12420.0 10
12500.0 12600.0 12380.0 12460.0 6
12680.0 12680.0 12040.0 12440.0 21
12480.0 12520.0 12400.0 12480.0 8
12380.0 12640.0 12380.0 12580.0 12
12640.0 12940.0 12620.0 12920.0 15
12920.0 13310.0 12800.0 12900.0 10
12820.0 13320.0 12820.0 13220.0 13
13380.0 13470.0 13220.0 13400.0 8
13400.0 13620.0 13060.0 13120.0 35
13200.0 13430.0 12100.0 12140.0 10
12120.0 12120.0 11680.0 11760.0 12
11700.0 11700.0 11200.0 11560.0 84
11560.0 11780.0 11460.0 11500.0 6
11540.0 11680.0 11460.0 11580.0 13
11660.0 11960.0 11400.0 11940.0 8
11900.0 12170.0 11500.0 11520.0 12
11560.0 12160.0 11420.0 11600.0 14
11720.0 11720.0 11500.0 11600.0 32
12000.0 12080.0 11520.0 11740.0 21
11800.0 11960.0 11560.0 11960.0 13
12000.0 12500.0 11940.0 12440.0 18
12400.0 13240.0 11908.0 12800.0 10
12900.0 12940.0 12400.0 12680.0 15
12720.0 13020.0 12300.0 12980.0 12
13040.0 13960.0 12760.0 13780.0 19
13760.0 13980.0 13000.0 13060.0 14
13040.0 13440.0 12940.0 13100.0 5
13060.0 13268.0 12900.0 13140.0 7
13260.0 13920.0 13040.0 13800.0 9
13820.0 14400.0 13820.0 14040.0 20
14220.0 15310.0 14100.0 14940.0 18
15120.0 15980.0 15060.0 15400.0 17
15520.0 15840.0 14680.0 15800.0 12
15840.0 16380.0 15680.0 15960.0 8
16060.0 16550.0 15760.0 16000.0 21
16240.0 16880.0 16240.0 16420.0 48
17000.0 17300.0 16440.0 16540.0 44
16280.0 16620.0 16120.0 16200.0 28
16300.0 16540.0 15920.0 16100.0 27
16460.0 16600.0 16000.0 16140.0 32
16160.0 16200.0 15180.0 15260.0 34
15220.0 15840.0 15198.0 15580.0 20
15300.0 16220.0 15300.0 16140.0 36
16100.0 16240.0 15340.0 15600.0 31
15800.0 15900.0 14800.0 15280.0 37
15300.0 15480.0 14280.0 15060.0 20
14860.0 15100.0 14340.0 15060.0 15
15000.0 15000.0 14060.0 14320.0 75
14480.0 14480.0 13840.0 14280.0 39
14260.0 14260.0 13360.0 13800.0 13
13780.0 14160.0 12820.0 13760.0 15
13940.0 14600.0 13500.0 14560.0 17
13800.0 15280.0 13540.0 15120.0 110
14700.0 14760.0 13860.0 14080.0 28
14180.0 15092.0 14180.0 14820.0 15
14920.0 15680.0 14680.0 15220.0 27
15260.0 15480.0 14900.0 15220.0 20
15280.0 15860.0 14680.0 15320.0 12
15340.0 15400.0 14660.0 14960.0 87
14760.0 15140.0 13980.0 14500.0 44
14500.0 15120.0 14290.0 14480.0 17
14580.0 15140.0 14420.0 14960.0 15
14980.0 15400.0 14900.0 15100.0 17
15180.0 15180.0 14360.0 14540.0 83
14540.0 14580.0 14140.0 14200.0 19
14460.0 14460.0 13910.0 13920.0 15
14000.0 14100.0 13560.0 14020.0 12
13978.0 14040.0 13520.0 13560.0 49
13620.0 13620.0 13100.0 13160.0 12
13280.0 13900.0 13070.0 13600.0 33
13560.0 13560.0 13060.0 13320.0 8
13520.0 13840.0 13300.0 13720.0 13
13940.0 13940.0 13400.0 13460.0 7
13540.0 13574.0 13220.0 13340.0 48
13460.0 14020.0 13300.0 13980.0 10
13920.0 14080.0 13440.0 13560.0 3
13560.0 14040.0 13470.0 14000.0 22
13980.0 14800.0 13980.0 14660.0 10
14760.0 14760.0 13800.0 14140.0 14
14260.0 14560.0 14000.0 14100.0 16
14160.0 14202.0 13600.0 13900.0 10
13980.0 14100.0 13900.0 14020.0 11
14120.0 14860.0 14120.0 14720.0 17
14196.0 14480.0 13720.0 14000.0 209
14100.0 14300.0 13520.0 13980.0 82
14070.0 14460.0 13840.0 14380.0 102
14500.0 14730.0 13780.0 13860.0 21
14080.0 14160.0 13600.0 13980.0 31
14160.0 14240.0 13660.0 14100.0 10
14100.0 14160.0 13780.0 13920.0 24
13420.0 14378.0 13420.0 14140.0 12
14120.0 14220.0 13940.0 14000.0 9
14040.0 14380.0 14020.0 14080.0 2
14080.0 14940.0 14080.0 14660.0 8
14760.0 16300.0 14760.0 15120.0 32
15100.0 15384.0 14540.0 14680.0 7
15000.0 15000.0 14400.0 14460.0 5
14440.0 15340.0 14420.0 15080.0 9
15292.0 15292.0 14520.0 14700.0 20
15160.0 15160.0 14100.0 14480.0 31
14600.0 14920.0 14600.0 14920.0 71
15060.0 15060.0 14000.0 14340.0 20
14340.0 14580.0 14000.0 14200.0 24
14480.0 14480.0 14060.0 14320.0 17
14120.0 14540.0 13940.0 14140.0 35
14160.0 14240.0 13520.0 13560.0 16
13620.0 14520.0 13620.0 14480.0 13
14220.0 14640.0 14040.0 14220.0 12
14300.0 14340.0 13880.0 14080.0 7
13840.0 14380.0 13820.0 14180.0 7
14280.0 14620.0 13980.0 14560.0 53
14560.0 15340.0 14424.0 14980.0 17
15120.0 15120.0 14500.0 14900.0 8
14960.0 15120.0 14500.0 14880.0 16
14960.0 15160.0 14440.0 14600.0 9
14600.0 14920.0 14260.0 14500.0 12
14300.0 14880.0 14240.0 14420.0 34
14460.0 14900.0 14450.0 14680.0 31
14930.0 14930.0 14460.0 14540.0 13
14640.0 14820.0 13670.0 13920.0 13
13900.0 14300.0 13648.0 13960.0 34
13780.0 14700.0 13780.0 14580.0 21
14580.0 14800.0 13960.0 14000.0 19
14140.0 14500.0 14000.0 14320.0 25
14220.0 14580.0 14100.0 14400.0 37
14574.0 14980.0 14416.0 14960.0 31
15636.0 15760.0 15090.0 15640.0 11
15600.0 15858.0 15530.0 15600.0 14
15740.0 15890.0 14648.0 14800.0 22
14540.0 14700.0 14400.0 14640.0 6
14720.0 14740.0 14100.0 14680.0 14
14660.0 15360.0 14200.0 15020.0 19
15140.0 15140.0 14320.0 14500.0 19
14520.0 14540.0 13960.0 13980.0 23
14020.0 15118.0 13840.0 14000.0 18
13920.0 14396.0 13700.0 14000.0 16
14180.0 14180.0 13820.0 14000.0 9
13900.0 14440.0 13900.0 14300.0 147
14300.0 14860.0 14300.0 14720.0 44
14780.0 15360.0 14780.0 15280.0 11
15180.0 15360.0 15100.0 15320.0 8
15320.0 15320.0 14688.0 15200.0 28
15180.0 15400.0 14980.0 15120.0 14
15240.0 15240.0 14560.0 14960.0 14
14900.0 15300.0 13760.0 13880.0 16
13820.0 14960.0 13800.0 14360.0 11
14600.0 15480.0 14340.0 15060.0 26
15100.0 15600.0 14400.0 15280.0 38
15240.0 15240.0 13900.0 14220.0 39
14340.0 14340.0 12620.0 13280.0 56
13300.0 14580.0 12820.0 14380.0 82
14500.0 14780.0 13900.0 14000.0 80
14080.0 14600.0 13900.0 14160.0 29
14040.0 14560.0 13900.0 14240.0 70
14220.0 14600.0 13680.0 14160.0 46
14240.0 14620.0 13800.0 14380.0 92
14400.0 14414.0 13620.0 13760.0 65
13720.0 14120.0 13060.0 13800.0 59
13660.0 13980.0 13340.0 13740.0 27
13720.0 13980.0 13500.0 13680.0 8
13720.0 14000.0 13580.0 13960.0 27
14000.0 14040.0 13600.0 13760.0 20
13740.0 14172.0 13620.0 13740.0 35
13720.0 13940.0 13500.0 13500.0 20
13500.0 13880.0 13500.0 13520.0 24
13520.0 14000.0 13520.0 13920.0 39
13920.0 13930.0 13500.0 13700.0 24
13700.0 13720.0 13340.0 13400.0 143
13460.0 13710.0 13200.0 13520.0 58
13640.0 13760.0 13360.0 13420.0 63
13420.0 13610.0 13180.0 13440.0 30
13620.0 13732.0 13236.0 13440.0 33
13320.0 13480.0 13080.0 13220.0 23
13270.0 13444.0 13020.0 13080.0 24
13160.0 13900.0 13160.0 13500.0 176
13600.0 14120.0 13420.0 13740.0 167
13860.0 13880.0 13340.0 13460.0 107
13520.0 13660.0 12774.0 12980.0 79
12900.0 13140.0 12700.0 13100.0 65
13142.0 13400.0 13100.0 13240.0 50
13140.0 13320.0 12800.0 13020.0 42
12880.0 12980.0 12200.0 12260.0 81
12300.0 12846.0 11920.0 12060.0 106
12000.0 12090.0 11240.0 11400.0 134
11540.0 11626.0 8920.0 10000.0 1195
3860.0 5880.0 3640.0 5260.0 9292
5420.0 5420.0 4800.0 5040.0 1204
5080.0 5400.0 4900.0 5380.0 758
5480.0 6200.0 5300.0 5580.0 1027
6000.0 6000.0 5160.0 5440.0 437
5460.0 5460.0 5160.0 5300.0 191
5300.0 5300.0 5020.0 5120.0 205
5060.0 5260.0 4922.0 5040.0 282
5000.0 5160.0 4940.0 5080.0 248
5060.0 5100.0 4726.0 4880.0 171
4880.0 4900.0 4660.0 4740.0 186
4760.0 4780.0 4540.0 4640.0 90
4620.0 4620.0 4120.0 4360.0 196
4400.0 4420.0 4120.0 4220.0 93
4260.0 4590.0 4140.0 4520.0 213
4540.0 4540.0 4280.0 4480.0 107
4480.0 4660.0 4420.0 4560.0 81
4520.0 4606.0 4420.0 4520.0 96
4540.0 4640.0 4440.0 4600.0 98
4620.0 4620.0 4460.0 4500.0 44
4500.0 4560.0 4400.0 4420.0 49
4420.0 4700.0 4360.0 4660.0 98
4620.0 4640.0 4500.0 4580.0 56
4600.0 4780.0 4520.0 4740.0 96
4740.0 4760.0 4500.0 4560.0 50
4580.0 4720.0 4520.0 4560.0 36
4600.0 4600.0 4420.0 4540.0 41
4560.0 4600.0 4400.0 4480.0 78
4480.0 4700.0 4400.0 4680.0 102
4720.0 5120.0 4720.0 5000.0 140
5000.0 5058.0 4860.0 4940.0 60
4920.0 5020.0 4840.0 4960.0 49
4920.0 4960.0 4660.0 4820.0 79
4820.0 4860.0 4660.0 4680.0 132
4660.0 4720.0 4300.0 4480.0 63
4460.0 4590.0 4340.0 4480.0 85
4460.0 4600.0 4300.0 4580.0 45
4560.0 4580.0 4320.0 4440.0 25
4460.0 4580.0 4320.0 4400.0 65
4400.0 4580.0 4360.0 4440.0 93
4440.0 4486.0 4340.0 4380.0 31
4360.0 4416.0 4200.0 4280.0 53
4240.0 4280.0 4020.0 4080.0 78
4120.0 4360.0 4120.0 4300.0 61
4300.0 4880.0 4220.0 4840.0 154
4900.0 4940.0 4500.0 4800.0 85
4860.0 4890.0 4700.0 4740.0 51
4740.0 4860.0 4460.0 4460.0 98
4500.0 4740.0 4500.0 4720.0 165
4720.0 5760.0 4680.0 5380.0 645
5440.0 6560.0 5400.0 5880.0 1388
5760.0 5800.0 5320.0 5420.0 126
5440.0 5446.0 5200.0 5200.0 123
5300.0 5380.0 5200.0 5380.0 95
5400.0 6000.0 5320.0 5920.0 227
5960.0 6460.0 5760.0 5920.0 346
5880.0 6160.0 5700.0 6000.0 129
6040.0 6400.0 5980.0 6320.0 161
6380.0 7280.0 6184.0 6980.0 549
7040.0 7080.0 6220.0 6580.0 353
6560.0 6776.0 6260.0 6410.0 105
6460.0 6460.0 6060.0 6260.0 103
6220.0 6600.0 6092.0 6280.0 133
6240.0 6480.0 5860.0 5940.0 242
5960.0 6180.0 5806.0 6080.0 83
6120.0 6220.0 5840.0 5880.0 175
5940.0 6020.0 5862.0 5920.0 32
6200.0 6400.0 6060.0 6220.0 87
6160.0 6180.0 5900.0 5940.0 49
5960.0 6200.0 5900.0 5960.0 69
6000.0 6200.0 5940.0 6120.0 45
6100.0 6100.0 5900.0 6000.0 33
6060.0 6292.0 5900.0 6040.0 55
6100.0 6260.0 6040.0 6100.0 43
6080.0 6120.0 5920.0 6060.0 69
6100.0 6240.0 6020.0 6160.0 54
6220.0 6600.0 6120.0 6420.0 113
6420.0 6780.0 6420.0 6600.0 72
6600.0 6700.0 6500.0 6560.0 81
6580.0 7680.0 6580.0 7180.0 427
7200.0 7560.0 7160.0 7200.0 112
7120.0 7420.0 6900.0 7160.0 105
7100.0 7100.0 6802.0 6980.0 107
7020.0 7100.0 6740.0 6940.0 123
6960.0 7000.0 6640.0 6740.0 63
6700.0 6900.0 6440.0 6760.0 51
6500.0 6800.0 6400.0 6620.0 61
6580.0 6980.0 6500.0 6920.0 60
6920.0 7800.0 6600.0 7000.0 103
7120.0 7620.0 7000.0 7020.0 89
7020.0 7300.0 6750.0 7100.0 85
7100.0 7100.0 6800.0 6940.0 70
6880.0 6920.0 6740.0 6780.0 46
6680.0 6920.0 6420.0 6820.0 37
6860.0 6960.0 6620.0 6740.0 41
6700.0 6860.0 6600.0 6680.0 21
6680.0 6970.0 6660.0 6720.0 28
6800.0 7120.0 6720.0 6960.0 41
6980.0 7160.0 6680.0 6920.0 71
6796.0 6980.0 6680.0 6900.0 19
6880.0 6880.0 6700.0 6720.0 28
6740.0 6740.0 6060.0 6560.0 53
6580.0 7400.0 6520.0 7120.0 93
7120.0 7380.0 7020.0 7280.0 195
7300.0 7620.0 7120.0 7560.0 67
7540.0 7900.0 7380.0 7860.0 86
7900.0 8300.0 7600.0 8040.0 140
8020.0 8200.0 7760.0 7800.0 110
7800.0 7800.0 7220.0 7420.0 87
7500.0 7560.0 7260.0 7420.0 61
7420.0 7580.0 7300.0 7360.0 42
7360.0 7720.0 7160.0 7500.0 35
7480.0 7700.0 6800.0 7480.0 71
7340.0 7660.0 7160.0 7340.0 50
7440.0 7900.0 7240.0 7820.0 63
8500.0 8500.0 7560.0 7820.0 42
7820.0 8060.0 7690.0 7780.0 60
7840.0 8178.0 7600.0 7820.0 90
7760.0 8100.0 7660.0 7680.0 727
7760.0 8142.0 7600.0 7600.0 64
7600.0 7920.0 7600.0 7720.0 57
7820.0 7860.0 7560.0 7720.0 54
7700.0 7880.0 7140.0 7520.0 87
7700.0 7700.0 7380.0 7500.0 45
7520.0 7850.0 7500.0 7660.0 25
7680.0 7840.0 7380.0 7500.0 37
7520.0 7540.0 7380.0 7440.0 22
7420.0 7500.0 7400.0 7460.0 20
7460.0 7580.0 7410.0 7460.0 24
7520.0 7584.0 7436.0 7500.0 13
7600.0 7780.0 7500.0 7740.0 28
7780.0 7920.0 7720.0 7880.0 39
7900.0 8100.0 7760.0 7960.0 47
7940.0 8400.0 7904.0 8360.0 35
8520.0 8600.0 8100.0 8340.0 52
8760.0 10240.0 8620.0 9860.0 277
9860.0 10900.0 9860.0 10740.0 210
10720.0 10740.0 10120.0 10380.0 104
10400.0 10540.0 10080.0 10380.0 66
10520.0 10700.0 9880.0 9880.0 82
9820.0 9900.0 8500.0 9540.0 125
9520.0 9520.0 9020.0 9200.0 100
9360.0 11200.0 9240.0 9900.0 457
10120.0 10120.0 9060.0 9480.0 77
9480.0 9484.0 8800.0 9200.0 57
9220.0 9340.0 8820.0 9140.0 48
7000.0 7260.0 6600.0 6600.0 1855
6760.0 6920.0 6260.0 6900.0 420
6860.0 6880.0 6080.0 6520.0 312
6480.0 6580.0 6200.0 6580.0 221
6500.0 6640.0 6130.0 6320.0 247
6200.0 6540.0 6200.0 6540.0 139
6520.0 6740.0 6400.0 6600.0 118
6660.0 6920.0 6520.0 6860.0 146
6900.0 7080.0 6534.0 6980.0 83
6960.0 7014.0 6620.0 6860.0 103
6880.0 7050.0 6500.0 6960.0 127
6840.0 6880.0 6620.0 6800.0 39
6700.0 6800.0 6560.0 6680.0 50
6780.0 6780.0 6600.0 6640.0 50
6640.0 6700.0 6500.0 6620.0 37
6640.0 6740.0 6560.0 6660.0 59
6680.0 6780.0 6560.0 6660.0 58
6680.0 6780.0 6520.0 6520.0 75
6640.0 6840.0 6500.0 6760.0 113
6840.0 6960.0 6780.0 6840.0 106
6920.0 7040.0 6802.0 6880.0 97
6940.0 6980.0 6720.0 6900.0 101
6840.0 6930.0 6700.0 6780.0 56
6780.0 6860.0 6660.0 6680.0 67
6700.0 6900.0 6700.0 6780.0 172
6800.0 7160.0 6800.0 6940.0 263
7000.0 7120.0 6940.0 7040.0 93
7060.0 7280.0 7020.0 7060.0 93
7060.0 7200.0 6900.0 7000.0 85
7520.0 7580.0 7040.0 7520.0 513
7580.0 7660.0 7340.0 7660.0 157
7780.0 7800.0 7400.0 7460.0 78
7500.0 7500.0 7100.0 7260.0 71
7280.0 7460.0 7140.0 7460.0 60
7440.0 7580.0 7330.0 7540.0 83
7700.0 8200.0 7400.0 8020.0 322
8080.0 8400.0 7882.0 8060.0 167
8100.0 8300.0 8000.0 8080.0 97
8160.0 8680.0 8160.0 8600.0 141
8640.0 8880.0 8240.0 8280.0 183
8300.0 9120.0 8280.0 8920.0 214
9460.0 9806.0 9020.0 9720.0 245
9780.0 9840.0 9100.0 9540.0 156
9560.0 9798.0 9260.0 9700.0 152
9940.0 10640.0 9940.0 9960.0 365
10060.0 10800.0 10060.0 10580.0 220
10520.0 10660.0 10100.0 10180.0 193
10280.0 10280.0 9660.0 9960.0 168
9960.0 10320.0 9866.0 10300.0 89
10240.0 10800.0 9922.0 10620.0 123
10720.0 10740.0 9800.0 10040.0 134
10000.0 10180.0 9700.0 9720.0 84
9700.0 10380.0 9640.0 10260.0 64
10220.0 10500.0 10060.0 10100.0 75
10100.0 10360.0 9760.0 10080.0 101
10180.0 10500.0 9822.0 9980.0 104
10100.0 10340.0 9900.0 10000.0 76
10000.0 10200.0 9920.0 10020.0 43
10000.0 10180.0 9520.0 9760.0 57
9660.0 9684.0 9100.0 9200.0 80
9100.0 9380.0 9022.0 9220.0 60
9200.0 9440.0 8662.0 9020.0 60
9040.0 9560.0 8920.0 9500.0 52
9540.0 9818.0 9374.0 9500.0 37
9500.0 9500.0 8980.0 9000.0 48
9060.0 9300.0 9000.0 9240.0 53
9300.0 9470.0 9260.0 9360.0 37
9420.0 9460.0 9080.0 9340.0 38
9340.0 9360.0 9120.0 9140.0 33
9140.0 9240.0 9000.0 9020.0 54
9000.0 9240.0 9000.0 9180.0 47
9240.0 9240.0 8520.0 8640.0 90
8500.0 8920.0 8040.0 8800.0 70
8800.0 8980.0 8204.0 8900.0 32
9000.0 9200.0 8678.0 8940.0 57
8940.0 9230.0 8920.0 9140.0 56
9200.0 9740.0 9100.0 9700.0 109
9760.0 10120.0 9560.0 10080.0 136
10060.0 10520.0 9900.0 10320.0 176
10320.0 10640.0 10000.0 10340.0 60
10340.0 10660.0 10042.0 10240.0 73
10280.0 10360.0 10120.0 10280.0 73
10260.0 10400.0 9960.0 10020.0 100
10020.0 10320.0 10000.0 10020.0 38
10040.0 10300.0 9820.0 9980.0 93
10060.0 10240.0 9900.0 10040.0 92
10080.0 10130.0 9660.0 9760.0 76
9700.0 9760.0 8800.0 9120.0 141
9060.0 9620.0 9020.0 9480.0 130
9540.0 9980.0 9280.0 9360.0 310
9420.0 9980.0 9380.0 9900.0 190
9900.0 10180.0 9600.0 9720.0 151
9740.0 9960.0 9400.0 9420.0 102
9480.0 9760.0 8960.0 9080.0 204
9120.0 9720.0 8840.0 9540.0 244
9780.0 9980.0 9160.0 9240.0 569
9300.0 9380.0 8840.0 8880.0 441
8900.0 9800.0 8900.0 9520.0 285
9600.0 10360.0 9500.0 9520.0 354
3880.0 5580.0 3860.0 5040.0 5172
5140.0 6140.0 5080.0 5900.0 1424
5900.0 5980.0 5460.0 5680.0 633
5700.0 5880.0 5500.0 5520.0 366
5580.0 5660.0 5356.0 5380.0 250
5480.0 5600.0 5318.0 5540.0 211
5520.0 5880.0 5520.0 5760.0 150
5840.0 5898.0 5500.0 5620.0 133
5620.0 5720.0 5500.0 5680.0 127
5720.0 5820.0 5560.0 5620.0 172
5600.0 6900.0 5600.0 6240.0 841
6240.0 6340.0 5960.0 6120.0 173
6220.0 6560.0 6074.0 6440.0 173
6500.0 6604.0 6322.0 6560.0 130
6620.0 7080.0 6462.0 6980.0 257
7060.0 7280.0 6460.0 6640.0 279
6600.0 7000.0 6460.0 6940.0 157
6940.0 7300.0 6720.0 7080.0 134
7060.0 7300.0 6920.0 7000.0 112
7000.0 7040.0 6800.0 6990.0 107
7020.0 7060.0 6500.0 6920.0 188
6940.0 6940.0 6580.0 6640.0 112
6640.0 6860.0 6554.0 6780.0 50
6720.0 6910.0 6500.0 6720.0 96
6600.0 6780.0 6482.0 6540.0 66
6600.0 6700.0 6480.0 6560.0 67
6540.0 6660.0 6442.0 6520.0 44
6460.0 6640.0 6440.0 6540.0 61
6520.0 6620.0 6282.0 6380.0 93
6280.0 6600.0 6020.0 6500.0 95
6460.0 6600.0 6400.0 6580.0 33
6460.0 6600.0 6420.0 6540.0 50
6540.0 6920.0 6440.0 6800.0 119
6820.0 6980.0 6700.0 6800.0 46
6780.0 6900.0 6720.0 6880.0 32
6840.0 7720.0 6680.0 7400.0 170
7480.0 7618.0 7060.0 7300.0 52
7240.0 7440.0 7180.0 7380.0 60
7400.0 7580.0 7120.0 7160.0 29
7180.0 7400.0 7180.0 7200.0 35
7200.0 7400.0 7060.0 7340.0 53
7380.0 7500.0 7100.0 7300.0 23
7320.0 7600.0 7320.0 7500.0 26
7500.0 7560.0 7260.0 7300.0 30
7340.0 7398.0 7180.0 7260.0 11
7240.0 7270.0 7068.0 7220.0 23
7180.0 7640.0 7080.0 7420.0 46
7420.0 7740.0 7320.0 7660.0 37
7720.0 7780.0 7360.0 7400.0 31
7360.0 7780.0 7360.0 7560.0 39
7580.0 7840.0 7560.0 7600.0 36
7640.0 7640.0 7320.0 7400.0 66
7440.0 7640.0 7220.0 7280.0 66
7340.0 7440.0 6622.0 6880.0 118
6680.0 7120.0 6652.0 6740.0 70
6760.0 6878.0 6340.0 6380.0 70
6400.0 6478.0 6000.0 6060.0 123
6080.0 6340.0 5800.0 5840.0 72
5920.0 5940.0 5500.0 5720.0 66
5700.0 5940.0 5400.0 5800.0 268
5700.0 6028.0 5680.0 5860.0 42
5880.0 5900.0 5580.0 5740.0 36
5820.0 5940.0 5200.0 5400.0 93
5380.0 5420.0 5000.0 5340.0 64
5480.0 5480.0 4800.0 4840.0 61
4880.0 5392.0 4860.0 5140.0 66
5200.0 5310.0 4878.0 5060.0 94
5060.0 5460.0 5060.0 5420.0 47
5400.0 5840.0 5400.0 5740.0 37
5780.0 5872.0 5500.0 5520.0 60
5500.0 5600.0 5330.0 5340.0 66
5400.0 5612.0 5400.0 5500.0 30
5560.0 5860.0 5400.0 5860.0 45
5820.0 5950.0 5740.0 5840.0 32
5840.0 5940.0 5620.0 5840.0 21
5760.0 5920.0 5760.0 5900.0 32
5900.0 5900.0 5700.0 5820.0 52
5800.0 5940.0 5660.0 5720.0 28
5720.0 5820.0 5680.0 5720.0 30
5740.0 5820.0 5700.0 5800.0 30
5800.0 5820.0 5440.0 5460.0 46
5460.0 5540.0 5240.0 5420.0 30
5420.0 6000.0 5360.0 5780.0 102
5780.0 5800.0 5600.0 5660.0 29
5680.0 5700.0 5500.0 5560.0 48
5580.0 5700.0 5540.0 5640.0 5
5680.0 5780.0 5560.0 5660.0 28
5640.0 5900.0 5640.0 5840.0 28
5820.0 5980.0 5760.0 5760.0 22
5860.0 5940.0 5240.0 5400.0 53
5340.0 5460.0 5180.0 5440.0 67
5440.0 5900.0 5440.0 5800.0 73
5760.0 5840.0 5620.0 5660.0 40
5660.0 5680.0 5460.0 5540.0 57
5560.0 5638.0 5380.0 5380.0 34
5380.0 5760.0 5180.0 5360.0 185
5380.0 5542.0 5200.0 5320.0 52
5298.0 5380.0 5160.0 5320.0 69
5300.0 5790.0 5240.0 5240.0 22
5180.0 5180.0 4840.0 5000.0 136
2040.0 2040.0 1160.0 1380.0 5269
1580.0 1580.0 1320.0 1380.0 1717
1400.0 1400.0 1240.0 1320.0 1004
1320.0 1354.0 1224.0 1230.0 553
1262.0 1262.0 1180.0 1230.0 480
1180.0 1230.0 1164.0 1180.0 304
1200.0 1200.0 1060.0 1070.0 561
1080.0 1160.0 1080.0 1120.0 316
1120.0 1180.0 1102.0 1120.0 231
1152.0 1154.0 1102.0 1122.0 257
1150.0 1150.0 1120.0 1124.0 270
1146.0 1240.0 1126.0 1218.0 597
1230.0 1290.0 1180.0 1216.0 553
1220.0 1240.0 1144.0 1194.0 203
1196.0 1256.0 1170.0 1222.0 325
1220.0 1240.0 1170.0 1184.0 206
1176.0 1440.0 1176.0 1304.0 1555
1300.0 1360.0 1190.0 1216.0 615
1200.0 1216.0 1160.0 1168.0 288
1180.0 1180.0 1120.0 1144.0 251
1160.0 1220.0 1122.0 1140.0 195
1108.0 1180.0 1080.0 1156.0 171
1140.0 1196.0 1140.0 1154.0 149
1174.0 1190.0 1154.0 1160.0 167
1180.0 1180.0 1120.0 1140.0 148
1132.0 1144.0 1060.0 1090.0 184
1080.0 1140.0 1080.0 1120.0 110
1160.0 1160.0 1080.0 1100.0 137
1108.0 1110.0 1000.0 1060.0 368
1084.0 1084.0 982.0 988.0 267
980.0 980.0 880.0 962.0 140
980.0 1120.0 980.0 1060.0 153
1120.0 1120.0 1000.0 1090.0 228
1100.0 1160.0 1090.0 1120.0 95
1160.0 1160.0 1100.0 1140.0 134
1160.0 1160.0 1120.0 1120.0 75
1122.0 1160.0 1080.0 1080.0 72
1140.0 1140.0 1052.0 1102.0 95
1134.0 1134.0 1070.0 1080.0 96
1080.0 1080.0 1002.0 1024.0 98
1008.0 1054.0 934.0 968.0 300
962.0 1140.0 962.0 1030.0 728
1020.0 1058.0 970.0 1020.0 221
1000.0 1020.0 806.0 970.0 570
980.0 1000.0 900.0 936.0 64
950.0 950.0 900.0 920.0 304
716.0 718.0 540.0 580.0 1098
600.0 618.0 564.0 600.0 234
628.0 652.0 560.0 590.0 223
600.0 600.0 548.0 560.0 180
580.0 620.0 548.0 586.0 309
600.0 608.0 560.0 562.0 145
580.0 580.0 526.0 536.0 181
542.0 590.0 540.0 582.0 211
600.0 600.0 530.0 562.0 239
548.0 578.0 536.0 546.0 145
560.0 578.0 538.0 560.0 238
538.0 568.0 520.0 530.0 162
558.0 558.0 504.0 504.0 189
528.0 528.0 462.0 500.0 511
520.0 540.0 496.0 532.0 188
540.0 550.0 490.0 512.0 122
538.0 538.0 490.0 530.0 120
540.0 540.0 500.0 510.0 53
510.0 510.0 502.0 506.0 34
510.0 510.0 504.0 504.0 112
504.0 540.0 504.0 512.0 73
520.0 608.0 520.0 534.0 1050
580.0 580.0 522.0 560.0 181
550.0 580.0 524.0 524.0 174
540.0 560.0 508.0 516.0 105
520.0 540.0 510.0 540.0 85
540.0 560.0 540.0 552.0 50
560.0 620.0 542.0 586.0 484
600.0 600.0 538.0 540.0 166
560.0 560.0 540.0 550.0 106
570.0 600.0 550.0 580.0 136
590.0 660.0 552.0 600.0 669
600.0 650.0 540.0 618.0 791
1200.0 1832.0 900.0 1340.0 26082
1120.0 1296.0 1000.0 1100.0 5075
1070.0 1134.0 960.0 970.0 1744
960.0 1000.0 682.0 724.0 2896
710.0 840.0 684.0 740.0 1204
760.0 760.0 648.0 732.0 1276
700.0 730.0 660.0 672.0 740
686.0 720.0 660.0 710.0 515
720.0 720.0 676.0 676.0 346
674.0 730.0 666.0 680.0 724
698.0 920.0 646.0 784.0 2614
800.0 820.0 700.0 780.0 1506
794.0 794.0 704.0 756.0 744
758.0 760.0 704.0 734.0 329
748.0 780.0 700.0 720.0 771
720.0 740.0 660.0 714.0 803
692.0 980.0 670.0 930.0 3240
822.0 878.0 740.0 780.0 834
762.0 800.0 730.0 780.0 748
902.0 1280.0 780.0 924.0 7537
1834.0 2200.0 1360.0 1420.0 29383
1360.0 1400.0 1220.0 1312.0 2601
1270.0 1280.0 1028.0 1220.0 1633
1200.0 1560.0 1160.0 1480.0 3866
1484.0 2400.0 1460.0 1896.0 17865
2000.0 2600.0 1900.0 1958.0 9083
1994.0 2000.0 1700.0 1780.0 2124
1680.0 1772.0 1560.0 1670.0 1335
1646.0 1940.0 1580.0 1910.0 2783
1908.0 1908.0 1580.0 1620.0 1848
1440.0 1696.0 1300.0 1600.0 1722
1740.0 1760.0 1444.0 1526.0 1158
1482.0 1558.0 1400.0 1540.0 957
1500.0 1578.0 1420.0 1560.0 817
1540.0 1580.0 1440.0 1454.0 802
1460.0 1818.0 1440.0 1720.0 2579
1716.0 1740.0 1580.0 1682.0 903
1684.0 2040.0 1680.0 1846.0 2372
1890.0 2340.0 1890.0 2100.0 3615
2020.0 2280.0 2000.0 2040.0 1153
2020.0 2040.0 1820.0 1924.0 923
1900.0 1960.0 1728.0 1790.0 398
1780.0 1940.0 1780.0 1920.0 328
1880.0 2140.0 1880.0 2000.0 642
1960.0 2040.0 1800.0 1820.0 318
1800.0 1932.0 1760.0 1840.0 312
1896.0 1900.0 1700.0 1722.0 299
1760.0 1800.0 1600.0 1688.0 363
1642.0 1750.0 1638.0 1710.0 166
1700.0 1760.0 1700.0 1714.0 188
1718.0 1840.0 1656.0 1770.0 373
1780.0 1866.0 1720.0 1800.0 183
1800.0 1814.0 1702.0 1724.0 106
1722.0 1764.0 1620.0 1640.0 217
1624.0 1640.0 1540.0 1598.0 230
1572.0 1650.0 1520.0 1620.0 275
1670.0 1740.0 1560.0 1706.0 424
1788.0 1790.0 1630.0 1734.0 315
1734.0 1734.0 1642.0 1680.0 149
1712.0 1734.0 1550.0 1630.0 205
1630.0 1696.0 1560.0 1582.0 181
1618.0 1676.0 1600.0 1604.0 93
1600.0 1640.0 1574.0 1608.0 84
1640.0 1660.0 1598.0 1600.0 87
1584.0 1660.0 1584.0 1658.0 80
1624.0 1740.0 1600.0 1644.0 146
1650.0 1700.0 1440.0 1480.0 323
1440.0 1500.0 1100.0 1300.0 364
1280.0 1300.0 1060.0 1160.0 366
1186.0 1380.0 1160.0 1264.0 285
1200.0 1264.0 1180.0 1216.0 123
1208.0 1260.0 1100.0 1188.0 220
1150.0 1200.0 1100.0 1140.0 74
1140.0 1360.0 1106.0 1260.0 151
1260.0 1300.0 1180.0 1228.0 129
1120.0 1270.0 1106.0 1230.0 119
1240.0 1240.0 1122.0 1152.0 196
1168.0 1456.0 1162.0 1430.0 191
1428.0 1496.0 1320.0 1480.0 98
1494.0 1600.0 1410.0 1560.0 120
1526.0 1600.0 1406.0 1522.0 107
1576.0 1590.0 1502.0 1580.0 122
1560.0 1590.0 1500.0 1584.0 75
1534.0 1620.0 1528.0 1576.0 124
1640.0 1640.0 1528.0 1560.0 100
1532.0 1600.0 1532.0 1560.0 47
1560.0 1580.0 1500.0 1530.0 65
1528.0 1570.0 1500.0 1560.0 40
1560.0 1600.0 1518.0 1560.0 43
1566.0 1790.0 1560.0 1782.0 348
1794.0 1794.0 1700.0 1760.0 105
1720.0 1780.0 1600.0 1778.0 91
1796.0 1796.0 1720.0 1772.0 61
1724.0 1780.0 1682.0 1698.0 60
1680.0 1740.0 1628.0 1662.0 37
1680.0 1700.0 1652.0 1672.0 59
1698.0 1700.0 1600.0 1684.0 78
1654.0 1700.0 1608.0 1620.0 97
1604.0 1680.0 1600.0 1650.0 37
1630.0 1700.0 1600.0 1700.0 44
1680.0 1720.0 1644.0 1648.0 43
1648.0 1698.0 1600.0 1688.0 31
1704.0 1712.0 1640.0 1688.0 34
1712.0 1790.0 1640.0 1780.0 155
2000.0 2140.0 1800.0 1810.0 1497
1860.0 2000.0 1840.0 1980.0 483
2040.0 2360.0 2020.0 2220.0 1321
2220.0 2340.0 2060.0 2260.0 557
2240.0 2260.0 2100.0 2140.0 260
2140.0 2180.0 2000.0 2060.0 246
2060.0 2080.0 1800.0 1912.0 344
1900.0 2000.0 1800.0 1800.0 185
1814.0 1920.0 1800.0 1832.0 200
1808.0 2000.0 1808.0 1868.0 178
1898.0 1940.0 1830.0 1878.0 97
1844.0 1900.0 1804.0 1880.0 71
1820.0 1880.0 1800.0 1802.0 129
1802.0 1880.0 1802.0 1854.0 94
2060.0 2520.0 2060.0 2220.0 1456
2300.0 2360.0 2080.0 2140.0 330
2180.0 2240.0 2040.0 2240.0 198
2200.0 2240.0 2160.0 2200.0 98
2160.0 2302.0 2100.0 2280.0 220
2280.0 2900.0 2280.0 2880.0 1657
2860.0 3360.0 2632.0 3340.0 1519
3380.0 3400.0 3160.0 3300.0 1043
3220.0 3320.0 3200.0 3240.0 636
3280.0 3400.0 3060.0 3220.0 614
3200.0 3300.0 3140.0 3200.0 286
3180.0 3200.0 3140.0 3180.0 168
3200.0 3306.0 3100.0 3160.0 195
3120.0 3160.0 3000.0 3120.0 157
3120.0 3140.0 2900.0 2960.0 207
2940.0 3100.0 2940.0 3060.0 113
3060.0 3120.0 3000.0 3040.0 58
3000.0 3080.0 2980.0 3040.0 101
3020.0 3100.0 2960.0 3080.0 150
3100.0 3100.0 3020.0 3020.0 110
3040.0 3100.0 2940.0 2960.0 135
3120.0 3120.0 3020.0 3020.0 139
3020.0 3080.0 2940.0 2960.0 98
3000.0 3020.0 2920.0 2960.0 92
2940.0 3076.0 2940.0 3020.0 78
2960.0 3120.0 2940.0 2980.0 197
2980.0 3006.0 2660.0 2940.0 230
2860.0 3020.0 2860.0 2960.0 175
3000.0 3020.0 2868.0 2960.0 71
2960.0 3040.0 2866.0 2940.0 144
3000.0 3040.0 2880.0 3000.0 55
2980.0 3000.0 2900.0 2980.0 66
2980.0 3000.0 2800.0 2820.0 135
2800.0 2820.0 2620.0 2760.0 110
2720.0 2860.0 2720.0 2840.0 27
2860.0 2950.0 2860.0 2920.0 61
2920.0 2960.0 2894.0 2940.0 26
2920.0 3000.0 2920.0 3000.0 64
3000.0 3020.0 2960.0 3000.0 58
2980.0 3000.0 2860.0 3000.0 80
3000.0 3080.0 2920.0 3040.0 100
3040.0 3060.0 2860.0 2980.0 38
2940.0 2960.0 2800.0 2960.0 43
2880.0 3000.0 2800.0 3000.0 101
2980.0 3000.0 2900.0 2960.0 39
2960.0 3000.0 2820.0 2880.0 33
2880.0 2940.0 2840.0 2900.0 28
2900.0 2900.0 2680.0 2880.0 78
2800.0 2920.0 2780.0 2860.0 46
2840.0 2890.0 2738.0 2760.0 64
2738.0 2860.0 2700.0 2760.0 66
2760.0 2840.0 2700.0 2740.0 80
2800.0 2940.0 2756.0 2920.0 66
2920.0 2920.0 2760.0 2820.0 99
2800.0 2900.0 2780.0 2780.0 53
2820.0 2860.0 2740.0 2820.0 100
2900.0 2990.0 2700.0 2760.0 279
2660.0 2700.0 2400.0 2660.0 151
2640.0 2700.0 2556.0 2660.0 56
2680.0 2680.0 2500.0 2540.0 70
2500.0 2592.0 2440.0 2440.0 45
2440.0 2580.0 2440.0 2520.0 35
2500.0 2610.0 2448.0 2500.0 62
2520.0 2520.0 2400.0 2420.0 56
2420.0 2420.0 2100.0 2360.0 123
2340.0 2460.0 2200.0 2220.0 51
2240.0 2420.0 2040.0 2060.0 114
2500.0 2760.0 2160.0 2260.0 559
2320.0 2680.0 2310.0 2540.0 303
2640.0 2660.0 2500.0 2660.0 91
2680.0 2740.0 2520.0 2680.0 132
2640.0 2700.0 2600.0 2620.0 49
2620.0 2680.0 2590.0 2660.0 35
2640.0 2800.0 2620.0 2780.0 79
2820.0 2820.0 2740.0 2740.0 67
2760.0 2800.0 2760.0 2780.0 29
2800.0 2900.0 2760.0 2840.0 149
2840.0 2940.0 2840.0 2900.0 127
2900.0 2900.0 2740.0 2860.0 91
2880.0 2940.0 2740.0 2880.0 305
2860.0 2920.0 2760.0 2840.0 26
2840.0 2880.0 2740.0 2820.0 51
2840.0 2940.0 2800.0 2920.0 63
2920.0 3000.0 2918.0 2940.0 46
3000.0 3000.0 2920.0 3000.0 80
3000.0 3000.0 2940.0 2960.0 57
2960.0 3060.0 2760.0 3060.0 94
3000.0 3180.0 3000.0 3120.0 146
3120.0 3280.0 2960.0 2980.0 172
3040.0 3080.0 2840.0 2960.0 74
2960.0 3040.0 2800.0 2800.0 94
2800.0 2840.0 2460.0 2578.0 250
2580.0 2840.0 2500.0 2680.0 168
2700.0 2720.0 2520.0 2560.0 67
2560.0 2620.0 2540.0 2580.0 38
2600.0 2620.0 2540.0 2600.0 41
2620.0 2684.0 2460.0 2560.0 92
2560.0 2680.0 2524.0 2660.0 59
2640.0 2640.0 2520.0 2540.0 77
2540.0 2580.0 2480.0 2480.0 43
2500.0 2580.0 2300.0 2580.0 128
2540.0 2760.0 2340.0 2600.0 108
2620.0 2740.0 2340.0 2500.0 217
2438.0 2530.0 2380.0 2430.0 104
2440.0 2490.0 2180.0 2320.0 231
2380.0 2500.0 2200.0 2200.0 86
1980.0 2040.0 1900.0 1990.0 1466
2000.0 2100.0 1966.0 2020.0 383
2040.0 2180.0 2020.0 2120.0 347
2120.0 2200.0 1940.0 2180.0 317
2120.0 2330.0 2100.0 2180.0 260
2180.0 2270.0 2160.0 2200.0 213
2226.0 2430.0 2200.0 2260.0 456
2280.0 2360.0 2240.0 2300.0 207
2240.0 2320.0 2200.0 2320.0 181
2300.0 2360.0 2160.0 2220.0 218
2240.0 2340.0 2184.0 2240.0 451
2280.0 2320.0 2200.0 2300.0 149
2280.0 2320.0 2260.0 2280.0 60
2280.0 2280.0 2200.0 2240.0 153
2280.0 2280.0 2160.0 2240.0 140
2220.0 2220.0 2140.0 2140.0 107
2140.0 2200.0 2060.0 2160.0 108
2160.0 2220.0 2080.0 2080.0 74
2100.0 2180.0 2088.0 2160.0 52
2160.0 2380.0 2160.0 2220.0 461
2260.0 2300.0 2160.0 2200.0 135
2240.0 2240.0 2100.0 2240.0 153
2240.0 2300.0 2180.0 2280.0 204
2260.0 2600.0 2200.0 2500.0 371
2560.0 2860.0 2560.0 2740.0 1129
2780.0 2800.0 2640.0 2720.0 394
2700.0 2840.0 2680.0 2720.0 382
2780.0 3180.0 2722.0 2920.0 1068
3080.0 3100.0 2940.0 3000.0 508
3000.0 3016.0 2820.0 2880.0 457
2900.0 2910.0 2740.0 2780.0 304
2780.0 2804.0 2600.0 2600.0 445
2660.0 2680.0 2520.0 2580.0 335
2560.0 2580.0 2300.0 2360.0 687
2360.0 2360.0 2260.0 2320.0 399
2300.0 2402.0 2220.0 2280.0 371
2300.0 2300.0 2140.0 2200.0 526
2200.0 2240.0 2080.0 2080.0 728
2100.0 2160.0 2080.0 2100.0 610
2100.0 2520.0 2100.0 2240.0 1430
2320.0 2560.0 2280.0 2370.0 688
2400.0 2460.0 2220.0 2280.0 536
2260.0 2320.0 2160.0 2190.0 628
2240.0 2360.0 2200.0 2240.0 977
2260.0 2300.0 2180.0 2200.0 340
2240.0 2400.0 2220.0 2360.0 718
2360.0 2440.0 2280.0 2380.0 545
2400.0 2448.0 2280.0 2320.0 438
2300.0 2340.0 2240.0 2260.0 444
2300.0 2300.0 2220.0 2260.0 563
2260.0 2320.0 2240.0 2320.0 334
2320.0 2578.0 2300.0 2500.0 1062
2520.0 2580.0 2420.0 2480.0 494
2500.0 2520.0 2360.0 2380.0 586
2380.0 2440.0 2330.0 2380.0 297
2400.0 2480.0 2360.0 2460.0 349
2440.0 2580.0 2380.0 2380.0 757
2400.0 2460.0 2340.0 2380.0 650
2400.0 2420.0 2240.0 2280.0 1158
2300.0 2300.0 2200.0 2220.0 777
1400.0 1500.0 900.0 904.0 11771
964.0 978.0 700.0 742.0 5006
742.0 742.0 742.0 742.0 0
3000.0 3080.0 2060.0 2400.0 29873
2420.0 2720.0 2300.0 2700.0 6262
3000.0 3780.0 2900.0 3560.0 14350
4040.0 4860.0 4040.0 4800.0 16164
5640.0 5940.0 3860.0 4940.0 16185
4400.0 4580.0 3880.0 4060.0 3831
3800.0 4480.0 3700.0 4360.0 3840
3960.0 4580.0 3920.0 4280.0 2414
4700.0 4700.0 4360.0 4420.0 2157
4420.0 4420.0 4040.0 4320.0 1920
4400.0 4960.0 4300.0 4760.0 4101
3300.0 3800.0 2800.0 2980.0 8603
2940.0 2980.0 2700.0 2740.0 1562
3140.0 3800.0 2960.0 3540.0 4956
3300.0 3540.0 3260.0 3540.0 1317
3480.0 3620.0 3420.0 3480.0 730
3520.0 3560.0 3320.0 3480.0 653
3520.0 3900.0 3520.0 3800.0 1483
3900.0 4780.0 3882.0 4180.0 3308
4240.0 4300.0 4040.0 4120.0 1325
4120.0 4200.0 3940.0 4200.0 454
4220.0 4360.0 4100.0 4240.0 656
4200.0 4260.0 4120.0 4120.0 589
4140.0 4200.0 3940.0 4020.0 836
4000.0 4100.0 3960.0 4060.0 629
4040.0 4140.0 3900.0 4120.0 941
4120.0 4160.0 3980.0 3980.0 571
4080.0 4080.0 3960.0 4000.0 567
4000.0 4060.0 3900.0 3980.0 441
4000.0 4050.0 3800.0 4040.0 595
4080.0 4140.0 4000.0 4140.0 1086
4200.0 4320.0 4096.0 4240.0 925
4300.0 4300.0 4180.0 4260.0 544
4260.0 4300.0 4100.0 4300.0 484
4300.0 4680.0 4240.0 4600.0 1810
4700.0 5000.0 4640.0 5000.0 1720
5120.0 5400.0 5000.0 5360.0 2560
5420.0 5460.0 4260.0 5220.0 1996
5280.0 5300.0 4860.0 4980.0 1093
4900.0 4960.0 4440.0 4860.0 1007
4680.0 5100.0 4520.0 4920.0 780
4900.0 5160.0 4900.0 5000.0 728
5120.0 6000.0 5000.0 5940.0 3371
5660.0 5880.0 5500.0 5800.0 1136
5740.0 6240.0 5620.0 5700.0 1740
5700.0 5800.0 5480.0 5700.0 769
5620.0 5940.0 5600.0 5840.0 735
6040.0 6200.0 5730.0 5940.0 1150
6000.0 6020.0 5740.0 5900.0 843
5940.0 6040.0 5740.0 5880.0 936
5920.0 6160.0 5800.0 5960.0 803
6000.0 6060.0 5600.0 5680.0 1303
5760.0 5980.0 5640.0 5860.0 967
5860.0 5860.0 5640.0 5640.0 880
5660.0 5840.0 5340.0 5580.0 1153
5580.0 5800.0 5400.0 5660.0 958
5900.0 6180.0 5604.0 6160.0 2087
6280.0 7160.0 6280.0 6700.0 3255
6640.0 7100.0 6420.0 6820.0 1519
7000.0 7920.0 6848.0 7840.0 2771
8200.0 8400.0 7380.0 7680.0 3117
7600.0 7880.0 7200.0 7560.0 1308
7600.0 7602.0 6720.0 7400.0 1123
7340.0 7760.0 7300.0 7440.0 946
7600.0 7620.0 7080.0 7480.0 1193
7340.0 7496.0 7020.0 7180.0 1077
7200.0 7498.0 7060.0 7380.0 763
7400.0 8060.0 7240.0 7860.0 1669
8100.0 8320.0 7920.0 8020.0 1883
8640.0 9290.0 8300.0 8800.0 3914
9300.0 9530.0 8400.0 8640.0 3748
8680.0 8700.0 5440.0 8260.0 6737
8360.0 8480.0 7140.0 8140.0 3459
8000.0 8600.0 7480.0 7880.0 6457
8000.0 8000.0 6600.0 7320.0 3683
7260.0 7260.0 6740.0 7160.0 2524
6160.0 6480.0 6060.0 6190.0 4416
6000.0 6360.0 5960.0 6100.0 1877
6160.0 6360.0 6000.0 6040.0 1944
6180.0 6610.0 6020.0 6290.0 3883
6000.0 6000.0 4880.0 5480.0 3875
4980.0 5640.0 4900.0 5350.0 1865
5380.0 5400.0 4900.0 5080.0 1404
5140.0 5200.0 4600.0 4640.0 2214
4780.0 4860.0 4220.0 4680.0 2576
4580.0 5080.0 4560.0 4640.0 1783
4800.0 5900.0 4690.0 5120.0 4580
4800.0 4800.0 4100.0 4360.0 1969
4540.0 4580.0 4220.0 4220.0 1028
4180.0 4310.0 3640.0 3880.0 1846
2980.0 3610.0 2700.0 3360.0 1707
3500.0 3920.0 2900.0 3920.0 2952
3300.0 3740.0 3040.0 3340.0 1646
3520.0 3700.0 3140.0 3560.0 1276
3340.0 3620.0 3200.0 3340.0 994
3240.0 3520.0 3160.0 3240.0 903
3300.0 3340.0 3120.0 3240.0 902
3240.0 3380.0 2900.0 3160.0 1191
3360.0 3800.0 3250.0 3760.0 2170
3840.0 4000.0 3500.0 3860.0 1181
3920.0 4182.0 3880.0 4020.0 1029
3900.0 4100.0 3720.0 4100.0 745
4100.0 4500.0 3980.0 4300.0 874
4320.0 4460.0 3700.0 3720.0 1104
3700.0 3880.0 3600.0 3720.0 430
3780.0 3880.0 3620.0 3680.0 493
3680.0 3760.0 3500.0 3700.0 507
3880.0 3936.0 3640.0 3780.0 597
3840.0 3860.0 3580.0 3620.0 848
3700.0 3840.0 3640.0 3800.0 702
3940.0 4400.0 3740.0 4360.0 1384
4520.0 4780.0 4220.0 4740.0 1001
4860.0 5140.0 4520.0 4640.0 1206
4560.0 4580.0 4140.0 4500.0 840
4520.0 4560.0 4220.0 4460.0 550
4500.0 4540.0 4220.0 4460.0 599
4460.0 4540.0 4268.0 4360.0 783
4320.0 4430.0 4130.0 4200.0 713
4320.0 4440.0 4200.0 4380.0 495
4380.0 4578.0 4300.0 4460.0 626
4520.0 4640.0 4314.0 4600.0 582
4660.0 5090.0 4600.0 4780.0 1120
4940.0 5100.0 4740.0 5060.0 707
5240.0 5280.0 5000.0 5060.0 825
5180.0 5180.0 4800.0 4850.0 710
4920.0 5900.0 4820.0 5540.0 3425
6000.0 6700.0 5320.0 5520.0 4408
5720.0 5940.0 5420.0 5660.0 2182
5080.0 5298.0 4280.0 4920.0 2797
4800.0 4960.0 4640.0 4880.0 1125
4920.0 5300.0 4840.0 5180.0 965
5360.0 5900.0 5320.0 5700.0 1341
5840.0 5860.0 5460.0 5500.0 963
5700.0 5780.0 5120.0 5440.0 855
5380.0 5480.0 5140.0 5320.0 610
5180.0 5560.0 5140.0 5180.0 870
5280.0 5780.0 5220.0 5680.0 1177
5640.0 5888.0 5620.0 5660.0 810
5760.0 5812.0 5480.0 5720.0 756
5760.0 5800.0 5560.0 5680.0 580
5700.0 5740.0 5540.0 5720.0 447
5780.0 5900.0 5660.0 5780.0 860
5800.0 6440.0 5640.0 6380.0 1887
6300.0 6578.0 5740.0 5800.0 1752
5920.0 6020.0 5520.0 5640.0 760
5700.0 6090.0 5600.0 5840.0 764
5940.0 6120.0 5820.0 5840.0 756
5940.0 6060.0 5620.0 5660.0 909
5700.0 5860.0 5620.0 5700.0 512
5800.0 5940.0 5640.0 5740.0 811
5760.0 5920.0 5620.0 5700.0 842
5700.0 5800.0 5470.0 5600.0 792
5640.0 6100.0 5600.0 5820.0 1406
5800.0 5860.0 5280.0 5360.0 1899
5700.0 5800.0 5460.0 5580.0 805
5500.0 5780.0 5400.0 5740.0 804
5820.0 5888.0 5640.0 5680.0 667
5680.0 5820.0 5600.0 5620.0 586
5600.0 5780.0 5510.0 5540.0 537
5620.0 5920.0 5600.0 5920.0 1398
5940.0 6060.0 5640.0 5740.0 1080
5840.0 5880.0 5640.0 5660.0 785
5660.0 5960.0 5610.0 5800.0 1217
5820.0 6160.0 5770.0 5960.0 1277
5960.0 5960.0 5600.0 5640.0 5481
5700.0 5810.0 5340.0 5520.0 1358
5502.0 5580.0 5340.0 5560.0 847
5500.0 5700.0 5440.0 5620.0 778
5700.0 5700.0 5440.0 5660.0 794
5680.0 5700.0 5480.0 5560.0 967
5560.0 5560.0 5320.0 5320.0 685
5340.0 5500.0 5310.0 5480.0 536
5480.0 5520.0 5100.0 5140.0 845
5140.0 5140.0 4940.0 5000.0 814
5040.0 5180.0 4700.0 4750.0 689
4780.0 4900.0 4640.0 4880.0 523
4960.0 5150.0 4900.0 5080.0 470
5060.0 5160.0 4920.0 5120.0 362
5100.0 5300.0 5060.0 5080.0 412
5080.0 5260.0 5020.0 5060.0 435
5100.0 5260.0 4980.0 5100.0 501
5060.0 5140.0 4940.0 5040.0 352
5000.0 5200.0 4960.0 5040.0 442
4960.0 5030.0 4860.0 4900.0 357
4880.0 4950.0 4720.0 4860.0 509
4860.0 4900.0 4740.0 4800.0 346
4780.0 4960.0 4640.0 4880.0 536
4840.0 5260.0 4800.0 5100.0 654
5160.0 5182.0 4800.0 5000.0 641
5060.0 5360.0 5020.0 5220.0 471
5340.0 5400.0 5160.0 5400.0 531
5400.0 5400.0 5140.0 5400.0 517
5340.0 5390.0 5170.0 5320.0 386
5300.0 5422.0 5200.0 5300.0 570
5460.0 5460.0 5300.0 5380.0 530
5500.0 5500.0 5160.0 5180.0 581
5400.0 5400.0 4760.0 4810.0 1026
4860.0 4940.0 4800.0 4900.0 409
4980.0 5800.0 4960.0 5680.0 2030
5700.0 5980.0 5580.0 5740.0 1038
5720.0 5840.0 5520.0 5680.0 717
5720.0 6100.0 5660.0 5840.0 834
5860.0 6000.0 5760.0 5880.0 424
5860.0 5898.0 5620.0 5820.0 416
5900.0 5940.0 5700.0 5860.0 494
5880.0 6400.0 5740.0 6380.0 854
6360.0 6360.0 5960.0 6160.0 750
6180.0 6210.0 5940.0 5960.0 473
6020.0 6100.0 5840.0 6100.0 295
6100.0 6576.0 5990.0 6400.0 722
6340.0 6520.0 5840.0 5900.0 928
5960.0 6120.0 5830.0 6080.0 433
6000.0 6120.0 5800.0 5860.0 438
5920.0 5960.0 5340.0 5860.0 742
5740.0 6300.0 5680.0 6020.0 626
6160.0 6540.0 6120.0 6320.0 720
6400.0 7500.0 6312.0 7080.0 1932
7220.0 7480.0 6760.0 7260.0 1073
7382.0 7740.0 7180.0 7480.0 1018
7600.0 7780.0 7310.0 7420.0 660
7440.0 7680.0 7400.0 7560.0 651
7500.0 7560.0 7240.0 7380.0 557
7500.0 7680.0 7380.0 7600.0 796
7620.0 7680.0 6640.0 6820.0 1363
6820.0 6920.0 6120.0 6220.0 1176
6300.0 6380.0 5660.0 5720.0 765
5700.0 5880.0 5440.0 5600.0 932
5640.0 5780.0 5560.0 5760.0 489
5800.0 5920.0 5440.0 5680.0 889
5780.0 6220.0 5680.0 6220.0 940
6220.0 6240.0 5900.0 6080.0 473
6080.0 6120.0 5920.0 6100.0 348
5920.0 6120.0 5882.0 6120.0 307
6100.0 6540.0 6024.0 6380.0 505
6440.0 6600.0 6110.0 6200.0 393
6200.0 6500.0 6160.0 6480.0 365
6500.0 6580.0 6240.0 6300.0 381
6360.0 6500.0 6320.0 6500.0 340
6520.0 6560.0 6320.0 6340.0 293
6368.0 6460.0 6200.0 6400.0 241
6400.0 6420.0 6040.0 6060.0 424
6000.0 6180.0 5840.0 6180.0 318
6160.0 6210.0 6096.0 6160.0 212
6140.0 6220.0 6010.0 6040.0 207
6100.0 6200.0 5940.0 5960.0 345
6000.0 6080.0 5920.0 5940.0 188
5960.0 6110.0 5908.0 6020.0 249
6080.0 6080.0 5840.0 5980.0 398
5880.0 6000.0 5700.0 5740.0 525
5760.0 5980.0 5630.0 5860.0 411
5740.0 6060.0 5620.0 5740.0 577
5740.0 5920.0 5600.0 5920.0 289
5860.0 5880.0 5420.0 5440.0 602
5500.0 5760.0 5360.0 5760.0 399
5840.0 6040.0 5780.0 5900.0 371
5840.0 6020.0 5816.0 5940.0 241
5920.0 6040.0 5840.0 5940.0 210
5940.0 5940.0 5700.0 5840.0 240
5900.0 6100.0 5760.0 5780.0 509
5860.0 5860.0 5580.0 5820.0 370
5840.0 5940.0 5760.0 5840.0 302
5840.0 5900.0 5800.0 5840.0 393
5840.0 5880.0 5600.0 5740.0 582
5800.0 5940.0 5720.0 5860.0 395
5840.0 5920.0 5780.0 5860.0 212
5780.0 5890.0 5680.0 5680.0 560
5700.0 5800.0 5620.0 5720.0 370
5640.0 5760.0 5600.0 5660.0 331
5600.0 5620.0 5420.0 5440.0 787
5480.0 5660.0 5360.0 5640.0 682
5660.0 5760.0 5480.0 5560.0 543
5540.0 5670.0 5400.0 5480.0 437
5520.0 5660.0 5420.0 5640.0 782
5660.0 5720.0 5480.0 5500.0 369
5520.0 5640.0 5400.0 5580.0 309
5600.0 5800.0 5560.0 5760.0 383
5800.0 6174.0 5760.0 6000.0 1009
6242.0 6284.0 5720.0 6000.0 940
6000.0 6040.0 5780.0 5900.0 580
5940.0 6006.0 5720.0 5780.0 524
5760.0 6040.0 5650.0 5900.0 677
5920.0 5960.0 5780.0 5820.0 201
5900.0 6010.0 5740.0 5920.0 570
5920.0 5980.0 5780.0 5780.0 275
5820.0 5920.0 5720.0 5800.0 383
5840.0 5850.0 5660.0 5740.0 304
5760.0 6000.0 5700.0 5800.0 771
5800.0 5980.0 5720.0 5860.0 427
5900.0 5980.0 5764.0 5940.0 411
5980.0 6020.0 5790.0 5820.0 391
5880.0 5880.0 5684.0 5820.0 315
5760.0 5940.0 5660.0 5880.0 798
5880.0 5880.0 5700.0 5760.0 507
5780.0 5880.0 5700.0 5820.0 445
5840.0 5920.0 5720.0 5740.0 422
5720.0 5740.0 5480.0 5580.0 740
5560.0 5720.0 5500.0 5600.0 359
5640.0 5800.0 5540.0 5600.0 533
5680.0 5780.0 5630.0 5780.0 277
5740.0 5860.0 5640.0 5720.0 444
5700.0 5800.0 5700.0 5800.0 418
5780.0 5820.0 5660.0 5760.0 425
5720.0 5760.0 5660.0 5680.0 342
5680.0 5720.0 5660.0 5680.0 345
5640.0 5720.0 5620.0 5620.0 357
5656.0 5800.0 5620.0 5720.0 498
5700.0 5980.0 5700.0 5940.0 649
6000.0 6100.0 5836.0 5940.0 787
5880.0 6010.0 5840.0 5880.0 420
5860.0 6020.0 5680.0 6000.0 1164
6000.0 6020.0 5880.0 5920.0 928
5800.0 5820.0 5620.0 5640.0 827
5640.0 5750.0 5500.0 5660.0 887
5640.0 5700.0 5500.0 5640.0 458
5660.0 5800.0 5460.0 5620.0 606
5600.0 5738.0 5580.0 5680.0 569
5700.0 6000.0 5700.0 5920.0 872
6000.0 6010.0 5920.0 6000.0 833
6040.0 6040.0 5860.0 5960.0 536
6000.0 6250.0 5940.0 6240.0 1570
6280.0 7380.0 6260.0 7220.0 2016
7400.0 7460.0 6400.0 6840.0 1434
6920.0 7040.0 6500.0 6700.0 602
6660.0 6880.0 6540.0 6640.0 358
6760.0 7540.0 6720.0 7300.0 1047
7220.0 7320.0 6820.0 6960.0 526
6960.0 7100.0 6600.0 6600.0 477
6740.0 6880.0 6600.0 6700.0 367
6680.0 6760.0 6160.0 6180.0 532
6160.0 6172.0 5620.0 5880.0 1001
5940.0 6420.0 5920.0 6260.0 562
6268.0 6380.0 5820.0 6080.0 525
5980.0 6120.0 5740.0 5740.0 567
5900.0 6060.0 5740.0 6040.0 627
5760.0 5760.0 5000.0 5160.0 2220
5300.0 5400.0 4800.0 4820.0 910
4680.0 4700.0 4260.0 4460.0 1246
4560.0 4580.0 4000.0 4460.0 945
4400.0 4520.0 4160.0 4220.0 766
4300.0 4480.0 4240.0 4360.0 652
4480.0 4930.0 4420.0 4660.0 1062
4776.0 4836.0 4400.0 4420.0 886
4460.0 4530.0 4340.0 4400.0 831
4494.0 4520.0 4200.0 4260.0 841
4360.0 4380.0 4080.0 4140.0 1281
4120.0 4220.0 3960.0 4140.0 1325
4140.0 4450.0 4084.0 4100.0 969
4120.0 4140.0 3910.0 4140.0 1277
4200.0 4260.0 4000.0 4020.0 608
4100.0 4108.0 3700.0 3760.0 1670
4180.0 4500.0 4000.0 4260.0 2368
4180.0 4300.0 3920.0 4080.0 973
4100.0 4150.0 3960.0 4100.0 748
4020.0 4040.0 3920.0 3920.0 626
3960.0 4058.0 3880.0 3980.0 765
4100.0 4200.0 3990.0 4160.0 753
4160.0 4420.0 4160.0 4340.0 685
4420.0 4420.0 4080.0 4120.0 493
4060.0 4280.0 4060.0 4140.0 366
4140.0 4160.0 3920.0 3960.0 555
3940.0 4060.0 3840.0 3980.0 512
4000.0 4060.0 3860.0 3940.0 421
4000.0 4020.0 3840.0 3880.0 495
3840.0 3910.0 3710.0 3740.0 614
3800.0 3940.0 3780.0 3800.0 404
3860.0 3860.0 3640.0 3680.0 587
3660.0 3720.0 3500.0 3640.0 689
3600.0 3670.0 3510.0 3620.0 337
3580.0 3580.0 3400.0 3520.0 485
3520.0 3710.0 3500.0 3600.0 320
3640.0 3700.0 3540.0 3660.0 337
3700.0 3700.0 3560.0 3640.0 271
3640.0 3940.0 3640.0 3880.0 496
3880.0 3880.0 3630.0 3720.0 502
3700.0 3720.0 3640.0 3680.0 236
3660.0 3740.0 3540.0 3640.0 458
3600.0 3838.0 3560.0 3700.0 583
3780.0 3840.0 3540.0 3560.0 447
3500.0 3500.0 3320.0 3430.0 943
3360.0 3380.0 2840.0 3020.0 1999
3060.0 3080.0 3020.0 3040.0 508
3060.0 3160.0 2920.0 2980.0 600
2980.0 2998.0 2760.0 2820.0 597
2800.0 2880.0 2560.0 2660.0 1101
2660.0 3000.0 2660.0 2880.0 702
2980.0 3000.0 2764.0 2860.0 553
2840.0 3480.0 2780.0 3220.0 1017
3160.0 3220.0 3040.0 3120.0 376
3120.0 3320.0 3060.0 3180.0 353
3260.0 3360.0 3200.0 3300.0 327
3320.0 3400.0 3240.0 3300.0 283
3360.0 3480.0 3220.0 3420.0 341
3420.0 3420.0 3240.0 3320.0 261
3320.0 3380.0 3200.0 3220.0 289
3200.0 3240.0 3180.0 3240.0 179
3300.0 3360.0 3280.0 3300.0 257
3304.0 3316.0 3200.0 3220.0 170
3240.0 3260.0 3160.0 3260.0 283
3220.0 3260.0 3060.0 3100.0 486
3108.0 3180.0 3040.0 3180.0 265
3220.0 3220.0 3060.0 3060.0 250
3140.0 3140.0 3060.0 3080.0 358
3060.0 3100.0 3000.0 3060.0 291
3100.0 3180.0 3080.0 3160.0 393
3140.0 3190.0 3060.0 3100.0 251
3100.0 3160.0 3080.0 3080.0 221
3100.0 3180.0 3080.0 3080.0 286
3080.0 3100.0 3000.0 3040.0 321
3080.0 3080.0 2920.0 3000.0 344
2980.0 3020.0 2900.0 2900.0 243
2900.0 2960.0 2800.0 2820.0 409
2840.0 2840.0 2680.0 2700.0 474
2720.0 2740.0 2680.0 2680.0 308
2680.0 2800.0 2680.0 2800.0 489
2780.0 2820.0 2780.0 2800.0 528
2800.0 2820.0 2680.0 2700.0 5468
2840.0 2840.0 2620.0 2700.0 862
2740.0 2780.0 2734.0 2780.0 364
2760.0 2800.0 2660.0 2660.0 400
2700.0 2720.0 2620.0 2720.0 393
2720.0 2720.0 2680.0 2700.0 258
2700.0 2710.0 2520.0 2540.0 666
2580.0 2600.0 2520.0 2540.0 368
2500.0 2540.0 2400.0 2520.0 368
2500.0 2560.0 2460.0 2560.0 304
2580.0 2760.0 2460.0 2740.0 624
2704.0 2780.0 2600.0 2620.0 429
2620.0 2620.0 2460.0 2500.0 438
2520.0 2520.0 2420.0 2460.0 234
2460.0 2460.0 2280.0 2280.0 558
2260.0 2340.0 2140.0 2340.0 488
2340.0 2420.0 2300.0 2380.0 309
2420.0 2580.0 2380.0 2520.0 236
2540.0 2560.0 2400.0 2420.0 262
2420.0 2440.0 2300.0 2320.0 178
2360.0 2400.0 2220.0 2240.0 482
2200.0 2260.0 2040.0 2220.0 635
2220.0 2440.0 2220.0 2420.0 338
2520.0 2660.0 2400.0 2420.0 666
2500.0 2500.0 2380.0 2400.0 201
2420.0 2458.0 2300.0 2440.0 183
2400.0 2440.0 2300.0 2340.0 191
2320.0 2400.0 2300.0 2360.0 142
2400.0 2400.0 2120.0 2200.0 899
2200.0 2326.0 2160.0 2220.0 410
2240.0 2360.0 2180.0 2320.0 519
2280.0 2320.0 2220.0 2220.0 172
2220.0 2220.0 2140.0 2200.0 150
2200.0 2220.0 2120.0 2160.0 217
2200.0 2200.0 2040.0 2060.0 343
2040.0 2080.0 1964.0 1990.0 375
1960.0 1980.0 1860.0 1906.0 370
1926.0 1998.0 1900.0 1942.0 255
1960.0 1960.0 1886.0 1886.0 209
2000.0 2060.0 1904.0 2040.0 1260
2000.0 2030.0 2000.0 2020.0 405
2040.0 2120.0 2020.0 2100.0 253
2100.0 2140.0 2080.0 2140.0 250
2160.0 2180.0 2140.0 2180.0 223
2200.0 2240.0 2180.0 2220.0 411
2280.0 2360.0 2260.0 2360.0 336
2360.0 2370.0 2300.0 2320.0 255
2360.0 2360.0 2320.0 2340.0 180
2420.0 2420.0 2340.0 2380.0 151
2360.0 2380.0 2340.0 2340.0 126
2360.0 2420.0 2340.0 2420.0 187
2380.0 2400.0 2360.0 2380.0 235
2380.0 2520.0 2360.0 2500.0 334
2520.0 2520.0 2320.0 2340.0 315
2320.0 2380.0 2160.0 2180.0 346
2200.0 2200.0 2040.0 2060.0 433
2080.0 2160.0 2060.0 2120.0 228
2140.0 2140.0 2040.0 2060.0 265
2060.0 2160.0 2020.0 2160.0 349
2060.0 2060.0 2000.0 2020.0 344
2040.0 2080.0 2020.0 2060.0 226
2060.0 2120.0 2040.0 2060.0 184
2100.0 2100.0 2040.0 2060.0 202
2040.0 2080.0 2030.0 2060.0 164
2060.0 2060.0 2020.0 2040.0 227
2040.0 2040.0 1970.0 1972.0 345
1980.0 1980.0 1900.0 1902.0 311
1920.0 1980.0 1820.0 1922.0 245
1920.0 2020.0 1920.0 1980.0 181
1980.0 2060.0 1950.0 1980.0 244
2000.0 2020.0 1930.0 1958.0 127
1938.0 1978.0 1880.0 1884.0 145
1920.0 1960.0 1864.0 1884.0 635
1390.0 1438.0 1312.0 1350.0 8064
1350.0 1418.0 1350.0 1410.0 3244
1400.0 1556.0 1372.0 1538.0 2298
1578.0 1650.0 1480.0 1582.0 1511
1620.0 1622.0 1522.0 1576.0 679
1580.0 1580.0 1478.0 1520.0 2293
1760.0 1880.0 1622.0 1774.0 9639
1738.0 1800.0 1668.0 1720.0 2928
1736.0 1768.0 1700.0 1722.0 895
1704.0 1738.0 1680.0 1698.0 782
1668.0 1678.0 1520.0 1612.0 1514
1620.0 1714.0 1566.0 1694.0 953
1660.0 1694.0 1600.0 1632.0 821
1680.0 1680.0 1564.0 1564.0 580
1594.0 1620.0 1540.0 1590.0 531
1600.0 1626.0 1560.0 1586.0 452
1580.0 1688.0 1560.0 1634.0 599
1610.0 1740.0 1600.0 1720.0 731
1560.0 1658.0 1540.0 1598.0 713
1600.0 1638.0 1580.0 1620.0 531
1640.0 1640.0 1540.0 1572.0 548
1582.0 1582.0 1510.0 1566.0 441
1560.0 1562.0 1510.0 1522.0 494
1510.0 1510.0 1460.0 1466.0 449
1462.0 1524.0 1460.0 1482.0 306
1520.0 1520.0 1440.0 1520.0 400
1518.0 1520.0 1440.0 1490.0 363
1500.0 1518.0 1440.0 1460.0 387
1466.0 1466.0 1344.0 1372.0 695
1386.0 1386.0 1262.0 1302.0 748
1340.0 1340.0 1226.0 1244.0 721
1290.0 1300.0 1152.0 1192.0 715
1240.0 1240.0 1104.0 1150.0 702
1120.0 1214.0 1120.0 1196.0 549
1196.0 1196.0 1080.0 1102.0 620
1120.0 1154.0 1080.0 1140.0 706
1140.0 1360.0 1130.0 1260.0 4698
1340.0 1366.0 1240.0 1274.0 2122
1270.0 1286.0 1140.0 1200.0 1427
1222.0 1230.0 1130.0 1170.0 837
1180.0 1280.0 1120.0 1260.0 879
1260.0 1452.0 1260.0 1412.0 1642
1422.0 1480.0 1300.0 1400.0 626
1420.0 1460.0 1340.0 1346.0 562
1368.0 1380.0 1304.0 1320.0 272
1308.0 1320.0 1220.0 1244.0 358
1234.0 1258.0 1118.0 1148.0 1053
1140.0 1192.0 1090.0 1168.0 728
1162.0 1214.0 1130.0 1140.0 455
1112.0 1176.0 1040.0 1040.0 804
1044.0 1090.0 1004.0 1048.0 813
1080.0 1090.0 1028.0 1064.0 698
1050.0 1100.0 1050.0 1084.0 445
1060.0 1112.0 1060.0 1100.0 564
1100.0 1100.0 1008.0 1026.0 995
1026.0 1060.0 1000.0 1006.0 815
1000.0 1056.0 960.0 1008.0 835
1000.0 1036.0 964.0 982.0 1027
940.0 1000.0 940.0 976.0 693
962.0 1068.0 962.0 1034.0 421
1064.0 1066.0 980.0 994.0 543
1036.0 1036.0 926.0 936.0 643
942.0 942.0 880.0 920.0 477
920.0 940.0 884.0 902.0 308
898.0 920.0 782.0 800.0 1675
800.0 840.0 794.0 800.0 749
814.0 820.0 784.0 794.0 805
800.0 870.0 784.0 794.0 1341
820.0 840.0 716.0 760.0 1070
770.0 770.0 720.0 720.0 562
724.0 740.0 674.0 684.0 694
700.0 732.0 666.0 670.0 670
690.0 698.0 590.0 600.0 1081
560.0 652.0 560.0 642.0 1062
636.0 678.0 600.0 660.0 378
662.0 674.0 600.0 610.0 490
638.0 656.0 582.0 588.0 663
580.0 678.0 580.0 652.0 829
634.0 780.0 626.0 698.0 623
700.0 778.0 692.0 756.0 517
760.0 760.0 710.0 736.0 265
726.0 740.0 664.0 678.0 397
692.0 722.0 676.0 700.0 166
710.0 760.0 676.0 682.0 288
682.0 730.0 640.0 640.0 407
660.0 672.0 652.0 668.0 235
660.0 700.0 642.0 664.0 371
670.0 678.0 610.0 630.0 324
612.0 638.0 602.0 620.0 193
668.0 676.0 620.0 668.0 289
678.0 678.0 628.0 638.0 413
678.0 680.0 602.0 614.0 403
604.0 634.0 580.0 614.0 321
620.0 634.0 566.0 570.0 323
588.0 588.0 560.0 562.0 317
508.0 596.0 502.0 592.0 450
596.0 640.0 566.0 616.0 381
566.0 640.0 566.0 612.0 168
640.0 660.0 590.0 604.0 263
610.0 620.0 580.0 580.0 264
600.0 618.0 540.0 552.0 309
560.0 600.0 560.0 560.0 222
560.0 582.0 500.0 506.0 1198
510.0 518.0 466.0 510.0 755
520.0 564.0 494.0 560.0 657
560.0 560.0 514.0 556.0 245
554.0 556.0 516.0 520.0 425
470.0 490.0 438.0 474.0 698
450.0 500.0 444.0 480.0 561
504.0 504.0 470.0 494.0 336
480.0 518.0 480.0 512.0 359
520.0 540.0 512.0 536.0 430
536.0 560.0 524.0 540.0 257
560.0 560.0 528.0 540.0 237
554.0 554.0 526.0 530.0 195
552.0 552.0 530.0 550.0 214
540.0 550.0 506.0 530.0 361
534.0 540.0 480.0 520.0 465
534.0 548.0 516.0 520.0 846
560.0 570.0 478.0 480.0 7238
460.0 464.0 410.0 420.0 3717
432.0 432.0 390.0 412.0 1925
420.0 420.0 372.0 388.0 3763
398.0 410.0 354.0 366.0 2459
362.0 362.0 330.0 336.0 2634
348.0 348.0 320.0 320.0 1502
330.0 330.0 292.0 294.0 3632
320.0 320.0 252.0 256.0 6823
270.0 556.0 260.0 376.0 79448
490.0 520.0 366.0 374.0 35014
344.0 360.0 316.0 326.0 9953
328.0 390.0 316.0 366.0 27813
336.0 346.0 308.0 330.0 8623
328.0 330.0 312.0 322.0 6089
316.0 336.0 302.0 312.0 4694
304.0 306.0 276.0 282.0 4636
276.0 290.0 260.0 272.0 3008
358.0 358.0 220.0 224.0 51957
201.5 218.5 150.5 157.0 25434
158.0 163.0 125.0 131.0 18038
128.0 128.5 113.0 114.5 11348
113.5 122.5 108.5 112.5 7742
113.5 116.0 91.0 103.5 39066
107.0 107.0 97.25 101.5 7546
103.0 104.0 91.0 94.0 8908
92.5 93.0 86.5 89.5 3484
88.0 92.0 82.0 88.5 5026
90.0 91.5 83.55000305175781 89.5 3492
89.5 91.5 80.0 81.0 3110
79.0 86.5 79.0 82.5 6684
82.5 85.0 78.5 81.5 6900
79.0 79.0 69.0 70.0 9780
71.5 71.5 62.5 65.0 11042
67.0 67.5 65.0 67.5 4790
65.5 72.0 64.0 69.5 6264
69.5 71.0 62.5 64.5 6692
65.5 65.8499984741211 61.0 65.5 3084
65.0 77.5 62.0 69.0 16306
68.5 69.5 63.5 67.5 4902
67.5 71.25 66.5 67.5 6304
66.5 78.0 66.5 77.5 7846
77.5 80.0 69.5 70.0 4638
72.5 74.5 67.30000305175781 68.5 4320
68.0 70.80000305175781 65.5 68.0 3836
67.0 68.0 64.0 64.0 3300
66.0 66.0 61.0 62.5 5526
61.0 63.5 61.0 63.0 4014
64.5 66.5 62.5 66.0 3222
64.0 65.0 61.0 61.0 2258
61.5 64.0 61.0 62.5 2740
61.0 63.0 55.5 57.0 4648
56.5 60.0 56.0 59.5 1698
59.5 61.0 57.5 61.0 2016
58.5 67.0 58.5 61.5 4942
60.0 63.0 56.0 57.5 9676
59.5 61.0 56.5 57.5 6004
58.0 59.0 54.5 54.5 5886
55.5 61.25 55.0 60.0 4070
61.5 63.5 55.5 57.5 76124
80.0 82.5 57.5 63.5 1006884
83.5 141.0 81.0 120.5 5090214
103.5 107.0 73.0 77.0 662786
71.5 76.0 58.0 58.25 452370
35.25 35.25 30.5 32.0 1003886
32.0 35.0 30.5 33.54999923706055 378872
33.0 35.0 32.54999923706055 34.150001525878906 362814
34.45000076293945 39.95000076293945 33.5 36.25 697230
36.0 37.0 34.0 34.25 281880
37.5 37.849998474121094 34.0 34.599998474121094 388824
34.54999923706055 34.75 32.5 33.45000076293945 220434
31.549999237060547 33.25 31.049999237060547 32.099998474121094 140290
31.5 31.5 28.299999237060547 29.0 198774
30.0 30.149999618530273 26.75 27.649999618530273 152316
27.0 30.350000381469727 27.0 28.049999237060547 190942
27.850000381469727 29.25 27.5 28.950000762939453 96600
28.25 30.450000762939453 28.25 29.5 102332
29.0 31.5 28.5 30.049999237060547 171796
30.0 30.0 26.75 27.049999237060547 138768
27.75 28.649999618530273 24.25 24.950000762939453 134176
27.0 27.25 25.5 27.0 153464
26.0 26.600000381469727 24.5 25.899999618530273 90054
25.600000381469727 26.5 24.600000381469727 26.0 71594
25.75 26.0 24.75 25.549999237060547 54358
25.0 27.600000381469727 25.0 27.450000762939453 68192
26.399999618530273 27.399999618530273 25.25 26.600000381469727 59542
26.0 28.75 26.0 28.299999237060547 77170
28.649999618530273 31.0 28.649999618530273 30.850000381469727 113960
30.0 30.899999618530273 28.0 29.799999237060547 71822
31.0 31.0 29.0 30.5 69844
33.0 38.5 31.549999237060547 33.900001525878906 438106
32.0 33.0 30.25 31.75 113670
32.20000076293945 33.5 31.5 32.099998474121094 108842
30.5 30.5 27.5 28.25 121278
28.25 28.399999618530273 26.399999618530273 26.899999618530273 78698
26.899999618530273 26.950000762939453 25.75 26.149999618530273 58016
26.100000381469727 28.200000762939453 25.350000381469727 27.100000381469727 61906
26.75 27.0 25.950000762939453 26.350000381469727 39644
26.049999237060547 26.049999237060547 24.649999618530273 25.25 55792
24.649999618530273 24.850000381469727 22.700000762939453 22.950000762939453 63098
23.75 23.899999618530273 22.950000762939453 23.149999618530273 32490
22.0 23.75 22.0 23.399999618530273 47772
23.0 23.399999618530273 22.0 22.5 36142
22.100000381469727 22.700000762939453 21.200000762939453 21.450000762939453 38374
22.299999237060547 22.399999618530273 20.899999618530273 21.200000762939453 34306
21.350000381469727 21.399999618530273 19.549999237060547 20.0 62920
20.0 21.0 19.5 20.149999618530273 33234
19.850000381469727 19.850000381469727 18.5 19.049999237060547 34158
19.5 19.700000762939453 18.649999618530273 19.0 24318
19.149999618530273 20.0 18.799999237060547 19.299999237060547 22990
19.049999237060547 19.5 18.75 19.450000762939453 17848
19.299999237060547 19.649999618530273 18.799999237060547 19.25 25612
19.0 20.950000762939453 19.0 20.0 30052
20.0 20.200000762939453 19.149999618530273 19.450000762939453 24944
19.149999618530273 21.399999618530273 19.100000381469727 20.25 106758
21.0 21.0 19.600000381469727 19.600000381469727 32938
20.25 21.149999618530273 19.75 20.0 28266
21.0 21.0 18.549999237060547 18.649999618530273 38566
18.649999618530273 19.200000762939453 18.0 18.399999618530273 23572
18.049999237060547 18.399999618530273 17.700000762939453 18.049999237060547 14384
18.600000381469727 18.600000381469727 16.799999237060547 17.049999237060547 13864
17.049999237060547 17.25 14.100000381469727 15.149999618530273 47634
14.199999809265137 15.0 13.100000381469727 13.899999618530273 24716
13.649999618530273 15.5 13.600000381469727 14.199999809265137 13558
14.850000381469727 15.0 14.100000381469727 14.25 8186
14.199999809265137 14.850000381469727 14.0 14.649999618530273 13096
14.5 15.0 14.050000190734863 14.199999809265137 13852
14.100000381469727 15.949999809265137 14.100000381469727 14.850000381469727 22336
15.149999618530273 15.550000190734863 14.25 15.25 9198
15.5 15.5 15.100000381469727 15.25 10746
15.800000190734863 15.850000381469727 15.050000190734863 15.100000381469727 10438
15.399999618530273 15.75 15.0 15.050000190734863 18196
15.25 15.25 13.550000190734863 13.550000190734863 24248
14.0 14.350000381469727 13.149999618530273 13.899999618530273 14064
13.300000190734863 14.199999809265137 12.5 12.850000381469727 18952
12.850000381469727 13.75 12.800000190734863 13.0 6312
12.5 13.25 12.5 13.050000190734863 7366
13.600000381469727 13.600000381469727 12.75 13.050000190734863 8552
12.800000190734863 13.0 12.5 12.800000190734863 14706
13.5 14.050000190734863 13.149999618530273 13.600000381469727 27004
14.0 14.100000381469727 13.5 13.5 17202
13.600000381469727 13.649999618530273 13.0 13.25 11740
13.100000381469727 13.649999618530273 13.0 13.5 8314
14.0 14.0 13.100000381469727 13.5 5966
13.25 13.75 13.25 13.5 15896
13.449999809265137 14.25 13.25 13.5 22776
14.0 14.149999618530273 13.25 13.449999809265137 10172
13.600000381469727 13.850000381469727 13.100000381469727 13.449999809265137 13966
14.0 15.850000381469727 13.699999809265137 13.949999809265137 55154
14.5 14.5 13.550000190734863 13.949999809265137 26242
14.0 14.5 13.550000190734863 14.0 9934
14.0 14.5 13.300000190734863 13.850000381469727 18396
13.550000190734863 14.149999618530273 13.25 13.350000381469727 21104
14.050000190734863 15.949999809265137 13.649999618530273 15.949999809265137 48334
14.399999618530273 14.75 12.550000190734863 12.800000190734863 52592
13.399999618530273 13.399999618530273 9.5 10.199999809265137 66016
10.199999809265137 10.949999809265137 10.0 10.399999618530273 29570
11.050000190734863 11.199999809265137 9.800000190734863 10.949999809265137 28956
11.850000381469727 11.899999618530273 10.75 11.0 27536
11.25 11.949999809265137 10.850000381469727 11.600000381469727 31822
11.899999618530273 11.899999618530273 10.949999809265137 11.0 14496
11.100000381469727 11.100000381469727 10.449999809265137 10.949999809265137 9652
11.25 11.25 10.25 10.5 11076
10.699999809265137 10.699999809265137 9.300000190734863 9.600000381469727 24480
9.800000190734863 10.0 9.149999618530273 9.699999809265137 11524
9.75 10.25 9.5 9.699999809265137 8724
9.699999809265137 10.0 9.300000190734863 9.899999618530273 3936
9.75 10.0 9.5 9.949999809265137 5070
9.5 10.5 9.5 10.0 9544
10.5 10.5 9.550000190734863 10.5 9668
10.0 10.5 9.75 10.0 8840
10.399999618530273 10.5 9.5 10.149999618530273 8006
10.199999809265137 10.350000381469727 10.0 10.199999809265137 5512
9.75 10.0 9.25 9.399999618530273 10372
10.100000381469727 10.399999618530273 9.300000190734863 9.5 6794
9.600000381469727 10.0 9.300000190734863 9.5 5738
9.5 9.600000381469727 9.100000381469727 9.449999809265137 6456
9.149999618530273 10.649999618530273 9.050000190734863 10.050000190734863 21436
10.149999618530273 10.350000381469727 9.350000381469727 9.850000381469727 5986
9.850000381469727 10.699999809265137 9.5 9.600000381469727 16156
10.100000381469727 10.25 9.300000190734863 9.699999809265137 8766
9.699999809265137 10.149999618530273 9.25 9.75 6136
9.899999618530273 9.899999618530273 8.75 9.0 17142
8.75 9.199999809265137 8.75 8.75 12212
9.0 9.649999618530273 8.899999618530273 9.100000381469727 12496
9.350000381469727 10.25 9.0 10.100000381469727 16600
10.300000190734863 10.5 9.5 9.75 13666
10.5 10.5 9.550000190734863 9.850000381469727 12100
9.949999809265137 9.949999809265137 9.550000190734863 9.600000381469727 9732
9.199999809265137 10.0 9.199999809265137 10.0 12810
10.0 12.449999809265137 9.550000190734863 11.350000381469727 33482
12.0 12.0 10.649999618530273 10.850000381469727 15968
12.0 12.0 10.5 11.649999618530273 12612
12.0 14.449999809265137 11.300000190734863 14.25 47418
14.5 14.75 13.5 13.949999809265137 18288
15.0 15.949999809265137 14.300000190734863 14.899999618530273 39538
16.0 16.0 14.5 15.100000381469727 27332
16.0 16.0 15.0 15.399999618530273 19106
16.0 16.0 14.350000381469727 14.949999809265137 16454
14.949999809265137 15.0 14.0 14.5 11818
14.949999809265137 15.0 13.75 14.350000381469727 19806
14.5 14.699999809265137 13.25 13.800000190734863 14934
14.5 14.5 13.5 14.0 11370
15.0 15.0 13.850000381469727 14.0 12492
15.199999809265137 15.199999809265137 14.0 14.800000190734863 18974
14.5 15.899999618530273 14.5 15.5 20702
15.5 15.5 14.25 14.899999618530273 15892
15.0 15.649999618530273 14.5 15.300000190734863 8724
14.350000381469727 15.100000381469727 13.0 13.449999809265137 37906
14.649999618530273 14.649999618530273 13.399999618530273 13.449999809265137 17248
13.949999809265137 13.949999809265137 13.0 13.5 7326
13.649999618530273 14.0 13.25 13.5 9474
14.199999809265137 14.5 13.5 13.75 49422
14.5 14.5 13.399999618530273 13.399999618530273 16910
13.899999618530273 13.899999618530273 12.899999618530273 13.600000381469727 15182
13.0 13.5 13.0 13.25 8392
13.25 13.25 12.5 12.75 15214
13.0 13.0 12.5 12.800000190734863 11702
12.800000190734863 13.5 12.5 13.5 10442
13.850000381469727 13.850000381469727 13.0 13.300000190734863 4140
13.5 13.75 13.100000381469727 13.5 4806
14.0 15.300000190734863 13.149999618530273 14.5 28246
14.0 14.449999809265137 13.25 13.5 8852
13.25 14.0 13.050000190734863 13.25 6866
13.0 13.5 12.75 13.0 6148
12.649999618530273 13.100000381469727 12.5 12.75 8782
13.0 13.149999618530273 12.5 12.550000190734863 4652
12.550000190734863 12.75 12.050000190734863 12.050000190734863 9368
11.699999809265137 12.100000381469727 11.5 11.550000190734863 6420
11.5 12.600000381469727 11.5 12.0 7238
12.0 12.949999809265137 11.699999809265137 12.050000190734863 13950
12.0 12.75 11.600000381469727 11.75 4718
12.100000381469727 12.75 11.550000190734863 12.050000190734863 6002
11.600000381469727 12.75 11.600000381469727 12.350000381469727 5828
13.0 13.0 12.0 12.0 2736
12.0 12.5 10.649999618530273 12.050000190734863 9316
11.899999618530273 12.100000381469727 11.0 11.5 6934
11.949999809265137 12.5 10.550000190734863 10.699999809265137 6956
11.0 11.199999809265137 10.5 10.649999618530273 6304
10.649999618530273 11.600000381469727 10.649999618530273 10.75 3830
10.449999809265137 11.449999809265137 10.449999809265137 10.800000190734863 4122
10.5 11.25 10.5 10.600000381469727 3984
10.399999618530273 10.949999809265137 10.0 10.5 9140
10.5 11.149999618530273 10.399999618530273 10.5 7056
10.5 12.25 10.5 12.050000190734863 11834
12.5 14.5 12.0 13.350000381469727 99102
13.899999618530273 14.399999618530273 11.0 12.100000381469727 51224
11.75 11.75 10.550000190734863 11.5 16128
11.300000190734863 12.399999618530273 10.5 11.75 16938
11.949999809265137 12.25 10.649999618530273 11.050000190734863 6534
11.800000190734863 11.850000381469727 11.050000190734863 11.600000381469727 5594
12.0 12.149999618530273 10.899999618530273 11.5 8586
11.0 11.699999809265137 10.699999809265137 11.199999809265137 7542
11.199999809265137 11.199999809265137 10.800000190734863 11.0 1976
11.100000381469727 11.5 10.949999809265137 11.25 1714
11.5 11.5 10.949999809265137 11.100000381469727 2934
11.100000381469727 11.5 11.0 11.5 1050
10.5 11.149999618530273 10.050000190734863 10.350000381469727 14564
9.0 9.100000381469727 7.781000137329102 8.170000076293945 156400
8.1899995803833 9.130000114440918 8.157999992370605 8.6899995803833 86600
8.609999656677246 8.725000381469727 8.239999771118164 8.239999771118164 45200
8.010000228881836 8.100000381469727 6.420000076293945 6.980000019073486 106200
6.710000038146973 7.5 6.710000038146973 7.170000076293945 38300
7.090000152587891 7.409999847412109 6.900000095367432 7.0 23600
6.920000076293945 6.920000076293945 6.605000019073486 6.671999931335449 21100
6.670000076293945 6.860000133514404 6.539999961853027 6.570000171661377 14100
6.599999904632568 6.941999912261963 6.550000190734863 6.670000076293945 10000
6.670000076293945 6.710000038146973 6.550000190734863 6.640999794006348 10900
6.650000095367432 6.840000152587891 6.599999904632568 6.840000152587891 10100
6.769999980926514 7.0 6.599999904632568 6.599999904632568 14800
6.96999979019165 6.96999979019165 6.559999942779541 6.599999904632568 16500
6.599999904632568 6.800000190734863 6.449999809265137 6.449999809265137 20100
6.5 6.570000171661377 6.050000190734863 6.309999942779541 17300
6.130000114440918 6.289999961853027 5.900000095367432 5.922999858856201 53700
6.019999980926514 6.199999809265137 5.973999977111816 6.019999980926514 27200
5.909999847412109 6.21999979019165 5.909999847412109 5.965000152587891 13800
5.960000038146973 6.199999809265137 5.78000020980835 5.900000095367432 16100
6.178999900817871 6.460000038146973 5.920000076293945 6.349999904632568 56600
6.578999996185303 6.610000133514404 6.111000061035156 6.130000114440918 14400
6.440000057220459 6.714000225067139 5.840000152587891 5.849999904632568 33200
5.889999866485596 5.949999809265137 5.21999979019165 5.679999828338623 72600
6.21999979019165 6.21999979019165 4.880000114440918 5.0 60400
4.949999809265137 5.0 4.730000019073486 4.75 24800
4.900000095367432 4.925000190734863 4.400000095367432 4.409999847412109 27600
4.449999809265137 4.449999809265137 3.9000000953674316 4.385000228881836 54400
4.429999828338623 4.429999828338623 4.110000133514404 4.170000076293945 27000
4.190000057220459 4.25 3.9200000762939453 3.9700000286102295 35700
3.930000066757202 3.9600000381469727 3.359999895095825 3.7100000381469727 70700
3.5999999046325684 4.260000228881836 3.4619998931884766 4.010000228881836 117900
3.8399999141693115 4.0 3.690000057220459 3.944999933242798 23700
3.9200000762939453 4.014999866485596 3.5 3.690000057220459 29300
3.609999895095825 3.680000066757202 3.559999942779541 3.6449999809265137 20200
3.6500000953674316 3.799999952316284 3.6500000953674316 3.7100000381469727 19100
3.690000057220459 3.799999952316284 3.609999895095825 3.7899999618530273 24400
3.7899999618530273 3.7899999618530273 3.6700000762939453 3.7200000286102295 11000
3.799999952316284 3.9000000953674316 3.6500000953674316 3.819999933242798 20800
3.7100000381469727 3.7929999828338623 3.609999895095825 3.700000047683716 16500
3.619999885559082 3.7699999809265137 3.5999999046325684 3.640000104904175 17400
3.7300000190734863 3.819999933242798 3.640000104904175 3.680000066757202 11800
3.680000066757202 3.7049999237060547 3.430000066757202 3.578000068664551 20200
3.559999942779541 3.7100000381469727 3.4000000953674316 3.4800000190734863 21800
3.7100000381469727 3.7100000381469727 3.440999984741211 3.5799999237060547 21100
3.6500000953674316 3.690000057220459 3.5 3.5899999141693115 2542500
3.9100000858306885 4.059999942779541 3.259999990463257 3.4800000190734863 1701600
3.299999952316284 3.4000000953674316 3.069999933242798 3.25 263400
3.0299999713897705 3.380000114440918 3.0299999713897705 3.259999990463257 133500
3.2699999809265137 3.3410000801086426 3.049999952316284 3.2200000286102295 91500
3.2100000381469727 3.299999952316284 3.0199999809265137 3.049999952316284 44100
3.180000066757202 3.180000066757202 2.8499999046325684 2.869999885559082 97100
2.869999885559082 2.9700000286102295 2.75 2.809999942779541 63700
2.9200000762939453 2.9200000762939453 2.640000104904175 2.7300000190734863 69600
2.7699999809265137 2.7699999809265137 2.5 2.5 45200
2.5 2.549999952316284 2.4200000762939453 2.4800000190734863 63200
2.5299999713897705 2.690000057220459 2.509999990463257 2.619999885559082 34700
2.6700000762939453 3.0 2.549999952316284 2.950000047683716 89600
2.990000009536743 3.0399999618530273 2.940999984741211 3.0299999713897705 48300
3.1500000953674316 3.4000000953674316 3.055999994277954 3.319999933242798 177100
3.3499999046325684 3.3499999046325684 3.0199999809265137 3.0799999237060547 55000
3.069999933242798 3.25 2.890000104904175 3.0199999809265137 113500
3.109999895095825 3.2899999618530273 3.0299999713897705 3.180000066757202 50200
3.1600000858306885 3.2799999713897705 3.0850000381469727 3.119999885559082 38800
3.2100000381469727 3.2899999618530273 2.990000009536743 3.0899999141693115 49700
3.049999952316284 3.0999999046325684 2.816999912261963 2.940000057220459 76300
3.0399999618530273 3.0399999618530273 2.799999952316284 2.8499999046325684 34900
2.859999895095825 3.0 2.8389999866485596 2.990000009536743 37200
3.1700000762939453 3.299999952316284 2.990000009536743 3.0999999046325684 93000
3.200000047683716 3.200000047683716 2.9700000286102295 3.0799999237060547 54000
3.0199999809265137 3.0999999046325684 2.9700000286102295 3.0199999809265137 28300
3.0 3.049999952316284 2.9100000858306885 3.0299999713897705 17200
3.0199999809265137 3.0309998989105225 2.819999933242798 2.940000057220459 58000
2.940000057220459 2.940000057220459 2.7679998874664307 2.809999942779541 43800
2.799999952316284 2.8399999141693115 2.700000047683716 2.799999952316284 37100
2.759999990463257 2.809999942779541 2.569999933242798 2.625 55800
2.6500000953674316 2.680000066757202 2.5199999809265137 2.5999999046325684 33700
2.640000104904175 2.9100000858306885 2.609999895095825 2.9000000953674316 30100
2.890000104904175 3.0 2.799999952316284 2.930000066757202 42000
2.9070000648498535 2.950000047683716 2.6500000953674316 2.740000009536743 28900
2.8499999046325684 2.880000114440918 2.700000047683716 2.7799999713897705 27300
2.8299999237060547 2.8399999141693115 2.5999999046325684 2.759999990463257 28600
2.7300000190734863 2.802000045776367 2.5899999141693115 2.6500000953674316 60200
2.746999979019165 2.759999990463257 2.490000009536743 2.5899999141693115 56200
2.6500000953674316 2.6600000858306885 2.200000047683716 2.299999952316284 167600
2.5 2.5 2.119999885559082 2.25 82100
2.25 2.25 2.1500000953674316 2.2100000381469727 30100
2.2300000190734863 2.2300000190734863 2.0 2.130000114440918 56000
2.059999942779541 2.2300000190734863 2.059999942779541 2.180000066757202 53300
2.190000057220459 2.2300000190734863 2.0 2.0899999141693115 62300
2.130000114440918 2.200000047683716 2.059999942779541 2.1700000762939453 29200
2.1700000762939453 2.2100000381469727 2.059999942779541 2.140000104904175 43200
2.2200000286102295 2.2200000286102295 2.0999999046325684 2.130000114440918 20200
2.180000066757202 2.180000066757202 2.0999999046325684 2.119999885559082 19000
2.109999895095825 2.121000051498413 2.069999933242798 2.109999895095825 18000
2.1050000190734863 2.1050000190734863 2.0299999713897705 2.0799999237060547 12900
2.0899999141693115 2.0999999046325684 2.049999952316284 2.059999942779541 4500
2.0929999351501465 2.0929999351501465 2.0 2.069999933242798 13800
2.0799999237060547 2.1600000858306885 2.0299999713897705 2.0999999046325684 37500
2.140000104904175 2.25 2.140000104904175 2.2300000190734863 48900
2.3299999237060547 2.609999895095825 2.2300000190734863 2.5999999046325684 110400
2.609999895095825 2.630000114440918 2.3989999294281006 2.509999990463257 53600
2.5899999141693115 2.6059999465942383 2.4010000228881836 2.4600000381469727 22700
2.5399999618530273 2.5399999618530273 2.299999952316284 2.390000104904175 29200
2.3499999046325684 2.490000009536743 2.2820000648498535 2.4000000953674316 26000
2.359999895095825 2.359999895095825 2.0999999046325684 2.0999999046325684 54000
2.119999885559082 2.25 2.049999952316284 2.25 83300
2.2300000190734863 2.299999952316284 2.069999933242798 2.140000104904175 23800
2.2300000190734863 2.2300000190734863 2.0199999809265137 2.059999942779541 44600
2.059999942779541 2.1449999809265137 2.0299999713897705 2.0299999713897705 34400
2.0399999618530273 2.0899999141693115 2.0 2.0899999141693115 35700
2.0899999141693115 2.0899999141693115 1.9199999570846558 1.9600000381469727 38000
1.9600000381469727 1.9600000381469727 1.8600000143051147 1.8799999952316284 35400
1.8949999809265137 1.8949999809265137 1.7899999618530273 1.8200000524520874 17200
1.9700000286102295 1.9700000286102295 1.649999976158142 1.7300000190734863 47400
1.8899999856948853 2.0899999141693115 1.7400000095367432 1.7599999904632568 96300
1.7699999809265137 1.9299999475479126 1.7599999904632568 1.7999999523162842 29000
1.815000057220459 2.049999952316284 1.75 2.0199999809265137 58400
1.9830000400543213 2.0999999046325684 1.909999966621399 2.0999999046325684 40300
2.140000104904175 2.240000009536743 2.0 2.180000066757202 61000
2.2300000190734863 2.450000047683716 2.1600000858306885 2.4000000953674316 113900
2.5899999141693115 2.5899999141693115 2.359999895095825 2.5899999141693115 79800
2.5199999809265137 2.5899999141693115 2.0999999046325684 2.0999999046325684 46100
2.0 2.200000047683716 2.0 2.0199999809265137 47500
2.009999990463257 2.0899999141693115 1.9700000286102295 1.9900000095367432 43400
2.0 2.0 1.899999976158142 1.899999976158142 18200
1.840000033378601 1.9500000476837158 1.8300000429153442 1.850000023841858 45700
1.8899999856948853 1.9500000476837158 1.850000023841858 1.909999966621399 24300
1.909999966621399 1.9500000476837158 1.8200000524520874 1.8200000524520874 28700
1.8300000429153442 1.8300000429153442 1.75 1.75 17900
1.75 1.8630000352859497 1.75 1.7799999713897705 19700
1.75 1.8300000429153442 1.690000057220459 1.7899999618530273 63600
1.840000033378601 1.8899999856948853 1.75 1.7699999809265137 25600
1.7899999618530273 1.899999976158142 1.75 1.7899999618530273 34700
1.8200000524520874 1.899999976158142 1.7910000085830688 1.8799999952316284 36900
1.840000033378601 1.9500000476837158 1.777999997138977 1.909999966621399 37200
