9.850000381469727 9.869999885559082 9.850000381469727 9.869999885559082 153100
9.859999656677246 10.0 9.850000381469727 9.850000381469727 46600
9.859999656677246 9.859999656677246 9.84000015258789 9.84000015258789 49800
9.84000015258789 9.859999656677246 9.84000015258789 9.84000015258789 128100
9.84000015258789 10.0 9.84000015258789 10.0 1800
9.949999809265137 9.949999809265137 9.84000015258789 9.84000015258789 1300
9.84000015258789 9.84000015258789 9.84000015258789 9.84000015258789 3900
9.84000015258789 9.84000015258789 9.84000015258789 9.84000015258789 0
9.84000015258789 9.876999855041504 9.84000015258789 9.84000015258789 600
9.859999656677246 9.859999656677246 9.84000015258789 9.850000381469727 38300
9.850000381469727 9.850000381469727 9.84000015258789 9.84000015258789 30900
9.84000015258789 9.84000015258789 9.84000015258789 9.84000015258789 0
9.84000015258789 9.84000015258789 9.84000015258789 9.84000015258789 0
9.859999656677246 9.859999656677246 9.859999656677246 9.859999656677246 400
9.859999656677246 9.859999656677246 9.850000381469727 9.850000381469727 50700
9.90999984741211 9.90999984741211 9.850000381469727 9.859999656677246 7200
9.859999656677246 9.869999885559082 9.859999656677246 9.869999885559082 53100
9.869999885559082 9.880000114440918 9.869999885559082 9.869999885559082 27100
9.880000114440918 9.890000343322754 9.869999885559082 9.890000343322754 5100
9.890000343322754 9.890000343322754 9.880000114440918 9.890000343322754 85300
9.899999618530273 9.899999618530273 9.899999618530273 9.899999618530273 14500
9.899999618530273 9.899999618530273 9.899999618530273 9.899999618530273 4500
9.907999992370605 9.90999984741211 9.907999992370605 9.90999984741211 500
9.90999984741211 9.90999984741211 9.90999984741211 9.90999984741211 0
9.930000305175781 9.930000305175781 9.930000305175781 9.930000305175781 500
9.949999809265137 9.970000267028809 9.9399995803833 9.970000267028809 12900
9.960000038146973 9.989999771118164 9.960000038146973 9.975000381469727 8300
9.930000305175781 9.930000305175781 9.920000076293945 9.920000076293945 4300
9.920000076293945 9.949999809265137 9.920000076293945 9.930000305175781 4700
9.944999694824219 9.944999694824219 9.930000305175781 9.930000305175781 2100
9.90999984741211 9.90999984741211 9.899999618530273 9.899999618530273 54700
9.869999885559082 9.930000305175781 9.869999885559082 9.930000305175781 38500
9.920000076293945 9.920000076293945 9.920000076293945 9.920000076293945 500
9.90999984741211 9.90999984741211 9.90999984741211 9.90999984741211 500
9.914999961853027 9.920000076293945 9.914999961853027 9.920000076293945 400
9.920000076293945 9.920000076293945 9.920000076293945 9.920000076293945 0
9.90999984741211 9.90999984741211 9.899999618530273 9.899999618530273 55500
9.899999618530273 9.899999618530273 9.899999618530273 9.899999618530273 400
9.899999618530273 9.899999618530273 9.899999618530273 9.899999618530273 0
9.949999809265137 9.949999809265137 9.942000389099121 9.942000389099121 476700
10.0 10.0 9.880000114440918 9.890000343322754 12200
9.890000343322754 9.890000343322754 9.890000343322754 9.890000343322754 0
9.869999885559082 9.949999809265137 9.859999656677246 9.880000114440918 222400
9.890000343322754 9.899999618530273 9.890000343322754 9.899999618530273 1900
9.899999618530273 9.899999618530273 9.899999618530273 9.899999618530273 0
9.899999618530273 9.899999618530273 9.899999618530273 9.899999618530273 0
9.949999809265137 9.949999809265137 9.920000076293945 9.920000076293945 1900
9.930000305175781 9.930000305175781 9.930000305175781 9.930000305175781 100
9.880000114440918 9.880000114440918 9.84000015258789 9.850000381469727 41200
9.869999885559082 9.869999885559082 9.850000381469727 9.850000381469727 2400
9.859999656677246 9.869999885559082 9.850000381469727 9.869999885559082 3800
9.859999656677246 9.890000343322754 9.859999656677246 9.890000343322754 16100
9.880000114440918 9.899999618530273 9.869999885559082 9.890000343322754 310500
9.880000114440918 9.880000114440918 9.880000114440918 9.880000114440918 100
9.869999885559082 9.880000114440918 9.869999885559082 9.880000114440918 1600
9.890000343322754 9.920000076293945 9.890000343322754 9.920000076293945 2300
9.869999885559082 9.920000076293945 9.869999885559082 9.920000076293945 7500
9.920000076293945 9.920000076293945 9.920000076293945 9.920000076293945 0
9.87600040435791 9.87600040435791 9.87600040435791 9.87600040435791 100
9.930000305175781 9.930000305175781 9.930000305175781 9.930000305175781 2300
9.920000076293945 9.920000076293945 9.859999656677246 9.859999656677246 6500
9.859999656677246 9.859999656677246 9.859999656677246 9.859999656677246 0
9.859999656677246 9.859999656677246 9.859999656677246 9.859999656677246 0
9.859999656677246 9.859999656677246 9.859999656677246 9.859999656677246 0
9.90999984741211 9.90999984741211 9.899999618530273 9.899999618530273 2800
9.899999618530273 9.899999618530273 9.899999618530273 9.899999618530273 0
9.899999618530273 9.899999618530273 9.899999618530273 9.899999618530273 0
9.899999618530273 9.899999618530273 9.899999618530273 9.899999618530273 0
9.899999618530273 9.899999618530273 9.899999618530273 9.899999618530273 0
9.899999618530273 9.899999618530273 9.899999618530273 9.899999618530273 200
9.899999618530273 9.899999618530273 9.899999618530273 9.899999618530273 0
9.869999885559082 9.920000076293945 9.850000381469727 9.920000076293945 14300
9.920000076293945 9.920000076293945 9.920000076293945 9.920000076293945 0
9.920000076293945 9.920000076293945 9.920000076293945 9.920000076293945 0
9.920000076293945 9.920000076293945 9.920000076293945 9.920000076293945 0
9.920000076293945 9.920000076293945 9.920000076293945 9.920000076293945 0
9.920000076293945 9.920000076293945 9.920000076293945 9.920000076293945 0
9.920000076293945 9.920000076293945 9.920000076293945 9.920000076293945 0
9.920000076293945 9.920000076293945 9.920000076293945 9.920000076293945 0
9.920000076293945 9.920000076293945 9.920000076293945 9.920000076293945 0
9.920000076293945 9.920000076293945 9.920000076293945 9.920000076293945 0
9.920000076293945 9.920000076293945 9.920000076293945 9.920000076293945 0
9.920000076293945 9.920000076293945 9.920000076293945 9.920000076293945 0
9.920000076293945 10.0 9.920000076293945 9.989999771118164 2900
9.989999771118164 9.989999771118164 9.989999771118164 9.989999771118164 0
9.989999771118164 9.989999771118164 9.989999771118164 9.989999771118164 100
9.989999771118164 9.989999771118164 9.989999771118164 9.989999771118164 0
9.989999771118164 9.989999771118164 9.989999771118164 9.989999771118164 0
9.979999542236328 9.989999771118164 9.979999542236328 9.989999771118164 800
9.989999771118164 9.989999771118164 9.989999771118164 9.989999771118164 400
9.970000267028809 9.970000267028809 9.970000267028809 9.970000267028809 600
9.949999809265137 9.949999809265137 9.949999809265137 9.949999809265137 600
9.949999809265137 9.949999809265137 9.949999809265137 9.949999809265137 0
9.949999809265137 9.949999809265137 9.949999809265137 9.949999809265137 0
9.949999809265137 9.949999809265137 9.949999809265137 9.949999809265137 0
9.949999809265137 9.949999809265137 9.949999809265137 9.949999809265137 0
9.949999809265137 9.949999809265137 9.949999809265137 9.949999809265137 0
9.949999809265137 9.949999809265137 9.949999809265137 9.949999809265137 0
9.949999809265137 9.949999809265137 9.949999809265137 9.949999809265137 0
9.949999809265137 9.949999809265137 9.949999809265137 9.949999809265137 0
10.055000305175781 10.055000305175781 10.055000305175781 10.055000305175781 100
10.055000305175781 10.055000305175781 10.055000305175781 10.055000305175781 0
10.055000305175781 10.055000305175781 10.055000305175781 10.055000305175781 0
9.880000114440918 9.880000114440918 9.880000114440918 9.880000114440918 400
9.880000114440918 9.880000114440918 9.880000114440918 9.880000114440918 0
9.890000343322754 10.25 9.880000114440918 10.25 900
10.25 10.25 10.25 10.25 0
10.25 10.25 10.25 10.25 0
10.25 10.25 10.25 10.25 0
9.960000038146973 9.960000038146973 9.960000038146973 9.960000038146973 300
9.960000038146973 9.960000038146973 9.960000038146973 9.960000038146973 0
9.960000038146973 9.960000038146973 9.960000038146973 9.960000038146973 0
10.020000457763672 10.020000457763672 10.020000457763672 10.020000457763672 200
9.970000267028809 9.989999771118164 9.949999809265137 9.989999771118164 2800
9.989999771118164 9.989999771118164 9.989999771118164 9.989999771118164 0
9.989999771118164 9.989999771118164 9.989999771118164 9.989999771118164 0
9.979999542236328 9.979999542236328 9.970000267028809 9.970000267028809 1300
10.029999732971191 10.029999732971191 10.029999732971191 10.029999732971191 200
9.96500015258789 9.96500015258789 9.96500015258789 9.96500015258789 300
9.96500015258789 9.96500015258789 9.96500015258789 9.96500015258789 0
9.96500015258789 9.96500015258789 9.96500015258789 9.96500015258789 0
10.029999732971191 10.029999732971191 10.029999732971191 10.029999732971191 100
10.029999732971191 10.029999732971191 10.029999732971191 10.029999732971191 0
10.029999732971191 10.029999732971191 9.90999984741211 9.930000305175781 46900
9.960000038146973 9.960000038146973 9.960000038146973 9.960000038146973 10000
9.960000038146973 9.960000038146973 9.960000038146973 9.960000038146973 0
10.029999732971191 10.029999732971191 10.029999732971191 10.029999732971191 200
9.979999542236328 9.979999542236328 9.960000038146973 9.960000038146973 500
9.960000038146973 9.960000038146973 9.960000038146973 9.960000038146973 0
9.970000267028809 9.970000267028809 9.970000267028809 9.970000267028809 2500
9.970000267028809 9.970000267028809 9.970000267028809 9.970000267028809 0
9.970000267028809 9.970000267028809 9.970000267028809 9.970000267028809 0
9.979999542236328 9.979999542236328 9.970000267028809 9.970000267028809 500
9.979999542236328 9.979999542236328 9.970000267028809 9.970000267028809 1700
10.0 10.0 10.0 10.0 5800
10.0 10.0 10.0 10.0 0
10.0 10.0 10.0 10.0 0
9.979999542236328 9.979999542236328 9.979999542236328 9.979999542236328 200
9.979999542236328 9.979999542236328 9.979999542236328 9.979999542236328 400
9.979999542236328 9.979999542236328 9.979999542236328 9.979999542236328 0
9.979999542236328 9.979999542236328 9.979999542236328 9.979999542236328 0
9.979999542236328 9.979999542236328 9.979999542236328 9.979999542236328 0
9.979999542236328 9.979999542236328 9.979999542236328 9.979999542236328 0
9.979999542236328 9.979999542236328 9.979999542236328 9.979999542236328 0
9.979999542236328 9.979999542236328 9.979999542236328 9.979999542236328 0
10.039999961853027 10.039999961853027 9.979999542236328 9.979999542236328 7000
9.979999542236328 9.979999542236328 9.979999542236328 9.979999542236328 0
10.0 10.0 10.0 10.0 1500
10.010000228881836 10.010000228881836 10.0 10.0 2400
10.0 10.0 10.0 10.0 0
10.010000228881836 10.010000228881836 10.010000228881836 10.010000228881836 1200
10.0 10.0 10.0 10.0 500
10.0 10.0 10.0 10.0 2000
10.0 10.0 10.0 10.0 200
10.0 10.0 10.0 10.0 0
10.039999961853027 10.039999961853027 10.039999961853027 10.039999961853027 500
10.039999961853027 10.039999961853027 10.039999961853027 10.039999961853027 0
10.039999961853027 10.039999961853027 10.039999961853027 10.039999961853027 0
10.020000457763672 10.020000457763672 10.020000457763672 10.020000457763672 121000
10.039999961853027 10.050000190734863 10.039999961853027 10.039999961853027 34600
10.039999961853027 10.039999961853027 10.039999961853027 10.039999961853027 0
10.039999961853027 10.039999961853027 10.039999961853027 10.039999961853027 0
10.050000190734863 10.050000190734863 10.050000190734863 10.050000190734863 3400
10.109999656677246 10.109999656677246 10.029999732971191 10.029999732971191 3200
10.029999732971191 10.029999732971191 10.029999732971191 10.029999732971191 0
10.050000190734863 10.079999923706055 10.050000190734863 10.050000190734863 2100
10.050000190734863 10.050000190734863 10.050000190734863 10.050000190734863 0
10.050000190734863 10.050000190734863 10.050000190734863 10.050000190734863 0
10.0600004196167 10.0600004196167 10.0600004196167 10.0600004196167 3700
10.0600004196167 10.0600004196167 10.0600004196167 10.0600004196167 0
10.0600004196167 10.0600004196167 10.0600004196167 10.0600004196167 100
10.0600004196167 10.0600004196167 10.0600004196167 10.0600004196167 0
10.0600004196167 10.0600004196167 10.0600004196167 10.0600004196167 17200
10.0600004196167 10.0600004196167 10.0600004196167 10.0600004196167 0
10.0600004196167 10.0600004196167 10.0600004196167 10.0600004196167 1000
10.0600004196167 10.0600004196167 10.0600004196167 10.0600004196167 0
10.0600004196167 10.0600004196167 10.0600004196167 10.0600004196167 0
10.0600004196167 10.0600004196167 10.0600004196167 10.0600004196167 0
10.0600004196167 10.0600004196167 10.0600004196167 10.0600004196167 5000
10.069999694824219 10.069999694824219 10.0649995803833 10.069999694824219 8800
10.069999694824219 10.09000015258789 10.069999694824219 10.09000015258789 92700
10.09000015258789 10.09000015258789 10.09000015258789 10.09000015258789 0
10.069999694824219 10.069999694824219 10.069999694824219 10.069999694824219 11400
10.069999694824219 10.069999694824219 10.069999694824219 10.069999694824219 0
10.069999694824219 10.079999923706055 10.069999694824219 10.079999923706055 94600
10.069999694824219 10.069999694824219 10.039999961853027 10.069999694824219 14600
10.039999961853027 10.039999961853027 10.039999961853027 10.039999961853027 1200
10.039999961853027 10.039999961853027 10.039999961853027 10.039999961853027 0
10.0600004196167 10.0600004196167 10.0600004196167 10.0600004196167 61000
10.0600004196167 10.0600004196167 10.0600004196167 10.0600004196167 0
10.050000190734863 10.079999923706055 10.050000190734863 10.079999923706055 300
10.079999923706055 10.079999923706055 10.079999923706055 10.079999923706055 0
10.079999923706055 10.09000015258789 10.069999694824219 10.069999694824219 14500
10.079999923706055 10.079999923706055 10.079999923706055 10.079999923706055 57200
10.069999694824219 10.069999694824219 10.069999694824219 10.069999694824219 4600
10.069999694824219 10.069999694824219 10.069999694824219 10.069999694824219 0
10.069999694824219 10.069999694824219 10.069999694824219 10.069999694824219 0
10.069999694824219 10.069999694824219 10.069999694824219 10.069999694824219 7600
10.069999694824219 10.069999694824219 10.069999694824219 10.069999694824219 0
10.069999694824219 10.069999694824219 10.069999694824219 10.069999694824219 17300
10.079999923706055 10.079999923706055 10.074999809265137 10.074999809265137 190500
10.074999809265137 10.074999809265137 10.074999809265137 10.074999809265137 0
10.074999809265137 10.074999809265137 10.069999694824219 10.069999694824219 7700
10.069999694824219 10.069999694824219 10.069999694824219 10.069999694824219 0
10.079999923706055 10.079999923706055 10.069999694824219 10.079999923706055 12000
10.079999923706055 10.079999923706055 10.079999923706055 10.079999923706055 1400
10.09000015258789 10.09000015258789 10.085000038146973 10.09000015258789 12000
10.09000015258789 10.09000015258789 10.079999923706055 10.079999923706055 1700
10.079999923706055 10.079999923706055 10.079999923706055 10.079999923706055 0
10.09000015258789 10.09000015258789 10.09000015258789 10.09000015258789 100
10.09000015258789 10.09000015258789 10.09000015258789 10.09000015258789 0
10.100000381469727 10.100000381469727 10.09000015258789 10.09000015258789 6700
10.079999923706055 10.079999923706055 10.079999923706055 10.079999923706055 575500
10.079999923706055 10.079999923706055 10.079999923706055 10.079999923706055 500
10.09000015258789 10.09000015258789 10.09000015258789 10.09000015258789 400
10.09000015258789 10.09000015258789 10.09000015258789 10.09000015258789 266000
10.09000015258789 10.100000381469727 10.09000015258789 10.100000381469727 1200
10.069999694824219 10.069999694824219 10.069999694824219 10.069999694824219 100
9.53499984741211 9.53499984741211 9.53499984741211 9.53499984741211 100
10.09000015258789 10.09000015258789 10.050000190734863 10.050000190734863 1500
10.069999694824219 10.069999694824219 10.069999694824219 10.069999694824219 700
10.069999694824219 10.069999694824219 10.069999694824219 10.069999694824219 0
10.239999771118164 10.239999771118164 10.239999771118164 10.239999771118164 100
10.239999771118164 10.239999771118164 10.239999771118164 10.239999771118164 0
10.130000114440918 10.1899995803833 10.130000114440918 10.149999618530273 700
10.109999656677246 10.109999656677246 10.109999656677246 10.109999656677246 149900
10.880000114440918 11.40999984741211 10.260000228881836 10.390000343322754 186700
10.399999618530273 10.399999618530273 10.25 10.359999656677246 35100
10.399999618530273 10.399999618530273 10.170000076293945 10.170000076293945 92100
10.1899995803833 10.270000457763672 10.119999885559082 10.270000457763672 52000
10.210000038146973 10.489999771118164 10.170000076293945 10.329999923706055 36800
10.329999923706055 10.64799976348877 10.149999618530273 10.270000457763672 120200
10.229999542236328 10.444999694824219 10.210000038146973 10.279999732971191 52200
10.279999732971191 10.399999618530273 10.225000381469727 10.319999694824219 108100
10.399999618530273 10.489999771118164 10.350000381469727 10.449999809265137 91700
10.40999984741211 10.979999542236328 10.40999984741211 10.529999732971191 650000
10.729999542236328 11.239999771118164 10.40999984741211 10.609999656677246 1009300
10.529999732971191 10.619000434875488 10.359999656677246 10.460000038146973 173200
10.449999809265137 10.541999816894531 10.40999984741211 10.449999809265137 61300
10.449999809265137 10.510000228881836 10.399999618530273 10.399999618530273 41700
10.369999885559082 10.489999771118164 10.329999923706055 10.350000381469727 71700
10.350000381469727 10.456999778747559 10.260000228881836 10.369999885559082 70000
10.399999618530273 10.510000228881836 10.34000015258789 10.350000381469727 29700
10.350000381469727 10.449999809265137 10.34000015258789 10.399999618530273 20700
10.369999885559082 10.40999984741211 10.361000061035156 10.369999885559082 20400
10.496000289916992 10.5 10.34000015258789 10.375 62700
10.350000381469727 10.399999618530273 10.289999961853027 10.34000015258789 30200
10.3100004196167 10.369999885559082 10.3100004196167 10.34000015258789 16800
10.260000228881836 10.390000343322754 10.260000228881836 10.359999656677246 1900
10.289999961853027 10.369999885559082 10.279999732971191 10.359999656677246 15700
10.279999732971191 10.369999885559082 10.279999732971191 10.359999656677246 6300
10.300000190734863 10.319999694824219 10.289999961853027 10.307000160217285 11900
10.279999732971191 10.369999885559082 10.25 10.364999771118164 98600
10.329999923706055 10.489999771118164 10.329999923706055 10.449999809265137 38100
10.350000381469727 10.609999656677246 10.270000457763672 10.380000114440918 61700
10.347999572753906 10.350000381469727 10.234999656677246 10.329999923706055 44500
10.279999732971191 10.300000190734863 10.220000267028809 10.270000457763672 8000
10.260000228881836 10.335000038146973 10.25 10.25 3000
10.220000267028809 10.220000267028809 9.5 10.210000038146973 5800
10.300000190734863 10.300000190734863 10.210000038146973 10.25 10400
10.25 10.25 10.180000305175781 10.199999809265137 4200
10.149999618530273 10.199999809265137 10.149999618530273 10.149999618530273 9600
10.09000015258789 10.199999809265137 10.09000015258789 10.1899995803833 7900
10.092000007629395 10.199999809265137 10.092000007629395 10.149999618530273 1600
10.109999656677246 10.138999938964844 10.109999656677246 10.138999938964844 12000
10.107999801635742 10.149999618530273 10.107999801635742 10.149999618530273 4500
10.130000114440918 10.149999618530273 10.100000381469727 10.149999618530273 8500
10.050000190734863 10.149999618530273 10.029999732971191 10.149999618530273 3200
10.09000015258789 10.130000114440918 10.079999923706055 10.125 1000
10.050000190734863 10.149999618530273 10.039999961853027 10.069999694824219 29900
10.039999961853027 10.079999923706055 10.039999961853027 10.079999923706055 7100
10.100000381469727 10.114999771118164 10.079999923706055 10.09000015258789 1800
10.100000381469727 10.140000343322754 10.100000381469727 10.10099983215332 8200
10.09000015258789 10.140000343322754 10.09000015258789 10.140000343322754 300
10.050000190734863 10.140000343322754 10.050000190734863 10.0600004196167 9000
10.069999694824219 10.090999603271484 10.020000457763672 10.065999984741211 8800
10.045000076293945 10.050000190734863 10.045000076293945 10.050000190734863 1600
10.050000190734863 10.050000190734863 10.039999961853027 10.039999961853027 700
10.050000190734863 10.130000114440918 10.039999961853027 10.130000114440918 9400
10.081000328063965 10.081000328063965 10.03499984741211 10.069999694824219 22100
10.069999694824219 10.109999656677246 10.020999908447266 10.109999656677246 7500
10.043999671936035 10.069999694824219 10.020000457763672 10.0600004196167 10900
10.020000457763672 10.039999961853027 10.010000228881836 10.039999961853027 16600
10.039999961853027 10.039999961853027 10.039999961853027 10.039999961853027 200
10.020000457763672 10.055000305175781 10.020000457763672 10.039999961853027 20100
10.0600004196167 10.0600004196167 10.020000457763672 10.039999961853027 14800
10.119999885559082 10.119999885559082 10.029999732971191 10.050000190734863 1200
10.050000190734863 10.050000190734863 10.050000190734863 10.050000190734863 0
10.050000190734863 10.050000190734863 10.050000190734863 10.050000190734863 0
10.069999694824219 10.149999618530273 10.069999694824219 10.069999694824219 49600
10.050000190734863 10.140000343322754 10.050000190734863 10.100000381469727 61600
10.031000137329102 10.100000381469727 10.031000137329102 10.069999694824219 23300
10.055000305175781 10.079999923706055 10.050000190734863 10.050000190734863 14600
10.045000076293945 10.130000114440918 10.019000053405762 10.100000381469727 32500
10.100000381469727 10.130000114440918 10.079999923706055 10.100000381469727 13900
10.140000343322754 10.140000343322754 10.079999923706055 10.119999885559082 3300
10.140000343322754 10.177000045776367 10.130000114440918 10.149999618530273 8600
10.130000114440918 10.180000305175781 10.130000114440918 10.149999618530273 7200
10.149999618530273 10.149999618530273 10.149999618530273 10.149999618530273 9900
10.149999618530273 10.149999618530273 10.149999618530273 10.149999618530273 7300
10.149999618530273 10.194999694824219 10.050000190734863 10.069999694824219 17500
10.149999618530273 10.149999618530273 10.149999618530273 10.149999618530273 600
10.149999618530273 10.149999618530273 10.149999618530273 10.149999618530273 2300
10.149999618530273 10.149999618530273 10.140000343322754 10.149999618530273 4900
10.140000343322754 10.149999618530273 10.140000343322754 10.149999618530273 12700
10.149999618530273 10.149999618530273 10.149999618530273 10.149999618530273 800
10.149999618530273 10.149999618530273 10.149999618530273 10.149999618530273 6400
10.149999618530273 10.149999618530273 10.149999618530273 10.149999618530273 0
10.149999618530273 10.149999618530273 10.149999618530273 10.149999618530273 0
10.149999618530273 10.149999618530273 10.149999618530273 10.149999618530273 0
10.220000267028809 10.220000267028809 10.170000076293945 10.220000267028809 1600
10.220000267028809 10.220000267028809 10.220000267028809 10.220000267028809 0
10.220000267028809 10.220000267028809 10.220000267028809 10.220000267028809 0
10.149999618530273 10.149999618530273 10.0600004196167 10.0600004196167 2100
10.069999694824219 10.130000114440918 10.062000274658203 10.130000114440918 2300
10.140000343322754 10.140000343322754 10.140000343322754 10.140000343322754 100
10.069999694824219 10.130000114440918 10.069999694824219 10.130000114440918 1100
10.0600004196167 10.119999885559082 10.0600004196167 10.079999923706055 2100
10.119999885559082 10.130000114440918 10.079999923706055 10.079999923706055 1500
10.199999809265137 10.199999809265137 10.079999923706055 10.100000381469727 1800
10.09000015258789 10.09000015258789 10.079999923706055 10.079999923706055 500
10.079999923706055 10.079999923706055 10.079999923706055 10.079999923706055 0
10.079999923706055 10.079999923706055 10.079999923706055 10.079999923706055 0
10.09000015258789 10.09000015258789 10.09000015258789 10.09000015258789 500
10.100000381469727 10.100000381469727 10.100000381469727 10.100000381469727 200
10.079999923706055 10.15999984741211 10.079999923706055 10.15999984741211 1600
10.15999984741211 10.15999984741211 10.15999984741211 10.15999984741211 0
10.0600004196167 10.100000381469727 10.050000190734863 10.100000381469727 2000
10.100000381469727 10.100000381469727 10.100000381469727 10.100000381469727 0
10.100000381469727 10.100000381469727 10.100000381469727 10.100000381469727 0
10.100000381469727 10.100000381469727 10.100000381469727 10.100000381469727 0
10.100000381469727 10.100000381469727 10.100000381469727 10.100000381469727 0
10.100000381469727 10.100000381469727 10.100000381469727 10.100000381469727 0
10.100000381469727 10.100000381469727 10.100000381469727 10.100000381469727 0
10.119999885559082 10.119999885559082 10.119999885559082 10.119999885559082 2100
10.069999694824219 10.145000457763672 10.069999694824219 10.145000457763672 200
10.145000457763672 10.145000457763672 10.145000457763672 10.145000457763672 0
10.145000457763672 10.145000457763672 10.145000457763672 10.145000457763672 0
10.145000457763672 10.145000457763672 10.145000457763672 10.145000457763672 0
10.140000343322754 10.149999618530273 10.140000343322754 10.149999618530273 8200
10.149999618530273 10.199999809265137 10.149999618530273 10.180000305175781 11000
10.180000305175781 10.220000267028809 10.170000076293945 10.199999809265137 6600
10.170000076293945 10.170000076293945 10.149999618530273 10.149999618530273 1500
10.149999618530273 10.149999618530273 10.149999618530273 10.149999618530273 0
10.130000114440918 10.130000114440918 10.119999885559082 10.119999885559082 4000
10.149999618530273 10.199999809265137 10.140000343322754 10.140000343322754 24000
10.149999618530273 10.170000076293945 10.104999542236328 10.119999885559082 39000
10.149999618530273 10.199999809265137 10.140000343322754 10.149999618530273 24700
10.140000343322754 10.180000305175781 10.140000343322754 10.180000305175781 8300
10.170000076293945 10.28600025177002 10.140000343322754 10.210000038146973 36700
10.300000190734863 10.359999656677246 10.210000038146973 10.289999961853027 117900
10.279999732971191 10.319999694824219 10.279999732971191 10.319999694824219 18200
10.199999809265137 10.279999732971191 10.199999809265137 10.220000267028809 9200
10.220000267028809 10.220000267028809 10.220000267028809 10.220000267028809 5400
10.359999656677246 10.359999656677246 10.210000038146973 10.210000038146973 6100
10.210000038146973 10.210000038146973 10.210000038146973 10.210000038146973 0
10.210000038146973 10.319999694824219 10.210000038146973 10.244999885559082 8200
10.229999542236328 10.229999542236328 10.170000076293945 10.180000305175781 8700
10.170000076293945 10.220000267028809 10.170000076293945 10.220000267028809 6300
10.220000267028809 10.220000267028809 10.194999694824219 10.220000267028809 7300
10.220000267028809 10.220000267028809 10.220000267028809 10.220000267028809 140800
10.3100004196167 10.430000305175781 10.260000228881836 10.289999961853027 67700
10.260000228881836 10.3100004196167 10.210000038146973 10.25 20000
10.220000267028809 10.25 10.1899995803833 10.25 28700
10.220999717712402 10.220999717712402 10.199999809265137 10.210000038146973 2900
10.210000038146973 10.210000038146973 10.100000381469727 10.15999984741211 32100
10.140000343322754 10.154999732971191 10.130000114440918 10.130000114440918 14400
10.130000114440918 10.130000114440918 10.015000343322754 10.100000381469727 39600
10.038999557495117 10.140000343322754 10.038999557495117 10.100000381469727 51600
10.04699993133545 10.100000381469727 10.04699993133545 10.079999923706055 24500
10.0600004196167 10.069999694824219 10.0600004196167 10.069999694824219 3200
10.0600004196167 10.069999694824219 10.050000190734863 10.069999694824219 18900
10.050000190734863 10.0649995803833 10.010000228881836 10.050000190734863 22400
10.020000457763672 10.039999961853027 10.010000228881836 10.020000457763672 26000
10.024999618530273 10.029999732971191 9.989999771118164 10.0 15300
10.029999732971191 10.029999732971191 10.026000022888184 10.029999732971191 3700
10.029999732971191 10.029999732971191 10.029999732971191 10.029999732971191 0
10.0 10.020000457763672 9.989999771118164 10.020000457763672 1000
9.989999771118164 10.010000228881836 9.979999542236328 9.994999885559082 7100
9.979999542236328 9.980999946594238 9.970000267028809 9.979999542236328 3900
9.970000267028809 9.979999542236328 9.970000267028809 9.970000267028809 2500
9.989999771118164 10.005000114440918 9.989999771118164 9.989999771118164 3800
10.020000457763672 10.029999732971191 10.020000457763672 10.029999732971191 40700
9.979999542236328 10.029999732971191 9.979999542236328 10.029999732971191 6400
10.029999732971191 10.029999732971191 10.029999732971191 10.029999732971191 7500
10.029999732971191 10.029999732971191 10.029999732971191 10.029999732971191 0
10.010000228881836 10.039999961853027 10.010000228881836 10.039999961853027 1200
10.0 10.005000114440918 9.979999542236328 9.979999542236328 2100
9.979999542236328 9.979999542236328 9.970000267028809 9.979999542236328 73400
9.970000267028809 9.979999542236328 9.968000411987305 9.979999542236328 38700
9.979999542236328 9.979999542236328 9.975000381469727 9.979999542236328 20000
9.989999771118164 9.989999771118164 9.989999771118164 9.989999771118164 1200
10.039999961853027 10.039999961853027 10.0 10.0 1200
10.0 10.0 10.0 10.0 0
10.0 10.0 10.0 10.0 0
9.989999771118164 9.989999771118164 9.979999542236328 9.989999771118164 12400
9.989999771118164 9.989999771118164 9.989999771118164 9.989999771118164 100
10.039999961853027 10.039999961853027 10.039999961853027 10.039999961853027 100
10.0 10.0 10.0 10.0 1600
10.0 10.006999969482422 10.0 10.0 35200
10.0 10.0 10.0 10.0 0
10.0 10.0 10.0 10.0 200
10.0 10.0 10.0 10.0 5100
10.0 10.0 10.0 10.0 0
10.010000228881836 10.010000228881836 10.010000228881836 10.010000228881836 19200
10.010000228881836 10.010000228881836 10.010000228881836 10.010000228881836 600
10.010000228881836 10.010000228881836 10.010000228881836 10.010000228881836 0
10.0 10.0 10.0 10.0 1400
10.0 10.0 10.0 10.0 0
10.0 10.0 9.989999771118164 10.0 7200
10.0 10.0 9.989999771118164 9.989999771118164 38800
9.989999771118164 9.989999771118164 9.970000267028809 9.979999542236328 3700
9.970000267028809 9.970000267028809 9.970000267028809 9.970000267028809 400
9.989999771118164 9.989999771118164 9.989999771118164 9.989999771118164 400
9.989999771118164 10.0 9.989999771118164 9.989999771118164 3100
9.989999771118164 9.989999771118164 9.989999771118164 9.989999771118164 0
10.0 10.00100040435791 10.0 10.0 28700
10.029999732971191 10.039999961853027 10.0 10.010000228881836 2100
10.010000228881836 10.010000228881836 10.010000228881836 10.010000228881836 100
10.010000228881836 10.010000228881836 10.0 10.010000228881836 6700
10.029999732971191 10.039999961853027 10.029999732971191 10.039999961853027 3600
10.0600004196167 10.0600004196167 10.039999961853027 10.039999961853027 1800
10.045999526977539 10.045999526977539 10.039999961853027 10.039999961853027 3200
10.050000190734863 10.050000190734863 10.050000190734863 10.050000190734863 3400
10.0600004196167 10.0600004196167 10.0600004196167 10.0600004196167 100
10.0600004196167 10.0600004196167 10.0600004196167 10.0600004196167 0
10.079999923706055 10.088000297546387 10.039999961853027 10.039999961853027 8600
10.039999961853027 10.039999961853027 10.039999961853027 10.039999961853027 800
10.050000190734863 10.050000190734863 10.039999961853027 10.039999961853027 3600
10.079999923706055 10.079999923706055 10.079999923706055 10.079999923706055 100
10.079999923706055 10.09000015258789 10.079999923706055 10.09000015258789 1500
10.079999923706055 10.079999923706055 10.079999923706055 10.079999923706055 200
10.079999923706055 10.079999923706055 10.079999923706055 10.079999923706055 0
10.100000381469727 10.100000381469727 10.100000381469727 10.100000381469727 400
10.100000381469727 10.100000381469727 10.100000381469727 10.100000381469727 0
10.163000106811523 10.163000106811523 10.15999984741211 10.15999984741211 600
10.149999618530273 10.149999618530273 10.149999618530273 10.149999618530273 700
10.149999618530273 10.149999618530273 10.149999618530273 10.149999618530273 0
10.114999771118164 10.114999771118164 10.109999656677246 10.111000061035156 800
10.111000061035156 10.111000061035156 10.111000061035156 10.111000061035156 0
10.130000114440918 10.130000114440918 10.130000114440918 10.130000114440918 400
10.130000114440918 10.130000114440918 10.130000114440918 10.130000114440918 1100
10.140000343322754 10.140000343322754 10.140000343322754 10.140000343322754 2000
10.140000343322754 10.15999984741211 10.140000343322754 10.15999984741211 2100
10.15999984741211 10.180000305175781 10.15999984741211 10.180000305175781 2300
10.180000305175781 10.180000305175781 10.180000305175781 10.180000305175781 100
10.180000305175781 10.180000305175781 10.180000305175781 10.180000305175781 100
10.1899995803833 10.1899995803833 10.1899995803833 10.1899995803833 100
10.1899995803833 10.1899995803833 10.1899995803833 10.1899995803833 0
10.1899995803833 10.1899995803833 10.1899995803833 10.1899995803833 0
10.170000076293945 10.170000076293945 10.170000076293945 10.170000076293945 200
10.170000076293945 10.180000305175781 10.149999618530273 10.180000305175781 900
10.180000305175781 10.180000305175781 10.180000305175781 10.180000305175781 0
10.170000076293945 10.170000076293945 10.170000076293945 10.170000076293945 1200
10.180000305175781 10.25 10.180000305175781 10.210000038146973 3800
10.210000038146973 10.210000038146973 10.210000038146973 10.210000038146973 0
10.210000038146973 10.210000038146973 10.210000038146973 10.210000038146973 0
10.210000038146973 10.210000038146973 10.210000038146973 10.210000038146973 0
10.210000038146973 10.300000190734863 10.210000038146973 10.300000190734863 15700
10.300000190734863 10.300000190734863 10.25 10.25 14300
10.289999961853027 10.289999961853027 10.289999961853027 10.289999961853027 200
10.289999961853027 10.289999961853027 10.289999961853027 10.289999961853027 0
10.289999961853027 10.289999961853027 10.289999961853027 10.289999961853027 0
10.289999961853027 10.289999961853027 10.289999961853027 10.289999961853027 0
10.279999732971191 10.289999961853027 10.24899959564209 10.270000457763672 12400
10.25 10.300000190734863 10.25 10.300000190734863 16100
10.25 10.270000457763672 10.25 10.270000457763672 9000
10.279999732971191 10.279999732971191 10.279999732971191 10.279999732971191 1000
10.270000457763672 10.270000457763672 10.270000457763672 10.270000457763672 57200
10.25 10.270000457763672 10.25 10.270000457763672 1100
10.300000190734863 10.329999923706055 10.289999961853027 10.329999923706055 3100
10.399999618530273 10.399999618530273 10.34000015258789 10.369999885559082 800
10.310999870300293 10.4399995803833 10.289999961853027 10.324999809265137 35700
10.300000190734863 10.739999771118164 10.149999618530273 10.223999977111816 77300
10.170000076293945 10.170000076293945 10.109999656677246 10.149999618530273 9500
10.119999885559082 10.180000305175781 10.119999885559082 10.15999984741211 3000
10.149999618530273 10.149999618530273 10.149999618530273 10.149999618530273 2200
10.149999618530273 10.149999618530273 10.149999618530273 10.149999618530273 100
10.149999618530273 10.152999877929688 10.140000343322754 10.149999618530273 3600
10.199999809265137 10.199999809265137 10.16100025177002 10.16100025177002 200
10.16100025177002 10.16100025177002 10.16100025177002 10.16100025177002 0
10.151000022888184 10.151000022888184 10.151000022888184 10.151000022888184 800
10.140000343322754 10.140000343322754 10.130000114440918 10.140000343322754 6600
10.140000343322754 10.140000343322754 10.140000343322754 10.140000343322754 100
10.140000343322754 10.145999908447266 10.140000343322754 10.140000343322754 1500
10.140000343322754 10.140000343322754 10.140000343322754 10.140000343322754 0
10.130000114440918 10.130000114440918 10.130000114440918 10.130000114440918 2300
10.140000343322754 10.140000343322754 10.140000343322754 10.140000343322754 300
10.140000343322754 10.140000343322754 10.140000343322754 10.140000343322754 0
10.149999618530273 10.149999618530273 10.149999618530273 10.149999618530273 200
10.149999618530273 10.149999618530273 10.149999618530273 10.149999618530273 0
10.140000343322754 10.149999618530273 10.140000343322754 10.140000343322754 1600
10.149999618530273 10.149999618530273 10.149999618530273 10.149999618530273 1000
10.149999618530273 10.149999618530273 10.149999618530273 10.149999618530273 0
10.149999618530273 10.149999618530273 10.149999618530273 10.149999618530273 0
10.149999618530273 10.149999618530273 10.149999618530273 10.149999618530273 0
10.1899995803833 10.210000038146973 10.1899995803833 10.1899995803833 14600
10.199999809265137 10.199999809265137 10.199999809265137 10.199999809265137 100
10.199999809265137 10.199999809265137 10.199999809265137 10.199999809265137 0
10.199999809265137 10.199999809265137 10.199999809265137 10.199999809265137 0
10.199999809265137 10.199999809265137 10.199999809265137 10.199999809265137 0
10.199999809265137 10.199999809265137 10.199999809265137 10.199999809265137 0
10.1899995803833 10.1899995803833 10.1899995803833 10.1899995803833 100
10.1899995803833 10.1899995803833 10.1899995803833 10.1899995803833 11500
10.1899995803833 10.1899995803833 10.1899995803833 10.1899995803833 0
10.180000305175781 10.229999542236328 10.180000305175781 10.220000267028809 28900
10.220000267028809 10.220000267028809 10.220000267028809 10.220000267028809 0
10.220000267028809 10.220000267028809 10.220000267028809 10.220000267028809 0
10.220000267028809 10.220000267028809 10.220000267028809 10.220000267028809 0
10.220000267028809 10.220000267028809 10.220000267028809 10.220000267028809 0
10.220000267028809 10.220000267028809 10.220000267028809 10.220000267028809 0
10.1899995803833 10.1899995803833 10.1899995803833 10.1899995803833 200
10.1899995803833 10.1899995803833 10.1899995803833 10.1899995803833 0
10.1899995803833 10.1899995803833 10.1899995803833 10.1899995803833 1500
10.1899995803833 10.1899995803833 10.1899995803833 10.1899995803833 0
10.194999694824219 10.199999809265137 10.1899995803833 10.199999809265137 1200
10.199999809265137 10.199999809265137 10.199999809265137 10.199999809265137 0
10.25 10.25 10.25 10.25 300
10.25 10.25 10.25 10.25 0
10.25 10.25 10.25 10.25 0
10.180000305175781 10.180000305175781 10.180000305175781 10.180000305175781 300
10.180000305175781 10.180000305175781 10.180000305175781 10.180000305175781 0
10.180000305175781 10.180000305175781 10.180000305175781 10.180000305175781 0
10.180000305175781 10.180000305175781 10.180000305175781 10.180000305175781 0
10.210000038146973 10.210000038146973 10.210000038146973 10.210000038146973 300
10.210000038146973 10.210000038146973 10.210000038146973 10.210000038146973 0
10.204999923706055 10.210000038146973 10.204999923706055 10.210000038146973 1100
10.199999809265137 10.25 10.199999809265137 10.25 10900
10.25 10.25 10.25 10.25 0
10.25 10.25 10.25 10.25 0
10.25 10.25 10.25 10.25 0
10.25 10.25 10.25 10.25 0
10.260000228881836 10.300000190734863 10.260000228881836 10.291000366210938 300
10.300000190734863 10.300000190734863 10.300000190734863 10.300000190734863 200
10.300000190734863 10.300000190734863 10.300000190734863 10.300000190734863 0
10.300000190734863 10.300000190734863 10.300000190734863 10.300000190734863 0
10.300000190734863 10.300000190734863 10.300000190734863 10.300000190734863 0
10.300000190734863 10.300000190734863 10.300000190734863 10.300000190734863 0
10.25 10.25 10.25 10.25 900
10.270000457763672 10.270000457763672 10.270000457763672 10.270000457763672 1000
10.270000457763672 10.270000457763672 10.270000457763672 10.270000457763672 0
10.270000457763672 10.270000457763672 10.270000457763672 10.270000457763672 0
10.270000457763672 10.270000457763672 10.270000457763672 10.270000457763672 0
10.270000457763672 10.270000457763672 10.270000457763672 10.270000457763672 0
10.289999961853027 10.289999961853027 10.289999961853027 10.289999961853027 100
10.300000190734863 10.300000190734863 10.300000190734863 10.300000190734863 500
10.300000190734863 10.300000190734863 10.300000190734863 10.300000190734863 0
10.300000190734863 10.300000190734863 10.300000190734863 10.300000190734863 100
10.300000190734863 10.300000190734863 10.300000190734863 10.300000190734863 100
10.300000190734863 10.300000190734863 10.300000190734863 10.300000190734863 0
10.300000190734863 10.449999809265137 10.28499984741211 10.319999694824219 16600
10.4350004196167 11.229999542236328 10.399999618530273 10.491000175476074 153500
10.435999870300293 10.435999870300293 10.260000228881836 10.319999694824219 51400
10.279999732971191 10.319999694824219 10.274999618530273 10.319999694824219 5800
10.3100004196167 10.3100004196167 10.289999961853027 10.300000190734863 6500
10.350000381469727 10.350000381469727 10.300000190734863 10.3100004196167 21200
10.3100004196167 10.989999771118164 10.300000190734863 10.925000190734863 301900
11.25 11.25 10.789999961853027 10.819999694824219 41300
10.800000190734863 11.145000457763672 10.800000190734863 10.850000381469727 174400
10.800000190734863 10.850000381469727 10.770000457763672 10.772000312805176 15000
10.789999961853027 10.800000190734863 10.770000457763672 10.800000190734863 10000
10.770000457763672 10.800000190734863 10.729999542236328 10.800000190734863 6000
10.789999961853027 10.800000190734863 10.699999809265137 10.75 4500
10.725000381469727 10.75 10.699999809265137 10.699999809265137 5200
10.710000038146973 10.789999961853027 10.699999809265137 10.699999809265137 50600
10.699999809265137 10.699999809265137 10.699999809265137 10.699999809265137 2600
10.710000038146973 10.710000038146973 10.699999809265137 10.704999923706055 6300
10.704999923706055 10.704999923706055 10.699999809265137 10.699999809265137 900
10.710000038146973 10.743000030517578 10.699999809265137 10.739999771118164 5900
10.739999771118164 10.739999771118164 10.739999771118164 10.739999771118164 300
10.710000038146973 10.739999771118164 10.710000038146973 10.739999771118164 900
10.729999542236328 10.800000190734863 10.699999809265137 10.795000076293945 22500
10.699999809265137 10.699999809265137 10.699999809265137 10.699999809265137 1300
10.699999809265137 10.760000228881836 10.699999809265137 10.699999809265137 13200
10.699999809265137 10.75 10.699999809265137 10.75 7600
10.699999809265137 10.75 10.699999809265137 10.75 5600
10.75 10.75 10.75 10.75 2100
10.734999656677246 10.734999656677246 10.729000091552734 10.729999542236328 4900
10.699999809265137 10.699999809265137 10.699999809265137 10.699999809265137 6400
10.699999809265137 10.699999809265137 10.699999809265137 10.699999809265137 0
10.699999809265137 10.699999809265137 10.699999809265137 10.699999809265137 700
10.699999809265137 10.699999809265137 10.699999809265137 10.699999809265137 700
10.699999809265137 10.699999809265137 10.699999809265137 10.699999809265137 1100
10.699999809265137 10.699999809265137 10.699999809265137 10.699999809265137 100
10.699999809265137 10.699999809265137 10.649999618530273 10.649999618530273 1600
10.649999618530273 10.649999618530273 10.649999618530273 10.649999618530273 900
10.75 10.75 10.6899995803833 10.6899995803833 4300
10.6899995803833 10.6899995803833 10.6899995803833 10.6899995803833 0
10.6899995803833 10.6899995803833 10.6899995803833 10.6899995803833 0
10.6899995803833 10.6899995803833 10.6899995803833 10.6899995803833 0
10.649999618530273 10.649999618530273 10.649999618530273 10.649999618530273 1800
10.755000114440918 10.899999618530273 10.75 10.75 4600
10.75 10.890000343322754 10.75 10.850000381469727 68700
10.779999732971191 10.779999732971191 10.710000038146973 10.710000038146973 12800
10.720000267028809 10.720000267028809 10.710000038146973 10.710000038146973 800
10.710000038146973 10.710000038146973 10.710000038146973 10.710000038146973 200
10.710000038146973 10.989999771118164 10.710000038146973 10.800000190734863 26500
10.836999893188477 10.949999809265137 10.770000457763672 10.920000076293945 7100
10.899999618530273 10.960000038146973 10.699999809265137 10.800000190734863 22200
10.720000267028809 10.800000190734863 10.699999809265137 10.75 5000
10.720000267028809 10.800000190734863 10.720000267028809 10.800000190734863 1900
10.710000038146973 10.75 10.699999809265137 10.729999542236328 10500
10.789999961853027 10.800000190734863 10.789999961853027 10.800000190734863 1900
10.75 10.800000190734863 10.75 10.75 4300
10.829999923706055 10.850000381469727 10.829999923706055 10.850000381469727 1600
10.850000381469727 10.850000381469727 10.850000381469727 10.850000381469727 0
10.770000457763672 10.805999755859375 10.770000457763672 10.805999755859375 1300
10.770000457763672 10.850000381469727 10.770000457763672 10.850000381469727 2100
10.850000381469727 10.850000381469727 10.850000381469727 10.850000381469727 0
10.850000381469727 10.850000381469727 10.800000190734863 10.800000190734863 1500
11.0 11.479999542236328 10.949999809265137 11.100000381469727 42400
11.1899995803833 11.199999809265137 11.0 11.041000366210938 3100
11.109999656677246 11.1899995803833 11.109999656677246 11.1899995803833 3000
11.109999656677246 11.112000465393066 11.0 11.109999656677246 15900
10.850000381469727 11.00100040435791 10.850000381469727 10.90999984741211 8400
10.859999656677246 10.9399995803833 10.84000015258789 10.9350004196167 20500
10.9350004196167 10.9350004196167 10.9350004196167 10.9350004196167 0
10.9350004196167 10.9350004196167 10.9350004196167 10.9350004196167 0
10.949999809265137 11.475000381469727 10.812000274658203 10.895000457763672 20700
10.899999618530273 10.989999771118164 10.770000457763672 10.859999656677246 27700
10.899999618530273 10.949999809265137 10.75 10.859999656677246 19300
