19.950000762939453 20.41900062561035 16.700000762939453 17.110000610351562 3213000
16.360000610351562 18.3799991607666 16.15999984741211 16.809999465942383 348400
17.15999984741211 17.15999984741211 16.25 16.649999618530273 126100
17.0 17.0 16.0 16.299999237060547 256500
16.489999771118164 16.489999771118164 15.789999961853027 16.020000457763672 207900
16.010000228881836 16.420000076293945 16.0 16.25 269000
16.420000076293945 16.639999389648438 16.299999237060547 16.6200008392334 115000
16.34000015258789 16.540000915527344 15.989999771118164 16.110000610351562 190400
16.219999313354492 19.799999237060547 16.110000610351562 18.459999084472656 226900
18.25 18.450000762939453 16.704999923706055 16.969999313354492 223200
16.729999542236328 17.0 16.270000457763672 16.479999542236328 269100
16.489999771118164 17.18000030517578 16.075000762939453 16.93000030517578 136400
17.149999618530273 17.149999618530273 16.375 16.950000762939453 71200
16.989999771118164 17.55500030517578 16.799999237060547 17.0 41600
17.170000076293945 17.75 16.610000610351562 17.0 113500
17.0 17.209999084472656 16.65999984741211 16.809999465942383 81000
16.899999618530273 17.739999771118164 16.899999618530273 17.09000015258789 229800
18.0 19.25 16.899999618530273 18.440000534057617 1137100
18.5 18.969999313354492 17.674999237060547 17.93000030517578 187500
17.899999618530273 19.260000228881836 17.530000686645508 18.219999313354492 176100
18.559999465942383 18.989999771118164 18.0049991607666 18.309999465942383 158100
19.5 21.540000915527344 19.25 20.860000610351562 1457000
21.209999084472656 21.799999237060547 20.049999237060547 21.079999923706055 353200
21.06999969482422 22.139999389648438 20.510000228881836 20.979999542236328 281000
20.889999389648438 21.100000381469727 19.100000381469727 20.100000381469727 226700
20.0 20.040000915527344 19.280000686645508 19.34000015258789 73200
19.040000915527344 19.042999267578125 18.170000076293945 18.530000686645508 247100
18.5 19.06999969482422 17.719999313354492 18.760000228881836 259100
18.3700008392334 18.850000381469727 17.270000457763672 17.940000534057617 168900
17.93000030517578 19.5 17.03499984741211 18.8799991607666 503200
18.889999389648438 19.459999084472656 18.059999465942383 18.059999465942383 151800
18.18000030517578 18.75 17.799999237060547 18.200000762939453 103200
18.610000610351562 20.200000762939453 18.299999237060547 19.889999389648438 275500
19.989999771118164 29.709999084472656 19.989999771118164 24.690000534057617 1678600
25.1200008392334 25.399999618530273 21.649999618530273 22.729999542236328 490000
22.899999618530273 23.33799934387207 22.020000457763672 22.219999313354492 423200
23.110000610351562 23.799999237060547 20.375 22.25 414000
22.200000762939453 22.75 21.799999237060547 22.25 117400
22.6200008392334 23.09000015258789 20.520000457763672 22.329999923706055 325200
22.079999923706055 24.655000686645508 21.729999542236328 23.459999084472656 290900
23.239999771118164 27.489999771118164 23.239999771118164 26.5 265000
26.75 26.75 24.540000915527344 24.600000381469727 219800
24.799999237060547 26.5049991607666 24.5 25.950000762939453 214700
26.0 26.219999313354492 24.25 24.510000228881836 192100
24.600000381469727 24.860000610351562 23.280000686645508 23.510000228881836 108800
23.469999313354492 24.110000610351562 22.43000030517578 23.420000076293945 122500
23.5 23.81999969482422 22.530000686645508 23.270000457763672 124000
23.5 23.700000762939453 22.899999618530273 23.299999237060547 98900
23.459999084472656 23.459999084472656 22.790000915527344 22.899999618530273 52300
23.25 25.31999969482422 23.25 24.010000228881836 98800
24.84000015258789 24.979999542236328 22.489999771118164 24.899999618530273 211500
25.079999923706055 25.309999465942383 23.329999923706055 23.790000915527344 144600
23.719999313354492 24.399999618530273 22.850000381469727 23.8700008392334 115800
23.729999542236328 25.459999084472656 23.170000076293945 24.3799991607666 180100
24.350000381469727 25.875 24.010000228881836 25.360000610351562 148400
25.520000457763672 26.520000457763672 25.520000457763672 26.0 195900
26.5 26.75 26.1200008392334 26.299999237060547 190100
26.8799991607666 27.0 25.0 26.09000015258789 115000
25.920000076293945 28.440000534057617 25.174999237060547 28.43000030517578 219600
28.510000228881836 30.739999771118164 26.889999389648438 29.40999984741211 306400
29.850000381469727 31.84000015258789 29.107999801635742 30.1200008392334 219700
30.40999984741211 30.489999771118164 27.350000381469727 28.1200008392334 330800
27.440000534057617 29.5 27.15999984741211 28.649999618530273 269300
28.93000030517578 30.739999771118164 28.299999237060547 30.299999237060547 311700
30.81999969482422 32.900001525878906 29.75 30.940000534057617 2194900
30.8700008392334 32.20000076293945 29.68000030517578 31.209999084472656 387700
31.290000915527344 34.20500183105469 31.270000457763672 33.810001373291016 294000
33.689998626708984 34.650001525878906 32.25 34.29999923706055 312600
33.869998931884766 34.38399887084961 31.209999084472656 31.530000686645508 127400
31.809999465942383 32.95199966430664 31.030000686645508 31.940000534057617 145400
32.22999954223633 32.68000030517578 30.219999313354492 30.90999984741211 214800
30.56999969482422 32.650001525878906 30.0 32.650001525878906 158400
32.279998779296875 34.790000915527344 32.279998779296875 34.25 129900
34.25 34.25 29.530000686645508 29.770000457763672 255000
29.850000381469727 30.489999771118164 27.049999237060547 27.940000534057617 294500
27.940000534057617 28.649999618530273 27.200000762939453 27.450000762939453 131400
27.639999389648438 28.15399932861328 27.09000015258789 27.790000915527344 181200
27.799999237060547 28.149999618530273 26.690000534057617 27.06999969482422 150700
27.479999542236328 27.829999923706055 26.270000457763672 26.81999969482422 230700
26.899999618530273 27.950000762939453 25.829999923706055 27.809999465942383 194700
27.850000381469727 28.170000076293945 27.200000762939453 27.989999771118164 122000
28.0 28.5 26.459999084472656 26.790000915527344 126700
26.780000686645508 27.25 24.763999938964844 26.549999237060547 257500
26.0 26.329999923706055 25.0 25.889999389648438 168800
26.170000076293945 26.170000076293945 24.270000457763672 24.31999969482422 126100
22.829999923706055 23.200000762939453 20.0 20.270000457763672 3037700
20.15999984741211 21.450000762939453 19.989999771118164 20.059999465942383 1102900
20.239999771118164 22.139999389648438 20.059999465942383 22.040000915527344 834200
21.90999984741211 22.729999542236328 20.40999984741211 20.670000076293945 501300
20.809999465942383 20.809999465942383 18.802000045776367 20.06999969482422 639500
21.579999923706055 22.649999618530273 20.81999969482422 21.209999084472656 705700
21.149999618530273 21.56999969482422 20.200000762939453 21.31999969482422 436100
21.889999389648438 22.200000762939453 20.899999618530273 21.6200008392334 302700
21.940000534057617 22.389999389648438 20.510000228881836 21.719999313354492 319300
21.549999237060547 21.979999542236328 20.780000686645508 21.540000915527344 260300
23.610000610351562 24.18000030517578 21.915000915527344 22.190000534057617 1031900
22.469999313354492 23.139999389648438 21.510000228881836 22.959999084472656 580100
23.360000610351562 25.56999969482422 23.170000076293945 25.0 690400
25.790000915527344 25.79599952697754 23.649999618530273 24.780000686645508 454300
25.18000030517578 25.5 22.700000762939453 22.989999771118164 381400
24.110000610351562 24.270000457763672 21.950000762939453 22.420000076293945 386800
22.3799991607666 22.4060001373291 21.149999618530273 21.700000762939453 390600
21.940000534057617 22.079999923706055 20.219999313354492 20.729999542236328 491500
20.700000762939453 21.260000228881836 20.010000228881836 21.200000762939453 376400
21.1299991607666 22.079999923706055 20.325000762939453 21.149999618530273 269600
21.200000762939453 22.40999984741211 20.915000915527344 21.520000457763672 252400
21.3799991607666 24.670000076293945 21.110000610351562 23.690000534057617 716400
22.5 23.209999084472656 21.600000381469727 22.260000228881836 387300
22.8700008392334 23.139999389648438 21.510000228881836 22.31999969482422 588700
22.219999313354492 22.290000915527344 20.780000686645508 20.889999389648438 421800
20.969999313354492 22.170000076293945 19.360000610351562 22.059999465942383 537600
22.059999465942383 22.5 21.049999237060547 21.399999618530273 362000
21.399999618530273 21.399999618530273 20.09000015258789 20.850000381469727 328400
21.405000686645508 21.405000686645508 20.200000762939453 20.600000381469727 535300
20.639999389648438 20.790000915527344 18.860000610351562 19.290000915527344 739200
19.940000534057617 20.229999542236328 17.079999923706055 19.18000030517578 538500
19.200000762939453 19.829999923706055 18.639999389648438 19.139999389648438 217200
19.6299991607666 20.40999984741211 19.34000015258789 20.219999313354492 231500
20.3700008392334 21.65999984741211 20.209999084472656 20.3700008392334 259300
20.559999465942383 22.139999389648438 20.454999923706055 21.860000610351562 221400
21.5 21.950000762939453 20.739999771118164 21.559999465942383 271900
21.155000686645508 21.739999771118164 20.709999084472656 20.93000030517578 145500
20.959999084472656 21.739999771118164 20.59000015258789 20.84000015258789 176300
20.639999389648438 21.19499969482422 20.399999618530273 20.65999984741211 302700
20.3799991607666 20.915000915527344 19.5 20.100000381469727 247800
19.889999389648438 20.670000076293945 19.15999984741211 19.170000076293945 660000
19.649999618530273 19.8799991607666 18.799999237060547 19.010000228881836 219700
19.225000381469727 19.579999923706055 18.43000030517578 18.520000457763672 263500
18.68000030517578 19.0 17.3799991607666 17.760000228881836 284300
17.579999923706055 18.079999923706055 16.950000762939453 17.959999084472656 261400
18.149999618530273 19.0 17.405000686645508 18.09000015258789 272100
18.100000381469727 18.40999984741211 16.874000549316406 17.3700008392334 251500
17.299999237060547 17.399999618530273 16.329999923706055 16.899999618530273 305800
17.170000076293945 18.540000915527344 16.809999465942383 18.399999618530273 407500
18.3799991607666 19.0 17.969999313354492 18.389999389648438 318400
18.5 19.489999771118164 18.5 18.899999618530273 244600
18.8700008392334 19.0 18.594999313354492 18.799999237060547 180100
18.81999969482422 19.1200008392334 18.559999465942383 18.780000686645508 149400
18.959999084472656 19.0310001373291 18.579999923706055 18.649999618530273 133100
18.600000381469727 19.31999969482422 18.440000534057617 19.079999923706055 183500
18.950000762939453 18.950000762939453 16.780000686645508 16.799999237060547 321100
16.829999923706055 17.65999984741211 16.799999237060547 16.899999618530273 164100
17.030000686645508 18.049999237060547 16.951000213623047 17.489999771118164 197700
17.690000534057617 17.889999389648438 16.170000076293945 16.450000762939453 507800
16.40999984741211 16.829999923706055 16.020000457763672 16.59000015258789 211800
16.200000762939453 16.8799991607666 16.200000762939453 16.649999618530273 188300
16.5 17.68000030517578 16.360000610351562 17.420000076293945 332600
17.459999084472656 18.204999923706055 17.299999237060547 18.059999465942383 120100
17.950000762939453 19.0 17.700000762939453 18.25 285600
18.3700008392334 18.540000915527344 17.799999237060547 17.979999542236328 124500
18.110000610351562 18.64900016784668 17.899999618530273 18.5 131200
18.700000762939453 18.969999313354492 18.0 18.479999542236328 196300
18.5 19.058000564575195 18.100000381469727 18.84000015258789 127000
18.84000015258789 19.290000915527344 18.010000228881836 19.219999313354492 171700
19.06999969482422 19.959999084472656 18.950000762939453 19.68000030517578 158000
19.469999313354492 21.0 19.450000762939453 20.549999237060547 298200
20.280000686645508 20.28700065612793 18.469999313354492 18.639999389648438 291400
18.6299991607666 18.902999877929688 17.68000030517578 17.739999771118164 158300
17.6299991607666 18.079999923706055 17.030000686645508 18.049999237060547 140500
18.190000534057617 18.979999542236328 17.75 18.479999542236328 110000
18.56999969482422 19.1200008392334 18.100000381469727 18.56999969482422 90300
18.270000457763672 18.447999954223633 17.6200008392334 17.670000076293945 164600
17.530000686645508 18.2450008392334 17.530000686645508 18.0 155500
18.170000076293945 18.440000534057617 17.65999984741211 18.079999923706055 116700
18.219999313354492 19.0 17.770000457763672 18.09000015258789 229600
18.09000015258789 19.350000381469727 17.860000610351562 19.350000381469727 248200
19.530000686645508 19.774999618530273 18.6299991607666 18.829999923706055 252600
18.610000610351562 19.469999313354492 18.040000915527344 18.15999984741211 283100
18.31999969482422 18.738000869750977 17.639999389648438 18.549999237060547 247600
18.65999984741211 19.559999465942383 18.65999984741211 19.350000381469727 412900
19.299999237060547 19.520000457763672 18.59000015258789 18.6200008392334 204200
18.65999984741211 18.9950008392334 17.864999771118164 18.0 421700
18.149999618530273 18.700000762939453 17.940000534057617 18.239999771118164 390800
18.360000610351562 19.75 18.360000610351562 19.290000915527344 417400
19.440000534057617 20.17300033569336 19.440000534057617 19.940000534057617 554200
19.950000762939453 20.040000915527344 18.549999237060547 18.860000610351562 203700
18.889999389648438 19.549999237060547 18.459999084472656 18.5 598400
18.5 18.899999618530273 17.760000228881836 18.729999542236328 245300
18.8799991607666 20.049999237060547 18.8700008392334 20.0 532500
20.1299991607666 23.639999389648438 19.549999237060547 20.8700008392334 2946400
20.860000610351562 21.979999542236328 19.934999465942383 20.40999984741211 815000
20.639999389648438 20.860000610351562 19.75 20.0 259700
20.239999771118164 20.5 19.729999542236328 19.860000610351562 312000
20.0 20.190000534057617 19.405000686645508 19.700000762939453 224400
19.799999237060547 20.110000610351562 19.270000457763672 19.399999618530273 181300
19.489999771118164 19.639999389648438 18.549999237060547 18.729999542236328 225800
18.979999542236328 19.459999084472656 18.459999084472656 18.549999237060547 395000
18.56999969482422 19.010000228881836 17.93000030517578 18.239999771118164 1618400
10.470000267028809 11.739999771118164 9.699999809265137 11.149999618530273 30119400
11.260000228881836 11.6899995803833 10.529999732971191 10.75 7458700
10.970000267028809 11.0600004196167 10.25 10.34000015258789 2745300
10.449999809265137 10.84000015258789 10.210000038146973 10.609999656677246 2023900
10.765000343322754 11.350000381469727 10.710000038146973 10.989999771118164 2210600
11.210000038146973 11.210000038146973 10.678000450134277 10.84000015258789 4022900
10.819999694824219 11.100000381469727 10.59000015258789 10.649999618530273 1011000
10.699999809265137 10.760000228881836 10.270000457763672 10.399999618530273 1018700
10.300000190734863 10.520000457763672 10.029999732971191 10.239999771118164 788300
10.380000114440918 10.649999618530273 10.170000076293945 10.59000015258789 536200
10.600000381469727 10.649999618530273 10.220000267028809 10.539999961853027 452500
10.5600004196167 11.149999618530273 10.4399995803833 11.0 1029900
11.0 11.069999694824219 10.25 10.630000114440918 632500
10.300000190734863 10.670000076293945 9.829999923706055 10.569999694824219 507600
10.720000267028809 11.050000190734863 10.569999694824219 10.890000343322754 617000
10.880000114440918 11.010000228881836 10.430000305175781 10.5 479200
10.649999618530273 11.300000190734863 10.460000038146973 10.6899995803833 853900
10.8100004196167 10.84000015258789 9.949999809265137 10.010000228881836 1277200
10.050000190734863 10.1850004196167 9.729999542236328 9.920000076293945 1277500
9.949999809265137 10.019000053405762 9.25 9.520000457763672 1386900
9.260000228881836 10.119999885559082 9.220000267028809 9.960000038146973 1002600
10.013999938964844 10.479999542236328 9.760000228881836 10.420000076293945 577300
10.449999809265137 10.800000190734863 10.25 10.789999961853027 901800
10.699999809265137 11.0 10.390000343322754 10.539999961853027 656700
10.510000228881836 10.585000038146973 9.789999961853027 10.1899995803833 432900
10.239999771118164 10.539999961853027 9.869999885559082 10.039999961853027 280000
10.010000228881836 10.138999938964844 9.520000457763672 9.800000190734863 365500
9.972000122070312 10.34000015258789 9.800999641418457 10.300000190734863 286400
10.390000343322754 10.40999984741211 9.680000305175781 9.770000457763672 565900
9.850000381469727 10.020000457763672 9.449999809265137 9.609999656677246 383500
9.619999885559082 9.989999771118164 9.449999809265137 9.90999984741211 374200
9.899999618530273 10.0600004196167 9.6899995803833 10.0600004196167 302200
9.9399995803833 10.220000267028809 9.9399995803833 10.149999618530273 178100
10.279999732971191 10.579999923706055 10.100000381469727 10.40999984741211 691600
10.449999809265137 10.449999809265137 9.850000381469727 9.970000267028809 377900
9.979999542236328 10.239999771118164 9.84000015258789 10.170000076293945 239200
10.149999618530273 10.1899995803833 9.5600004196167 10.130000114440918 561200
10.1899995803833 10.246999740600586 9.812999725341797 9.890000343322754 295300
9.869999885559082 10.199999809265137 9.779999732971191 10.010000228881836 278400
9.949999809265137 9.949999809265137 9.720000267028809 9.829999923706055 209300
9.8100004196167 9.8100004196167 9.199999809265137 9.220000267028809 355800
9.109999656677246 9.729999542236328 8.880000114440918 9.149999618530273 780900
9.020000457763672 9.920000076293945 8.920000076293945 9.579999923706055 545400
9.449999809265137 9.9399995803833 9.420000076293945 9.5 386800
9.5 9.819999694824219 9.475000381469727 9.619999885559082 150500
9.649999618530273 10.229999542236328 9.630000114440918 10.199999809265137 440200
10.199999809265137 10.329999923706055 10.020000457763672 10.220000267028809 171600
10.140000343322754 10.479999542236328 10.0600004196167 10.350000381469727 280300
10.34000015258789 10.569999694824219 10.229999542236328 10.270000457763672 181000
10.239999771118164 11.039999961853027 10.1899995803833 10.760000228881836 505000
10.800000190734863 10.869999885559082 10.319999694824219 10.65999984741211 347000
10.649999618530273 10.958999633789062 10.4399995803833 10.59000015258789 195500
10.59000015258789 10.75 10.489999771118164 10.729999542236328 139100
10.760000228881836 10.979999542236328 10.619999885559082 10.920000076293945 216800
10.890000343322754 10.890000343322754 10.539999961853027 10.65999984741211 141000
10.600000381469727 11.079999923706055 10.600000381469727 11.0 347900
11.069999694824219 11.465999603271484 10.8100004196167 10.960000038146973 573100
10.859999656677246 11.239999771118164 10.680000305175781 11.09000015258789 422100
11.180000305175781 11.199999809265137 10.8100004196167 11.029999732971191 284900
11.029999732971191 11.15999984741211 10.670000076293945 10.739999771118164 347400
10.739999771118164 10.819999694824219 10.034000396728516 10.100000381469727 303900
10.0600004196167 10.329999923706055 9.989999771118164 10.09000015258789 353700
10.100000381469727 10.390000343322754 9.960000038146973 10.300000190734863 361900
10.359999656677246 10.539999961853027 10.0600004196167 10.130000114440918 848100
10.029999732971191 10.100000381469727 9.640000343322754 9.789999961853027 352400
9.850000381469727 9.98900032043457 9.729999542236328 9.819999694824219 230400
9.84000015258789 9.979999542236328 9.699999809265137 9.890000343322754 139800
9.8100004196167 9.970000267028809 9.630000114440918 9.9399995803833 231100
9.920000076293945 9.949999809265137 9.520000457763672 9.529999732971191 252400
9.5600004196167 9.899999618530273 9.40999984741211 9.829999923706055 189500
9.739999771118164 9.739999771118164 9.270000457763672 9.300000190734863 259000
9.369999885559082 9.479999542236328 9.25 9.300000190734863 394100
9.289999961853027 9.550000190734863 9.260000228881836 9.380000114440918 200900
9.399999618530273 9.539999961853027 9.199999809265137 9.5 244300
9.390000343322754 9.470000267028809 9.140000343322754 9.170000076293945 172300
9.229999542236328 9.460000038146973 9.170000076293945 9.380000114440918 212400
9.239999771118164 9.739999771118164 9.164999961853027 9.399999618530273 461200
9.399999618530273 9.680000305175781 9.380000114440918 9.5 156700
9.460000038146973 9.550000190734863 9.270000457763672 9.300000190734863 233500
9.260000228881836 9.480999946594238 9.130000114440918 9.369999885559082 231000
9.350000381469727 9.619999885559082 9.260000228881836 9.489999771118164 147300
9.449999809265137 9.654999732971191 9.329999923706055 9.510000228881836 220500
9.550000190734863 9.920000076293945 9.550000190734863 9.789999961853027 292800
9.859999656677246 9.890000343322754 9.5 9.5600004196167 160000
9.520000457763672 9.630000114440918 9.350000381469727 9.600000381469727 177500
9.600000381469727 9.65999984741211 9.494999885559082 9.569999694824219 148800
9.579999923706055 9.710000038146973 9.520000457763672 9.609999656677246 173400
9.59000015258789 9.720000267028809 9.460000038146973 9.630000114440918 269300
10.539999961853027 11.536999702453613 10.210000038146973 10.710000038146973 2897300
10.770000457763672 11.579999923706055 10.609999656677246 11.350000381469727 1131100
11.350000381469727 12.069999694824219 11.109999656677246 11.760000228881836 817900
11.699999809265137 12.079999923706055 11.5600004196167 11.760000228881836 609100
11.739999771118164 12.1899995803833 11.300000190734863 12.149999618530273 424200
12.149999618530273 13.279999732971191 12.079999923706055 13.069999694824219 667200
13.069999694824219 14.539999961853027 12.850000381469727 14.470000267028809 764100
14.5 14.949999809265137 13.699999809265137 14.25 523900
14.234999656677246 15.460000038146973 13.930000305175781 15.34000015258789 604800
15.5 16.399999618530273 15.3100004196167 15.630000114440918 831000
15.59000015258789 16.389999389648438 15.220000267028809 15.729999542236328 533200
15.880000114440918 16.239999771118164 15.710000038146973 16.010000228881836 559600
16.010000228881836 16.5 15.430000305175781 15.5 611500
15.399999618530273 15.850000381469727 14.800000190734863 14.859999656677246 507000
14.6850004196167 16.6200008392334 14.6850004196167 16.389999389648438 739000
16.360000610351562 16.649999618530273 15.569999694824219 16.200000762939453 639000
16.642000198364258 16.642000198364258 15.600000381469727 15.6899995803833 229200
15.5 16.049999237060547 14.199999809265137 15.6899995803833 606900
15.279999732971191 15.585000038146973 14.95300006866455 15.09000015258789 274800
15.199999809265137 15.199999809265137 14.229999542236328 14.720000267028809 381500
14.354999542236328 15.180000305175781 14.354999542236328 14.5600004196167 350700
14.600000381469727 14.819999694824219 14.170000076293945 14.600000381469727 319600
14.640000343322754 14.850000381469727 14.09000015258789 14.369999885559082 414700
14.229999542236328 14.920000076293945 14.020000457763672 14.460000038146973 390400
13.805000305175781 14.210000038146973 13.380000114440918 13.9399995803833 419600
14.1899995803833 14.329999923706055 13.574999809265137 13.579999923706055 329600
13.5 13.710000038146973 12.890000343322754 13.479999542236328 637200
13.760000228881836 13.890000343322754 12.300000190734863 12.380000114440918 764300
12.380000114440918 13.1899995803833 12.34000015258789 13.069999694824219 349100
13.119999885559082 13.347999572753906 12.010000228881836 12.34000015258789 502600
12.350000381469727 13.079999923706055 11.970000267028809 12.9399995803833 481200
13.239999771118164 13.920000076293945 13.069999694824219 13.449999809265137 585800
13.529999732971191 13.949999809265137 13.239999771118164 13.699999809265137 216000
13.614999771118164 13.930000305175781 13.15999984741211 13.239999771118164 190400
13.204999923706055 13.609999656677246 13.190999984741211 13.550000190734863 173200
13.449999809265137 13.774999618530273 13.149999618530273 13.170000076293945 273900
13.0 13.59000015258789 12.819999694824219 13.40999984741211 151000
13.210000038146973 13.416000366210938 12.149999618530273 12.979999542236328 429400
13.289999961853027 13.550000190734863 11.878999710083008 11.9399995803833 316300
11.65999984741211 12.649999618530273 11.489999771118164 12.289999961853027 889000
12.029999732971191 12.329999923706055 11.760000228881836 12.0600004196167 202000
12.229999542236328 12.5600004196167 12.109999656677246 12.430000305175781 167800
12.369999885559082 12.75 12.15999984741211 12.619999885559082 251900
12.600000381469727 13.039999961853027 12.600000381469727 13.010000228881836 188800
13.0 13.0 12.579999923706055 12.640000343322754 152100
12.5600004196167 12.654999732971191 12.319999694824219 12.489999771118164 158700
12.5 12.5 12.062999725341797 12.380000114440918 176400
12.4399995803833 12.904999732971191 12.220000267028809 12.40999984741211 245400
12.369999885559082 13.100000381469727 12.289999961853027 13.029999732971191 367600
13.079999923706055 13.510000228881836 12.819999694824219 13.020000457763672 214100
12.930000305175781 13.1899995803833 12.329999923706055 13.069999694824219 248700
13.15999984741211 13.880000114440918 12.970000267028809 13.220000267028809 446300
12.979999542236328 13.15999984741211 12.489999771118164 12.710000038146973 498900
12.630000114440918 12.899999618530273 11.75 12.010000228881836 369600
11.989999771118164 12.149999618530273 10.9399995803833 11.470000267028809 348100
11.4399995803833 12.09000015258789 11.130000114440918 12.010000228881836 273400
12.199999809265137 12.199999809265137 11.75 11.829999923706055 208400
11.850000381469727 11.850000381469727 11.15999984741211 11.420000076293945 130600
11.329999923706055 11.380000114440918 10.779999732971191 11.050000190734863 172400
10.859999656677246 11.095000267028809 10.470000267028809 10.640000343322754 343100
10.84000015258789 10.84000015258789 10.210000038146973 10.260000228881836 299500
10.25 10.664999961853027 10.0 10.010000228881836 244600
9.9399995803833 10.21399974822998 9.609999656677246 10.0 470500
9.539999961853027 11.0 9.350000381469727 10.9399995803833 636700
9.835000038146973 11.154999732971191 9.835000038146973 10.779999732971191 272000
10.979999542236328 11.220000267028809 10.119999885559082 10.229999542236328 556400
10.5 10.694999694824219 9.699999809265137 9.90999984741211 339500
9.869999885559082 10.510000228881836 9.329999923706055 10.0 442700
9.979999542236328 10.515000343322754 9.899999618530273 10.300000190734863 411200
10.5 10.630000114440918 10.03499984741211 10.550000190734863 212600
10.649999618530273 10.649999618530273 9.84000015258789 9.949999809265137 170700
9.829999923706055 9.925000190734863 9.279999732971191 9.579999923706055 300500
9.5 9.720000267028809 9.279999732971191 9.640000343322754 195700
9.65999984741211 10.010000228881836 9.65999984741211 9.880000114440918 248000
9.819999694824219 9.975000381469727 9.550000190734863 9.850000381469727 169200
9.84000015258789 10.920000076293945 9.680000305175781 10.649999618530273 716800
10.229999542236328 10.819999694824219 10.154999732971191 10.229999542236328 141800
10.0600004196167 10.460000038146973 9.90999984741211 10.100000381469727 211000
10.039999961853027 10.074000358581543 9.664999961853027 9.779999732971191 250100
10.0 10.223999977111816 9.880000114440918 10.170000076293945 261200
10.0 10.260000228881836 9.9399995803833 9.970000267028809 116400
9.869999885559082 9.90999984741211 9.40999984741211 9.4399995803833 174700
9.399999618530273 9.449999809265137 9.079999923706055 9.3100004196167 175600
9.199999809265137 9.479999542236328 9.069999694824219 9.25 301000
9.300000190734863 9.329999923706055 8.920000076293945 8.960000038146973 189800
8.5600004196167 9.4399995803833 8.510000228881836 9.350000381469727 244100
9.529999732971191 9.529999732971191 9.053000450134277 9.300000190734863 121600
9.229999542236328 9.279999732971191 8.989999771118164 9.15999984741211 195500
9.15999984741211 9.625 9.100000381469727 9.300000190734863 372800
9.399999618530273 9.529999732971191 9.180000305175781 9.260000228881836 171200
9.260000228881836 9.484999656677246 8.890000343322754 9.039999961853027 326300
8.920000076293945 9.199999809265137 8.800000190734863 9.170000076293945 234800
9.199999809265137 9.350000381469727 9.0600004196167 9.1899995803833 211700
9.1899995803833 9.520000457763672 9.039999961853027 9.170000076293945 293900
9.300000190734863 9.460000038146973 9.180000305175781 9.210000038146973 204400
9.039999961853027 9.680000305175781 9.020000457763672 9.619999885559082 267200
9.609999656677246 9.829999923706055 9.475000381469727 9.65999984741211 189300
9.529999732971191 9.859999656677246 9.449999809265137 9.529999732971191 173800
9.579999923706055 9.770000457763672 9.380000114440918 9.65999984741211 178500
9.680000305175781 9.859999656677246 9.34000015258789 9.84000015258789 162300
9.819999694824219 9.907999992370605 9.614999771118164 9.800000190734863 128100
9.640000343322754 10.819999694824219 9.640000343322754 10.619999885559082 449600
10.609999656677246 10.819999694824219 10.010000228881836 10.680000305175781 326200
10.75 11.319999694824219 10.670000076293945 11.199999809265137 252100
11.210000038146973 11.399999618530273 10.989999771118164 11.239999771118164 226200
11.300000190734863 12.0 11.079999923706055 11.869999885559082 342100
11.899999618530273 12.960000038146973 11.739999771118164 12.739999771118164 456800
12.739999771118164 13.25 12.539999961853027 12.890000343322754 440300
13.0600004196167 13.529999732971191 13.055000305175781 13.510000228881836 472200
13.520000457763672 14.0 12.970000267028809 12.989999771118164 375000
13.109999656677246 14.069999694824219 12.989999771118164 13.5 361400
13.390000343322754 13.640000343322754 12.850000381469727 13.300000190734863 360700
13.8100004196167 14.220000267028809 13.359999656677246 13.420000076293945 307900
13.380000114440918 14.074999809265137 13.300000190734863 13.430000305175781 466100
13.300000190734863 13.720000267028809 12.710000038146973 13.34000015258789 253300
13.369999885559082 13.5600004196167 12.164999961853027 12.229999542236328 350800
12.130000114440918 12.829999923706055 11.880000114440918 12.609999656677246 424500
12.510000228881836 12.569999694824219 11.619999885559082 11.630000114440918 381200
11.739999771118164 11.920000076293945 11.380000114440918 11.4399995803833 258100
11.470000267028809 11.970000267028809 11.470000267028809 11.8100004196167 433700
11.789999961853027 11.989999771118164 11.4399995803833 11.760000228881836 292000
11.989999771118164 11.989999771118164 11.260000228881836 11.350000381469727 245900
11.25 11.760000228881836 11.09000015258789 11.600000381469727 195900
11.460000038146973 11.90999984741211 11.260000228881836 11.630000114440918 191400
11.979999542236328 12.081999778747559 11.569999694824219 11.779999732971191 415900
11.630000114440918 12.069999694824219 11.100000381469727 11.4399995803833 204600
11.350000381469727 11.6899995803833 11.194999694824219 11.399999618530273 184500
11.289999961853027 11.600000381469727 10.90999984741211 11.010000228881836 203000
11.039999961853027 11.1850004196167 10.369999885559082 10.529999732971191 226600
10.649999618530273 10.720000267028809 9.854999542236328 10.430000305175781 193500
10.449999809265137 10.875 10.170000076293945 10.289999961853027 163300
10.279999732971191 10.710000038146973 10.149999618530273 10.600000381469727 224900
10.5600004196167 10.9399995803833 10.329999923706055 10.609999656677246 235800
10.779999732971191 11.010000228881836 10.430000305175781 10.65999984741211 452100
10.600000381469727 10.699999809265137 9.859999656677246 9.989999771118164 341500
10.6899995803833 10.6899995803833 9.15999984741211 9.199999809265137 285100
9.020000457763672 9.300000190734863 8.654999732971191 8.84000015258789 486900
9.329999923706055 9.329999923706055 9.005000114440918 9.270000457763672 410500
9.350000381469727 9.430000305175781 8.380000114440918 8.420000076293945 544300
8.380000114440918 8.45199966430664 7.559999942779541 7.960000038146973 403200
8.010000228881836 8.470000267028809 7.960000038146973 8.279999732971191 241700
8.199999809265137 8.8100004196167 8.199999809265137 8.670000076293945 215500
8.800000190734863 9.265000343322754 8.800000190734863 8.920000076293945 303700
8.720000267028809 8.850000381469727 8.21500015258789 8.3100004196167 223600
8.279999732971191 8.630000114440918 8.15999984741211 8.25 219400
8.380000114440918 8.930000305175781 8.380000114440918 8.930000305175781 308200
8.930000305175781 9.199999809265137 8.65999984741211 9.029999732971191 321800
8.890000343322754 9.0600004196167 8.5 9.010000228881836 165500
8.989999771118164 9.170000076293945 8.430000305175781 8.90999984741211 170000
8.90999984741211 9.09000015258789 8.609999656677246 8.850000381469727 177400
8.920000076293945 9.729999542236328 8.770999908447266 9.210000038146973 378900
9.140000343322754 9.359999656677246 8.800000190734863 9.079999923706055 239200
9.109999656677246 9.404999732971191 8.960000038146973 8.960000038146973 302000
8.920000076293945 9.300000190734863 8.739999771118164 9.279999732971191 105100
9.180000305175781 9.65999984741211 9.095000267028809 9.170000076293945 374700
9.34000015258789 9.920000076293945 8.920000076293945 8.979999542236328 421900
9.100000381469727 9.34000015258789 8.899999618530273 9.229999542236328 212700
9.25 9.430999755859375 9.039999961853027 9.100000381469727 170600
9.0 9.0 8.350000381469727 8.359999656677246 157800
8.109999656677246 8.220000267028809 7.949999809265137 8.15999984741211 170000
7.949999809265137 8.239999771118164 7.809999942779541 8.050000190734863 250900
8.0 8.09000015258789 7.840000152587891 8.029999732971191 141400
8.09000015258789 8.420000076293945 7.960000038146973 8.220000267028809 167700
8.039999961853027 8.244000434875488 7.900000095367432 8.100000381469727 221800
8.279999732971191 8.998000144958496 8.130000114440918 8.600000381469727 431700
8.739999771118164 8.899999618530273 8.40999984741211 8.449999809265137 355000
2.640000104904175 3.0999999046325684 2.5299999713897705 2.8499999046325684 22040900
2.819999933242798 2.8299999237060547 2.5799999237060547 2.75 4805400
2.6700000762939453 2.8299999237060547 2.6500000953674316 2.740000009536743 2481900
2.740000009536743 2.950000047683716 2.680000066757202 2.8499999046325684 1886600
2.880000114440918 2.9549999237060547 2.700000047683716 2.7899999618530273 1950300
2.7699999809265137 3.0 2.700000047683716 2.990000009536743 1707500
2.950000047683716 3.109999895095825 2.859999895095825 3.049999952316284 2505800
3.0999999046325684 3.319999933242798 3.009999990463257 3.2200000286102295 2372800
3.2200000286102295 3.509999990463257 3.177999973297119 3.430000066757202 1432100
3.369999885559082 3.5199999809265137 3.2799999713897705 3.390000104904175 875100
3.5 3.869999885559082 3.490000009536743 3.7100000381469727 899800
3.6700000762939453 3.815000057220459 3.549999952316284 3.759999990463257 871600
3.740000009536743 3.75 3.299999952316284 3.3299999237060547 789800
3.359999895095825 3.4600000381469727 3.190000057220459 3.2899999618530273 535100
3.200000047683716 3.5299999713897705 3.200000047683716 3.4000000953674316 452100
3.4000000953674316 3.4200000762939453 3.2699999809265137 3.309999942779541 421100
3.3399999141693115 3.569999933242798 3.2699999809265137 3.440000057220459 538200
3.490000009536743 3.559999942779541 3.25 3.2799999713897705 422800
3.3399999141693115 3.4200000762939453 3.244999885559082 3.299999952316284 564700
3.3299999237060547 3.5999999046325684 3.309999942779541 3.5899999141693115 711700
3.5399999618530273 3.549999952316284 3.3550000190734863 3.390000104904175 266500
3.369999885559082 3.4100000858306885 3.2100000381469727 3.2100000381469727 475700
3.2100000381469727 3.3350000381469727 3.130000114440918 3.25 519900
3.240000009536743 3.4200000762939453 3.200000047683716 3.3499999046325684 649900
3.390000104904175 3.5299999713897705 3.240000009536743 3.5199999809265137 500200
3.509999990463257 3.5910000801086426 3.4700000286102295 3.559999942779541 303700
3.559999942779541 3.609999895095825 3.430000066757202 3.4800000190734863 364300
3.4200000762939453 3.4700000286102295 3.2739999294281006 3.3399999141693115 342400
3.309999942779541 3.5 3.299999952316284 3.390000104904175 575000
3.299999952316284 3.609999895095825 3.299999952316284 3.4800000190734863 1497000
3.490000009536743 3.6700000762939453 3.440000057220459 3.619999885559082 318900
3.5799999237060547 3.8499999046325684 3.5399999618530273 3.7799999713897705 527100
3.7799999713897705 3.940000057220459 3.759999990463257 3.809999942779541 276700
3.7699999809265137 3.7899999618530273 3.6500000953674316 3.7100000381469727 238300
3.7899999618530273 3.9100000858306885 3.75 3.859999895095825 230700
3.890000104904175 3.940000057220459 3.7300000190734863 3.75 281800
3.7799999713897705 4.0 3.7699999809265137 3.9000000953674316 342500
3.869999885559082 3.940000057220459 3.819999933242798 3.9000000953674316 253500
4.110000133514404 4.239999771118164 3.930000066757202 3.9600000381469727 530100
3.930000066757202 4.0 3.8399999141693115 3.869999885559082 335500
3.8499999046325684 3.890000104904175 3.7200000286102295 3.809999942779541 297600
3.799999952316284 3.924999952316284 3.680000066757202 3.700000047683716 228100
3.6500000953674316 3.690000057220459 3.5299999713897705 3.559999942779541 332900
3.5999999046325684 3.740000009536743 3.5 3.6500000953674316 224900
3.6500000953674316 3.825000047683716 3.630000114440918 3.759999990463257 153200
3.7699999809265137 3.799999952316284 3.559999942779541 3.569999933242798 137400
3.569999933242798 3.5899999141693115 3.359999895095825 3.369999885559082 318200
3.359999895095825 3.440000057220459 3.299999952316284 3.3399999141693115 233300
3.4200000762939453 3.430000066757202 3.259999990463257 3.259999990463257 235100
3.259999990463257 3.4200000762939453 3.259999990463257 3.380000114440918 179500
3.3299999237060547 3.4240000247955322 3.2200000286102295 3.369999885559082 362000
3.390000104904175 3.4200000762939453 3.259999990463257 3.259999990463257 158700
3.2799999713897705 3.299999952316284 3.140000104904175 3.1600000858306885 256500
3.140000104904175 3.259999990463257 3.130000114440918 3.2300000190734863 248300
3.2100000381469727 3.450000047683716 3.190000057220459 3.4200000762939453 193600
3.450000047683716 3.559999942779541 3.4489998817443848 3.490000009536743 173400
3.5 3.5799999237060547 3.4700000286102295 3.549999952316284 120400
3.440000057220459 3.549999952316284 3.4200000762939453 3.440000057220459 188800
3.4800000190734863 3.5850000381469727 3.299999952316284 3.3299999237060547 372100
3.4100000858306885 3.6700000762939453 3.3299999237060547 3.569999933242798 225800
3.5299999713897705 3.549999952316284 3.359999895095825 3.4200000762939453 382100
3.430000066757202 3.430000066757202 3.2300000190734863 3.369999885559082 173400
3.3299999237060547 3.380000114440918 3.2699999809265137 3.369999885559082 120000
3.390000104904175 3.4000000953674316 3.2249999046325684 3.259999990463257 187200
3.2799999713897705 3.309999942779541 3.180000066757202 3.2799999713897705 187900
3.2200000286102295 3.3499999046325684 3.0299999713897705 3.119999885559082 334700
3.0799999237060547 3.200000047683716 2.9749999046325684 3.009999990463257 258200
3.0399999618530273 3.059999942779541 2.9100000858306885 2.930000066757202 305500
3.1500000953674316 3.319999933242798 3.049999952316284 3.259999990463257 554600
3.265000104904175 3.299999952316284 3.059999942779541 3.069999933242798 176600
3.059999942779541 3.1600000858306885 2.950000047683716 2.9700000286102295 261000
3.0299999713897705 3.130000114440918 2.930000066757202 3.069999933242798 149200
3.0999999046325684 3.2200000286102295 3.049999952316284 3.1500000953674316 214700
3.0999999046325684 3.200000047683716 3.055000066757202 3.130000114440918 111200
3.130000114440918 3.2100000381469727 3.0799999237060547 3.1600000858306885 115000
3.140000104904175 3.1500000953674316 2.990000009536743 3.0199999809265137 231200
3.059999942779541 3.109999895095825 2.9600000381469727 3.0399999618530273 219800
3.0299999713897705 3.2049999237060547 2.9600000381469727 3.109999895095825 168200
3.0899999141693115 3.119999885559082 2.940000057220459 3.0999999046325684 193900
3.009999990463257 3.3299999237060547 2.990000009536743 3.259999990463257 164200
3.3299999237060547 3.378999948501587 3.200000047683716 3.2100000381469727 128400
3.2899999618530273 3.6500000953674316 3.259999990463257 3.5 980200
3.5799999237060547 3.7200000286102295 3.4600000381469727 3.7100000381469727 478600
3.700000047683716 3.8289999961853027 3.369999885559082 3.390000104904175 568600
3.4000000953674316 3.5199999809265137 3.2950000762939453 3.4200000762939453 283800
3.440000057220459 3.6700000762939453 3.4000000953674316 3.609999895095825 456500
3.630000114440918 3.640000104904175 3.4100000858306885 3.559999942779541 258900
3.549999952316284 3.569999933242798 3.319999933242798 3.4000000953674316 265400
3.4200000762939453 3.569999933242798 3.3399999141693115 3.4200000762939453 239100
3.440000057220459 3.4600000381469727 3.2699999809265137 3.2899999618530273 236300
3.309999942779541 3.390000104904175 3.25 3.359999895095825 173400
3.3499999046325684 3.36899995803833 3.2799999713897705 3.309999942779541 139200
3.359999895095825 3.390000104904175 3.2100000381469727 3.2300000190734863 163400
3.2200000286102295 3.2200000286102295 3.059999942779541 3.059999942779541 233300
3.059999942779541 3.1449999809265137 2.990000009536743 3.049999952316284 186900
3.0999999046325684 3.0999999046325684 2.940000057220459 2.990000009536743 203600
3.0299999713897705 3.069999933242798 2.9600000381469727 3.0199999809265137 154800
3.009999990463257 3.059999942779541 2.9200000762939453 2.9700000286102295 155600
2.9200000762939453 2.924999952316284 2.7300000190734863 2.759999990463257 253400
2.809999942779541 3.0399999618530273 2.809999942779541 2.9800000190734863 222300
3.059999942779541 3.369999885559082 2.9700000286102295 3.2300000190734863 495200
3.240000009536743 3.309999942779541 3.190000057220459 3.190000057220459 239400
3.240000009536743 3.319999933242798 3.0799999237060547 3.1500000953674316 161200
3.069999933242798 3.244999885559082 3.009999990463257 3.0799999237060547 222200
3.0399999618530273 3.140000104904175 3.0 3.0799999237060547 153500
3.1500000953674316 3.309999942779541 3.0850000381469727 3.2200000286102295 223100
3.2100000381469727 3.259999990463257 3.140000104904175 3.200000047683716 131600
3.2300000190734863 3.244999885559082 3.0999999046325684 3.1700000762939453 153100
3.1700000762939453 3.200000047683716 2.990000009536743 3.0299999713897705 233600
2.990000009536743 3.049999952316284 2.990000009536743 2.990000009536743 51600
2.9700000286102295 2.990000009536743 2.819999933242798 2.8399999141693115 486000
2.8299999237060547 2.930000066757202 2.759999990463257 2.869999885559082 324500
2.880000114440918 3.119999885559082 2.8499999046325684 3.109999895095825 375500
3.1500000953674316 3.2699999809265137 3.109999895095825 3.180000066757202 339200
3.2200000286102295 3.309999942779541 3.1600000858306885 3.2799999713897705 255200
3.240000009536743 3.240000009536743 2.924999952316284 2.940000057220459 443200
2.950000047683716 2.990000009536743 2.9000000953674316 2.950000047683716 270100
2.9800000190734863 3.127000093460083 2.9800000190734863 3.0899999141693115 193900
3.119999885559082 3.190000057220459 3.0799999237060547 3.119999885559082 146600
3.0999999046325684 3.140000104904175 2.9700000286102295 2.9800000190734863 201600
2.950000047683716 3.240000009536743 2.950000047683716 3.2200000286102295 242200
3.2699999809265137 3.3299999237060547 3.180000066757202 3.319999933242798 351100
3.299999952316284 3.4049999713897705 3.2699999809265137 3.2799999713897705 215800
3.2300000190734863 3.299999952316284 3.140000104904175 3.180000066757202 176100
3.130000114440918 3.2300000190734863 3.0999999046325684 3.1600000858306885 735100
3.109999895095825 3.119999885559082 2.9600000381469727 2.990000009536743 270800
2.9800000190734863 3.109999895095825 2.9600000381469727 3.009999990463257 256600
3.0399999618530273 3.1500000953674316 3.009999990463257 3.0799999237060547 158400
3.049999952316284 3.130000114440918 2.990000009536743 3.109999895095825 254900
3.0999999046325684 3.130000114440918 3.009999990463257 3.0799999237060547 150600
3.069999933242798 3.119999885559082 2.9739999771118164 2.9800000190734863 377700
2.9700000286102295 3.0299999713897705 2.799999952316284 2.8399999141693115 391300
2.8499999046325684 3.125 2.8499999046325684 3.109999895095825 325400
3.0999999046325684 3.2100000381469727 3.059999942779541 3.1700000762939453 399700
3.2699999809265137 3.380000114440918 3.25 3.380000114440918 318300
3.3399999141693115 3.569999933242798 3.2799999713897705 3.569999933242798 409800
3.5899999141693115 3.5899999141693115 3.309999942779541 3.4100000858306885 375400
3.430000066757202 3.5450000762939453 3.259999990463257 3.450000047683716 305200
3.4200000762939453 3.5999999046325684 3.25 3.5799999237060547 323100
3.569999933242798 3.694999933242798 3.4700000286102295 3.5199999809265137 309900
3.5299999713897705 3.6530001163482666 3.440000057220459 3.640000104904175 163400
3.6500000953674316 3.7899999618530273 3.5999999046325684 3.7799999713897705 275300
3.7799999713897705 4.0 3.7799999713897705 3.8499999046325684 344900
3.8499999046325684 3.930000066757202 3.7300000190734863 3.759999990463257 280100
3.799999952316284 3.799999952316284 3.380000114440918 3.440000057220459 244800
3.390000104904175 3.4700000286102295 3.1500000953674316 3.369999885559082 2340900
3.430000066757202 3.5999999046325684 3.3299999237060547 3.490000009536743 688500
3.5199999809265137 3.640000104904175 3.430000066757202 3.440000057220459 367600
3.4800000190734863 3.869999885559082 3.430000066757202 3.6500000953674316 765100
3.700000047683716 3.940000057220459 3.6500000953674316 3.940000057220459 448000
3.950000047683716 4.090000152587891 3.865000009536743 3.9800000190734863 373600
3.9700000286102295 4.139999866485596 3.934999942779541 4.110000133514404 265900
4.099999904632568 4.177999973297119 3.859999895095825 3.890000104904175 297200
3.9000000953674316 4.099999904632568 3.9000000953674316 4.039999961853027 198700
4.03000020980835 4.409999847412109 3.9700000286102295 4.21999979019165 425200
4.269999980926514 4.300000190734863 3.680000066757202 3.799999952316284 688800
3.799999952316284 3.869999885559082 3.684999942779541 3.7149999141693115 290900
3.6600000858306885 3.75 3.569999933242798 3.6600000858306885 258000
3.6700000762939453 3.680000066757202 3.549999952316284 3.6700000762939453 206900
3.6600000858306885 3.700000047683716 3.5 3.5399999618530273 195800
3.5799999237060547 3.5850000381469727 3.3550000190734863 3.4000000953674316 174400
3.4000000953674316 3.450000047683716 3.2699999809265137 3.369999885559082 179800
3.4000000953674316 3.4200000762939453 3.2200000286102295 3.390000104904175 192300
3.390000104904175 3.486999988555908 3.3299999237060547 3.390000104904175 146800
3.3499999046325684 3.359999895095825 3.2750000953674316 3.319999933242798 166000
3.2899999618530273 3.2899999618530273 3.1500000953674316 3.1700000762939453 167100
3.180000066757202 3.309999942779541 3.119999885559082 3.25 247800
3.2300000190734863 3.309999942779541 3.0899999141693115 3.140000104904175 321700
3.140000104904175 3.2200000286102295 3.0799999237060547 3.1500000953674316 179100
3.190000057220459 3.319999933242798 3.140000104904175 3.25 292400
3.2100000381469727 3.2100000381469727 3.069999933242798 3.109999895095825 206600
3.1500000953674316 3.1700000762939453 3.0799999237060547 3.119999885559082 91800
3.130000114440918 3.190999984741211 3.049999952316284 3.0799999237060547 206700
3.069999933242798 3.119999885559082 3.0 3.009999990463257 240800
3.009999990463257 3.134999990463257 2.9600000381469727 3.049999952316284 230100
3.0799999237060547 3.1700000762939453 2.9749999046325684 3.130000114440918 238500
3.130000114440918 3.130000114440918 2.9700000286102295 2.990000009536743 175400
2.990000009536743 3.0299999713897705 2.9000000953674316 3.0 380800
3.049999952316284 3.049999952316284 2.890000104904175 2.940000057220459 190500
2.930000066757202 2.9600000381469727 2.759999990463257 2.7699999809265137 330600
2.859999895095825 2.859999895095825 2.609999895095825 2.6600000858306885 406800
2.6500000953674316 2.8399999141693115 2.565000057220459 2.7899999618530273 382100
2.9000000953674316 2.9000000953674316 2.740000009536743 2.7899999618530273 306300
2.759999990463257 2.763000011444092 2.640000104904175 2.690000057220459 342000
2.680000066757202 2.7200000286102295 2.575000047683716 2.690000057220459 206000
2.6700000762939453 2.700000047683716 2.5199999809265137 2.5799999237060547 579000
2.5899999141693115 2.6500000953674316 2.450000047683716 2.5999999046325684 315300
2.6500000953674316 2.740000009536743 2.5999999046325684 2.619999885559082 265400
2.640000104904175 2.690000057220459 2.4700000286102295 2.490000009536743 150400
2.490000009536743 2.5299999713897705 2.3350000381469727 2.4000000953674316 336200
2.359999895095825 2.4649999141693115 2.3550000190734863 2.450000047683716 194500
2.509999990463257 2.509999990463257 2.3299999237060547 2.369999885559082 172600
2.369999885559082 2.3889999389648438 2.2200000286102295 2.259999990463257 248800
2.2799999713897705 2.380000114440918 2.25 2.369999885559082 249700
2.4100000858306885 2.5 2.3499999046325684 2.4600000381469727 388900
2.490000009536743 2.5899999141693115 2.4600000381469727 2.5 219300
2.549999952316284 2.549999952316284 2.4630000591278076 2.5199999809265137 160900
2.5299999713897705 2.5299999713897705 2.430000066757202 2.450000047683716 193700
2.490000009536743 2.490000009536743 2.319999933242798 2.3550000190734863 161600
2.3499999046325684 2.430000066757202 2.325000047683716 2.4100000858306885 183800
2.4100000858306885 2.450000047683716 2.3550000190734863 2.430000066757202 199900
2.450000047683716 2.5799999237060547 2.450000047683716 2.5199999809265137 589600
2.569999933242798 2.5999999046325684 2.430000066757202 2.430000066757202 122500
2.450000047683716 2.5799999237060547 2.430000066757202 2.5399999618530273 174500
2.549999952316284 2.5899999141693115 2.5250000953674316 2.569999933242798 228000
2.619999885559082 2.7899999618530273 2.569999933242798 2.75 226700
2.7899999618530273 2.7899999618530273 2.569999933242798 2.609999895095825 174200
2.5899999141693115 2.6500000953674316 2.5199999809265137 2.630000114440918 154400
2.640000104904175 2.640000104904175 2.5399999618530273 2.5999999046325684 188400
2.619999885559082 2.7799999713897705 2.619999885559082 2.7699999809265137 266200
2.7899999618530273 2.7899999618530273 2.7100000381469727 2.75 113800
2.75 2.869999885559082 2.7039999961853027 2.7799999713897705 241100
2.7799999713897705 2.799999952316284 2.6500000953674316 2.75 112500
2.75 2.7799999713897705 2.7100000381469727 2.7699999809265137 111100
2.75 2.8350000381469727 2.75 2.7899999618530273 134200
2.809999942779541 2.859999895095825 2.7699999809265137 2.8499999046325684 114800
2.880000114440918 2.9049999713897705 2.8299999237060547 2.880000114440918 180400
2.9100000858306885 2.9719998836517334 2.890000104904175 2.940000057220459 238300
2.9200000762939453 2.9800000190734863 2.8949999809265137 2.940000057220459 101000
2.9600000381469727 3.0399999618530273 2.950000047683716 2.9600000381469727 187400
2.950000047683716 2.9700000286102295 2.8499999046325684 2.859999895095825 103700
2.8499999046325684 2.880000114440918 2.75 2.8499999046325684 195500
2.880000114440918 3.049999952316284 2.8399999141693115 3.0399999618530273 173800
3.0299999713897705 3.0299999713897705 2.930000066757202 2.950000047683716 90700
2.950000047683716 3.069999933242798 2.9149999618530273 2.950000047683716 133400
2.940000057220459 2.950000047683716 2.819999933242798 2.869999885559082 137100
2.8299999237060547 2.8499999046325684 2.7100000381469727 2.7100000381469727 155800
2.759999990463257 2.7899999618530273 2.7200000286102295 2.759999990463257 90400
2.7300000190734863 2.8499999046325684 2.7200000286102295 2.8399999141693115 181900
2.9000000953674316 2.943000078201294 2.8350000381469727 2.890000104904175 111300
2.880000114440918 2.9600000381469727 2.809999942779541 2.9600000381469727 166200
2.930000066757202 3.0199999809265137 2.9000000953674316 2.9000000953674316 160500
2.880000114440918 2.884999990463257 2.799999952316284 2.8399999141693115 154800
2.8399999141693115 2.8499999046325684 2.684999942779541 2.700000047683716 196900
2.700000047683716 2.700000047683716 2.559999942779541 2.630000114440918 220900
2.6500000953674316 2.7249999046325684 2.6500000953674316 2.700000047683716 156700
2.700000047683716 2.799999952316284 2.634999990463257 2.7699999809265137 137600
2.7699999809265137 2.7899999618530273 2.680000066757202 2.75 270500
2.759999990463257 3.0199999809265137 2.75 3.0199999809265137 326700
3.0 3.0899999141693115 2.9600000381469727 3.009999990463257 227100
3.0199999809265137 3.200000047683716 2.9700000286102295 3.190000057220459 289200
3.299999952316284 3.609999895095825 3.2799999713897705 3.5899999141693115 685200
3.619999885559082 3.7330000400543213 3.4800000190734863 3.509999990463257 500000
3.490000009536743 3.553999900817871 3.25 3.2699999809265137 240400
3.319999933242798 3.4000000953674316 3.200000047683716 3.25 264700
3.2699999809265137 3.319999933242798 3.2200000286102295 3.2200000286102295 156000
3.200000047683716 3.259999990463257 3.0250000953674316 3.069999933242798 229500
3.0299999713897705 3.0799999237060547 2.984999895095825 3.0399999618530273 216800
3.069999933242798 3.069999933242798 2.890000104904175 2.950000047683716 295300
2.9000000953674316 2.930000066757202 2.809999942779541 2.8499999046325684 253000
2.8399999141693115 2.930000066757202 2.759999990463257 2.869999885559082 261500
2.880000114440918 3.0350000858306885 2.869999885559082 3.0 236900
2.950000047683716 3.0 2.890000104904175 2.940000057220459 4477600
2.940000057220459 3.0799999237060547 2.9100000858306885 3.009999990463257 232200
3.009999990463257 3.119999885559082 2.9700000286102295 3.049999952316284 212300
3.049999952316284 3.059999942779541 2.950000047683716 2.950000047683716 222800
3.0 3.0 2.890000104904175 2.9100000858306885 133800
2.940000057220459 2.984999895095825 2.9000000953674316 2.950000047683716 120100
2.9000000953674316 2.940000057220459 2.880000114440918 2.880000114440918 54000
2.9000000953674316 2.9000000953674316 2.7850000858306885 2.8299999237060547 167900
2.819999933242798 2.819999933242798 2.7049999237060547 2.759999990463257 123400
2.7820000648498535 2.799999952316284 2.740000009536743 2.759999990463257 77400
2.740000009536743 2.9149999618530273 2.740000009536743 2.8399999141693115 89100
2.859999895095825 2.990000009536743 2.8399999141693115 2.9600000381469727 103800
2.930000066757202 3.0950000286102295 2.930000066757202 3.059999942779541 146100
3.069999933242798 3.130000114440918 2.940000057220459 2.940000057220459 117600
2.940000057220459 3.1449999809265137 2.940000057220459 3.069999933242798 283900
3.140000104904175 3.140000104904175 3.009999990463257 3.0299999713897705 129900
3.059999942779541 3.128999948501587 3.009999990463257 3.049999952316284 61400
3.049999952316284 3.1700000762939453 3.0450000762939453 3.1600000858306885 138400
3.200000047683716 3.2750000953674316 3.1500000953674316 3.1600000858306885 139700
3.180000066757202 3.2750000953674316 3.069999933242798 3.1600000858306885 151000
3.1600000858306885 3.180000066757202 3.0299999713897705 3.0399999618530273 224200
3.0199999809265137 3.0399999618530273 2.740000009536743 2.75 247300
2.759999990463257 2.799999952316284 2.684999942779541 2.740000009536743 103700
2.7799999713897705 2.7899999618530273 2.680000066757202 2.75 156600
2.7699999809265137 2.869999885559082 2.7699999809265137 2.859999895095825 37800
2.880000114440918 2.930000066757202 2.869999885559082 2.9200000762939453 96900
3.059999942779541 3.1019999980926514 2.9000000953674316 2.9000000953674316 355800
3.0 3.0299999713897705 2.8550000190734863 3.0299999713897705 254800
3.059999942779541 3.0789999961853027 2.9800000190734863 3.059999942779541 235200
3.0899999141693115 3.115000009536743 3.0199999809265137 3.049999952316284 148500
3.069999933242798 3.069999933242798 2.869999885559082 2.930000066757202 139700
2.930000066757202 3.069999933242798 2.869999885559082 2.990000009536743 209100
3.0 3.0 2.880000114440918 2.880000114440918 91200
2.890000104904175 3.115000009536743 2.890000104904175 3.0299999713897705 279100
3.0199999809265137 3.0199999809265137 2.799999952316284 2.809999942779541 191400
2.799999952316284 2.8949999809265137 2.7799999713897705 2.799999952316284 199900
2.799999952316284 2.8450000286102295 2.6500000953674316 2.6700000762939453 573600
2.690000057220459 2.700000047683716 2.617000102996826 2.6500000953674316 188100
2.6700000762939453 2.688999891281128 2.6110000610351562 2.619999885559082 197800
2.619999885559082 2.6500000953674316 2.549999952316284 2.549999952316284 111100
2.549999952316284 2.640000104904175 2.5199999809265137 2.5999999046325684 109900
2.6500000953674316 2.6500000953674316 2.490000009536743 2.490000009536743 96300
2.4700000286102295 2.559999942779541 2.4700000286102295 2.5399999618530273 104500
2.5399999618530273 2.5399999618530273 2.484999895095825 2.5199999809265137 57600
2.5299999713897705 2.5299999713897705 2.319999933242798 2.3299999237060547 267300
2.319999933242798 2.3499999046325684 2.2100000381469727 2.319999933242798 179200
2.3499999046325684 2.4049999713897705 2.2899999618530273 2.319999933242798 78600
2.299999952316284 2.3499999046325684 2.2799999713897705 2.2799999713897705 98300
2.309999942779541 2.319999933242798 2.2200000286102295 2.2300000190734863 158900
2.25 2.309999942779541 2.240000009536743 2.2699999809265137 118800
2.2799999713897705 2.4200000762939453 2.2799999713897705 2.3299999237060547 205700
2.3499999046325684 2.369999885559082 2.2100000381469727 2.2200000286102295 144400
2.2200000286102295 2.2200000286102295 2.0199999809265137 2.049999952316284 214800
2.059999942779541 2.0899999141693115 2.009999990463257 2.0199999809265137 119600
2.0199999809265137 2.1700000762939453 1.9800000190734863 2.130000114440918 136700
2.109999895095825 2.130000114440918 2.059999942779541 2.059999942779541 55400
2.059999942779541 2.119999885559082 2.0199999809265137 2.0199999809265137 65300
2.049999952316284 2.0850000381469727 1.9900000095367432 2.009999990463257 105200
2.049999952316284 2.131999969482422 2.0199999809265137 2.0199999809265137 119600
2.0299999713897705 2.0299999713897705 1.940000057220459 1.9500000476837158 136300
1.9500000476837158 2.049999952316284 1.940000057220459 2.0399999618530273 115900
2.0899999141693115 2.128000020980835 2.0399999618530273 2.049999952316284 96100
2.049999952316284 2.049999952316284 1.9800000190734863 2.0 83200
2.0 2.049999952316284 1.9600000381469727 1.9800000190734863 43400
1.9700000286102295 2.009999990463257 1.934999942779541 1.9800000190734863 74100
1.9600000381469727 2.049999952316284 1.9579999446868896 1.9600000381469727 61500
2.0 2.0 1.8949999809265137 1.899999976158142 68900
1.8899999856948853 2.009999990463257 1.8600000143051147 2.0 146300
2.069999933242798 2.069999933242798 1.9550000429153442 2.0199999809265137 119000
2.0 2.0 1.8600000143051147 1.8899999856948853 108600
1.8700000047683716 1.9199999570846558 1.8600000143051147 1.8600000143051147 73000
1.8600000143051147 1.8799999952316284 1.7899999618530273 1.8200000524520874 92000
1.8200000524520874 1.8550000190734863 1.7799999713897705 1.7999999523162842 163600
1.7899999618530273 1.899999976158142 1.7100000381469727 1.8899999856948853 137000
1.8700000047683716 1.940000057220459 1.7990000247955322 1.9199999570846558 96400
1.9199999570846558 2.0199999809265137 1.850000023841858 1.8899999856948853 92700
1.899999976158142 1.9299999475479126 1.784999966621399 1.8200000524520874 132900
1.850000023841858 1.850000023841858 1.7100000381469727 1.7300000190734863 120600
1.75 1.7999999523162842 1.690000057220459 1.7899999618530273 176200
1.8600000143051147 1.8849999904632568 1.7699999809265137 1.8300000429153442 80700
1.8300000429153442 1.8350000381469727 1.7100000381469727 1.7100000381469727 208400
1.7100000381469727 1.7100000381469727 1.6299999952316284 1.6399999856948853 87100
1.659999966621399 1.6799999475479126 1.5800000429153442 1.5800000429153442 122800
1.590000033378601 1.6200000047683716 1.5199999809265137 1.6100000143051147 100100
