56.599998474121094 56.599998474121094 56.599998474121094 56.599998474121094 10
57.0 58.0 57.0 58.0 15
58.0 58.0 58.0 58.0 0
58.0 58.0 58.0 58.0 0
58.0 58.0 58.0 58.0 5
58.0 58.0 58.0 58.0 0
58.0 58.0 58.0 58.0 0
58.0 58.0 58.0 58.0 0
58.0 58.0 58.0 58.0 0
58.0 58.0 58.0 58.0 0
58.0 58.0 58.0 58.0 0
58.0 58.0 58.0 58.0 15
58.0 58.0 58.0 58.0 0
58.0 58.0 58.0 58.0 0
58.0 58.0 58.0 58.0 0
58.0 58.0 58.0 58.0 0
40.0 40.0 40.0 40.0 5
40.0 40.0 40.0 40.0 10
46.0 46.0 46.0 46.0 5
51.20000076293945 51.20000076293945 51.20000076293945 51.20000076293945 5
51.20000076293945 51.20000076293945 51.20000076293945 51.20000076293945 0
52.0 52.0 52.0 52.0 5
52.0 52.0 52.0 52.0 0
52.0 52.0 52.0 52.0 0
51.20000076293945 51.20000076293945 51.20000076293945 51.20000076293945 5
52.0 52.0 52.0 52.0 15
52.0 52.0 52.0 52.0 0
52.0 52.0 52.0 52.0 0
52.0 52.0 52.0 52.0 0
52.0 52.0 52.0 52.0 0
52.0 52.0 52.0 52.0 0
52.0 52.0 52.0 52.0 0
52.0 52.0 52.0 52.0 5
52.0 52.0 52.0 52.0 0
56.0 60.0 55.79999923706055 60.0 135
60.0 60.0 60.0 60.0 0
62.0 62.0 62.0 62.0 5
62.0 62.0 60.0 60.0 100
64.0 64.0 64.0 64.0 20
63.79999923706055 64.0 63.79999923706055 64.0 15
64.0 64.0 64.0 64.0 0
64.0 64.0 64.0 64.0 25
64.0 64.0 64.0 64.0 0
64.0 64.0 64.0 64.0 0
70.0 70.0 70.0 70.0 5
70.0 70.0 70.0 70.0 20
69.4000015258789 69.4000015258789 69.4000015258789 69.4000015258789 15
69.4000015258789 69.4000015258789 69.4000015258789 69.4000015258789 0
69.4000015258789 69.4000015258789 69.4000015258789 69.4000015258789 0
69.4000015258789 69.4000015258789 69.4000015258789 69.4000015258789 0
69.5999984741211 69.5999984741211 69.5999984741211 69.5999984741211 10
69.5999984741211 69.5999984741211 69.5999984741211 69.5999984741211 0
69.5999984741211 69.5999984741211 69.5999984741211 69.5999984741211 0
69.5999984741211 69.5999984741211 69.5999984741211 69.5999984741211 0
69.80000305175781 78.0 69.80000305175781 78.0 40
78.0 78.0 78.0 78.0 0
78.0 78.0 78.0 78.0 0
78.0 78.0 78.0 78.0 0
78.0 78.0 78.0 78.0 0
78.0 78.0 78.0 78.0 0
78.0 78.0 78.0 78.0 0
78.0 78.0 78.0 78.0 0
78.0 78.0 78.0 78.0 0
78.0 78.0 78.0 78.0 0
78.0 78.0 78.0 78.0 0
78.0 78.0 78.0 78.0 0
78.0 78.0 78.0 78.0 0
78.0 78.0 78.0 78.0 5
78.0 78.0 78.0 78.0 0
76.0 76.0 76.0 76.0 5
76.0 76.0 76.0 76.0 0
76.0 76.0 76.0 76.0 0
70.0 70.0 70.0 70.0 15
70.0 70.0 70.0 70.0 0
70.0 76.0 70.0 76.0 25
76.0 76.0 76.0 76.0 0
76.0 76.0 76.0 76.0 0
76.0 76.0 76.0 76.0 0
76.0 76.0 76.0 76.0 0
76.0 76.0 76.0 76.0 0
76.0 76.0 60.20000076293945 60.20000076293945 20
76.0 76.0 76.0 76.0 15
76.0 76.0 76.0 76.0 0
76.0 76.0 76.0 76.0 0
76.0 76.0 75.0 75.0 55
80.0 80.0 80.0 80.0 5
80.0 80.0 80.0 80.0 5
80.0 82.0 80.0 82.0 10
82.0 82.0 82.0 82.0 0
82.0 82.0 82.0 82.0 0
82.0 82.0 82.0 82.0 0
82.0 82.0 82.0 82.0 0
82.0 82.0 82.0 82.0 0
78.4000015258789 78.4000015258789 78.4000015258789 78.4000015258789 5
78.4000015258789 78.4000015258789 78.4000015258789 78.4000015258789 0
78.4000015258789 78.4000015258789 78.4000015258789 78.4000015258789 0
80.0 81.0 79.0 79.0 20
79.0 79.0 79.0 79.0 0
79.0 79.0 79.0 79.0 0
79.0 79.0 79.0 79.0 0
79.0 79.0 79.0 79.0 0
79.0 79.0 79.0 79.0 0
79.0 79.0 79.0 79.0 0
78.0 78.0 78.0 78.0 15
78.0 78.0 78.0 78.0 0
80.0 80.0 80.0 80.0 5
80.0 80.0 80.0 80.0 0
80.0 80.0 80.0 80.0 10
80.0 80.0 80.0 80.0 0
80.0 80.0 80.0 80.0 0
80.0 80.0 80.0 80.0 0
80.0 80.0 80.0 80.0 0
80.0 80.0 80.0 80.0 0
80.0 80.0 80.0 80.0 0
80.0 80.0 80.0 80.0 0
80.0 80.0 80.0 80.0 0
80.0 80.0 80.0 80.0 0
80.0 80.0 80.0 80.0 0
80.0 80.0 80.0 80.0 10
80.0 80.0 80.0 80.0 0
80.0 80.0 80.0 80.0 0
80.0 80.0 80.0 80.0 0
80.0 80.0 80.0 80.0 0
80.0 80.0 80.0 80.0 15
80.0 80.0 80.0 80.0 0
80.0 80.0 80.0 80.0 0
80.0 80.0 80.0 80.0 0
80.0 80.0 80.0 80.0 0
80.0 80.0 80.0 80.0 0
80.0 80.0 80.0 80.0 0
80.0 80.0 80.0 80.0 0
80.0 80.0 80.0 80.0 0
80.0 80.0 80.0 80.0 0
80.0 80.0 80.0 80.0 0
80.0 80.0 80.0 80.0 0
80.0 80.0 80.0 80.0 0
80.0 80.0 80.0 80.0 0
80.0 80.0 80.0 80.0 0
80.0 80.0 80.0 80.0 0
80.0 80.0 80.0 80.0 0
80.0 80.0 80.0 80.0 0
80.0 80.0 80.0 80.0 0
80.0 80.0 80.0 80.0 0
80.0 80.0 80.0 80.0 0
80.0 80.0 80.0 80.0 0
80.0 80.0 80.0 80.0 0
80.0 80.0 80.0 80.0 0
80.0 80.0 80.0 80.0 0
80.0 80.0 80.0 80.0 0
80.0 80.0 80.0 80.0 0
80.0 80.0 80.0 80.0 0
78.0 78.0 78.0 78.0 5
78.0 78.0 78.0 78.0 0
78.0 78.0 78.0 78.0 0
78.0 78.0 78.0 78.0 0
78.0 78.0 78.0 78.0 0
78.0 78.0 78.0 78.0 0
78.0 78.0 78.0 78.0 0
78.0 78.0 78.0 78.0 0
78.0 78.0 78.0 78.0 0
78.0 78.0 78.0 78.0 0
78.0 78.0 78.0 78.0 0
78.0 78.0 78.0 78.0 0
78.0 78.0 78.0 78.0 0
78.0 78.0 78.0 78.0 0
78.0 78.0 78.0 78.0 0
78.0 78.0 78.0 78.0 0
51.0 51.0 5.599999904632568 51.0 15
51.0 51.0 51.0 51.0 0
51.0 51.0 51.0 51.0 0
51.0 51.0 51.0 51.0 0
51.0 51.0 51.0 51.0 0
51.0 51.0 51.0 51.0 0
51.0 51.0 51.0 51.0 0
51.0 51.0 51.0 51.0 0
51.0 51.0 51.0 51.0 0
51.0 51.0 51.0 51.0 0
51.0 51.0 51.0 51.0 0
51.0 51.0 51.0 51.0 0
51.0 51.0 51.0 51.0 0
51.0 51.0 51.0 51.0 0
51.0 51.0 51.0 51.0 0
51.0 51.0 51.0 51.0 0
51.0 51.0 51.0 51.0 0
51.0 51.0 51.0 51.0 0
80.0 80.0 80.0 80.0 5
80.0 80.0 80.0 80.0 0
80.0 80.0 80.0 80.0 0
80.0 80.0 80.0 80.0 0
80.0 80.0 80.0 80.0 0
80.0 80.0 80.0 80.0 0
80.0 80.0 80.0 80.0 0
80.0 80.0 80.0 80.0 0
80.0 80.0 80.0 80.0 0
80.0 80.0 80.0 80.0 0
80.0 80.0 80.0 80.0 0
80.0 80.0 80.0 80.0 0
80.0 80.0 80.0 80.0 0
80.0 80.0 80.0 80.0 0
80.0 80.0 80.0 80.0 0
80.0 80.0 80.0 80.0 0
80.0 80.0 80.0 80.0 0
80.0 80.0 80.0 80.0 0
80.0 80.0 80.0 80.0 0
80.0 80.0 80.0 80.0 0
80.0 80.0 80.0 80.0 0
80.0 80.0 80.0 80.0 0
80.0 80.0 80.0 80.0 0
80.0 80.0 80.0 80.0 0
80.0 80.0 80.0 80.0 0
80.0 80.0 80.0 80.0 0
80.0 80.0 80.0 80.0 0
80.0 80.0 80.0 80.0 0
80.0 80.0 80.0 80.0 0
80.0 80.0 80.0 80.0 0
80.0 80.0 80.0 80.0 0
80.0 80.0 80.0 80.0 0
80.0 80.0 80.0 80.0 5
80.0 80.0 80.0 80.0 5
80.0 80.0 80.0 80.0 0
80.0 80.0 80.0 80.0 5
80.0 80.0 80.0 80.0 0
80.0 80.0 80.0 80.0 0
80.0 80.0 80.0 80.0 0
80.0 80.0 80.0 80.0 0
80.0 80.0 80.0 80.0 0
80.0 80.0 80.0 80.0 0
80.0 80.0 80.0 80.0 0
80.0 80.0 80.0 80.0 0
80.0 80.0 80.0 80.0 0
80.0 80.0 80.0 80.0 0
80.0 80.0 80.0 80.0 0
80.0 80.0 80.0 80.0 0
80.0 80.0 80.0 80.0 0
80.0 80.0 80.0 80.0 0
80.0 80.0 80.0 80.0 0
80.0 80.0 80.0 80.0 0
80.0 80.0 80.0 80.0 5
80.0 80.0 80.0 80.0 0
80.0 80.0 80.0 80.0 0
80.0 80.0 80.0 80.0 0
80.0 80.0 80.0 80.0 0
80.0 80.0 80.0 80.0 0
80.0 80.0 80.0 80.0 0
80.0 80.0 80.0 80.0 0
80.0 80.0 80.0 80.0 0
80.0 80.0 80.0 80.0 5
80.0 80.0 80.0 80.0 0
80.0 82.0 80.0 82.0 10
82.0 82.0 82.0 82.0 20
82.0 82.0 82.0 82.0 0
82.0 82.0 82.0 82.0 0
82.0 82.0 82.0 82.0 0
82.0 82.0 82.0 82.0 0
82.0 82.0 82.0 82.0 0
82.0 82.0 82.0 82.0 0
82.0 82.0 82.0 82.0 0
82.0 82.0 82.0 82.0 0
82.0 82.0 82.0 82.0 0
4.099999904632568 4.099999904632568 4.099999904632568 4.099999904632568 0
4.099999904632568 4.099999904632568 4.099999904632568 4.099999904632568 0
4.099999904632568 4.099999904632568 4.099999904632568 4.099999904632568 0
4.099999904632568 4.099999904632568 4.099999904632568 4.099999904632568 0
4.099999904632568 4.099999904632568 4.099999904632568 4.099999904632568 0
4.099999904632568 4.099999904632568 4.099999904632568 4.099999904632568 0
4.099999904632568 4.099999904632568 4.099999904632568 4.099999904632568 0
4.099999904632568 4.099999904632568 4.099999904632568 4.099999904632568 0
4.099999904632568 4.099999904632568 4.099999904632568 4.099999904632568 0
4.099999904632568 4.099999904632568 4.099999904632568 4.099999904632568 0
4.099999904632568 4.099999904632568 4.099999904632568 4.099999904632568 0
4.099999904632568 4.099999904632568 4.099999904632568 4.099999904632568 0
4.099999904632568 4.099999904632568 4.099999904632568 4.099999904632568 0
4.099999904632568 4.099999904632568 4.099999904632568 4.099999904632568 0
4.099999904632568 4.099999904632568 4.099999904632568 4.099999904632568 0
4.099999904632568 4.099999904632568 4.099999904632568 4.099999904632568 0
4.099999904632568 4.099999904632568 4.099999904632568 4.099999904632568 0
4.099999904632568 4.099999904632568 4.099999904632568 4.099999904632568 0
4.099999904632568 4.099999904632568 4.099999904632568 4.099999904632568 0
4.099999904632568 4.099999904632568 4.099999904632568 4.099999904632568 0
4.099999904632568 4.099999904632568 4.099999904632568 4.099999904632568 0
4.099999904632568 4.099999904632568 4.099999904632568 4.099999904632568 0
4.099999904632568 4.099999904632568 4.099999904632568 4.099999904632568 0
4.099999904632568 4.099999904632568 4.099999904632568 4.099999904632568 0
4.099999904632568 4.099999904632568 4.099999904632568 4.099999904632568 0
4.099999904632568 4.099999904632568 4.099999904632568 4.099999904632568 0
4.099999904632568 4.099999904632568 4.099999904632568 4.099999904632568 0
4.099999904632568 4.099999904632568 4.099999904632568 4.099999904632568 0
4.099999904632568 4.099999904632568 4.099999904632568 4.099999904632568 0
4.099999904632568 4.099999904632568 4.099999904632568 4.099999904632568 0
4.099999904632568 4.099999904632568 4.099999904632568 4.099999904632568 0
4.099999904632568 4.099999904632568 4.099999904632568 4.099999904632568 0
4.099999904632568 4.099999904632568 4.099999904632568 4.099999904632568 0
4.099999904632568 4.099999904632568 4.099999904632568 4.099999904632568 0
4.099999904632568 4.099999904632568 4.099999904632568 4.099999904632568 0
4.099999904632568 4.099999904632568 4.099999904632568 4.099999904632568 0
4.099999904632568 4.099999904632568 4.099999904632568 4.099999904632568 0
4.099999904632568 4.099999904632568 4.099999904632568 4.099999904632568 0
4.099999904632568 4.099999904632568 4.099999904632568 4.099999904632568 0
4.099999904632568 4.099999904632568 4.099999904632568 4.099999904632568 0
4.099999904632568 4.099999904632568 4.099999904632568 4.099999904632568 0
4.099999904632568 4.099999904632568 4.099999904632568 4.099999904632568 0
4.099999904632568 4.099999904632568 4.099999904632568 4.099999904632568 0
4.099999904632568 4.099999904632568 4.099999904632568 4.099999904632568 0
4.099999904632568 4.099999904632568 4.099999904632568 4.099999904632568 0
4.099999904632568 4.099999904632568 4.099999904632568 4.099999904632568 0
4.099999904632568 4.099999904632568 4.099999904632568 4.099999904632568 0
4.099999904632568 4.099999904632568 4.099999904632568 4.099999904632568 0
4.099999904632568 4.099999904632568 4.099999904632568 4.099999904632568 0
4.099999904632568 4.099999904632568 4.099999904632568 4.099999904632568 0
4.099999904632568 4.099999904632568 4.099999904632568 4.099999904632568 0
4.099999904632568 4.099999904632568 4.099999904632568 4.099999904632568 0
4.099999904632568 4.099999904632568 4.099999904632568 4.099999904632568 0
4.099999904632568 4.099999904632568 4.099999904632568 4.099999904632568 0
4.099999904632568 4.099999904632568 4.099999904632568 4.099999904632568 0
4.099999904632568 4.099999904632568 4.099999904632568 4.099999904632568 0
4.099999904632568 4.099999904632568 4.099999904632568 4.099999904632568 0
4.099999904632568 4.099999904632568 4.099999904632568 4.099999904632568 0
4.099999904632568 4.099999904632568 4.099999904632568 4.099999904632568 0
4.099999904632568 4.099999904632568 4.099999904632568 4.099999904632568 0
4.099999904632568 4.099999904632568 4.099999904632568 4.099999904632568 0
4.099999904632568 4.099999904632568 4.099999904632568 4.099999904632568 0
4.099999904632568 4.099999904632568 4.099999904632568 4.099999904632568 0
4.099999904632568 4.099999904632568 4.099999904632568 4.099999904632568 0
4.099999904632568 4.099999904632568 4.099999904632568 4.099999904632568 0
4.099999904632568 4.099999904632568 4.099999904632568 4.099999904632568 0
4.099999904632568 4.099999904632568 4.099999904632568 4.099999904632568 0
4.099999904632568 4.099999904632568 4.099999904632568 4.099999904632568 0
4.099999904632568 4.099999904632568 4.099999904632568 4.099999904632568 0
4.099999904632568 4.099999904632568 4.099999904632568 4.099999904632568 0
4.099999904632568 4.099999904632568 4.099999904632568 4.099999904632568 0
4.099999904632568 4.099999904632568 4.099999904632568 4.099999904632568 0
4.099999904632568 4.099999904632568 4.099999904632568 4.099999904632568 0
4.099999904632568 4.099999904632568 4.099999904632568 4.099999904632568 0
4.099999904632568 4.099999904632568 4.099999904632568 4.099999904632568 0
4.099999904632568 4.099999904632568 4.099999904632568 4.099999904632568 0
4.099999904632568 4.099999904632568 4.099999904632568 4.099999904632568 0
4.099999904632568 4.099999904632568 4.099999904632568 4.099999904632568 0
4.099999904632568 4.099999904632568 4.099999904632568 4.099999904632568 0
4.099999904632568 4.099999904632568 4.099999904632568 4.099999904632568 0
4.099999904632568 4.099999904632568 4.099999904632568 4.099999904632568 0
4.099999904632568 4.099999904632568 4.099999904632568 4.099999904632568 0
4.099999904632568 4.099999904632568 4.099999904632568 4.099999904632568 0
4.099999904632568 4.099999904632568 4.099999904632568 4.099999904632568 0
4.099999904632568 4.099999904632568 4.099999904632568 4.099999904632568 0
4.099999904632568 4.099999904632568 4.099999904632568 4.099999904632568 0
4.099999904632568 4.099999904632568 4.099999904632568 4.099999904632568 0
4.099999904632568 4.099999904632568 4.099999904632568 4.099999904632568 0
4.099999904632568 4.099999904632568 4.099999904632568 4.099999904632568 0
4.099999904632568 4.099999904632568 4.099999904632568 4.099999904632568 0
4.099999904632568 4.099999904632568 4.099999904632568 4.099999904632568 0
4.099999904632568 4.099999904632568 4.099999904632568 4.099999904632568 0
4.099999904632568 4.099999904632568 4.099999904632568 4.099999904632568 0
4.099999904632568 4.099999904632568 4.099999904632568 4.099999904632568 0
4.099999904632568 4.099999904632568 4.099999904632568 4.099999904632568 0
4.099999904632568 4.099999904632568 4.099999904632568 4.099999904632568 0
4.099999904632568 4.099999904632568 4.099999904632568 4.099999904632568 0
4.099999904632568 4.099999904632568 4.099999904632568 4.099999904632568 0
4.099999904632568 4.099999904632568 4.099999904632568 4.099999904632568 0
4.099999904632568 4.099999904632568 4.099999904632568 4.099999904632568 0
4.099999904632568 4.099999904632568 4.099999904632568 4.099999904632568 0
4.099999904632568 4.099999904632568 4.099999904632568 4.099999904632568 0
4.099999904632568 4.099999904632568 4.099999904632568 4.099999904632568 0
4.099999904632568 4.099999904632568 4.099999904632568 4.099999904632568 0
4.099999904632568 4.099999904632568 4.099999904632568 4.099999904632568 0
4.099999904632568 4.099999904632568 4.099999904632568 4.099999904632568 0
4.099999904632568 4.099999904632568 4.099999904632568 4.099999904632568 0
4.099999904632568 4.099999904632568 4.099999904632568 4.099999904632568 0
4.099999904632568 4.099999904632568 4.099999904632568 4.099999904632568 0
4.099999904632568 4.099999904632568 4.099999904632568 4.099999904632568 0
4.099999904632568 4.099999904632568 4.099999904632568 4.099999904632568 0
4.099999904632568 4.099999904632568 4.099999904632568 4.099999904632568 0
4.099999904632568 4.099999904632568 4.099999904632568 4.099999904632568 0
4.099999904632568 4.099999904632568 4.099999904632568 4.099999904632568 0
4.099999904632568 4.099999904632568 4.099999904632568 4.099999904632568 0
4.099999904632568 4.099999904632568 4.099999904632568 4.099999904632568 0
4.099999904632568 4.099999904632568 4.099999904632568 4.099999904632568 0
4.099999904632568 4.099999904632568 4.099999904632568 4.099999904632568 0
4.099999904632568 4.099999904632568 4.099999904632568 4.099999904632568 0
4.099999904632568 4.099999904632568 4.099999904632568 4.099999904632568 0
4.099999904632568 4.099999904632568 4.099999904632568 4.099999904632568 0
4.099999904632568 4.099999904632568 4.099999904632568 4.099999904632568 0
4.099999904632568 4.099999904632568 4.099999904632568 4.099999904632568 0
4.099999904632568 4.099999904632568 4.099999904632568 4.099999904632568 0
4.099999904632568 4.099999904632568 4.099999904632568 4.099999904632568 0
4.099999904632568 4.099999904632568 4.099999904632568 4.099999904632568 0
4.099999904632568 4.099999904632568 4.099999904632568 4.099999904632568 0
4.099999904632568 4.099999904632568 4.099999904632568 4.099999904632568 0
4.099999904632568 4.099999904632568 4.099999904632568 4.099999904632568 0
4.099999904632568 4.099999904632568 4.099999904632568 4.099999904632568 0
4.099999904632568 4.099999904632568 4.099999904632568 4.099999904632568 0
4.099999904632568 4.099999904632568 4.099999904632568 4.099999904632568 0
4.099999904632568 4.099999904632568 4.099999904632568 4.099999904632568 0
4.099999904632568 4.099999904632568 4.099999904632568 4.099999904632568 0
4.099999904632568 4.099999904632568 4.099999904632568 4.099999904632568 0
4.099999904632568 4.099999904632568 4.099999904632568 4.099999904632568 0
4.099999904632568 4.099999904632568 4.099999904632568 4.099999904632568 0
4.099999904632568 4.099999904632568 4.099999904632568 4.099999904632568 0
4.099999904632568 4.099999904632568 4.099999904632568 4.099999904632568 0
4.099999904632568 4.099999904632568 4.099999904632568 4.099999904632568 0
4.099999904632568 4.099999904632568 4.099999904632568 4.099999904632568 0
4.099999904632568 4.099999904632568 4.099999904632568 4.099999904632568 0
4.099999904632568 4.099999904632568 4.099999904632568 4.099999904632568 0
4.099999904632568 4.099999904632568 4.099999904632568 4.099999904632568 0
4.099999904632568 4.099999904632568 4.099999904632568 4.099999904632568 0
4.099999904632568 4.099999904632568 4.099999904632568 4.099999904632568 0
4.099999904632568 4.099999904632568 4.099999904632568 4.099999904632568 0
4.099999904632568 4.099999904632568 4.099999904632568 4.099999904632568 0
4.099999904632568 4.099999904632568 4.099999904632568 4.099999904632568 0
4.099999904632568 4.099999904632568 4.099999904632568 4.099999904632568 0
4.099999904632568 4.099999904632568 4.099999904632568 4.099999904632568 0
4.099999904632568 4.099999904632568 4.099999904632568 4.099999904632568 0
4.099999904632568 4.099999904632568 4.099999904632568 4.099999904632568 0
4.099999904632568 4.099999904632568 4.099999904632568 4.099999904632568 0
4.099999904632568 4.099999904632568 4.099999904632568 4.099999904632568 0
4.099999904632568 4.099999904632568 4.099999904632568 4.099999904632568 0
4.099999904632568 4.099999904632568 4.099999904632568 4.099999904632568 0
4.099999904632568 4.099999904632568 4.099999904632568 4.099999904632568 0
4.099999904632568 4.099999904632568 4.099999904632568 4.099999904632568 0
4.099999904632568 4.099999904632568 4.099999904632568 4.099999904632568 0
4.099999904632568 4.099999904632568 4.099999904632568 4.099999904632568 0
4.099999904632568 4.099999904632568 4.099999904632568 4.099999904632568 0
4.099999904632568 4.099999904632568 4.099999904632568 4.099999904632568 0
4.099999904632568 4.099999904632568 4.099999904632568 4.099999904632568 0
4.099999904632568 4.099999904632568 4.099999904632568 4.099999904632568 0
4.099999904632568 4.099999904632568 4.099999904632568 4.099999904632568 0
4.099999904632568 4.099999904632568 4.099999904632568 4.099999904632568 0
4.099999904632568 4.099999904632568 4.099999904632568 4.099999904632568 0
4.099999904632568 4.099999904632568 4.099999904632568 4.099999904632568 0
4.099999904632568 4.099999904632568 4.099999904632568 4.099999904632568 0
4.099999904632568 4.099999904632568 4.099999904632568 4.099999904632568 0
4.099999904632568 4.099999904632568 4.099999904632568 4.099999904632568 0
4.099999904632568 4.099999904632568 4.099999904632568 4.099999904632568 0
4.099999904632568 4.099999904632568 4.099999904632568 4.099999904632568 0
4.099999904632568 4.099999904632568 4.099999904632568 4.099999904632568 0
4.099999904632568 4.099999904632568 4.099999904632568 4.099999904632568 0
4.099999904632568 4.099999904632568 4.099999904632568 4.099999904632568 0
4.099999904632568 4.099999904632568 4.099999904632568 4.099999904632568 0
4.099999904632568 4.099999904632568 4.099999904632568 4.099999904632568 0
4.099999904632568 4.099999904632568 4.099999904632568 4.099999904632568 0
4.099999904632568 4.099999904632568 4.099999904632568 4.099999904632568 0
4.099999904632568 4.099999904632568 4.099999904632568 4.099999904632568 0
4.099999904632568 4.099999904632568 4.099999904632568 4.099999904632568 0
4.099999904632568 4.099999904632568 4.099999904632568 4.099999904632568 0
4.099999904632568 4.099999904632568 4.099999904632568 4.099999904632568 0
4.099999904632568 4.099999904632568 4.099999904632568 4.099999904632568 0
4.099999904632568 4.099999904632568 4.099999904632568 4.099999904632568 0
4.099999904632568 4.099999904632568 4.099999904632568 4.099999904632568 0
4.099999904632568 4.099999904632568 4.099999904632568 4.099999904632568 0
4.099999904632568 4.099999904632568 4.099999904632568 4.099999904632568 0
4.099999904632568 4.099999904632568 4.099999904632568 4.099999904632568 0
4.099999904632568 4.099999904632568 4.099999904632568 4.099999904632568 0
4.099999904632568 4.099999904632568 4.099999904632568 4.099999904632568 0
4.099999904632568 4.099999904632568 4.099999904632568 4.099999904632568 0
4.099999904632568 4.099999904632568 4.099999904632568 4.099999904632568 0
4.099999904632568 4.099999904632568 4.099999904632568 4.099999904632568 0
4.099999904632568 4.099999904632568 4.099999904632568 4.099999904632568 0
4.099999904632568 4.099999904632568 4.099999904632568 4.099999904632568 0
4.099999904632568 4.099999904632568 4.099999904632568 4.099999904632568 0
4.099999904632568 4.099999904632568 4.099999904632568 4.099999904632568 0
4.099999904632568 4.099999904632568 4.099999904632568 4.099999904632568 0
4.099999904632568 4.099999904632568 4.099999904632568 4.099999904632568 0
4.099999904632568 4.099999904632568 4.099999904632568 4.099999904632568 0
4.099999904632568 4.099999904632568 4.099999904632568 4.099999904632568 0
4.099999904632568 4.099999904632568 4.099999904632568 4.099999904632568 0
4.099999904632568 4.099999904632568 4.099999904632568 4.099999904632568 0
4.099999904632568 4.099999904632568 4.099999904632568 4.099999904632568 0
4.099999904632568 4.099999904632568 4.099999904632568 4.099999904632568 0
4.099999904632568 4.099999904632568 4.099999904632568 4.099999904632568 0
4.099999904632568 4.099999904632568 4.099999904632568 4.099999904632568 0
4.099999904632568 4.099999904632568 4.099999904632568 4.099999904632568 0
4.099999904632568 4.099999904632568 4.099999904632568 4.099999904632568 0
4.099999904632568 4.099999904632568 4.099999904632568 4.099999904632568 0
4.099999904632568 4.099999904632568 4.099999904632568 4.099999904632568 0
4.099999904632568 4.099999904632568 4.099999904632568 4.099999904632568 0
4.099999904632568 4.099999904632568 4.099999904632568 4.099999904632568 0
4.099999904632568 4.099999904632568 4.099999904632568 4.099999904632568 0
4.099999904632568 4.099999904632568 4.099999904632568 4.099999904632568 0
4.099999904632568 4.099999904632568 4.099999904632568 4.099999904632568 0
4.099999904632568 4.099999904632568 4.099999904632568 4.099999904632568 0
4.099999904632568 4.099999904632568 4.099999904632568 4.099999904632568 0
4.099999904632568 4.099999904632568 4.099999904632568 4.099999904632568 0
4.099999904632568 4.099999904632568 4.099999904632568 4.099999904632568 0
4.099999904632568 4.099999904632568 4.099999904632568 4.099999904632568 0
4.099999904632568 4.099999904632568 4.099999904632568 4.099999904632568 0
4.099999904632568 4.099999904632568 4.099999904632568 4.099999904632568 0
4.099999904632568 4.099999904632568 4.099999904632568 4.099999904632568 0
4.099999904632568 4.099999904632568 4.099999904632568 4.099999904632568 0
4.099999904632568 4.099999904632568 4.099999904632568 4.099999904632568 0
4.099999904632568 4.099999904632568 4.099999904632568 4.099999904632568 0
4.099999904632568 4.099999904632568 4.099999904632568 4.099999904632568 0
4.099999904632568 4.099999904632568 4.099999904632568 4.099999904632568 0
4.099999904632568 4.099999904632568 4.099999904632568 4.099999904632568 0
4.099999904632568 4.099999904632568 4.099999904632568 4.099999904632568 0
4.099999904632568 4.099999904632568 4.099999904632568 4.099999904632568 0
4.099999904632568 4.099999904632568 4.099999904632568 4.099999904632568 0
4.099999904632568 4.099999904632568 4.099999904632568 4.099999904632568 0
4.099999904632568 4.099999904632568 4.099999904632568 4.099999904632568 0
4.099999904632568 4.099999904632568 4.099999904632568 4.099999904632568 0
4.099999904632568 4.099999904632568 4.099999904632568 4.099999904632568 0
4.099999904632568 4.099999904632568 4.099999904632568 4.099999904632568 0
4.099999904632568 4.099999904632568 4.099999904632568 4.099999904632568 0
4.099999904632568 4.099999904632568 4.099999904632568 4.099999904632568 0
4.099999904632568 4.099999904632568 4.099999904632568 4.099999904632568 0
4.099999904632568 4.099999904632568 4.099999904632568 4.099999904632568 0
4.099999904632568 4.099999904632568 4.099999904632568 4.099999904632568 0
4.099999904632568 4.099999904632568 4.099999904632568 4.099999904632568 0
4.099999904632568 4.099999904632568 4.099999904632568 4.099999904632568 0
4.099999904632568 4.099999904632568 4.099999904632568 4.099999904632568 0
4.099999904632568 4.099999904632568 4.099999904632568 4.099999904632568 0
4.099999904632568 4.099999904632568 4.099999904632568 4.099999904632568 0
4.099999904632568 4.099999904632568 4.099999904632568 4.099999904632568 0
4.099999904632568 4.099999904632568 4.099999904632568 4.099999904632568 0
4.099999904632568 4.099999904632568 4.099999904632568 4.099999904632568 0
4.099999904632568 4.099999904632568 4.099999904632568 4.099999904632568 0
4.099999904632568 4.099999904632568 4.099999904632568 4.099999904632568 0
4.099999904632568 4.099999904632568 4.099999904632568 4.099999904632568 0
4.099999904632568 4.099999904632568 4.099999904632568 4.099999904632568 0
4.099999904632568 4.099999904632568 4.099999904632568 4.099999904632568 0
4.099999904632568 4.099999904632568 4.099999904632568 4.099999904632568 0
4.099999904632568 4.099999904632568 4.099999904632568 4.099999904632568 0
4.099999904632568 4.099999904632568 4.099999904632568 4.099999904632568 0
4.099999904632568 4.099999904632568 4.099999904632568 4.099999904632568 0
7.0 7.0 7.0 7.0 100
7.0 7.0 7.0 7.0 0
7.0 7.0 7.0 7.0 0
7.0 7.0 7.0 7.0 0
7.0 7.0 7.0 7.0 0
7.0 7.0 7.0 7.0 0
7.0 7.0 7.0 7.0 0
7.0 7.0 7.0 7.0 0
7.0 7.0 7.0 7.0 0
7.0 7.0 7.0 7.0 0
7.0 7.0 7.0 7.0 0
7.0 7.0 7.0 7.0 0
7.0 7.0 7.0 7.0 0
7.0 7.0 7.0 7.0 0
7.0 7.0 7.0 7.0 0
7.0 7.0 7.0 7.0 0
7.0 7.0 7.0 7.0 0
7.0 7.0 7.0 7.0 0
7.0 7.0 7.0 7.0 0
7.0 7.0 7.0 7.0 0
7.0 7.0 7.0 7.0 0
7.0 7.0 7.0 7.0 0
7.0 7.0 7.0 7.0 0
7.0 7.0 7.0 7.0 0
7.0 7.0 7.0 7.0 0
7.0 7.0 7.0 7.0 0
7.0 7.0 7.0 7.0 0
7.0 7.0 7.0 7.0 0
7.0 7.0 7.0 7.0 0
7.0 7.0 7.0 7.0 0
7.0 7.0 7.0 7.0 0
7.0 7.0 7.0 7.0 0
7.0 7.0 7.0 7.0 0
7.0 7.0 7.0 7.0 0
7.0 7.0 7.0 7.0 0
7.0 7.0 7.0 7.0 0
7.0 7.0 7.0 7.0 0
7.0 7.0 7.0 7.0 0
7.0 7.0 7.0 7.0 0
7.0 7.0 7.0 7.0 0
7.0 7.0 7.0 7.0 0
7.0 7.0 7.0 7.0 0
7.0 7.0 7.0 7.0 0
7.0 7.0 7.0 7.0 0
7.0 7.0 7.0 7.0 0
7.0 7.0 7.0 7.0 0
7.0 7.0 7.0 7.0 0
7.0 7.0 7.0 7.0 0
7.0 7.0 7.0 7.0 0
7.0 7.0 7.0 7.0 0
7.0 7.0 7.0 7.0 0
7.0 7.0 7.0 7.0 0
7.0 7.0 7.0 7.0 0
7.0 7.0 7.0 7.0 0
7.0 7.0 7.0 7.0 0
7.0 7.0 7.0 7.0 0
7.0 7.0 7.0 7.0 0
7.0 7.0 7.0 7.0 0
7.0 7.0 7.0 7.0 0
7.0 7.0 7.0 7.0 0
7.0 7.0 7.0 7.0 0
7.0 7.0 7.0 7.0 0
7.0 7.0 7.0 7.0 0
7.0 7.0 7.0 7.0 0
7.0 7.0 7.0 7.0 0
7.0 7.0 7.0 7.0 0
7.0 7.0 7.0 7.0 0
7.0 7.0 7.0 7.0 0
7.0 7.0 7.0 7.0 0
7.0 7.0 7.0 7.0 0
7.0 7.0 7.0 7.0 0
7.0 7.0 7.0 7.0 0
7.0 7.0 7.0 7.0 0
7.0 7.0 7.0 7.0 0
7.0 7.0 7.0 7.0 0
7.0 7.0 7.0 7.0 0
7.0 7.0 7.0 7.0 0
7.0 7.0 7.0 7.0 0
7.0 7.0 7.0 7.0 0
7.0 7.0 7.0 7.0 0
7.0 7.0 7.0 7.0 0
7.0 7.0 7.0 7.0 0
7.0 7.0 7.0 7.0 0
7.0 7.0 7.0 7.0 0
7.0 7.0 7.0 7.0 0
7.0 7.0 7.0 7.0 0
7.0 7.0 7.0 7.0 0
7.0 7.0 7.0 7.0 0
7.0 7.0 7.0 7.0 0
7.0 7.0 7.0 7.0 0
7.0 7.0 7.0 7.0 0
7.0 7.0 7.0 7.0 0
7.0 7.0 7.0 7.0 0
7.0 7.0 7.0 7.0 0
7.0 7.0 7.0 7.0 0
7.0 7.0 7.0 7.0 0
7.0 7.0 7.0 7.0 0
7.0 7.0 7.0 7.0 0
7.0 7.0 7.0 7.0 0
7.0 7.0 7.0 7.0 0
7.0 7.0 7.0 7.0 0
7.0 7.0 7.0 7.0 0
7.0 7.0 7.0 7.0 0
7.0 7.0 7.0 7.0 0
7.0 7.0 7.0 7.0 0
7.0 7.0 7.0 7.0 0
7.0 7.0 7.0 7.0 0
7.0 7.0 7.0 7.0 0
7.0 7.0 7.0 7.0 0
7.0 7.0 7.0 7.0 0
7.0 7.0 7.0 7.0 0
7.0 7.0 7.0 7.0 0
7.0 7.0 7.0 7.0 0
7.0 7.0 7.0 7.0 0
7.0 7.0 7.0 7.0 0
7.0 7.0 7.0 7.0 0
7.0 7.0 7.0 7.0 0
7.0 7.0 7.0 7.0 0
7.0 7.0 7.0 7.0 0
7.0 7.0 7.0 7.0 0
7.0 7.0 7.0 7.0 0
7.0 7.0 7.0 7.0 0
7.0 7.0 7.0 7.0 0
7.0 7.0 7.0 7.0 0
7.0 7.0 7.0 7.0 0
7.0 7.0 7.0 7.0 0
7.0 7.0 7.0 7.0 0
7.0 7.0 7.0 7.0 0
7.0 7.0 7.0 7.0 0
7.0 7.0 7.0 7.0 0
7.0 7.0 7.0 7.0 0
7.0 7.0 7.0 7.0 0
7.0 7.0 7.0 7.0 0
7.0 7.0 7.0 7.0 0
7.0 7.0 7.0 7.0 0
7.0 7.0 7.0 7.0 0
7.0 7.0 7.0 7.0 0
7.0 7.0 7.0 7.0 0
7.0 7.0 7.0 7.0 0
7.0 7.0 7.0 7.0 0
7.0 7.0 7.0 7.0 0
7.0 7.0 7.0 7.0 0
7.0 7.0 7.0 7.0 0
7.0 7.0 7.0 7.0 0
7.0 7.0 7.0 7.0 0
7.0 7.0 7.0 7.0 0
7.0 7.0 7.0 7.0 0
7.0 7.0 7.0 7.0 0
7.0 7.0 7.0 7.0 0
7.0 7.0 7.0 7.0 0
7.0 7.0 7.0 7.0 0
7.0 7.0 7.0 7.0 0
7.0 7.0 7.0 7.0 0
7.0 7.0 7.0 7.0 0
7.0 7.0 7.0 7.0 0
7.0 7.0 7.0 7.0 0
7.0 7.0 7.0 7.0 0
7.0 7.0 7.0 7.0 0
7.0 7.0 7.0 7.0 0
7.0 7.0 7.0 7.0 0
7.0 7.0 7.0 7.0 0
7.0 7.0 7.0 7.0 0
7.0 7.0 7.0 7.0 0
7.0 7.0 7.0 7.0 0
7.0 7.0 7.0 7.0 0
7.0 7.0 7.0 7.0 0
7.0 7.0 7.0 7.0 0
7.0 7.0 7.0 7.0 0
7.0 7.0 7.0 7.0 0
7.0 7.0 7.0 7.0 0
7.0 7.0 7.0 7.0 0
7.0 7.0 7.0 7.0 0
7.0 7.0 7.0 7.0 0
7.0 7.0 7.0 7.0 0
7.0 7.0 7.0 7.0 0
7.0 7.0 7.0 7.0 0
7.0 7.0 7.0 7.0 0
7.0 7.0 7.0 7.0 0
7.0 7.0 7.0 7.0 0
7.0 7.0 7.0 7.0 0
7.0 7.0 7.0 7.0 0
7.0 7.0 7.0 7.0 0
7.0 7.0 7.0 7.0 0
7.0 7.0 7.0 7.0 0
7.0 7.0 7.0 7.0 0
7.0 7.0 7.0 7.0 0
7.0 7.0 7.0 7.0 0
7.0 7.0 7.0 7.0 0
7.0 7.0 7.0 7.0 0
7.0 7.0 7.0 7.0 0
7.0 7.0 7.0 7.0 0
7.0 7.0 7.0 7.0 0
7.0 7.0 7.0 7.0 0
7.0 7.0 7.0 7.0 0
7.0 7.0 7.0 7.0 0
7.0 7.0 7.0 7.0 0
7.0 7.0 7.0 7.0 0
7.0 7.0 7.0 7.0 0
7.0 7.0 7.0 7.0 0
7.0 7.0 7.0 7.0 0
7.0 7.0 7.0 7.0 0
7.0 7.0 7.0 7.0 0
7.0 7.0 7.0 7.0 0
7.0 7.0 7.0 7.0 0
7.0 7.0 7.0 7.0 0
7.0 7.0 7.0 7.0 0
7.0 7.0 7.0 7.0 0
7.0 7.0 7.0 7.0 0
7.0 7.0 7.0 7.0 0
7.0 7.0 7.0 7.0 0
7.0 7.0 7.0 7.0 0
7.0 7.0 7.0 7.0 0
7.0 7.0 7.0 7.0 0
7.0 7.0 7.0 7.0 0
7.0 7.0 7.0 7.0 0
7.0 7.0 7.0 7.0 0
7.0 7.0 7.0 7.0 0
7.0 7.0 7.0 7.0 0
7.0 7.0 7.0 7.0 0
7.0 7.0 7.0 7.0 0
7.0 7.0 7.0 7.0 0
7.0 7.0 7.0 7.0 0
7.0 7.0 7.0 7.0 0
7.0 7.0 7.0 7.0 0
7.0 7.0 7.0 7.0 0
7.0 7.0 7.0 7.0 0
7.0 7.0 7.0 7.0 0
7.0 7.0 7.0 7.0 0
7.0 7.0 7.0 7.0 0
7.0 7.0 7.0 7.0 0
7.0 7.0 7.0 7.0 0
7.0 7.0 7.0 7.0 0
7.0 7.0 7.0 7.0 0
7.0 7.0 7.0 7.0 0
7.0 7.0 7.0 7.0 0
7.0 7.0 7.0 7.0 0
7.0 7.0 7.0 7.0 0
7.0 7.0 7.0 7.0 0
7.0 7.0 7.0 7.0 0
7.0 7.0 7.0 7.0 0
7.0 7.0 7.0 7.0 0
7.0 7.0 7.0 7.0 0
7.0 7.0 7.0 7.0 0
7.0 7.0 7.0 7.0 0
7.0 7.0 7.0 7.0 0
7.0 7.0 7.0 7.0 0
7.0 7.0 7.0 7.0 0
7.0 7.0 7.0 7.0 0
7.0 7.0 7.0 7.0 0
7.0 7.0 7.0 7.0 0
7.0 7.0 7.0 7.0 0
7.0 7.0 7.0 7.0 0
7.0 7.0 7.0 7.0 0
7.0 7.0 7.0 7.0 0
7.0 7.0 7.0 7.0 0
7.0 7.0 7.0 7.0 0
7.0 7.0 7.0 7.0 0
7.5 7.5 7.5 7.5 500
7.5 7.5 7.5 7.5 0
7.5 7.5 7.5 7.5 0
7.5 7.5 7.5 7.5 0
7.5 7.5 7.5 7.5 0
7.5 7.5 7.5 7.5 0
7.5 7.5 7.5 7.5 0
7.5 7.5 7.5 7.5 0
7.5 7.5 7.5 7.5 0
7.5 7.5 7.5 7.5 0
7.5 7.5 7.5 7.5 0
7.5 7.5 7.5 7.5 0
7.5 7.5 7.5 7.5 0
7.5 7.5 7.5 7.5 0
7.5 7.5 7.5 7.5 0
7.5 7.5 7.5 7.5 0
7.5 7.5 7.5 7.5 0
7.5 7.5 7.5 7.5 0
7.5 7.5 7.5 7.5 0
7.5 7.5 7.5 7.5 0
7.5 7.5 7.5 7.5 0
7.5 7.5 7.5 7.5 0
7.5 7.5 7.5 7.5 0
7.5 7.5 7.5 7.5 0
7.5 7.5 7.5 7.5 0
7.5 7.5 7.5 7.5 0
7.5 7.5 7.5 7.5 0
7.5 7.5 7.5 7.5 0
7.5 7.5 7.5 7.5 0
7.5 7.5 7.5 7.5 0
7.5 7.5 7.5 7.5 0
7.5 7.5 7.5 7.5 0
7.5 7.5 7.5 7.5 0
7.5 7.5 7.5 7.5 0
7.5 7.5 7.5 7.5 0
7.5 7.5 7.5 7.5 0
7.5 7.5 7.5 7.5 0
7.5 7.5 7.5 7.5 0
7.5 7.5 7.5 7.5 0
7.5 7.5 7.5 7.5 0
7.5 7.5 7.5 7.5 0
7.5 7.5 7.5 7.5 0
7.5 7.5 7.5 7.5 0
7.5 7.5 7.5 7.5 0
7.5 7.5 7.5 7.5 0
7.5 7.5 7.5 7.5 0
7.5 7.5 7.5 7.5 0
7.5 7.5 7.5 7.5 0
7.5 7.5 7.5 7.5 0
7.5 7.5 7.5 7.5 0
7.5 7.5 7.5 7.5 0
7.5 7.5 7.5 7.5 0
7.5 7.5 7.5 7.5 0
7.5 7.5 7.5 7.5 0
7.5 7.5 7.5 7.5 0
7.5 7.5 7.5 7.5 0
7.5 7.5 7.5 7.5 0
7.5 7.5 7.5 7.5 0
7.5 7.5 7.5 7.5 0
7.5 7.5 7.5 7.5 0
7.5 7.5 7.5 7.5 0
7.5 7.5 7.5 7.5 0
7.5 7.5 7.5 7.5 0
7.5 7.5 7.5 7.5 0
7.5 7.5 7.5 7.5 0
7.5 7.5 7.5 7.5 0
7.5 7.5 7.5 7.5 0
7.5 7.5 7.5 7.5 0
7.5 7.5 7.5 7.5 0
7.5 7.5 7.5 7.5 0
7.5 7.5 7.5 7.5 0
7.5 7.5 7.5 7.5 0
7.5 7.5 7.5 7.5 0
7.5 7.5 7.5 7.5 0
7.5 7.5 7.5 7.5 0
7.5 7.5 7.5 7.5 0
7.5 7.5 7.5 7.5 0
7.5 7.5 7.5 7.5 0
7.5 7.5 7.5 7.5 0
7.5 7.5 7.5 7.5 0
7.5 7.5 7.5 7.5 0
7.5 7.5 7.5 7.5 0
7.5 7.5 7.5 7.5 0
7.5 7.5 7.5 7.5 0
7.5 7.5 7.5 7.5 0
7.5 7.5 7.5 7.5 0
7.5 7.5 7.5 7.5 0
7.5 7.5 7.5 7.5 0
7.5 7.5 7.5 7.5 0
7.5 7.5 7.5 7.5 0
7.5 7.5 7.5 7.5 0
7.5 7.5 7.5 7.5 0
7.5 7.5 7.5 7.5 0
7.5 7.5 7.5 7.5 0
7.5 7.5 7.5 7.5 0
7.5 7.5 7.5 7.5 0
7.5 7.5 7.5 7.5 0
7.5 7.5 7.5 7.5 0
7.5 7.5 7.5 7.5 0
7.5 7.5 7.5 7.5 0
7.5 7.5 7.5 7.5 0
7.5 7.5 7.5 7.5 0
7.5 7.5 7.5 7.5 0
7.5 7.5 7.5 7.5 0
7.5 7.5 7.5 7.5 0
7.5 7.5 7.5 7.5 0
7.5 7.5 7.5 7.5 0
7.5 7.5 7.5 7.5 0
7.5 7.5 7.5 7.5 0
7.5 7.5 7.5 7.5 0
7.5 7.5 7.5 7.5 0
7.5 7.5 7.5 7.5 0
7.5 7.5 7.5 7.5 0
7.5 7.5 7.5 7.5 0
7.5 7.5 7.5 7.5 0
7.5 7.5 7.5 7.5 0
7.5 7.5 7.5 7.5 0
7.5 7.5 7.5 7.5 0
7.5 7.5 7.5 7.5 0
7.5 7.5 7.5 7.5 0
7.5 7.5 7.5 7.5 0
7.5 7.5 7.5 7.5 0
7.5 7.5 7.5 7.5 0
7.5 7.5 7.5 7.5 0
7.5 7.5 7.5 7.5 0
7.5 7.5 7.5 7.5 0
7.5 7.5 7.5 7.5 0
7.5 7.5 7.5 7.5 0
7.5 7.5 7.5 7.5 0
7.5 7.5 7.5 7.5 0
7.5 7.5 7.5 7.5 0
7.5 7.5 7.5 7.5 0
7.5 7.5 7.5 7.5 0
7.5 7.5 7.5 7.5 0
7.5 7.5 7.5 7.5 0
7.5 7.5 7.5 7.5 0
7.5 7.5 7.5 7.5 0
7.5 7.5 7.5 7.5 0
7.5 7.5 7.5 7.5 0
7.5 7.5 7.5 7.5 0
7.5 7.5 7.5 7.5 0
7.5 7.5 7.5 7.5 0
7.5 7.5 7.5 7.5 0
7.5 7.5 7.5 7.5 0
7.5 7.5 7.5 7.5 0
7.5 7.5 7.5 7.5 0
7.5 7.5 7.5 7.5 0
7.5 7.5 7.5 7.5 0
7.5 7.5 7.5 7.5 0
7.5 7.5 7.5 7.5 0
7.5 7.5 7.5 7.5 0
7.5 7.5 7.5 7.5 0
7.5 7.5 7.5 7.5 0
7.5 7.5 7.5 7.5 0
7.5 7.5 7.5 7.5 0
7.5 7.5 7.5 7.5 0
7.5 7.5 7.5 7.5 0
7.5 7.5 7.5 7.5 0
7.5 7.5 7.5 7.5 0
7.5 7.5 7.5 7.5 0
7.5 7.5 7.5 7.5 0
7.5 7.5 7.5 7.5 0
7.5 7.5 7.5 7.5 0
7.5 7.5 7.5 7.5 0
7.5 7.5 7.5 7.5 0
7.5 7.5 7.5 7.5 0
7.5 7.5 7.5 7.5 0
7.5 7.5 7.5 7.5 0
7.5 7.5 7.5 7.5 0
7.5 7.5 7.5 7.5 0
7.5 7.5 7.5 7.5 0
7.5 7.5 7.5 7.5 0
7.5 7.5 7.5 7.5 0
7.5 7.5 7.5 7.5 0
7.5 7.5 7.5 7.5 0
7.5 7.5 7.5 7.5 0
7.5 7.5 7.5 7.5 0
7.5 7.5 7.5 7.5 0
7.5 7.5 7.5 7.5 0
7.5 7.5 7.5 7.5 0
7.5 7.5 7.5 7.5 0
7.5 7.5 7.5 7.5 0
7.5 7.5 7.5 7.5 0
7.5 7.5 7.5 7.5 0
7.5 7.5 7.5 7.5 0
7.5 7.5 7.5 7.5 0
7.5 7.5 7.5 7.5 0
7.5 7.5 7.5 7.5 0
7.5 7.5 7.5 7.5 0
7.5 7.5 7.5 7.5 0
7.5 7.5 7.5 7.5 0
7.5 7.5 7.5 7.5 0
7.5 7.5 7.5 7.5 0
7.5 7.5 7.5 7.5 0
7.5 7.5 7.5 7.5 0
7.5 7.5 7.5 7.5 0
7.5 7.5 7.5 7.5 0
7.5 7.5 7.5 7.5 0
7.5 7.5 7.5 7.5 0
7.5 7.5 7.5 7.5 0
7.5 7.5 7.5 7.5 0
7.5 7.5 7.5 7.5 0
7.5 7.5 7.5 7.5 0
7.5 7.5 7.5 7.5 0
7.5 7.5 7.5 7.5 0
7.5 7.5 7.5 7.5 0
7.5 7.5 7.5 7.5 0
7.5 7.5 7.5 7.5 0
7.5 7.5 7.5 7.5 0
7.5 7.5 7.5 7.5 0
7.5 7.5 7.5 7.5 0
7.5 7.5 7.5 7.5 0
7.5 7.5 7.5 7.5 0
7.5 7.5 7.5 7.5 0
7.5 7.5 7.5 7.5 0
7.5 7.5 7.5 7.5 0
7.5 7.5 7.5 7.5 0
7.5 7.5 7.5 7.5 0
7.5 7.5 7.5 7.5 0
7.5 7.5 7.5 7.5 0
7.5 7.5 7.5 7.5 0
7.5 7.5 7.5 7.5 0
7.5 7.5 7.5 7.5 0
7.5 7.5 7.5 7.5 0
7.5 7.5 7.5 7.5 0
7.5 7.5 7.5 7.5 0
7.5 7.5 7.5 7.5 0
7.5 7.5 7.5 7.5 0
7.5 7.5 7.5 7.5 0
7.5 7.5 7.5 7.5 0
7.5 7.5 7.5 7.5 0
7.5 7.5 7.5 7.5 0
7.5 7.5 7.5 7.5 0
7.5 7.5 7.5 7.5 0
7.5 7.5 7.5 7.5 0
7.5 7.5 7.5 7.5 0
7.5 7.5 7.5 7.5 0
7.5 7.5 7.5 7.5 0
7.5 7.5 7.5 7.5 0
7.5 7.5 7.5 7.5 0
7.5 7.5 7.5 7.5 0
7.5 7.5 7.5 7.5 0
7.5 7.5 7.5 7.5 0
7.5 7.5 7.5 7.5 0
7.5 7.5 7.5 7.5 0
7.5 7.5 7.5 7.5 0
7.5 7.5 7.5 7.5 0
7.5 7.5 7.5 7.5 0
7.5 7.5 7.5 7.5 0
7.5 7.5 7.5 7.5 0
7.5 7.5 7.5 7.5 0
7.5 7.5 7.5 7.5 0
7.5 7.5 7.5 7.5 0
7.5 7.5 7.5 7.5 0
7.5 7.5 7.5 7.5 0
7.5 7.5 7.5 7.5 0
7.5 7.5 7.5 7.5 0
7.5 7.5 7.5 7.5 0
7.5 7.5 7.5 7.5 0
7.5 7.5 7.5 7.5 0
7.5 7.5 7.5 7.5 0
7.5 7.5 7.5 7.5 0
7.5 7.5 7.5 7.5 0
7.5 7.5 7.5 7.5 0
7.5 7.5 7.5 7.5 0
7.5 7.5 7.5 7.5 0
7.5 7.5 7.5 7.5 0
7.5 7.5 7.5 7.5 0
7.5 7.5 7.5 7.5 0
7.5 7.5 7.5 7.5 0
7.5 7.5 7.5 7.5 0
7.5 7.5 7.5 7.5 0
7.5 7.5 7.5 7.5 0
7.5 7.5 7.5 7.5 0
7.5 7.5 7.5 7.5 0
7.5 7.5 7.5 7.5 0
7.5 7.5 7.5 7.5 0
7.5 7.5 7.5 7.5 0
7.5 7.5 7.5 7.5 0
7.5 7.5 7.5 7.5 0
7.5 7.5 7.5 7.5 0
7.5 7.5 7.5 7.5 0
7.5 7.5 7.5 7.5 0
7.5 7.5 7.5 7.5 0
7.5 7.5 7.5 7.5 0
7.5 7.5 7.5 7.5 0
7.5 7.5 7.5 7.5 0
7.5 7.5 7.5 7.5 0
7.5 7.5 7.5 7.5 0
7.5 7.5 7.5 7.5 0
7.5 7.5 7.5 7.5 0
7.5 7.5 7.5 7.5 0
7.5 7.5 7.5 7.5 0
7.5 7.5 7.5 7.5 0
7.5 7.5 7.5 7.5 0
7.5 7.5 7.5 7.5 0
7.5 7.5 7.5 7.5 0
7.5 7.5 7.5 7.5 0
7.5 7.5 7.5 7.5 0
7.5 7.5 7.5 7.5 0
7.5 7.5 7.5 7.5 0
7.5 7.5 7.5 7.5 0
7.5 7.5 7.5 7.5 0
7.5 7.5 7.5 7.5 0
7.5 7.5 7.5 7.5 0
7.5 7.5 7.5 7.5 0
7.5 7.5 7.5 7.5 0
7.5 7.5 7.5 7.5 0
7.5 7.5 7.5 7.5 0
7.5 7.5 7.5 7.5 0
7.5 7.5 7.5 7.5 0
7.5 7.5 7.5 7.5 0
7.5 7.5 7.5 7.5 0
7.5 7.5 7.5 7.5 0
7.5 7.5 7.5 7.5 0
7.5 7.5 7.5 7.5 0
7.5 7.5 7.5 7.5 0
7.5 7.5 7.5 7.5 0
7.5 7.5 7.5 7.5 0
7.5 7.5 7.5 7.5 0
7.5 7.5 7.5 7.5 0
7.5 7.5 7.5 7.5 0
7.5 7.5 7.5 7.5 0
7.5 7.5 7.5 7.5 0
7.5 7.5 7.5 7.5 0
7.5 7.5 7.5 7.5 0
7.5 7.5 7.5 7.5 0
7.5 7.5 7.5 7.5 0
7.5 7.5 7.5 7.5 0
7.5 7.5 7.5 7.5 0
7.5 7.5 7.5 7.5 0
7.5 7.5 7.5 7.5 0
7.5 7.5 7.5 7.5 0
7.5 7.5 7.5 7.5 0
7.5 7.5 7.5 7.5 0
7.5 7.5 7.5 7.5 0
7.5 7.5 7.5 7.5 0
7.5 7.5 7.5 7.5 0
7.5 7.5 7.5 7.5 0
7.5 7.5 7.5 7.5 0
7.5 7.5 7.5 7.5 0
7.5 7.5 7.5 7.5 0
7.5 7.5 7.5 7.5 0
7.5 7.5 7.5 7.5 0
7.5 7.5 7.5 7.5 0
7.5 7.5 7.5 7.5 0
7.5 7.5 7.5 7.5 0
7.5 7.5 7.5 7.5 0
7.5 7.5 7.5 7.5 0
7.5 7.5 7.5 7.5 0
7.5 7.5 7.5 7.5 0
7.5 7.5 7.5 7.5 0
27.0 656.5399780273438 12.954000473022461 656.5399780273438 516100
571.760009765625 575.0 22.649999618530273 30.0 992400
29.530000686645508 29.530000686645508 8.609999656677246 9.59000015258789 5113000
9.119999885559082 9.800000190734863 4.510000228881836 5.800000190734863 11801800
5.539999961853027 6.940000057220459 5.025000095367432 6.190000057220459 17548600
5.900000095367432 6.300000190734863 5.150000095367432 5.21999979019165 6978900
5.260000228881836 5.295000076293945 4.53000020980835 4.690000057220459 3773300
4.619999885559082 4.710000038146973 4.130000114440918 4.5 3619300
4.329999923706055 4.489999771118164 4.010000228881836 4.079999923706055 2024500
4.03000020980835 6.239999771118164 3.809999942779541 4.78000020980835 29055300
5.699999809265137 7.510000228881836 5.300000190734863 5.400000095367432 42744200
4.909999847412109 5.340000152587891 4.380000114440918 4.46999979019165 4166800
4.230000019073486 5.150000095367432 4.0 4.840000152587891 3950700
4.739999771118164 4.790999889373779 4.230000019073486 4.389999866485596 738300
4.309999942779541 4.639999866485596 4.099999904632568 4.139999866485596 1480700
4.099999904632568 4.25 3.619999885559082 3.930000066757202 1448300
3.680000066757202 3.8350000381469727 3.440000057220459 3.759999990463257 1355200
3.7100000381469727 3.990000009536743 3.319999933242798 3.319999933242798 934500
3.3499999046325684 3.4769999980926514 3.0899999141693115 3.200000047683716 839700
3.119999885559082 3.2699999809265137 3.009999990463257 3.259999990463257 844500
3.130000114440918 3.180000066757202 2.9100000858306885 2.9800000190734863 760900
3.009999990463257 3.049999952316284 2.690000057220459 2.8299999237060547 517600
2.8299999237060547 2.8499999046325684 2.609999895095825 2.609999895095825 388700
2.7200000286102295 2.799999952316284 2.5999999046325684 2.640000104904175 710700
2.680000066757202 2.7899999618530273 2.5299999713897705 2.680000066757202 526400
2.690000057220459 4.289999961853027 2.6500000953674316 3.440000057220459 15834900
3.140000104904175 3.2939999103546143 2.809999942779541 2.8499999046325684 1382900
2.75 2.8369998931884766 2.5299999713897705 2.609999895095825 526200
2.609999895095825 3.059999942779541 2.5999999046325684 2.7200000286102295 1353100
2.7200000286102295 3.2290000915527344 2.7200000286102295 2.819999933242798 679100
2.75 2.880000114440918 2.619999885559082 2.7699999809265137 495900
2.7699999809265137 2.9700000286102295 2.559999942779541 2.609999895095825 598600
2.630000114440918 2.7799999713897705 2.5999999046325684 2.690000057220459 373900
2.759999990463257 2.759999990463257 2.5399999618530273 2.5799999237060547 322300
2.5799999237060547 2.6579999923706055 2.4100000858306885 2.450000047683716 398200
2.430000066757202 2.561000108718872 2.3299999237060547 2.369999885559082 257300
2.3499999046325684 2.390000104904175 2.2300000190734863 2.319999933242798 318500
2.2899999618530273 2.2899999618530273 2.0199999809265137 2.130000114440918 414000
2.140000104904175 2.259999990463257 2.119999885559082 2.200000047683716 416300
2.2100000381469727 2.369999885559082 1.9199999570846558 2.2300000190734863 254900
2.240000009536743 2.259999990463257 2.049999952316284 2.059999942779541 116100
2.0399999618530273 2.128999948501587 1.9800000190734863 2.009999990463257 129000
2.0199999809265137 2.1500000953674316 2.0199999809265137 2.049999952316284 260100
2.049999952316284 2.0899999141693115 1.9800000190734863 2.0290000438690186 155400
1.9900000095367432 2.069999933242798 1.9249999523162842 1.9299999475479126 137000
1.9600000381469727 1.9850000143051147 1.8140000104904175 1.840000033378601 164500
1.940000057220459 2.0999999046325684 1.899999976158142 1.9199999570846558 355400
1.9700000286102295 1.9769999980926514 1.7799999713897705 1.7799999713897705 154200
1.7899999618530273 1.8799999952316284 1.7599999904632568 1.7899999618530273 171000
1.7400000095367432 1.7660000324249268 1.600000023841858 1.649999976158142 232800
1.649999976158142 1.7400000095367432 1.649999976158142 1.690000057220459 107900
1.7000000476837158 1.840000033378601 1.6820000410079956 1.7799999713897705 182700
1.840000033378601 1.940000057220459 1.7599999904632568 1.7599999904632568 151200
1.840000033378601 2.1389999389648438 1.7899999618530273 1.8899999856948853 623600
2.0399999618530273 2.049999952316284 1.7999999523162842 1.809999942779541 194900
1.809999942779541 1.8550000190734863 1.659999966621399 1.7699999809265137 123400
1.7200000286102295 1.774999976158142 1.6299999952316284 1.649999976158142 202200
1.684999942779541 1.7000000476837158 1.5369999408721924 1.5499999523162842 110300
1.5399999618530273 1.600000023841858 1.5199999809265137 1.5299999713897705 71900
1.590000033378601 2.180000066757202 1.5299999713897705 1.9800000190734863 3524800
1.9299999475479126 2.0899999141693115 1.8200000524520874 1.9500000476837158 963300
1.8200000524520874 1.9900000095367432 1.7300000190734863 1.7400000095367432 519700
1.8700000047683716 1.8700000047683716 1.6799999475479126 1.7000000476837158 200200
1.690000057220459 1.7999999523162842 1.659000039100647 1.7000000476837158 216500
1.7599999904632568 1.7599999904632568 1.6820000410079956 1.690000057220459 121900
1.6699999570846558 1.7999999523162842 1.659999966621399 1.7769999504089355 137200
1.7699999809265137 1.850000023841858 1.7000000476837158 1.7000000476837158 102700
1.7400000095367432 1.7400000095367432 1.5199999809265137 1.5700000524520874 255600
1.5700000524520874 1.6399999856948853 1.5 1.5299999713897705 73000
1.5399999618530273 1.5870000123977661 1.5 1.5299999713897705 82800
1.5509999990463257 1.559999942779541 1.399999976158142 1.4490000009536743 179200
1.4500000476837158 1.4880000352859497 1.399999976158142 1.399999976158142 132600
1.4600000381469727 1.5099999904632568 1.406999945640564 1.4500000476837158 111700
1.4299999475479126 1.468999981880188 1.3200000524520874 1.3700000047683716 84200
1.3600000143051147 1.3949999809265137 1.25 1.3200000524520874 78800
1.2899999618530273 1.3200000524520874 1.2000000476837158 1.2699999809265137 83300
1.2400000095367432 1.3009999990463257 1.2000000476837158 1.2200000286102295 84900
1.190000057220459 1.2400000095367432 1.149999976158142 1.159999966621399 118000
1.190000057220459 1.25 1.159999966621399 1.2100000381469727 110300
1.159999966621399 1.2100000381469727 1.1200000047683716 1.1299999952316284 125200
1.1449999809265137 1.180999994277954 1.1100000143051147 1.1399999856948853 35000
1.1399999856948853 1.2000000476837158 1.0379999876022339 1.059999942779541 165700
1.0700000524520874 1.149999976158142 0.9900000095367432 1.0399999618530273 130600
1.090000033378601 1.309999942779541 0.9750000238418579 1.190000057220459 787500
1.1200000047683716 1.1720000505447388 1.0299999713897705 1.0720000267028809 174500
1.1200000047683716 1.159999966621399 1.0499999523162842 1.0800000429153442 106700
1.090000033378601 1.2200000286102295 1.0499999523162842 1.190000057220459 186300
1.3600000143051147 2.25 1.3009999990463257 1.809999942779541 13757300
1.7599999904632568 1.8700000047683716 1.4800000190734863 1.840000033378601 6353700
1.7699999809265137 1.8300000429153442 1.600000023841858 1.75 907400
1.690000057220459 1.75 1.4600000381469727 1.6100000143051147 548600
1.690000057220459 1.690000057220459 1.6100000143051147 1.6200000047683716 241100
1.6399999856948853 1.6699999570846558 1.5 1.5399999618530273 237800
1.5399999618530273 1.6480000019073486 1.5199999809265137 1.590000033378601 213700
1.6100000143051147 1.6699999570846558 1.559999942779541 1.659999966621399 127400
1.6399999856948853 1.850000023841858 1.6399999856948853 1.7799999713897705 589700
1.7400000095367432 1.8009999990463257 1.659999966621399 1.659999966621399 147800
1.7100000381469727 1.7100000381469727 1.600000023841858 1.6399999856948853 128600
1.6699999570846558 1.6799999475479126 1.6200000047683716 1.6299999952316284 91800
1.6200000047683716 1.6799999475479126 1.5800000429153442 1.5800000429153442 69000
1.559999942779541 1.590000033378601 1.399999976158142 1.5299999713897705 155600
1.5299999713897705 1.6399999856948853 1.5299999713897705 1.590000033378601 108500
1.600000023841858 1.600000023841858 1.5 1.5 109400
1.5099999904632568 1.6030000448226929 1.5 1.5 59000
1.590000033378601 1.590000033378601 1.4299999475479126 1.4600000381469727 106700
1.4700000286102295 1.5399999618530273 1.4700000286102295 1.4900000095367432 140400
1.5099999904632568 1.6799999475479126 1.4700000286102295 1.600000023841858 219000
1.600000023841858 1.6009999513626099 1.5199999809265137 1.559999942779541 147200
1.6100000143051147 1.6100000143051147 1.4500000476837158 1.5399999618530273 188200
1.5399999618530273 1.5800000429153442 1.4600000381469727 1.4600000381469727 124200
1.5 1.5399999618530273 1.3799999952316284 1.399999976158142 121600
1.4199999570846558 1.472000002861023 1.3300000429153442 1.3899999856948853 112200
1.3899999856948853 1.3899999856948853 1.3200000524520874 1.3300000429153442 69400
1.3899999856948853 1.399999976158142 1.2999999523162842 1.3600000143051147 54200
1.3799999952316284 1.3849999904632568 1.309999942779541 1.3350000381469727 32500
1.3300000429153442 1.3480000495910645 1.2799999713897705 1.2899999618530273 61000
1.309999942779541 1.309999942779541 1.2200000286102295 1.2599999904632568 68700
1.2599999904632568 1.2599999904632568 1.2000000476837158 1.2000000476837158 61100
1.2000000476837158 1.25 1.2000000476837158 1.2400000095367432 75600
1.2400000095367432 1.2799999713897705 1.2100000381469727 1.2100000381469727 58500
1.2300000190734863 1.25 1.2000000476837158 1.2400000095367432 43600
1.2400000095367432 1.2410000562667847 1.1399999856948853 1.2000000476837158 53700
1.2400000095367432 1.2400000095367432 1.149999976158142 1.2000000476837158 27800
1.159999966621399 1.2100000381469727 1.159999966621399 1.1749999523162842 47400
1.149999976158142 1.3799999952316284 1.149999976158142 1.3200000524520874 152400
1.3200000524520874 1.3200000524520874 1.25 1.3029999732971191 44700
1.2999999523162842 1.3200000524520874 1.25 1.3200000524520874 51000
1.3300000429153442 1.3329999446868896 1.2599999904632568 1.2799999713897705 30400
1.25 1.2999999523162842 1.1799999475479126 1.190000057220459 119100
1.190000057220459 1.225000023841858 1.159999966621399 1.159999966621399 72800
1.159999966621399 1.2000000476837158 1.100000023841858 1.1100000143051147 34800
1.159999966621399 1.159999966621399 1.100000023841858 1.1200000047683716 91800
1.100000023841858 1.1100000143051147 1.059999942779541 1.059999942779541 63600
1.0700000524520874 1.1100000143051147 1.0499999523162842 1.0750000476837158 40000
1.0199999809265137 1.090000033378601 1.0099999904632568 1.0490000247955322 75600
1.059999942779541 1.100000023841858 1.0099999904632568 1.0570000410079956 28900
1.0199999809265137 1.0499999523162842 1.0199999809265137 1.0199999809265137 41100
1.0 1.0429999828338623 0.9850000143051147 1.0230000019073486 47700
1.0399999618530273 1.0499999523162842 1.0099999904632568 1.0299999713897705 29200
0.9900000095367432 1.1100000143051147 0.9900000095367432 1.0099999904632568 39600
1.0399999618530273 1.0549999475479126 0.9900000095367432 1.0199999809265137 71100
1.0 1.0299999713897705 0.9900000095367432 1.0180000066757202 43100
1.0299999713897705 1.0299999713897705 0.9800000190734863 1.0010000467300415 64600
1.0099999904632568 1.0299999713897705 0.9900000095367432 0.9900000095367432 27900
0.9700000286102295 1.090000033378601 0.9700000286102295 1.0299999713897705 82400
1.0 1.1100000143051147 1.0 1.0700000524520874 65800
1.0399999618530273 1.0549999475479126 1.0 1.0099999904632568 41900
1.0399999618530273 1.0499999523162842 1.0099999904632568 1.0199999809265137 35500
1.0099999904632568 1.0199999809265137 0.9700000286102295 0.9800000190734863 74100
0.9900000095367432 1.0299999713897705 0.9100000262260437 0.9179999828338623 96000
0.9390000104904175 0.9800000190734863 0.8799999952316284 0.9100000262260437 76800
0.8830000162124634 0.925000011920929 0.8830000162124634 0.890999972820282 80700
0.9300000071525574 0.9769999980926514 0.8899999856948853 0.9139999747276306 136900
0.9330000281333923 0.9380000233650208 0.8600000143051147 0.8799999952316284 96200
0.9100000262260437 0.9200000166893005 0.8550000190734863 0.8949999809265137 59100
0.8650000095367432 0.9750000238418579 0.8650000095367432 0.9300000071525574 304800
0.9300000071525574 0.9399999976158142 0.8799999952316284 0.8799999952316284 114600
0.8799999952316284 0.9110000133514404 0.8700000047683716 0.8700000047683716 87200
0.8600000143051147 0.9399999976158142 0.8600000143051147 0.9049999713897705 201600
0.878000020980835 0.8999999761581421 0.8659999966621399 0.8659999966621399 62100
0.8899999856948853 0.8999999761581421 0.8399999737739563 0.8510000109672546 76600
0.8489999771118164 0.8659999966621399 0.800000011920929 0.8299999833106995 59400
0.8399999737739563 0.8399999737739563 0.7509999871253967 0.7590000033378601 87200
0.7599999904632568 0.7799999713897705 0.7300000190734863 0.7390000224113464 102500
0.7599999904632568 0.7839999794960022 0.7110000252723694 0.7149999737739563 992700
0.9100000262260437 1.0499999523162842 0.7699999809265137 1.0499999523162842 4423900
0.8799999952316284 1.6299999952316284 0.8600000143051147 1.1399999856948853 6870000
1.25 1.5299999713897705 0.949999988079071 1.0499999523162842 5428200
0.9470000267028809 1.100000023841858 0.9200000166893005 0.9700000286102295 844900
0.972000002861023 0.9900000095367432 0.8399999737739563 0.8820000290870667 541400
0.8169999718666077 0.8550000190734863 0.7689999938011169 0.8019999861717224 553000
0.8299999833106995 0.8399999737739563 0.7699999809265137 0.7900000214576721 286700
0.800000011920929 0.8360000252723694 0.7799999713897705 0.7799999713897705 348200
0.7799999713897705 0.800000011920929 0.7200000286102295 0.75 299700
0.7300000190734863 0.7860000133514404 0.7300000190734863 0.7509999871253967 231000
0.7749999761581421 0.9700000286102295 0.75 0.8299999833106995 1037600
0.8199999928474426 0.8450000286102295 0.7649999856948853 0.7799999713897705 376100
0.7799999713897705 0.800000011920929 0.75 0.7720000147819519 184400
0.7900000214576721 0.7900000214576721 0.7509999871253967 0.7889999747276306 114000
0.7699999809265137 0.7799999713897705 0.7549999952316284 0.7559999823570251 155400
0.7599999904632568 0.7699999809265137 0.7549999952316284 0.7549999952316284 97100
0.7549999952316284 0.7979999780654907 0.7400000095367432 0.7799999713897705 158500
0.7699999809265137 0.7900000214576721 0.7599999904632568 0.7699999809265137 160300
0.7599999904632568 0.7770000100135803 0.7400000095367432 0.7450000047683716 103100
0.7799999713897705 0.7900000214576721 0.7310000061988831 0.753000020980835 152500
0.7400000095367432 0.7699999809265137 0.7319999933242798 0.7450000047683716 96800
0.7300000190734863 0.7799999713897705 0.7210000157356262 0.7400000095367432 170100
0.7329999804496765 0.75 0.7210000157356262 0.7350000143051147 57200
0.7210000157356262 0.7450000047683716 0.6470000147819519 0.7120000123977661 422500
0.7250000238418579 0.7450000047683716 0.6610000133514404 0.7200000286102295 222700
0.7490000128746033 0.7490000128746033 0.7039999961853027 0.7200000286102295 80600
0.75 0.8799999952316284 0.7200000286102295 0.8199999928474426 956300
0.8090000152587891 0.8090000152587891 0.7599999904632568 0.7680000066757202 210700
0.7599999904632568 0.8169999718666077 0.7200000286102295 0.7400000095367432 300500
0.7390000224113464 0.7540000081062317 0.7099999785423279 0.7200000286102295 141100
0.699999988079071 0.75 0.6940000057220459 0.7070000171661377 110800
0.7099999785423279 0.75 0.6949999928474426 0.746999979019165 127500
0.7400000095367432 0.75 0.7250000238418579 0.7260000109672546 86500
0.8100000023841858 0.8270000219345093 0.7400000095367432 0.8090000152587891 3406500
0.7789999842643738 0.7789999842643738 0.75 0.7609999775886536 388700
0.7699999809265137 0.7699999809265137 0.7300000190734863 0.7400000095367432 221700
0.7179999947547913 0.75 0.699999988079071 0.7160000205039978 204700
0.7269999980926514 0.7419999837875366 0.699999988079071 0.7120000123977661 82400
0.7400000095367432 0.800000011920929 0.718999981880188 0.7649999856948853 207300
0.7360000014305115 0.7559999823570251 0.6800000071525574 0.6899999976158142 313700
0.6899999976158142 0.7979999780654907 0.6800000071525574 0.7200000286102295 253500
0.7300000190734863 0.7590000033378601 0.7200000286102295 0.7200000286102295 126200
0.7300000190734863 0.75 0.6499999761581421 0.6499999761581421 1043800
6.46999979019165 12.0 5.579999923706055 6.570000171661377 4937300
6.070000171661377 6.630000114440918 5.059999942779541 5.059999942779541 400400
5.059999942779541 5.261000156402588 4.599999904632568 4.599999904632568 493800
4.510000228881836 4.590000152587891 4.059999942779541 4.190000057220459 264100
4.110000133514404 4.349999904632568 4.099999904632568 4.210000038146973 99200
4.230000019073486 4.448999881744385 4.199999809265137 4.309999942779541 183100
4.440000057220459 5.289999961853027 4.440000057220459 5.0 469200
4.920000076293945 4.920000076293945 4.400000095367432 4.46999979019165 195200
4.550000190734863 4.940000057220459 4.5 4.739999771118164 87900
4.739999771118164 5.03000020980835 4.619999885559082 4.71999979019165 130500
4.71999979019165 4.789999961853027 4.5 4.53000020980835 89300
4.449999809265137 4.670000076293945 4.449999809265137 4.550000190734863 29500
4.590000152587891 4.71999979019165 4.401000022888184 4.5 80300
4.440000057220459 4.869999885559082 4.210000038146973 4.460000038146973 246900
4.460000038146973 4.510000228881836 4.199999809265137 4.21999979019165 144500
4.28000020980835 4.28000020980835 3.8299999237060547 3.9600000381469727 101000
4.0 4.050000190734863 3.869999885559082 3.9000000953674316 34400
3.9000000953674316 4.050000190734863 3.75 3.7799999713897705 82400
3.740000009536743 3.809999942779541 3.5999999046325684 3.5999999046325684 54300
3.640000104904175 3.696000099182129 3.4200000762939453 3.4549999237060547 59200
3.609999895095825 3.609999895095825 3.4000000953674316 3.5399999618530273 90400
3.5899999141693115 3.7149999141693115 3.4600000381469727 3.630000114440918 136800
3.619999885559082 3.630000114440918 3.390000104904175 3.390000104904175 67300
3.430000066757202 3.4800000190734863 3.4000000953674316 3.450000047683716 35600
3.4200000762939453 3.4200000762939453 3.2300000190734863 3.309999942779541 60100
3.3399999141693115 3.3399999141693115 3.0399999618530273 3.0799999237060547 34600
3.0999999046325684 3.0999999046325684 2.818000078201294 2.990000009536743 36300
2.9000000953674316 3.009999990463257 2.877000093460083 3.009999990463257 22400
2.9600000381469727 3.0299999713897705 2.859999895095825 2.859999895095825 40500
2.869999885559082 2.9100000858306885 2.819999933242798 2.819999933242798 11800
2.809999942779541 2.8959999084472656 2.680000066757202 2.700000047683716 41000
2.75 3.109999895095825 2.3499999046325684 2.430000066757202 245700
2.450000047683716 2.4600000381469727 2.299999952316284 2.309999942779541 35900
2.390000104904175 2.390000104904175 2.2300000190734863 2.25 23100
2.2750000953674316 2.2750000953674316 2.0799999237060547 2.1600000858306885 28100
2.253999948501587 2.259999990463257 2.0399999618530273 2.0399999618530273 20800
2.190000057220459 2.6700000762939453 2.0799999237060547 2.1500000953674316 923700
2.0999999046325684 2.114000082015991 1.8700000047683716 1.9199999570846558 233100
1.899999976158142 2.059999942779541 1.899999976158142 1.940000057220459 38000
1.9800000190734863 1.9900000095367432 1.8200000524520874 1.8799999952316284 44900
1.9500000476837158 1.9800000190734863 1.850000023841858 1.909999966621399 37600
1.9199999570846558 2.0789999961853027 1.850000023841858 1.9900000095367432 59300
1.9500000476837158 1.9900000095367432 1.8700000047683716 1.9500000476837158 45800
1.9199999570846558 2.3399999141693115 1.8899999856948853 2.0799999237060547 219400
2.1500000953674316 2.180000066757202 1.9320000410079956 2.0299999713897705 52400
2.0299999713897705 2.8299999237060547 1.8200000524520874 1.909999966621399 2822800
1.8700000047683716 2.0199999809265137 1.7999999523162842 1.8600000143051147 178400
1.8300000429153442 1.940000057220459 1.809999942779541 1.909999966621399 91200
1.8899999856948853 1.9249999523162842 1.7209999561309814 1.843000054359436 88900
1.8799999952316284 1.8799999952316284 1.6799999475479126 1.7000000476837158 83200
1.7200000286102295 1.7400000095367432 1.649999976158142 1.7000000476837158 52200
1.7000000476837158 1.7400000095367432 1.659999966621399 1.6799999475479126 52200
1.659999966621399 1.7319999933242798 1.649999976158142 1.690000057220459 29500
1.649999976158142 1.6959999799728394 1.600000023841858 1.600000023841858 48500
1.5800000429153442 1.6399999856948853 1.5499999523162842 1.5800000429153442 32800
1.590000033378601 1.6050000190734863 1.4700000286102295 1.4800000190734863 45700
1.4900000095367432 1.555999994277954 1.4600000381469727 1.5299999713897705 32800
1.4800000190734863 1.5149999856948853 1.409999966621399 1.4509999752044678 26100
1.4900000095367432 1.4900000095367432 1.399999976158142 1.399999976158142 22500
1.3940000534057617 1.399999976158142 1.2799999713897705 1.2799999713897705 35900
1.340000033378601 1.3600000143051147 1.2799999713897705 1.2799999713897705 45300
1.2799999713897705 1.3300000429153442 1.25 1.2699999809265137 29100
1.3209999799728394 1.3600000143051147 1.2769999504089355 1.340000033378601 31400
1.3300000429153442 1.3799999952316284 1.2899999618530273 1.350000023841858 46300
1.315000057220459 1.315000057220459 1.2799999713897705 1.2799999713897705 10000
1.2799999713897705 1.2899999618530273 1.2100000381469727 1.25 40500
1.2300000190734863 1.2999999523162842 1.0800000429153442 1.0800000429153442 59600
1.2699999809265137 1.2699999809265137 1.100000023841858 1.1200000047683716 67400
1.1549999713897705 1.2100000381469727 1.1349999904632568 1.1799999475479126 11800
1.187999963760376 1.2000000476837158 1.149999976158142 1.149999976158142 26100
1.149999976158142 1.2489999532699585 1.149999976158142 1.2100000381469727 43400
1.2400000095367432 1.2899999618530273 1.2000000476837158 1.2000000476837158 37200
1.2799999713897705 1.3799999952316284 1.2000000476837158 1.2300000190734863 39600
1.2400000095367432 1.5 1.1699999570846558 1.5 112400
1.4700000286102295 1.7100000381469727 1.3899999856948853 1.5800000429153442 83500
1.5299999713897705 1.6100000143051147 1.5 1.5700000524520874 13000
1.5540000200271606 1.7400000095367432 1.4500000476837158 1.4500000476837158 82300
1.4600000381469727 1.5499999523162842 1.409999966621399 1.4199999570846558 14700
1.4299999475479126 1.4299999475479126 1.309999942779541 1.350000023841858 12900
