50.73868071349268 51.199153900146484 50.71941731263526 51.199153900146484 4600
51.63457700666158 51.7887099297482 51.459251403808594 51.459251403808594 7600
52.624881744384766 52.624881744384766 52.624881744384766 52.624881744384766 100
52.68460361071357 52.80213165283203 52.6749719116831 52.80213165283203 5100
53.493804931640625 53.493804931640625 53.493804931640625 53.493804931640625 100
53.71537234338186 53.71537234338186 52.96590042114258 52.96590042114258 300
53.690330505371094 53.690330505371094 53.690330505371094 53.690330505371094 0
53.34159851074219 53.34159851074219 53.34159851074219 53.34159851074219 0
53.556427001953125 53.556427001953125 53.556427001953125 53.556427001953125 100
54.72687530517578 54.72687530517578 54.72687530517578 54.72687530517578 100
54.67966842651367 54.67966842651367 54.67966842651367 54.67966842651367 100
55.37422180175781 55.37422180175781 55.37422180175781 55.37422180175781 100
55.67093930705598 55.98883685419284 55.291385650634766 55.291385650634766 25300
54.45713090229498 55.36651611328125 54.45713090229498 55.36651611328125 10000
55.576901557934626 56.03915786743164 55.576901557934626 56.03915786743164 500
56.47053527832031 56.47053527832031 56.47053527832031 56.47053527832031 100
56.33638381958008 56.33638381958008 56.33638381958008 56.33638381958008 100
56.90866582366711 56.90866582366711 56.17812728881836 56.17812728881836 400
54.96892052609592 55.10885238647461 54.95927170322747 55.10885238647461 1200
55.773773193359375 55.773773193359375 55.773773193359375 55.773773193359375 100
55.60103988647461 55.60103988647461 55.60103988647461 55.60103988647461 100
54.51535444844287 54.8820686340332 54.49605312056677 54.8820686340332 6200
54.79521396283202 55.86737823486328 54.79521396283202 55.86737823486328 400
57.88336242053333 57.88432693481445 57.88336242053333 57.88432693481445 200
58.96324157714844 58.96324157714844 58.96324157714844 58.96324157714844 100
58.81944678980654 58.92560224454698 58.45272895016273 58.695919036865234 1700
58.6669807434082 58.6669807434082 58.6669807434082 58.6669807434082 100
59.56929397583008 59.56929397583008 59.56929397583008 59.56929397583008 100
59.1166877746582 59.1166877746582 59.1166877746582 59.1166877746582 100
59.5528837567018 60.44554901123047 59.5528837567018 60.44554901123047 200
59.60692596435547 59.60692596435547 59.60692596435547 59.60692596435547 100
60.31431198120117 60.31431198120117 60.31431198120117 60.31431198120117 100
60.43107251708118 60.61443328857422 60.43107251708118 60.61443328857422 100
60.73988824134368 60.73988824134368 60.168582916259766 60.168582916259766 57000
60.76884078979492 60.76884078979492 60.76884078979492 60.76884078979492 100
60.83639533328243 60.84604415676957 60.73023986816406 60.73023986816406 300
60.417564392089844 60.417564392089844 60.417564392089844 60.417564392089844 100
60.20911583368383 60.46967824746289 59.8221321105957 59.8221321105957 4100
60.14156231557712 60.14156231557712 59.13791532944532 59.33671569824219 3400
58.74995803833008 58.74995803833008 58.74995803833008 58.74995803833008 100
59.18617222350816 60.13673782348633 59.18617222350816 60.13673782348633 200
60.63373308200827 60.63373308200827 60.582584381103516 60.582584381103516 400
60.31527042224982 61.145209132276285 60.31527042224982 60.78910827636719 900
61.58912841634302 61.85162353515625 61.58912841634302 61.85162353515625 400
62.648746490478516 62.648746490478516 62.648746490478516 62.648746490478516 100
64.27195535656183 64.32986302701086 64.27195535656183 64.32792663574219 900
64.35881201005992 64.74482387160734 64.35881201005992 64.71587371826172 500
65.14048688957867 65.14048688957867 64.39546966552734 64.39546966552734 300
64.79308017554935 64.79308017554935 64.06929687835805 64.3810043334961 600
64.56146670893023 64.57401275634766 64.47460889121696 64.57401275634766 1200
64.078948180636 64.08377075195312 64.078948180636 64.08377075195312 100
63.69679260253906 63.69679260253906 63.69679260253906 63.69679260253906 200
62.69795227050781 62.69795227050781 62.69795227050781 62.69795227050781 100
63.36481260136483 64.06929082091149 63.34936564891182 63.81644821166992 3400
63.37350845336914 63.37350845336914 63.37350845336914 63.37350845336914 2000
61.28031454524637 62.82631301879883 61.28031454524637 62.82631301879883 300
64.18509674072266 64.18509674072266 64.18509674072266 64.18509674072266 100
64.20439397135809 64.20439397135809 61.923030853271484 61.923030853271484 300
61.83039686100389 61.83039686100389 61.7917941999513 61.815921783447266 9100
63.804866790771484 63.804866790771484 63.804866790771484 63.804866790771484 100
63.77977074044427 63.77977074044427 62.77130126953125 62.77130126953125 400
62.77613503829906 62.77613503829906 62.038841247558594 62.038841247558594 300
61.79178685825912 61.79178685825912 60.2515754699707 60.2515754699707 1901800
59.147564761736575 61.531221628284946 59.147564761736575 61.46366882324219 731500
62.22606523172891 62.22606523172891 61.733890533447266 61.733890533447266 36300
62.67961664295967 63.37444963166786 62.44800810095788 62.85332489013672 261500
63.982433762667355 64.28159511027438 63.56746445984005 63.93610763549805 37900
65.20804731991612 65.29490514120099 65.20804731991612 65.29296875 300
65.62301937694345 65.77743001545794 65.62301937694345 65.73979187011719 800
65.49755493828975 65.81697845458984 65.49659042416853 65.81697845458984 56900
65.23699180388212 65.23699180388212 64.84711456298828 64.84711456298828 400
64.57111415356661 65.41069793701172 64.349150736986 65.41069793701172 12500
63.34164810180664 63.34164810180664 63.34164810180664 63.34164810180664 100
63.2779600286506 63.85409164428711 63.2779600286506 63.85409164428711 17200
63.47097125258518 63.47097125258518 63.44878005981445 63.44878005981445 14700
61.15102436552804 61.250465393066406 61.15102436552804 61.250465393066406 1200
61.62408705398863 61.62408705398863 59.801334381103516 59.801334381103516 300
59.98283602193628 61.08343790957221 59.98283602193628 61.07957458496094 1500
62.02956430264708 62.24196243286133 61.768894874528854 62.24196243286133 1300
60.6132698059082 60.6132698059082 60.6132698059082 60.6132698059082 100
61.3218994140625 61.3218994140625 61.3218994140625 61.3218994140625 100
62.550910568619145 62.821232815194755 62.29023742675781 62.29023742675781 270500
62.734351360991724 63.110872713358916 62.734351360991724 63.007568359375 7100
63.892873865921615 63.892873865921615 63.17844972036626 63.544349670410156 6300
63.371543884277344 63.371543884277344 63.371543884277344 63.371543884277344 500
62.917774154664045 62.917774154664045 62.3491325378418 62.3491325378418 700
62.763307744058096 62.88591766357422 62.60883368229599 62.88591766357422 700
62.652275268795215 62.911983489990234 62.652275268795215 62.911983489990234 7000
62.86951320843437 62.86951320843437 62.30955572624089 62.71889877319336 1200
62.22265213035924 62.691856384277344 62.22265213035924 62.691856384277344 300
62.85985109927739 63.815635429208136 62.85985109927739 63.19775390625 1500
63.42946728701181 63.62255989589663 63.42946728701181 63.53084182739258 300
63.93149151148694 63.93149151148694 63.3329155586098 63.68627166748047 300
62.856956481933594 62.856956481933594 62.856956481933594 62.856956481933594 100
61.7196636371024 61.7196636371024 61.61442947387695 61.61442947387695 300
61.52754265503954 63.00659942626953 61.52754265503954 63.00659942626953 2300
63.487386609286645 63.487386609286645 62.92742919921875 62.92742919921875 11600
64.04444885253906 64.04444885253906 64.04444885253906 64.04444885253906 100
64.6845259916854 64.75596618652344 64.6845259916854 64.75596618652344 200
64.8534927368164 64.8534927368164 64.8534927368164 64.8534927368164 200
64.82935922705035 64.88728332519531 64.82935922705035 64.88728332519531 400
65.11897521022412 65.11897521022412 64.61694926446724 64.67487335205078 900
64.02803644065581 64.35629015759605 63.72875213623047 63.72875213623047 120400
64.17284563228819 64.17284563228819 64.01837158203125 64.01837158203125 1200
63.46807528467752 63.46807528467752 63.226715087890625 63.226715087890625 300
63.516352051432186 63.516352051432186 62.830889957223334 62.95832443237305 137900
62.811573421782896 63.07224655151367 62.01026318978851 63.07224655151367 4600
63.4873891204505 63.844597502665685 63.4873891204505 63.83108139038086 10200
63.55497316168549 63.55497316168549 62.27093505859375 62.27093505859375 2700
60.77450442439678 62.003509521484375 60.77450442439678 62.003509521484375 1600
61.78821352709153 61.78821352709153 60.026283264160156 60.026283264160156 2000
60.417289360378874 61.12206072959845 60.359361584315046 60.90290451049805 2500
61.84613722686322 62.42637252807617 61.84613722686322 62.42637252807617 8900
62.34816164471927 62.56731414794922 61.875090402409356 62.56731414794922 1400
62.241971742126765 62.241971742126765 62.233280181884766 62.233280181884766 200
61.05447625576379 61.64918518066406 60.6586456851708 61.64918518066406 5800
61.749592402701474 62.1840451801588 61.546850719512875 62.02764129638672 1800
62.69573095564426 62.76331152029909 62.28541564941406 62.28541564941406 1300
62.608833912997724 62.913915030091985 62.608833912997724 62.69282531738281 1300
63.06260146397469 63.236381126585336 62.21108627319336 62.21108627319336 3400
62.99501220523971 63.327125549316406 62.99501220523971 63.327125549316406 200
63.941155069285955 64.025146484375 63.93149859772745 64.025146484375 700
63.950794229312116 64.0087256839239 63.854251625930466 63.99906921386719 132400
64.60728582112588 64.60728582112588 64.58025360107422 64.58025360107422 100
64.44316990853537 64.5455093383789 64.44316990853537 64.5455093383789 200
64.0666548457684 64.09561689250333 64.00873075229853 64.05313873291016 600
64.34469604492188 64.34469604492188 64.34469604492188 64.34469604492188 100
65.17692057903325 65.17692057903325 65.12864558525453 65.13926696777344 54200
65.39896937734152 66.11340099990856 65.12864708371293 65.99078369140625 1000
66.07476622265143 66.11338473591674 65.61135142919598 65.61328125 2200
65.56309583163949 65.56309583163949 65.2097396850586 65.2097396850586 700
65.58240222973528 65.86238098144531 65.58240222973528 65.86238098144531 400
65.987887691836 65.987887691836 65.57854461669922 65.57854461669922 300
65.42598724365234 65.42598724365234 65.42598724365234 65.42598724365234 100
65.36999919053461 65.5051603205263 65.05140194167028 65.32173156738281 1000
65.24449431718993 65.38931191762804 64.59088897705078 64.59088897705078 1700
63.59358559664166 64.02803099292262 63.25181579589844 63.25181579589844 3200
63.680476443637026 64.55419921875 63.59359030424036 64.55419921875 3300
64.3510820986618 64.7476577758789 64.3510820986618 64.7476577758789 200
64.82502587885479 65.13454526914488 64.82502587885479 65.0126724243164 1100
65.87835693359375 65.87835693359375 65.87835693359375 65.87835693359375 100
66.25655790844414 66.25655790844414 66.02054595947266 66.02054595947266 500
66.15982898661505 66.15982898661505 65.62493896484375 65.62493896484375 1400
65.7439180945532 65.7439180945532 65.32703399658203 65.32703399658203 400
65.40827941894531 65.40827941894531 65.40827941894531 65.40827941894531 100
65.83096809170299 65.93736607774298 65.76326095327067 65.87933349609375 3200
66.04376838233641 66.04376838233641 65.28641510009766 65.28641510009766 10100
65.39570695707917 65.39570695707917 64.38976708882088 64.42459106445312 400
64.2350068584958 64.2350068584958 63.88582992553711 63.88582992553711 5600
63.26776123046875 63.26776123046875 63.26776123046875 63.26776123046875 200
64.5271224975586 64.5271224975586 64.5271224975586 64.5271224975586 100
64.33172376738001 64.50582885742188 64.33172376738001 64.50582885742188 500
63.80747966719732 63.82392124599648 63.42251205444336 63.42251205444336 900
62.52297790944606 62.52297790944606 62.370155334472656 62.370155334472656 200
62.32953446713148 62.32953446713148 61.93876647949219 61.93876647949219 900
61.93780123973883 61.93780123973883 61.13981628417969 61.13981628417969 200
60.145477294921875 60.145477294921875 60.145477294921875 60.145477294921875 100
61.27812527314084 61.92715072631836 61.27812527314084 61.92715072631836 600
62.902131003692084 63.13233524845921 62.668059888456675 63.074302673339844 9300
62.19023895263672 62.19023895263672 62.19023895263672 62.19023895263672 100
61.95229777377694 62.502662658691406 61.95229777377694 62.502662658691406 300
63.190373704960486 63.190373704960486 62.57133498661765 62.753173828125 104500
62.416577001110724 62.416577001110724 61.67179482581157 62.084808349609375 2600
62.6390441502336 62.99692153930664 62.136070563042075 62.99692153930664 1300
63.5289255827338 63.5289255827338 63.36449499543252 63.46895217895508 1700
63.229063207509874 63.66432226041055 62.9679018721507 63.0713996887207 211400
62.72706604003906 62.72706604003906 62.72706604003906 62.72706604003906 395500
62.397244327496914 62.96598434448242 62.29084633132594 62.96598434448242 1800
62.50362905088882 62.61969420059205 62.25214226065887 62.253108978271484 64800
62.648722947965425 63.39350891113281 62.63905576991666 63.39350891113281 1900
63.83842669648027 64.27368574487419 63.748470306396484 63.748470306396484 14400
63.39253616333008 63.39253616333008 63.39253616333008 63.39253616333008 100
63.72237182049901 63.72237182049901 63.61597382284366 63.630489349365234 5100
63.95063781738281 63.95063781738281 63.95063781738281 63.95063781738281 700
63.80941860475018 63.83456802368164 63.59662264104484 63.83456802368164 1600
63.21650695800781 63.21650695800781 63.21650695800781 63.21650695800781 100
62.71642544563837 62.71642544563837 62.638084411621094 62.638084411621094 12100
61.903933082110456 61.903933082110456 61.836225950482856 61.84880065917969 1100
61.72016165184201 62.116733604747466 61.330360412597656 61.330360412597656 2400
60.62620162963867 60.62620162963867 60.62620162963867 60.62620162963867 200
61.50736051930863 61.660186767578125 61.50736051930863 61.660186767578125 1100
62.838314056396484 62.838314056396484 62.838314056396484 62.838314056396484 1000
63.3876953125 63.3876953125 63.3876953125 63.3876953125 1000
63.432188358762026 63.7668571472168 63.432188358762026 63.7668571472168 300
63.548270585953375 63.548270585953375 63.110111236572266 63.110111236572266 1600
63.36447975830965 64.88692716055942 63.36447975830965 64.83179473876953 7300
65.12486912127594 65.12486912127594 64.5541884424473 64.61222839355469 500
64.54454900866338 64.54454900866338 64.50585815113658 64.52519989013672 20200
64.93141901636533 65.09972381591797 64.36074568102943 65.09972381591797 1600
65.75358767229132 65.75358767229132 65.61236572265625 65.61236572265625 500
65.44406511147315 65.44406511147315 65.32025146484375 65.32025146484375 500
65.35702755545755 65.39571840864937 64.80956268310547 64.80956268310547 1600
64.01834869384766 64.01834869384766 64.01834869384766 64.01834869384766 100
64.54454065670109 64.54454065670109 64.11508178710938 64.11508178710938 600
63.339332580566406 63.339332580566406 63.339332580566406 63.339332580566406 100
63.61209923409112 63.681739807128906 63.61209923409112 63.681739807128906 400
63.253253458148286 63.29291102660069 62.86635971069336 62.86635971069336 400
63.17779759647448 63.58017349243164 63.17779759647448 63.58017349243164 500
63.52891030555725 63.71268996453791 63.19037465442741 63.61595916748047 12200
63.6062908920534 63.62369918823242 63.35480410719335 63.62369918823242 800
61.93295051345701 62.214420318603516 61.93295051345701 62.214420318603516 200
62.22702463470857 62.376426696777344 62.22702463470857 62.376426696777344 300
62.87214400159407 63.43092520169074 62.87214400159407 63.32615280151367 400
64.4427490234375 64.4427490234375 64.4427490234375 64.4427490234375 300
64.23804473876953 64.23804473876953 64.23804473876953 64.23804473876953 100
65.14218316420532 65.32649703707315 65.10337829589844 65.10337829589844 3400
63.61233901977539 63.61233901977539 63.61233901977539 63.61233901977539 1400
63.70644091369955 63.83255860239021 63.48332214355469 63.48332214355469 1700
62.87214919344412 62.87214919344412 62.28038787841797 62.28038787841797 50200
62.97885513230727 64.15267459011002 62.77513513397172 63.860679626464844 7400
63.813149481171806 63.813149481171806 63.14377839949145 63.30190658569336 1100
64.00716481880877 64.00716481880877 63.53181076049805 63.53181076049805 3600
62.88184489864493 63.25144958496094 62.66842183935925 63.25144958496094 1000
64.50191984616563 64.7347490773295 64.19439697265625 64.19439697265625 2000
64.34670644637511 64.34670644637511 63.75300598144531 63.75300598144531 2000
63.85971677895317 63.85971677895317 63.41831970214844 63.41831970214844 600
63.43480237850071 63.95865696911735 63.43480237850071 63.729713439941406 1800
63.84225884255621 64.01687708448124 63.58033518030536 63.95576477050781 1700
64.74443897490583 64.97726818532207 64.71533717392177 64.85115051269531 1700
64.63772583007812 64.63772583007812 64.63772583007812 64.63772583007812 400
64.81235067287969 64.81235067287969 64.71146392822266 64.71146392822266 100
64.70563919539582 65.16158718339665 64.70563919539582 64.9151840209961 35100
65.35561829657269 65.35561829657269 65.33621215820312 65.33621215820312 2400
65.45262073236775 65.55933227971335 65.45262073236775 65.54962921142578 3200
65.51081655337796 65.51081655337796 65.50209045410156 65.50209045410156 200
66.08318863755196 66.15109531475584 66.08318863755196 66.09870910644531 1100
65.77275908949052 65.77275908949052 65.63985443115234 65.63985443115234 5500
65.25859827957093 65.31680928972446 64.25164031982422 64.25164031982422 1300
65.04518912999256 65.56031036376953 65.00638425307346 65.56031036376953 1700
65.53992462158203 65.53992462158203 65.53992462158203 65.53992462158203 100
66.74285786244918 67.1881332397461 66.74285786244918 67.1881332397461 2700
67.03387872473469 67.08723449707031 67.03387872473469 67.08723449707031 96700
67.14543426874877 68.3405990600586 67.14543426874877 68.3405990600586 300
68.7703622315358 68.7703622315358 68.39978790283203 68.39978790283203 500
68.91586961749229 69.15742492675781 68.91586961749229 69.15742492675781 1700
69.43003016091563 69.43003016091563 69.35921478271484 69.35921478271484 300
68.87706406948008 69.03228354112036 68.85960446936568 69.02645874023438 1700
67.93121766811471 67.93121766811471 67.82838439941406 67.82838439941406 6500
68.62676848010234 68.62676848010234 68.37745666503906 68.37745666503906 300
68.4696379486884 68.52493286132812 68.4696379486884 68.52493286132812 500
68.54723894458016 68.54723894458016 68.20285034179688 68.20285034179688 400
68.08157785267547 68.49872090092563 68.00008985634406 68.41043853759766 2800
68.06219282744598 68.06219282744598 67.43162659478774 67.66929626464844 1600
66.94656312807179 67.46071463709444 66.94656312807179 67.30744171142578 2200
66.94657176871074 67.1308856496597 66.64583587646484 66.64583587646484 1500
66.83986856435332 66.93687705083906 66.3451156616211 66.3451156616211 700
66.40817295884936 66.40817295884936 65.76305580692637 66.26362609863281 1000
65.64662587300856 66.38390350341797 65.55932047795451 66.38390350341797 9300
64.43399913525123 64.43399913525123 63.96446990966797 63.96446990966797 300
64.58922934527416 64.59892501178763 63.91791915893555 63.91791915893555 700
63.551224337845746 63.551224337845746 62.40650655937572 62.62671661376953 800
63.667635424893206 64.06537982188374 61.295745849609375 61.295745849609375 1300
61.64982340659089 62.87214716658588 61.64982340659089 62.72760772705078 800
62.86245284980379 62.86245284980379 61.155075595269224 61.54408645629883 6500
61.81474343681036 63.08557145683574 61.300588167805955 62.833343505859375 4100
63.851949085129576 64.27588653564453 63.851949085129576 64.27588653564453 400
64.8996570194313 64.95786062011778 64.80555725097656 64.80555725097656 56700
63.95866039316245 63.95866039316245 63.37660217285156 63.37660217285156 1800
63.78404066026059 63.78404066026059 62.98855938457893 63.07295608520508 3100
62.08637130728465 62.26777648925781 61.9699603972616 62.26777648925781 600
61.805041434053116 62.24159067225786 61.62654495239258 61.62654495239258 1000
61.106567290346696 62.64805603027344 61.09686422328323 62.64805603027344 5200
61.33939618432188 61.4373779296875 61.33939618432188 61.4373779296875 17000
61.08717645024515 62.144581521422985 60.62152905999249 61.84385299682617 1700
60.384815138993126 60.90673065185547 60.384815138993126 60.90673065185547 500
62.73042678833008 62.73042678833008 62.73042678833008 62.73042678833008 100
62.69824926690412 63.37409210205078 62.69824926690412 63.37409210205078 500
63.95923614501953 63.95923614501953 63.95923614501953 63.95923614501953 100
63.87829428511464 64.62922668457031 63.87829428511464 64.62922668457031 400
64.59021610091155 64.66822972782023 64.21961975097656 64.21961975097656 1400
63.87828421379121 64.24205017089844 63.87828421379121 64.24205017089844 500
64.4410809299987 64.84108980667435 64.25570678710938 64.25570678710938 600
64.24596742176841 64.275235464928 64.15816329228963 64.18743133544922 98800
64.55816832570675 65.01672082319918 64.49963224298028 64.87818145751953 74100
65.0352554321289 65.0352554321289 65.0352554321289 65.0352554321289 200
64.44109540235154 64.44109540235154 63.00006866455078 63.00006866455078 500
63.11421486513714 63.777651002863315 62.68493046909384 63.25275421142578 29300
63.17275458157226 63.29958523155607 62.48005036664512 62.511268615722656 20500
61.94345206527663 62.192237854003906 61.933693570556784 62.192237854003906 2100
62.28491730866161 63.104455841214055 62.050761847171714 62.908348083496094 1600
63.2703107475906 63.28006924076457 62.58541488647461 62.58541488647461 400
62.831282173369246 62.86055021253383 62.05857467651367 62.05857467651367 1300
61.86539131896408 62.15418243408203 61.86539131896408 62.15418243408203 400
61.47513542195259 61.47513542195259 60.265342712402344 60.265342712402344 2200
59.32872772216797 59.32872772216797 59.32872772216797 59.32872772216797 200
59.80678907223862 60.29460954382585 58.14917755126953 58.14917755126953 900
57.89453657323631 58.57748601150866 57.123779296875 57.123779296875 4300
56.25546708158751 58.38919448852539 56.25546708158751 58.38919448852539 2400
57.47501241327572 58.28869666771218 56.88962928923262 57.66136169433594 2300
58.32381601137025 58.32381601137025 56.78133010864258 56.78133010864258 1000
55.806664384609626 55.806664384609626 55.642757415771484 55.642757415771484 600
55.357874089126106 56.4827880859375 54.96859129063185 56.4827880859375 31800
58.250648498535156 58.250648498535156 58.250648498535156 58.250648498535156 500
58.56773300575907 58.999942779541016 58.47017038619547 58.999942779541016 27300
58.436019354276496 58.436019354276496 58.377479553222656 58.377479553222656 1400
57.70916042663956 58.05063325117189 57.33256149291992 57.33256149291992 1200
56.95792134519274 58.001856894047386 56.95792134519274 57.543304443359375 2400
57.81745910644531 57.81745910644531 57.81745910644531 57.81745910644531 0
57.87013922815824 58.87017264946859 57.87013922815824 58.80577850341797 38100
59.5238515884385 59.75800704956055 59.5238515884385 59.75800704956055 500
59.055551179303734 59.055551179303734 58.91993713378906 58.91993713378906 54300
58.51309585571289 58.51309585571289 58.51309585571289 58.51309585571289 100
58.137474060058594 58.137474060058594 58.137474060058594 58.137474060058594 100
58.97749640240426 59.7209358215332 58.97749640240426 59.7209358215332 1000
59.63507817935011 59.982405376257326 59.34824098952938 59.81459426879883 24400
59.211648607418496 59.211648607418496 58.25552091186124 58.30430221557617 57700
57.869171142578125 57.869171142578125 57.869171142578125 57.869171142578125 200
57.65257485806892 57.65257485806892 57.05938720703125 57.05938720703125 400
56.138385135742816 56.187166442345834 55.960819244384766 55.960819244384766 400
54.66515733383039 57.26621627807617 54.60662126294643 57.26621627807617 700
58.416500091552734 58.416500091552734 58.416500091552734 58.416500091552734 100
58.47016014494658 58.831146240234375 58.47016014494658 58.831146240234375 850000
58.77261040590347 58.77261040590347 57.57256880429688 57.6496467590332 800
58.1286914417025 59.40677874503637 58.1286914417025 59.16286849975586 3400
58.31405844834161 58.479915618896484 58.31405844834161 58.479915618896484 200
57.41646941360996 57.59598922729492 57.41646941360996 57.59598922729492 300
56.43985366821289 56.43985366821289 56.43985366821289 56.43985366821289 100
57.494527102443115 57.80673193922518 56.78425979614258 56.78425979614258 1600
57.67013674652553 58.24576505186944 57.67013674652553 58.14917755126953 400
57.938436080443125 58.156982421875 57.87502075863904 58.156982421875 800
57.30329895019531 57.30329895019531 57.30329895019531 57.30329895019531 100
56.050575151250065 56.10618591308594 55.94325404776331 56.10618591308594 800
56.548146766194115 56.8603515625 56.548146766194115 56.8603515625 700
57.51403717308572 58.53065490722656 57.51403717308572 58.53065490722656 600
59.56288120711929 59.56288120711929 59.48678207397461 59.48678207397461 200
59.32872976172309 60.19802474975586 59.29945800130489 60.19802474975586 3600
59.583370208740234 59.583370208740234 59.583370208740234 59.583370208740234 100
59.97015042641647 60.18600082397461 59.97015042641647 60.18600082397461 600
59.231754302978516 59.231754302978516 59.231754302978516 59.231754302978516 100
59.393888474187015 59.6878776550293 59.17901053188252 59.6878776550293 1600
59.89103241793876 59.95061268362539 59.870521545410156 59.870521545410156 300
59.21808198974681 59.637088775634766 59.21808198974681 59.637088775634766 16800
61.284793853759766 61.284793853759766 61.284793853759766 61.284793853759766 100
59.90178342336838 60.05219650268555 59.90178342336838 60.05219650268555 1200
59.88224581336186 59.88224581336186 59.472024618398045 59.55992889404297 621500
60.12935256958008 60.12935256958008 60.12935256958008 60.12935256958008 100
59.87247926335741 60.38818337650344 59.87247926335741 60.3129768371582 1800
60.614777606884125 60.614777606884125 59.00320053100586 59.00320053100586 1600
58.439641477127466 58.439641477127466 58.09779357910156 58.09779357910156 600
57.58696431660389 57.83114242553711 57.58696431660389 57.83114242553711 700
57.401397705078125 57.401397705078125 57.401397705078125 57.401397705078125 100
57.25000446521436 57.25000446521436 57.01852035522461 57.01852035522461 700
57.24023638925848 57.3105583190918 57.24023638925848 57.3105583190918 300
58.385921478271484 58.385921478271484 58.385921478271484 58.385921478271484 100
57.909292530064626 58.30974455796891 57.821388244628906 57.821388244628906 2200
57.73347961682981 57.73347961682981 57.11814966506117 57.37209701538086 8300
58.7199541058232 58.7199541058232 58.53926467895508 58.53926467895508 49400
58.78050994873047 58.78050994873047 58.78050994873047 58.78050994873047 100
57.3427916908304 57.44339370727539 57.3427916908304 57.44339370727539 200
55.95098114013672 55.95098114013672 55.95098114013672 55.95098114013672 100
55.477275234251614 55.780057483196444 55.477275234251614 55.65308380126953 600
55.82888310513627 55.82888310513627 54.58552932739258 54.58552932739258 200
54.60799481654909 54.60799481654909 54.37651443481445 54.37651443481445 200
55.377647399902344 55.377647399902344 55.377647399902344 55.377647399902344 100
55.37959972892498 55.37959972892498 53.87546157836914 53.87546157836914 1317200
53.83639253407164 54.43609619140625 53.83639253407164 54.43609619140625 600
54.432193126628555 55.046546936035156 54.432193126628555 55.046546936035156 200
55.9070283150622 56.439334869384766 55.9070283150622 56.439334869384766 2300
56.02423088135184 56.02423088135184 54.13917541503906 54.13917541503906 2000
54.21730297621261 54.21730297621261 53.027668749094424 53.42128372192383 5700
52.635038359129766 52.635038359129766 51.21196746826172 51.21196746826172 2900
51.502049624880954 51.52158432196434 50.45696754902574 51.00099563598633 5700
51.03323109282911 51.553819809617764 49.82308578491211 49.82308578491211 1000
49.49002279067647 50.49603924406698 49.49002279067647 50.437435150146484 1100
52.11738204956055 52.11738204956055 52.11738204956055 52.11738204956055 200
51.94157005358111 51.94157005358111 51.931800842285156 51.931800842285156 300
52.61550078329665 53.621517181396484 52.61550078329665 53.621517181396484 3200
53.12339538800911 53.12339538800911 51.75502014160156 51.75502014160156 1200
51.58995538346952 51.853668212890625 51.58995538346952 51.853668212890625 700
52.28341481865745 52.381088296489246 50.84765009022111 51.7003173828125 2700
52.38109485484692 52.429929736946065 52.201377868652344 52.201377868652344 600
51.43368148803711 51.43368148803711 51.43368148803711 51.43368148803711 200
52.468996928557125 52.5412712097168 51.97087146483094 52.5412712097168 700
52.967124827014814 53.592220306396484 52.967124827014814 53.592220306396484 1000
54.85217354343661 54.993797302246094 54.85217354343661 54.993797302246094 400
54.549387571072764 54.549387571072764 54.266143798828125 54.266143798828125 200
54.18702697753906 54.18702697753906 54.18702697753906 54.18702697753906 200
55.233097076416016 55.233097076416016 55.233097076416016 55.233097076416016 100
54.920543531293184 54.920543531293184 54.9107780456543 54.9107780456543 200
55.311231178458705 55.311231178458705 55.18425750732422 55.18425750732422 500
55.57494048807025 55.86600112915039 55.57494048807025 55.86600112915039 300
55.07681845270293 55.11881637573242 55.07681845270293 55.11881637573242 100
53.899879455566406 53.899879455566406 53.899879455566406 53.899879455566406 100
52.21504782723812 52.52759552001953 52.21504782723812 52.52759552001953 6900
50.955087750684285 50.955087750684285 49.81233594966475 49.830894470214844 700
50.115118629546544 50.115118629546544 49.62676239013672 49.62676239013672 600
50.32022246038202 50.361244201660156 50.290922281143935 50.361244201660156 16700
48.38633958767124 48.38633958767124 47.888214111328125 47.888214111328125 500
48.14216079811652 48.503543385721954 48.14216079811652 48.43712615966797 700
49.50001188476851 49.50001188476851 49.220821380615234 49.220821380615234 400
48.539990902545355 49.519607282967826 48.539990902545355 49.15715026855469 7300
49.28449917750113 49.68026351928711 49.06898238790016 49.68026351928711 7500
51.07719194674882 51.07719194674882 50.98706817626953 50.98706817626953 200
51.0967873743948 51.51802269319786 51.0967873743948 51.248626708984375 800
50.34737777709961 50.34737777709961 50.34737777709961 50.34737777709961 200
49.75960922241211 49.75960922241211 49.75960922241211 49.75960922241211 100
49.311927795410156 49.311927795410156 49.311927795410156 49.311927795410156 100
50.06916809082031 50.06916809082031 50.06916809082031 50.06916809082031 100
50.37186934527821 50.40126037597656 50.37186934527821 50.40126037597656 400
49.666547387055076 50.1808437047695 49.666547387055076 49.89871597290039 6300
51.23393332098789 51.23393332098789 51.08699311362484 51.12617492675781 54900
51.1065788269043 51.1065788269043 51.1065788269043 51.1065788269043 100
49.9692497253418 49.9692497253418 49.9692497253418 49.9692497253418 100
49.978065490722656 49.978065490722656 49.978065490722656 49.978065490722656 100
49.984927087745234 49.984927087745234 49.927127838134766 49.927127838134766 200
48.7359096039935 49.3442497253418 48.7359096039935 49.3442497253418 300
50.3160285949707 50.3160285949707 50.3160285949707 50.3160285949707 100
50.30231857299805 50.30231857299805 50.30231857299805 50.30231857299805 100
52.00782791351943 52.107749938964844 52.00782791351943 52.107749938964844 100
52.909076437662456 52.96589660644531 52.40947375268474 52.96589660644531 1400
52.77192734576879 53.10597610473633 52.77192734576879 53.10597610473633 200
53.095201733875825 53.095201733875825 52.16456554484285 52.3124885559082 1800
52.03721533380591 52.62694549560547 52.03721533380591 52.62694549560547 800
52.338938210058004 52.35069088452789 52.30366897583008 52.30366897583008 400
52.78172580007632 53.79072936476691 52.78172580007632 53.7221565246582 1100
54.38927459716797 54.38927459716797 54.38927459716797 54.38927459716797 100
54.80953525364819 54.84872080431625 54.791900634765625 54.791900634765625 143200
54.799733928957394 55.025045227272564 54.58422088623047 54.58422088623047 18100
54.55482815532908 55.211172992511756 54.55482815532908 54.57442092895508 1800
55.52464887175105 55.52464887175105 55.44921875 55.44921875 400
55.30913316552593 55.387504260089166 55.25035858154297 55.25035858154297 300
55.397298754245995 55.847921336969414 55.397298754245995 55.70098114013672 800
56.49447105955636 56.49447105955636 56.31814356094312 56.327938079833984 500
55.36791425033088 55.436487093027026 55.24056308377817 55.28954315185547 800
56.86770101750577 57.18019883698137 56.86770101750577 57.023460388183594 500
57.7091933873206 57.7091933873206 57.21938526020468 57.366329193115234 1100
57.89532253149105 58.512481854256286 57.89532253149105 58.484073638916016 400
58.13042813404995 58.74758741480958 58.091242587380265 58.609458923339844 1500
58.67901611328125 58.67901611328125 58.67901611328125 58.67901611328125 200
57.718990325927734 57.718990325927734 57.718990325927734 57.718990325927734 100
58.12063980102539 58.12063980102539 58.12063980102539 58.12063980102539 100
57.60143823118081 57.60143823118081 56.83733870585722 56.9010124206543 2100
56.17119781716641 56.17119781716641 55.573631286621094 55.573631286621094 600
55.84792296519959 55.90670128781001 55.652002697044 55.710777282714844 8100
56.22017953245226 56.25936508178711 56.22017953245226 56.25936508178711 300
56.82754050882807 57.09497833251953 56.82754050882807 57.09497833251953 200
55.29444122314453 55.29444122314453 55.29444122314453 55.29444122314453 100
55.171989398932155 55.171989398932155 54.75271224975586 54.75271224975586 200
54.74095914432212 54.74095914432212 53.771137376285616 54.06502151489258 1600
53.64378648765592 53.65162658691406 53.64378648765592 53.65162658691406 100
52.62498692012406 52.874786376953125 52.61518866479381 52.874786376953125 1100
53.09520221671271 53.09520221671271 52.51820755004883 52.51820755004883 71400
51.90496826171875 51.90496826171875 51.90496826171875 51.90496826171875 100
53.00409698486328 53.00409698486328 53.00409698486328 53.00409698486328 100
52.66416381285279 53.32736587524414 52.66416381285279 53.32736587524414 30800
54.39809270380494 54.48822021484375 54.38829818492142 54.48822021484375 600
55.17884826660156 55.17884826660156 55.17884826660156 55.17884826660156 100
53.8397116212321 53.8397116212321 53.03642654418945 53.03642654418945 800
52.8307020330224 53.07756423950195 52.8307020330224 53.07756423950195 300
52.64457629733173 52.755271911621094 52.64457629733173 52.755271911621094 100
52.0568139871374 52.08620128280235 51.54741301961871 52.066612243652344 1500
52.017623138071954 52.41632843017578 52.017623138071954 52.41632843017578 1100
51.51720865257042 51.682472229003906 51.51720865257042 51.682472229003906 500
52.168436248976825 52.26484001122378 51.094215393066406 51.094215393066406 900
49.933428344248284 49.98261715205963 49.72684886072563 49.91375732421875 9000
48.48244723481145 48.63492202758789 48.202088299904965 48.63492202758789 700
48.40867242234082 48.40867242234082 47.93648910522461 47.93648910522461 700
48.398835930803 48.398835930803 47.94632739680961 48.13323211669922 21800
48.32997310800895 49.66782760620117 48.32997310800895 49.66782760620117 1200
48.46769189234406 48.46769189234406 48.310297469061275 48.44801712036133 1300
48.41850994595681 48.41850994595681 48.13323136276792 48.3594856262207 83500
48.871012894536605 49.64814946241642 48.871012894536605 49.56945037841797 3600
51.24177215582398 51.61558532714844 51.24177215582398 51.61558532714844 300
51.064701561871175 51.39916517916893 50.39577432727567 51.28112030029297 15600
51.02437210083008 51.02437210083008 51.02437210083008 51.02437210083008 100
49.62847665933089 49.62847665933089 49.62257385253906 49.62257385253906 300
49.40222675086687 49.598966980782855 49.17597248440002 49.275325775146484 13300
49.23499112924354 49.28811264038086 48.80215738672362 49.28811264038086 7400
49.13956832885742 49.13956832885742 49.13956832885742 49.13956832885742 8000
48.08404333825494 50.20886993408203 48.08404333825494 50.20886993408203 300
48.90839767456055 48.90839767456055 48.90839767456055 48.90839767456055 100
50.31708041236818 50.38200378417969 50.31708041236818 50.38200378417969 600
51.428679625281845 51.428679625281845 50.9446907043457 50.9446907043457 1300
49.894082187441676 50.09279251098633 49.894082187441676 50.09279251098633 300
50.6121975509206 50.70073215606821 49.53010751549649 49.60880661010742 2000
50.71548080444336 50.71548080444336 50.71548080444336 50.71548080444336 100
50.96436309814453 50.96436309814453 50.96436309814453 50.96436309814453 100
52.22942288626643 52.43206590545697 52.22942288626643 52.378944396972656 400
52.48125341925574 52.491092681884766 52.48125341925574 52.491092681884766 1000
52.85506773838648 52.85506773838648 52.638648986816406 52.638648986816406 600
53.691227605087626 53.77975845336914 53.691227605087626 53.77975845336914 400
53.84861851334497 53.85845402276233 53.34692122374352 53.49448013305664 641400
53.94699283216328 54.17324709222711 53.82894794703851 54.02568817138672 4200
52.215650532973434 52.215650532973434 52.1369514465332 52.1369514465332 1000
51.87135027762873 51.95988487805457 51.82216522240975 51.832000732421875 1100
52.56978776094796 52.56978776094796 52.30418395996094 52.30418395996094 300
52.33369478467679 52.73701821641585 52.28450973252889 52.6268424987793 2800
52.61897478963666 52.68684768676758 52.520600930053156 52.68684768676758 1000
51.243736267089844 51.243736267089844 51.243736267089844 51.243736267089844 100
53.12067296997353 54.4191780090332 53.12067296997353 54.4191780090332 1200
55.294680420672016 55.314355192746774 54.98973083496094 54.98973083496094 700
55.009405577731265 55.009405577731265 54.50279235839844 54.50279235839844 600
55.324198553422164 55.334034063898606 55.21697235107422 55.21697235107422 700
54.192918318495906 54.21259309015895 54.055198669433594 54.055198669433594 500
53.327243583958804 53.61252212524414 53.327243583958804 53.61252212524414 1100
54.379823749894 54.379823749894 53.8289451462551 53.9863395690918 1800
53.681386476763016 53.7010612487793 53.681386476763016 53.7010612487793 400
54.17914962768555 54.17914962768555 54.17914962768555 54.17914962768555 100
54.35326385498047 54.35326385498047 54.35326385498047 54.35326385498047 200
54.49787139892578 54.49787139892578 54.49787139892578 54.49787139892578 0
53.35676193237305 53.35676193237305 53.35676193237305 53.35676193237305 100
53.592852001585534 53.592852001585534 53.55842208862305 53.55842208862305 1300
54.964149475097656 54.964149475097656 54.964149475097656 54.964149475097656 242600
54.999565849522064 54.999565849522064 54.93070602416992 54.93070602416992 300
55.27500534057617 55.27500534057617 55.27500534057617 55.27500534057617 100
53.946990337913604 54.06503521758055 53.649906158447266 53.649906158447266 1301200
52.851131439208984 52.851131439208984 52.851131439208984 52.851131439208984 100
53.140343958826 53.15017946865167 52.7242317199707 52.7242317199707 800
53.01836395263672 53.01836395263672 53.01836395263672 53.01836395263672 100
52.874741259198316 52.874741259198316 52.47633743286133 52.47633743286133 2100
53.167884826660156 53.167884826660156 53.167884826660156 53.167884826660156 100
54.65034811978732 54.65034811978732 53.56629180908203 53.56629180908203 600
53.13050842285156 53.13050842285156 53.13050842285156 53.13050842285156 1000
52.63864488075105 52.63864488075105 51.873313903808594 51.873313903808594 400
51.50737686164584 51.60181427001953 51.50737686164584 51.60181427001953 400
50.88959884643555 50.88959884643555 50.88959884643555 50.88959884643555 100
51.15859603881836 51.15859603881836 51.15859603881836 51.15859603881836 100
52.04469952677416 52.04469952677416 51.952728271484375 51.952728271484375 2500
50.75312819360026 51.283206939697266 50.75312819360026 51.283206939697266 600
51.37616696350844 51.46220397949219 51.37616696350844 51.46220397949219 400
51.08937134987989 51.09728240966797 51.03003274262821 51.09728240966797 700
50.77290625274526 50.77290625274526 50.292274475097656 50.292274475097656 1300
51.67285145469119 51.67285145469119 51.59373331627603 51.63527297973633 1400
51.212988592865784 51.509674072265625 51.14870793363999 51.509674072265625 3200
51.249576568603516 51.249576568603516 51.249576568603516 51.249576568603516 112400
51.68274090718981 51.9250373840332 51.672853025867504 51.9250373840332 2100
51.426605224609375 51.426605224609375 51.426605224609375 51.426605224609375 100
51.900310485036705 52.76069949190264 51.900310485036705 52.601478576660156 2700
52.99804933044011 52.99804933044011 52.83091735839844 52.83091735839844 500
53.5419778035037 53.62504959106445 53.5419778035037 53.62504959106445 500
54.04634365473564 54.31435012817383 54.04634365473564 54.31435012817383 400
55.193530484094175 55.270668029785156 55.193530484094175 55.270668029785156 500
55.658337626959124 55.82646179199219 55.618782328622494 55.82646179199219 171700
55.77701267366518 55.77701267366518 55.60888851516087 55.727561950683594 5900
55.312205847041255 55.341873264287365 54.83750830830005 54.88695526123047 15400
54.55070781845708 54.55070781845708 54.38258743286133 54.38258743286133 500
54.48148054455189 55.33198165893555 54.21446248962491 55.33198165893555 8700
56.05391824806883 56.073697782620215 55.935244813320985 55.97480010986328 2400
56.06381249285345 56.07370414753218 55.892723083496094 55.892723083496094 600
55.875908153288314 55.95106887817383 55.875908153288314 55.95106887817383 200
56.22896194458008 56.22896194458008 56.22896194458008 56.22896194458008 200
56.578067779541016 56.578067779541016 56.578067779541016 56.578067779541016 200
56.07369995715686 56.07369995715686 55.89371109008789 55.89371109008789 400
56.33082319542657 57.38900375366211 56.33082319542657 57.38900375366211 990300
57.21099495011725 58.72409733538044 57.21099495011725 58.23357391357422 1100
59.83171924218596 60.01961915110584 59.64975357055664 59.64975357055664 400
59.29768815775732 59.29768815775732 59.2185737898515 59.239341735839844 900
58.32851391813506 58.368072988602734 58.19006094405879 58.27214431762695 700
58.071385789784436 58.71222686767578 57.75492078051263 58.71222686767578 501800
57.982381712506516 57.982381712506516 57.807334899902344 57.807334899902344 700
57.852829461039526 57.852829461039526 56.92321014404297 56.92321014404297 600
56.96375351999237 57.009246826171875 56.874747501857115 57.009246826171875 900
57.784590100349796 57.784590100349796 57.6748161315918 57.6748161315918 800
57.626352979794 57.853811958719334 57.626352979794 57.79051971435547 1300
57.26044567403559 58.35818159011338 57.26044567403559 58.34730529785156 8500
57.39889961257812 58.45708024834502 57.39889961257812 57.79547119140625 1600
57.576912892777415 57.8775520324707 57.576912892777415 57.8775520324707 600
56.133032104565295 56.23192977642519 56.05194091796875 56.05194091796875 3700
56.46928036717202 56.46928036717202 56.13303580579837 56.146881103515625 1800
56.241821892858766 56.6670724824805 56.053921961015035 56.65718460083008 8800
55.91546744120189 56.073699951171875 55.69789632528293 56.073699951171875 2600
56.370387413410256 56.370387413410256 56.24874496459961 56.24874496459961 700
56.64729229105315 56.81541645765038 56.449504479847946 56.46928024291992 16400
56.449502537906085 56.449502537906085 56.094466864750885 56.426753997802734 3300
56.03413650384346 56.55828094482422 56.03413650384346 56.55828094482422 1000
57.4285644367804 57.45130920410156 57.31977888188358 57.45130920410156 300
56.54740791782029 56.54740791782029 56.4554328918457 56.4554328918457 700
55.727560675529205 55.87294006347656 55.727560675529205 55.87294006347656 400
55.92535506799972 55.92535506799972 55.40121058846524 55.88480758666992 900
55.25286584623028 55.25286584623028 54.359840393066406 54.359840393066406 700
53.81888232522233 53.81888232522233 52.24644886903561 52.65290832519531 2900
51.76186267415788 52.51346620180608 51.712415718961175 51.86867141723633 1800
53.413410422150285 53.413410422150285 52.3799551764015 52.702354431152344 280500
51.75196933721946 51.92008972167969 51.62340424921075 51.92008972167969 2200
52.72114401287607 52.77059096297357 52.711252359320284 52.72509765625 1900
51.48495329159892 51.48495329159892 51.34649654464788 51.39396667480469 300
51.92009137113507 51.9695383226907 51.92009137113507 51.9349250793457 700
52.89026161735283 52.950714111328125 52.89026161735283 52.950714111328125 300
52.81098010358938 52.81098010358938 51.57518768310547 51.57518768310547 1100
51.800150017525006 51.800150017525006 51.29275131225586 51.29275131225586 700
50.68030461490412 51.55834197998047 50.68030461490412 51.55834197998047 400
52.19655133279938 52.24312973022461 52.13709308795691 52.24312973022461 9300
52.17375946044922 52.17375946044922 52.17375946044922 52.17375946044922 200
52.4740397921558 52.69007873535156 52.4740397921558 52.69007873535156 900
52.91404848020026 53.1875647353578 52.670257568359375 52.670257568359375 1800
53.50468958698067 53.821812828455336 53.50468958698067 53.79207992553711 1649100
53.10828222042286 53.73262023925781 53.10828222042286 53.73262023925781 400
53.24702448061252 53.24702448061252 52.56322820142064 52.701969146728516 5800
52.13907565962718 52.147003173828125 52.13907565962718 52.147003173828125 400
52.2461047021037 52.2461047021037 52.20646335209552 52.22628402709961 700
52.78125 52.78125 52.78125 52.78125 300
53.24801356774796 53.273780822753906 53.13801128104565 53.273780822753906 700
53.582977934887666 53.582977934887666 52.88827896118164 52.88827896118164 600
53.577030181884766 53.577030181884766 53.577030181884766 53.577030181884766 400
52.890260061435455 53.01909255981445 52.6325988450847 53.01909255981445 2000
53.53441948296529 53.71478271484375 53.53441948296529 53.71478271484375 400
53.632527955469456 53.632527955469456 53.51459815145626 53.56414794921875 500
53.593880527616506 53.87136241773172 53.593880527616506 53.675140380859375 4100
53.217298487558395 53.316398088489414 53.15188987783426 53.31045150756836 1800
53.36594665210082 53.3679313659668 53.36594665210082 53.3679313659668 600
53.52351550643308 53.52351550643308 53.15783293747518 53.21332931518555 1500
51.90916110665161 51.96861935162184 51.828887939453125 51.828887939453125 900
51.770423663205655 51.770423663205655 51.38095474243164 51.38095474243164 600
51.51275585843944 52.057811200311974 51.51275585843944 51.96564865112305 3400
52.51367950439453 52.51367950439453 52.51367950439453 52.51367950439453 100
52.548366298964716 52.751521613328144 52.548366298964716 52.63161087036133 132500
52.10736415558768 52.10736415558768 51.06679950216258 51.51473617553711 7600
52.00825842457721 52.12717868971771 51.67428970336914 51.67428970336914 3300
50.89833089181582 51.255095494019436 50.89833089181582 51.20158004760742 12400
52.32538514683838 52.543408797830885 52.32538514683838 52.444305419921875 3000
52.28574133545206 52.41457383046811 52.28574133545206 52.35907745361328 5400
52.39475462817561 52.39475462817561 52.23223114013672 52.23223114013672 700
52.12718016922491 52.583048129281856 52.12718016922491 52.49286651611328 2600
51.88934075952483 52.00429916381836 51.88934075952483 52.00429916381836 200
51.68122741994204 51.8110466003418 51.68122741994204 51.8110466003418 400
52.583049363872185 52.61277848659734 52.53548049926758 52.53548049926758 3800
52.206464786330244 52.206464786330244 51.826908111572266 51.826908111572266 6100
52.474038318348924 53.01909366536938 52.474038318348924 53.017112731933594 6200
53.11819359314591 53.36495590209961 53.11819359314591 53.36495590209961 4400
52.91007971393894 53.02899998223251 52.87043836437203 52.993324279785156 110900
53.48486841639637 54.039832193632684 53.48486841639637 53.68604278564453 5400
54.15875549393709 54.15875549393709 53.56315612792969 53.56315612792969 2200
52.781248071701356 52.96954259498597 52.781248071701356 52.88827896118164 5600
52.71187956542323 52.71187956542323 52.30556516165153 52.494850158691406 5700
53.14792341824698 53.14792341824698 53.108282069137054 53.11521911621094 48000
52.840710183619144 52.95963045403097 52.840710183619144 52.946746826171875 2000
52.32538313702264 52.49286651611328 52.32538313702264 52.49286651611328 4700
53.048822092806695 53.12810479408634 53.048822092806695 53.0666618347168 600
54.176592162211776 54.93174362182617 54.176592162211776 54.93174362182617 2300
54.2776766533274 54.2776766533274 54.20335006713867 54.20335006713867 300
55.63536215523006 55.79491424560547 55.63536215523006 55.79491424560547 2000
56.57682026494644 56.98313463898203 56.57682026494644 56.804752349853516 5700
56.29933858055555 56.71556140303523 56.29933858055555 56.63528823852539 31700
56.438081101992196 56.66601319407747 56.16059543216068 56.180416107177734 2500
56.35879975945667 56.59664408498312 56.35879975945667 56.467811584472656 3100
57.20115944652009 57.20115944652009 57.16151809692383 57.16151809692383 900
57.09214863656105 57.09214863656105 56.42816925048828 56.42816925048828 1500
56.279521772416096 56.97323030461278 56.279521772416096 56.89394760131836 3100
57.082236695423134 57.082236695423134 56.299340815338326 56.43114471435547 14400
56.051104840098056 56.26002710967957 55.81233382119304 56.157554626464844 12500
55.6133611234783 55.921769096696146 55.6133611234783 55.8212890625 16100
55.164675398637385 55.45418360190529 55.164675398637385 55.19551467895508 1800
54.50905140216986 54.50905140216986 54.15288543701172 54.15288543701172 602900
54.52895158235486 54.63838434634253 54.35982131958008 54.35982131958008 11100
55.41936263464831 55.41936263464831 55.27311325073242 55.27311325073242 900
55.28505043759905 55.58351135253906 55.264158211504615 55.58351135253906 3600
56.22022902782065 56.401298782586196 56.22022902782065 56.346580505371094 2000
56.76741219753145 56.76741219753145 56.50874328613281 56.50874328613281 500
56.817156038669175 59.32423461853395 56.69777242871463 56.86789321899414 19600
56.3097696595607 56.488846973983826 56.18043899536133 56.18043899536133 2700
54.817460654382614 55.22038650512695 54.817460654382614 55.22038650512695 1300
55.73871664749472 56.24013010246044 55.73871664749472 55.903865814208984 600
56.73756474879252 56.93653996324061 56.548540382391934 56.90570068359375 6100
57.45387375405312 57.66279602050781 57.45387375405312 57.66279602050781 800
58.35224271935723 58.418900496865206 58.15028453044314 58.28956604003906 9800
58.588027673474556 58.806900788440466 58.56812977255615 58.764122009277344 15000
57.94136174740501 58.06372833251953 57.94136174740501 58.06372833251953 1100
58.635782870996515 58.826799686943225 58.568130765754006 58.72731018066406 700
59.36402495693636 59.58190373923904 59.36402495693636 59.5431022644043 2700
59.99079694867567 60.039545477237205 59.846540014526006 60.00373077392578 9000
60.43848896365278 60.43848896365278 59.26453940938985 59.3640251159668 522000
60.249466128857904 60.249466128857904 59.12525939941406 59.12525939941406 262500
59.38392383451432 59.50231311731847 59.1143135431314 59.41377258300781 9400
58.75715623362909 59.67144255282698 58.75715623362909 59.3640251159668 8400
59.15510606612207 60.08033760902947 59.15510606612207 59.99079895019531 5700
59.881359847222875 60.23951446735134 58.99592414475889 59.07551574707031 18800
59.16505401913565 60.07038761631741 59.16505401913565 59.95100021362305 2800
59.86146242375477 60.64244079589844 59.86146242375477 60.64244079589844 4200
59.871413049895445 60.4583878364684 59.871413049895445 60.45440673828125 16300
59.40879837629433 59.572953213394214 59.38392505122953 59.56499481201172 2700
58.97602696465722 59.77192781694864 58.97602696465722 59.489383697509766 2900
59.40382339039461 59.91121038242082 59.270511627197266 59.270511627197266 2100
58.80689937189382 59.24862289428711 58.80689937189382 59.24862289428711 2800
58.23982467463381 58.87455368041992 58.18013097107975 58.87455368041992 11800
58.48854162033692 58.48854162033692 58.298519134521484 58.298519134521484 1400
59.115310332934754 59.115310332934754 57.9234552588584 58.008018493652344 4700
57.87171769944245 58.180129467127784 57.87171769944245 58.07566833496094 3200
57.5832097914503 57.86177282102985 57.5832097914503 57.82297134399414 3000
57.12456821189975 57.374280599119835 57.04597473144531 57.04597473144531 16700
56.957432837832435 56.957432837832435 56.310768127441406 56.310768127441406 4400
56.230180766362174 56.230180766362174 55.696929931640625 55.696929931640625 47700
55.44423226031157 56.1505906753027 55.44423226031157 55.9466438293457 7000
56.071002348722985 56.071002348722985 55.58251893552798 55.72080612182617 12400
55.87103217182418 55.87103217182418 55.37459036289485 55.49198532104492 19100
55.94166637609837 56.180437386871866 55.94166637609837 56.020259857177734 21700
55.74269100136447 56.120743519330304 55.31489562988281 55.31489562988281 6600
55.72279314829869 55.77253979699326 54.98062005766247 55.468109130859375 4500
55.96156634930742 56.29882875414438 55.936693023986415 55.978477478027344 142700
55.92176980458688 56.866899227190935 55.92176980458688 56.784324645996094 5300
56.57838356143083 57.165358338314554 56.57838356143083 57.04597473144531 19000
57.38224367995356 57.38224367995356 56.97434620465387 57.00617980957031 28900
57.97021382482101 57.97021382482101 57.657824748976076 57.73243713378906 4700
56.9653904172847 56.9653904172847 56.535606384277344 56.535606384277344 4100
56.40925725563013 56.40925725563013 55.89192323093274 56.31772994995117 11000
55.69295064612961 55.83223216027639 55.69295064612961 55.70986557006836 2000
55.60341183143745 55.66211120945524 55.48402821895244 55.55366897583008 6400
55.914804688115 55.914804688115 55.569583892822266 55.569583892822266 1823100
55.79243956424586 55.79243956424586 55.44423198741528 55.51287841796875 2100
55.412397851752374 55.412397851752374 55.00648902216237 55.073143005371094 4400
55.404435106853505 55.8939128384057 55.404435106853505 55.85312271118164 2200
55.69294897109034 55.69294897109034 55.20546368623838 55.36464309692383 8100
55.145768688651636 55.20546238943263 54.90699768066406 54.90699768066406 3200
54.97999954223633 54.97999954223633 54.630001068115234 54.722999572753906 2000
55.220001220703125 55.220001220703125 54.18199920654297 54.18199920654297 3900
53.65299987792969 53.720001220703125 53.319000244140625 53.319000244140625 3700
53.4900016784668 53.4900016784668 53.058998107910156 53.058998107910156 4800
53.05500030517578 53.31999969482422 52.99100112915039 53.172000885009766 119900
53.09299850463867 53.09299850463867 52.4900016784668 52.4900016784668 2500
52.900001525878906 53.150001525878906 52.66999816894531 52.94200134277344 65600
53.31100082397461 53.63999938964844 53.20600128173828 53.54800033569336 3600
53.91999816894531 53.91999816894531 53.34000015258789 53.41999816894531 193300
53.33000183105469 53.33000183105469 52.4109992980957 52.63999938964844 4300
52.150001525878906 52.150001525878906 51.38999938964844 51.43000030517578 295900
51.51499938964844 51.70000076293945 51.30500030517578 51.60599899291992 19600
51.45000076293945 51.810001373291016 51.220001220703125 51.72999954223633 22800
51.380001068115234 52.29999923706055 51.29999923706055 52.07400131225586 4600
51.94900131225586 52.47999954223633 51.94900131225586 52.38999938964844 8000
53.2400016784668 53.2400016784668 52.8650016784668 52.8650016784668 8200
53.0099983215332 53.04999923706055 52.45000076293945 52.74399948120117 16400
52.04999923706055 52.15999984741211 51.44900131225586 51.54899978637695 6500
51.279998779296875 51.310001373291016 51.0099983215332 51.029998779296875 6800
51.849998474121094 52.02000045776367 51.849998474121094 51.970001220703125 8100
52.29999923706055 52.849998474121094 52.279998779296875 52.54600143432617 129700
51.84299850463867 52.0890007019043 51.428001403808594 51.428001403808594 4700
51.14899826049805 51.279998779296875 50.6609992980957 50.6609992980957 6400
50.26900100708008 50.459999084472656 50.00299835205078 50.00299835205078 9000
