18.052583495804175 18.109893228289796 18.03825572108982 18.074073791503906 261000
18.088402113366655 18.160039622733567 18.074074338218907 18.15789031982422 156700
18.095565402699744 18.160039022361275 18.074073740688632 18.086252212524414 81900
18.174367677101273 18.174367677101273 18.088402391265895 18.1600399017334 131100
18.195857831456184 18.195857831456184 18.08840224978136 18.11705780029297 112700
18.124220830696444 18.224513893932667 18.095566645751735 18.217350006103516 283500
18.23168005186738 18.296153683985736 18.23168005186738 18.274662017822266 199400
18.31047704414444 18.42509651184082 18.231677014085577 18.42509651184082 788800
18.41077175713963 18.446589831623125 18.331970353629593 18.37495231628418 131300
18.410773193646563 18.410773193646563 18.23884259686936 18.31048011779785 430400
18.281821945495718 18.303312240630913 18.217348327346595 18.23167610168457 118300
18.26033338035538 18.3033153442859 18.203023639657353 18.23239517211914 68300
18.264632621346603 18.277527074336636 18.231679826733846 18.260334014892578 60100
18.260331966706527 18.29615140585228 18.1600402698422 18.217350006103516 64500
18.174369722933065 18.231679464483875 17.515307011912753 18.20302391052246 58200
18.21018591851902 18.29615120515395 18.188694255267322 18.238840103149414 128800
18.203022638374502 18.260332375920125 18.017481628645633 18.147146224975586 42800
18.109897028457933 18.12422343980673 18.031095617365143 18.038259506225586 83000
18.01676629889319 18.131385778114122 18.01676629889319 18.09556770324707 104200
18.124222390970882 18.195859909057617 18.124222390970882 18.195859909057617 66400
18.217351574395238 18.255318953423565 18.195859909057617 18.195859909057617 38200
18.231674491524522 18.317638397216797 18.203018945379334 18.317638397216797 28800
18.317642159958375 18.353461599997754 18.243139364322772 18.32982063293457 50500
18.320507859281456 18.425098167109855 18.274660614632825 18.37495231628418 58300
18.410771259997922 18.410771259997922 18.324805970638092 18.389995574951172 38500
18.360623089164736 18.403606414794922 18.32480501751143 18.403606414794922 27900
18.4107706987732 18.55404435484287 18.389279035495402 18.496734619140625 73200
18.455188908323095 18.597030639648438 18.453756950261376 18.597030639648438 103600
18.597030639648438 18.618522307923985 18.5117826783215 18.597030639648438 36200
18.618520262229836 18.618520262229836 18.489572999488914 18.554046630859375 30300
18.554049167933197 18.589868616021416 18.51823108621721 18.581987380981445 32900
18.574819695003917 19.34205388705588 18.54759746857198 18.69731903076172 47800
18.69731903076172 18.69731903076172 18.568371786228518 18.69731903076172 46200
18.6550540606389 18.897903442382812 18.63284641770549 18.897903442382812 56300
18.890740178672353 19.01968605875253 18.876412403206153 19.005359649658203 51700
18.914378207796695 18.914378207796695 18.697317756358892 18.804773330688477 22300
18.27465969641442 18.869248721019968 18.27465969641442 18.76179313659668 103300
18.814090757623152 18.89074286425543 18.725976155713987 18.88142967224121 7400
18.890738984179055 18.890738984179055 18.766806330339456 18.862083435058594 19400
18.783280812267545 18.88357386125471 18.7761169254562 18.873544692993164 8400
18.86925196800302 18.983871459960938 18.804778332980174 18.983871459960938 68800
18.93372207690541 19.513983317673976 18.926558189195692 19.291908264160156 110500
19.28474641724534 19.291910305713174 18.847758785311637 19.21955680847168 44600
19.111382164709195 19.213107185686273 19.044043258762663 19.055505752563477 13000
19.127144861016728 19.334892159911362 19.127144861016728 19.327728271484375 22200
19.28116260916158 19.33488971601497 19.213106360893384 19.27543067932129 19300
19.308387712059723 19.428023156950754 19.234602250479714 19.383607864379883 17000
19.478167650703313 19.478167650703313 19.31340094577776 19.35638427734375 20700
19.413692220601078 19.413692220601078 19.342054707668662 19.36354637145996 26000
19.34205672556217 19.401515771853205 19.34205672556217 19.370712280273438 19700
19.30623656477253 19.714568610731412 19.184453203138133 19.650094985961914 225000
19.513986587524414 19.542642143164944 19.406530986616623 19.513986587524414 23000
19.449510347311357 19.521147860440568 19.377872834182146 19.435182571411133 41100
19.39936398908821 19.521147348301294 19.251791727028827 19.334890365600586 27500
19.334895604939412 19.399369245898 19.234603881835938 19.234603881835938 23600
19.30193861049926 19.36354695546155 19.034014932582576 19.177289962768555 34400
19.041898253712965 19.227439301158878 18.89074469543107 19.15580177307129 33500
19.16296229966697 19.205228283520576 19.019687268634694 19.1844539642334 8300
19.069835097610518 19.119980950168625 18.9122322851456 19.034015655517578 10700
19.06266799123635 19.13430413058537 18.883574910120252 19.105649948120117 15600
19.098486205088964 19.166541084533 19.01323826948727 19.148632049560547 10900
19.184454944729993 19.19161883328494 19.04117990637509 19.091325759887695 9200
19.127145767211914 19.234601365963698 19.055508245920034 19.127145767211914 22300
19.16296384467182 19.177291622204606 18.976706835861762 19.127145767211914 31500
19.09132334104693 19.09132334104693 18.890739952410097 18.991031646728516 19600
19.01968953880824 19.01968953880824 18.92656171398198 18.983871459960938 9100
19.041175873444313 19.076993942260742 18.97312099614441 19.076993942260742 7600
19.069836514377005 19.076999036955716 18.933725357055664 18.933725357055664 37500
18.950198595154017 19.034014581914693 18.847757592653153 18.897903442382812 53500
18.897901589613685 18.912229364237998 18.797609899987062 18.83342933654785 51900
18.877383354477136 18.884708855093418 18.4305375972586 18.569719314575195 119400
18.67227215461854 18.67227215461854 18.406363348079413 18.452512741088867 41100
18.437863781628906 18.598288478644484 18.437863781628906 18.533092498779297 16500
18.56239514567338 18.635648759895226 18.540418642247882 18.613672256469727 38100
18.62539399610318 18.672275528432294 18.577046804615303 18.599021911621094 27500
18.61293750583073 18.631250557509595 18.53309053266038 18.577043533325195 64900
18.59169253968842 18.711829061014505 18.59169253968842 18.64297103881836 17900
18.662750314313556 18.716225211553507 18.64297299948505 18.694250106811523 8400
18.716226512720933 18.77482912476763 18.659089559783908 18.76017951965332 27200
18.774832764899823 18.833435388308608 18.73088114664242 18.766775131225586 53400
18.76750449782151 18.85540771484375 18.76750449782151 18.85540771484375 12400
18.81878145277514 18.88470956359875 18.62832262119543 18.701576232910156 30300
18.73087753983559 18.831235368881302 18.73087753983559 18.785818099975586 12700
18.83342742919922 18.877380426078595 18.752849729312683 18.83342742919922 37200
18.914009635495592 18.914009635495592 18.877383529271423 18.89203453063965 17300
18.921336486838143 19.031216210550564 18.86273387437842 19.009241104125977 20200
19.016564652564952 19.265626097541535 19.009240548768393 19.126445770263672 48100
19.179915760456616 19.220205307006836 19.179915760456616 19.220205307006836 700
19.13596705961205 19.192373275756836 19.092015452238773 19.192373275756836 23100
19.155747197857288 19.33888053894043 19.119121088519265 19.33888053894043 20200
19.259030405968605 19.259030405968605 19.11911657756982 19.22899627685547 9500
19.13377019627342 19.43410873413086 19.13377019627342 19.43410873413086 33700
19.287598876287564 19.434106073465887 19.14109167910924 19.22899627685547 52700
19.19237023667279 19.28759893710163 19.05685058983688 19.2802734375 22700
19.30957991515421 19.371844580417353 19.214349795438633 19.265626907348633 24700
19.141094801715216 19.30957852511494 19.133770698138033 19.17039680480957 32700
19.119849302796244 19.258298873901367 19.11911717197448 19.258298873901367 449200
19.185049728885147 19.2876039555995 19.16307322436212 19.24365234375 17400
19.265626907348633 19.265626907348633 19.1301086262727 19.265626907348633 143000
19.265623545681613 19.265623545681613 19.082490236702906 19.119117736816406 46800
19.114722157363534 19.119117736816406 19.087617946999167 19.119117736816406 23200
19.119117736816406 19.14109283968824 19.079560316133076 19.119117736816406 11400
19.135232998548588 19.155743839733642 19.111792236793704 19.119117736816406 299700
19.119118503850405 19.207021713256836 19.082491002267457 19.207021713256836 39300
19.185779365227763 19.21434783935547 19.11252575687243 19.21434783935547 3200
19.1410960983402 19.236326217651367 19.13377199426688 19.236326217651367 3600
19.18871178104071 19.24365234375 19.16014330319836 19.24365234375 2900
19.243652968103287 19.250978469848633 19.22900196461259 19.250978469848633 10700
19.25097534213132 19.280275947155634 18.868592037451098 19.21434783935547 7600
19.214345277698403 19.258298275169608 19.214345277698403 19.22899627685547 3800
19.214349713841905 19.266360353698683 19.214349713841905 19.236326217651367 3700
19.192375853082442 19.287604581378783 19.192375853082442 19.250978469848633 24300
19.28760098062976 19.456083297729492 19.28760098062976 19.456083297729492 44700
19.448755797745857 19.448755797745857 19.2070198989186 19.33155059814453 31900
19.331553787576375 19.368181291742424 19.258301573637112 19.324228286743164 11900
19.357924636499426 19.478059768676758 19.338878056107472 19.478059768676758 12800
19.48538345301787 19.62456515261551 19.48538345301787 19.602588653564453 19200
19.595263028706928 19.595263028706928 19.404804229736328 19.404804229736328 15800
19.514683209682694 19.5366597077823 19.331549917107758 19.36817741394043 31700
19.338879380458618 19.52201271057129 19.338879380458618 19.52201271057129 19300
19.52201325299104 19.558640758349128 19.500038146972656 19.500038146972656 9300
19.524941324644942 19.551313405444184 19.4121316926592 19.456083297729492 12000
19.526409426991613 19.526409426991613 19.32422950341554 19.360857009887695 32900
19.41212972937322 19.41212972937322 19.338876130200497 19.404804229736328 59900
19.360853793197073 19.412130896542198 19.294925689697266 19.294925689697266 8900
19.30957734166243 19.375505447387695 19.30957734166243 19.375505447387695 6200
19.39015634472087 19.39015634472087 19.272951126098633 19.272951126098633 5100
19.185047156754916 19.25830076481404 19.075167443264405 19.08981704711914 30000
19.17039877735113 19.19676946509234 18.840758194603254 18.867130279541016 54200
18.95795812596513 18.95795812596513 18.679596131709882 18.83342742919922 21500
18.730876831164448 18.730876831164448 18.407829647147274 18.533092498779297 22200
18.531603104542743 18.531603104542743 18.153529057310685 18.449737548828125 35800
18.457179791403597 18.765296715016504 18.271119505524418 18.577747344970703 47000
18.60602793067393 18.851627442577733 18.3083317676886 18.419967651367188 76600
18.59858615011656 18.985591888427734 18.531604333119343 18.985591888427734 80800
18.82930016559878 18.993034123951997 18.82930016559878 18.91116714477539 27100
18.844184420999564 19.000475790121584 17.887834721258457 18.61347007751465 66200
18.144596601794493 18.144596601794493 16.49982452392578 16.49982452392578 20400
16.81985077755711 17.180062948488544 16.55936608335172 17.15475845336914 62000
17.011866601918346 17.011866601918346 15.971416784954803 16.403078079223633 42200
14.959247109684314 14.959247109684314 12.741408866250422 13.359128952026367 75200
16.37330815719934 16.37330815719934 14.16291206700736 15.279273986816406 81700
12.317188637065389 13.836928703591829 11.871388981161111 12.093916893005371 51600
11.936139116196541 12.09391815353685 10.072559574644302 10.240757942199707 57600
9.675134070283857 9.675134070283857 6.229297773926512 6.958654403686523 73300
6.951212269916321 9.198820114135742 6.050680473946706 9.198820114135742 180300
9.749558074856283 10.419374738420759 9.038063384274025 9.116952896118164 210100
8.320616779303899 8.760463029868498 7.6307051581269745 8.186653137207031 67600
10.0398116381573 10.389605131924109 9.317898327523212 10.367278099060059 47700
10.798938912827035 12.786062776805347 10.765448005362845 12.748849868774414 36600
12.778621300277 14.289431428330557 12.778621300277 13.388898849487305 48200
13.03910296797368 13.292145027499183 11.907856280627561 12.019492149353027 39500
12.01949524115673 13.024221157188164 11.714356459036232 12.101362228393555 27500
12.53302148490162 12.629772212938676 11.684586290946848 11.863204002380371 48700
11.721798631011461 12.019494820274526 10.788520403396237 11.349678039550781 29800
11.520850573314966 11.884784668187422 10.99244013395534 11.163615226745605 30700
11.163616394604396 11.526062153247196 10.270527224988767 11.066864967346191 39400
11.907857946057003 11.944325602029746 11.535737385242722 11.610161781311035 117600
11.87064467640419 13.031661033630371 11.796220996818095 13.031661033630371 46300
13.098645261855392 14.165887142437757 13.091202679592813 13.939637184143066 132500
14.542473632000217 15.636507677644948 14.510470386185602 15.137866020202637 116600
14.899705837137745 14.899705837137745 14.133137061305545 14.63922119140625 51900
15.122978668310513 15.242057128728137 14.375760832355391 15.189960479736328 126600
15.05376376501469 15.301596180494624 14.512701034545898 15.070881843566895 68100
14.56182036625746 15.108092740251987 14.56182036625746 14.828258514404297 163800
15.256941040239314 15.480212780334414 14.940639171850073 15.078323364257812 194700
15.108093329690746 15.16763255920523 14.863239082284661 15.070881843566895 75900
14.99645456924263 15.174328391341138 14.259656213302163 14.341523170471191 68400
14.951801424667886 14.951801424667886 14.549910613479234 14.810395240783691 33500
14.50525655207839 15.026225806687306 14.378735528503483 14.810395240783691 23500
15.160189410416857 15.160189410416857 14.650383316276397 14.810395240783691 49600
14.922033835004788 14.97413190562202 14.624337671971276 14.951804161071777 52400
14.884822585424192 15.338810128528367 14.884822585424192 15.033671379089355 74800
15.048553862393808 15.733255700754999 15.048553862393808 15.681902885437012 24500
15.844893879618395 16.254225921438064 15.830008716763468 15.978856086730957 86400
16.03839607209905 16.03839607209905 15.50403204405927 15.830009460449219 76300
15.629067913613042 15.889552662745462 15.614182746342005 15.852339744567871 31400
16.172357334389353 16.172357334389353 15.688600946007648 16.023509979248047 76900
16.00117979494934 16.00117979494934 15.29415035247803 15.294150352478027 6500
14.996459350718752 15.617901468273052 14.884823458684098 15.331368446350098 21800
15.517427503602653 16.060723175883926 15.517427503602653 15.8076810836792 9900
15.911874795660905 16.172359476062557 15.755584839136299 16.00862693786621 19400
16.23934116087929 16.23934116087929 15.26438568216523 15.543476104736328 27400
15.740700155709506 15.740700155709506 14.661551331896758 14.735974311828613 45100
14.185235985035835 14.743416850034661 13.813115408369951 14.445720672607422 46300
14.490374173233233 14.929476549954902 14.021502889705788 14.54991340637207 24900
15.480214547986625 15.480214547986625 14.907149971098304 14.910870552062988 20500
15.152750439420718 15.152750439420718 14.82528393225386 14.862495422363281 62600
15.10065184150457 15.10065184150457 14.698760986328125 14.698760986328125 31500
14.572238860005532 14.743413950925826 14.140579132734715 14.494093894958496 24600
14.602012507667473 14.732254145745314 14.438278540338311 14.512702941894531 25300
14.698760986328125 14.86993609003935 14.363851940347756 14.698760986328125 24100
14.825284149323775 15.264386552775532 14.59456978430709 15.108095169067383 33700
15.242804132882375 15.740700523652956 15.13042298897129 15.331368446350098 26900
15.36779497861862 15.496808623993182 15.01870008377773 15.178069114685059 16400
14.980752194803951 15.60305272015399 14.980752194803951 15.367793083190918 42000
15.367794883921707 15.447479398884353 15.21601361471275 15.253959655761719 45500
15.246370541500617 15.481630207480064 15.147712281658823 15.178069114685059 90000
15.178069557398734 15.622027397155762 15.178069557398734 15.622027397155762 22200
15.936970694206897 16.58203884513774 15.936970694206897 16.39231300354004 42200
16.506150163570247 17.037383161625065 16.506150163570247 16.771766662597656 49800
16.16464267775512 16.6958756642514 16.11910887669623 16.34678077697754 106900
16.34678428701337 16.34678428701337 15.967332485894142 16.16464614868164 63000
15.921794910840594 15.921794910840594 14.83656268594888 15.056645393371582 24000
15.382970803372995 15.53475060045155 14.920039310172967 14.927628517150879 33000
14.836563663212964 15.018701787039612 14.745496048793273 14.950400352478027 51000
15.178069445557698 15.557521181696641 15.056645005792717 15.223603248596191 18600
15.2843162641808 15.351100722773792 14.72272783915807 14.889687538146973 29300
14.889684267398449 15.223600697039217 14.889684267398449 14.973162651062012 5100
15.014905368733412 15.014905368733412 14.8896870461231 14.94281005859375 6500
14.88968630683434 14.906381696355163 14.646835987250748 14.684782028198242 11600
14.969372358546106 15.026289254571036 14.45711160936011 14.851741790771484 56800
14.419164569332171 14.82517777166916 14.001768279217266 14.495055198669434 43900
14.388807676878752 14.616479563913934 14.290150872408853 14.517821311950684 62400
14.487467824349075 14.502646241636 13.789276551579473 13.853782653808594 20100
13.683029639355677 13.93346771839577 13.3415225099858 13.736152648925781 54400
13.675439420020835 14.058684994648422 13.660261004839278 13.758917808532715 74300
13.956234964658506 14.293946792080533 13.910701159751625 14.229440689086914 26600
14.495055198669432 14.662013425216722 14.343273939994909 14.495055198669434 10300
14.646836106851225 14.912452605678778 14.309124300874913 14.502645492553711 27900
14.403985757610146 14.536794717169178 14.145958493459633 14.271178245544434 7900
14.4191644978294 14.4191644978294 14.039712800518098 14.22184944152832 15300
14.131542357165017 14.267385285260389 14.077659409405896 14.229440689086914 17100
14.381218303692387 14.487464303896008 14.229437062693052 14.477598190307617 10800
14.195288221984054 14.403986370174128 14.16872671844132 14.283320426940918 11400
14.448002224166107 14.601300447866555 14.221848768511936 14.281044006347656 6000
14.525412790682884 14.563358834868374 14.419166761950667 14.457111358642578 44500
14.48746327758765 14.495052483849308 14.237025260925293 14.237025260925293 19500
14.282559051002153 14.305326669787126 14.237025260925293 14.237025260925293 8000
14.44193265808263 14.44193265808263 14.229439178584803 14.252206802368164 10200
14.495055800548313 14.798616883008783 14.168727094093274 14.259796142578125 37000
14.237028478964744 14.328096079702753 14.039713414041172 14.125470161437988 56700
13.88792997051184 14.070068038397768 13.88792997051184 13.971409797668457 76000
14.039712756149612 14.1383695602417 13.948643712185623 14.1383695602417 4100
14.229439628161366 14.263590341168692 14.001769173108165 14.115604400634766 15600
14.274973069997186 14.419165126560952 14.138370221409767 14.176316261291504 4000
14.115603285477134 14.569427186593202 14.100424870341122 14.563356399536133 24500
14.570944693978237 14.844148911838722 14.419163447116555 14.753081321716309 17300
14.639248201714054 14.798617230942734 14.639248201714054 14.791028022766113 9500
14.791028081032419 15.405739470825713 14.791028081032419 15.159096717834473 29000
15.049057006835938 15.11432304651564 14.836563496422754 15.049057006835938 5400
15.140123727381281 15.140123727381281 14.83656120300293 14.83656120300293 5600
14.982272413597743 14.982272413597743 14.41916561126709 14.41916561126709 10500
14.559563406078228 14.68174778576941 14.533001899078746 14.627864837646484 15000
14.710583707821838 14.985306360810934 14.710583707821838 14.957984924316406 7300
15.17807058674892 15.648591411835325 15.026289301883986 15.398153305053711 19900
15.633408549312916 16.30124282836914 15.481627307598993 16.30124282836914 32500
16.20258604685907 16.430256462110417 15.89902501069288 16.0887508392334 18600
15.997681720026716 16.27088737487793 15.990092513226049 16.27088737487793 6200
16.384722043526445 16.453023454994977 16.06977648536676 16.240530014038086 11300
16.14187786509865 16.536508034274448 16.14187786509865 16.50615119934082 17900
16.885604020307778 16.885604020307778 16.551686052360772 16.61998748779297 8200
16.657928373271822 16.69587296009293 16.16464005963815 16.27847671508789 13800
16.240532243629985 16.635162353515625 16.240532243629985 16.635162353515625 22100
16.657927360700395 16.976666792099678 16.657927360700395 16.86738395690918 8500
16.984256368266543 17.15121603197841 16.74899673461914 16.74899673461914 30100
16.928096793931637 17.075324219144722 16.612392743783428 16.817296981811523 63200
16.88408341903542 16.9842586517334 16.862834214977877 16.9842586517334 10300
16.980463735992387 16.99943603167359 16.81729938764595 16.859039306640625 6700
16.984997878298664 17.077728271484375 16.86135833665078 17.077728271484375 16800
16.96181524018208 17.000452041625977 16.861357198188756 17.000452041625977 9700
16.876810996136427 17.039087316339966 16.7686267826674 16.884538650512695 22900
16.884541609770075 16.9440429376065 16.861358642578125 16.861358642578125 4500
16.614078913250797 16.838176499087368 16.36679983501704 16.76862907409668 27900
16.753177005721138 16.853633597984107 16.51748862806973 16.799541473388672 15100
16.722263141503174 16.807265877358365 16.68362633824149 16.76862907409668 13800
16.76090136132333 16.923177703146727 16.513622283935547 16.513622283935547 10100
16.590897813817424 16.65271759033203 16.590897813817424 16.65271759033203 1100
17.021164352749068 17.084147322071487 16.92668914794922 16.92668914794922 5100
16.863710344797553 17.06840542107334 16.777108177472044 16.8243465423584 31100
16.966056182844575 17.123514387056808 16.77710723876953 16.77710723876953 11900
16.950310660500033 16.950310660500033 16.777106344769553 16.832216262817383 3300
16.910157063245283 16.910943918683827 16.808597151269925 16.871580123901367 3600
16.76923641648873 16.76923641648873 16.533050580280747 16.603906631469727 7500
16.68263478056027 16.72199858377713 16.611778733463655 16.619651794433594 14100
16.544861812005546 16.588162905280843 15.730018607236525 15.74576473236084 20900
15.74576473236084 16.01580492187359 15.74576473236084 15.74576473236084 15100
15.792995907039945 16.320478895291842 15.753632110067121 15.904004096984863 4800
16.35984798035727 16.57241463549437 16.26537274347071 16.288991928100586 9700
16.304736042819503 16.304736042819503 16.115787076551676 16.178770065307617 3200
15.918964128832503 16.045718456290587 15.611922264099121 15.611922264099121 35000
15.66703108805607 16.03705741355024 15.66703108805607 15.981945991516113 23900
15.745760601923049 15.981946410298795 15.69852374057445 15.934709548950195 18800
16.056738463862704 16.218132437198307 16.048865403988696 16.155149459838867 8300
16.19451512047691 16.21813430281592 16.0213122882226 16.08429527282715 18300
16.21813261351483 16.918818431960226 16.21813261351483 16.336225509643555 18200
16.619648642155514 16.847961360447922 16.533046489545004 16.808597564697266 16600
16.777105326790696 16.934563513058432 16.777105326790696 16.808597564697266 10000
16.92669297196215 17.17862490616732 16.729870960660264 16.895200729370117 33800
16.753489603358144 16.887328626800848 16.745616542963546 16.87945556640625 9900
16.824345260520513 16.87945518038966 16.19451395805088 16.414955139160156 12900
16.493685193197493 16.548795116252624 16.32441814288085 16.430702209472656 9800
16.537772283569087 16.58422228799538 16.375589945029095 16.55666732788086 8900
16.572413381282768 16.572413381282768 16.37559136249493 16.548795700073242 7000
16.446445273203523 16.816471581507926 16.446445273203523 16.7928524017334 7000
16.44644463286832 16.824343986384218 16.44644463286832 16.572410583496094 6700
16.69050794641371 16.72987174987793 16.540922790310546 16.72987174987793 11300
16.729866027801958 16.784975934455897 16.6590100044948 16.7613582611084 31700
16.627524913161274 16.72987170286032 16.45432057448664 16.659015655517578 4500
16.54879290627375 16.729868772597097 16.470063811723247 16.572410583496094 5500
16.336228723441426 16.336228723441426 15.714270378969966 16.115787506103516 33500
15.94258111571765 16.107910865763664 15.886684343549504 15.887471199035645 31300
15.863851065571124 15.98981701087693 15.745758179550995 15.903216361999512 33500
15.840235350313176 16.013438171142443 15.824489229792505 15.942582130432129 28200
15.863853833651122 16.139404950200614 15.706397125360539 15.714268684387207 28400
15.816613330067476 16.013435296343445 15.816613330067476 15.958325386047363 10000
16.068547359429942 16.518876475033355 15.99769132194703 16.22600555419922 91000
16.241751078039226 16.86370933026348 15.997692214007056 16.139404296875 16000
16.714125627839103 17.233735642057624 16.399210695226795 16.72987174987793 54700
16.84796521166259 17.54865264892578 16.84796521166259 17.54865264892578 33800
17.556522523308505 17.989531842143712 17.39906581779523 17.76909065246582 42200
17.556520750829307 17.839944894424995 17.320334965587968 17.414810180664062 8000
16.729869736565483 17.887182537754253 16.70625055634963 17.713979721069336 25200
17.91867904082953 18.39105224609375 17.895848212332368 18.39105224609375 27100
18.42254014078671 18.485523124964523 18.123371341350307 18.34381103515625 30500
18.343809240583724 18.579996534368934 18.265081644287964 18.48552131652832 32300
18.501269246417174 18.501269246417174 18.304447233157415 18.34381103515625 32000
18.446157190849327 18.855547291501754 18.438284131033015 18.639041900634766 25700
18.65872641997594 19.13109802422225 18.65872641997594 18.835865020751953 20800
19.296427847336872 19.296427847336872 18.792564039529225 18.89491081237793 21300
19.075987249313325 19.091733369184897 18.926403615431294 18.993322372436523 5400
18.902787788466036 19.052372950513057 18.855550922105415 19.00513458251953 12500
19.283701274558798 19.379758706732925 18.89946849225157 19.33973503112793 45600
19.403774879344382 19.41177992026011 19.171634800009997 19.211658477783203 17400
19.211660485591416 19.35574818352225 19.186845314200855 19.21966552734375 18800
19.206054061368608 19.33973503112793 19.12840684817842 19.33973503112793 12500
19.411778124034925 19.411778124034925 19.227666780425803 19.251680374145508 22200
19.27569590264873 19.291705983337593 19.211657106698617 19.283700942993164 10900
19.283700942993164 19.36374981963214 19.22766718738748 19.283700942993164 19000
19.387766066665655 19.387766066665655 19.099592208862305 19.099592208862305 23900
19.091587167422556 19.211659735407746 19.035553404149834 19.099592208862305 28500
19.155625567184913 19.155625567184913 19.03555300173806 19.06757164001465 10300
19.18764592310926 19.279701615752717 18.995529495835235 19.051563262939453 23400
19.05156163522522 19.0755767591348 18.92348402798514 19.04355812072754 36000
19.09158431623319 19.09158431623319 18.619297629459226 18.995525360107422 22500
19.067571539030865 19.067571539030865 18.8746550838911 19.059566497802734 16700
19.107594396721705 19.107594396721705 18.827424095393965 18.995525360107422 27200
18.947496181746544 18.963506261843243 18.811413554535143 18.89946746826172 27800
18.931486499421606 18.931486499421606 18.65131619906376 18.691341400146484 20000
18.77939293716627 18.77939293716627 18.54725288863656 18.59528160095215 14700
18.699344295157267 18.699344295157267 18.595280311085805 18.643310546875 6300
18.651318025583866 18.851439470179425 18.603289306386458 18.715356826782227 27700
18.763387275553992 18.791404155955703 18.635309671773186 18.731367111206055 22700
18.81141619821115 18.915478679853646 18.667328510701928 18.747377395629883 47600
18.795404918822243 18.89146387997908 18.48001425606763 18.563264846801758 109500
19.259685787543848 19.812021355879935 18.62730286951716 19.01153564453125 148500
19.203651659900803 19.331729249090216 19.135611108621244 19.251680374145508 28400
19.323728561401367 19.323728561401367 19.067573325326006 19.323728561401367 56100
19.483826427954373 19.62791413054425 19.211661106796964 19.299715042114258 43600
19.41177780284599 19.488624965810235 19.1796362220279 19.435792922973633 13100
19.435794392148832 19.435794392148832 19.147619036054653 19.15802574157715 15600
19.28370433455683 19.28370433455683 19.099592954669923 19.21966552734375 21200
19.29971496227283 19.38776737042021 19.24368119523205 19.323728561401367 18600
19.483827072060393 19.76399744449099 19.30772072240964 19.41178321838379 27200
19.51584366876089 19.5958925563228 19.411781183694284 19.559070587158203 7400
19.603897319516168 19.667936123295668 19.5030365470947 19.651926040649414 14500
19.75599055712895 19.75599055712895 19.61190286323264 19.691951751708984 11200
19.699953745049896 19.83603637636186 19.53185095257967 19.812021255493164 18700
19.788007914344465 19.97212080395281 19.571877914308907 19.77199935913086 64100
19.84404375125016 19.84404375125016 19.579881971032552 19.603897094726562 27600
19.659932345682464 19.702359220102725 19.523849688053158 19.539859771728516 26200
19.56387094828995 19.56387094828995 19.315719281827967 19.499832153320312 19600
19.70796367536601 19.70796367536601 19.29171063785802 19.41178321838379 12000
19.411779200500526 19.411779200500526 19.315720239878935 19.395769119262695 36400
19.275697122989413 19.41177976384944 19.275697122989413 19.370954513549805 36900
19.41177685126353 19.539854432055286 19.211655440425762 19.331727981567383 60800
19.259686557677863 19.46300970441627 19.259686557677863 19.371755599975586 7700
19.499832917379567 19.619905471801758 19.459807714701927 19.619905471801758 6300
19.551064818759155 19.659930630000986 19.50783942877462 19.55586814880371 4200
19.76399411563455 19.76399411563455 19.611901391622567 19.75598907470703 9900
19.8200280783826 19.82803311939213 19.67113706385511 19.77199935913086 8400
19.884069442749023 19.884069442749023 19.635919246688285 19.884069442749023 18800
19.884066971228865 19.884066971228865 19.411780237129527 19.50783920288086 23900
19.451802876789714 19.451802876789714 19.283701604208662 19.395769119262695 9700
19.523846046104765 19.523846046104765 19.27569590264873 19.283700942993164 20100
19.403774879344382 19.403774879344382 19.211658477783203 19.211658477783203 23500
19.29971260440224 19.29971260440224 19.035552358621615 19.22766876220703 24600
19.267691498144817 19.267691498144817 19.099590225780364 19.12360382080078 18800
19.091583717490884 19.27569505691883 19.091583717490884 19.187641143798828 18000
19.25168416754749 19.319726259039538 19.166033427089264 19.21966552734375 17700
19.315719168740216 19.315719168740216 19.10759423141139 19.251680374145508 22600
19.347741851007743 19.347741851007743 18.94749895092633 19.02754783630371 42800
19.44925938337751 19.44925938337751 19.013706806222814 19.278295516967773 16100
19.489966107310693 19.489966107310693 19.319000688689425 19.408554077148438 14000
19.514386066500833 19.514386066500833 19.367846294820758 19.375986099243164 28800
19.48996288874669 19.48996288874669 19.314927596284956 19.4573974609375 14400
19.465540252424727 19.563234990246958 19.420763562289757 19.481822967529297 15800
19.620223594073078 19.799328807775755 19.538811568642686 19.743154525756836 8400
19.742342053627482 19.945871353149414 19.742342053627482 19.945871353149414 16300
20.01099843179916 20.019139789207344 19.905163891103058 19.92958641052246 23000
20.035424482844558 20.149400392205802 19.945871095314832 20.13311767578125 16300
20.108695472159358 20.14940071105957 19.962967797622586 20.14940071105957 14400
20.07612940289204 20.147771180097106 19.945870779170857 20.11683464050293 8400
20.222670457144506 20.222670457144506 20.067987761358438 20.084270477294922 23200
20.19824283190945 20.23080825805664 20.11683081934646 20.23080825805664 26200
20.230808406517866 20.230808406517866 20.067984380197018 20.190101623535156 28500
20.165684370775946 20.165684370775946 19.8807430267334 19.8807430267334 41200
19.717917978674933 19.945871353149414 19.66907138157516 19.945871353149414 10500
20.035422979197467 20.352928161621094 19.864457575181152 20.352928161621094 29700
20.304083983227493 20.34478922326902 20.12497720031188 20.312225341796875 24100
20.312223564270614 20.442482184370995 20.271516774985972 20.385494232177734 23300
20.304083789121016 20.369213104248047 20.198247681536238 20.369213104248047 14400
20.4262016614653 20.499472337238224 20.37084104321717 20.418060302734375 15600
20.458765029907227 20.466906388433742 20.255235725160496 20.458765029907227 15700
20.426201114536127 20.608562576248676 20.332577820845433 20.572742462158203 35400
20.58088298709819 21.11005884656313 20.4913295998884 20.930952072143555 76400
20.816977131269347 21.02050643689819 20.556459868513286 20.646013259887695 69700
20.75998917414213 20.75998917414213 20.409918520011658 20.646013259887695 15100
20.71928229789756 20.71928229789756 20.2633755712729 20.34478759765625 36900
20.44248192211518 20.62158713425416 20.23895263671875 20.23895263671875 26200
20.31222213468745 20.61100202770175 20.31222213468745 20.361068725585938 42400
20.434342168555123 20.589024872385195 20.17382491124469 20.222671508789062 36300
20.59716553639852 20.63787233005315 20.3285069094996 20.418060302734375 16100
20.3529295581484 20.58088292820957 20.312224320154222 20.393634796142578 75000
20.43434261472683 20.47504785476836 20.263377190380595 20.312225341796875 21300
20.35292723288949 20.447364181705606 20.190918416590883 20.287797927856445 9700
20.377355378815285 20.536921664568034 20.295943343045227 20.434343338012695 18100
20.450626055727792 20.514940150933196 20.393636543724952 20.434343338012695 17800
20.507613181066304 20.507613181066304 20.442483865659565 20.458765029907227 7400
20.515755176802006 20.548319059114114 20.434343141813624 20.491331100463867 10500
20.548316670885768 20.597163265079438 20.44248212466528 20.5157527923584 17000
20.589024283947353 20.743705430551273 20.589024283947353 20.7274227142334 13700
20.75998846607996 20.75998846607996 20.453880848062557 20.74370574951172 7800
20.84140049611585 20.84140049611585 20.65659492395748 20.74370574951172 16100
20.841399282215548 20.841399282215548 20.640312558006485 20.764057159423828 9100
20.882103909158335 20.882103909158335 20.56948385296589 20.7152099609375 11800
20.72742249387659 20.825117237939928 20.564599990844727 20.564599990844727 33100
20.751848896182807 20.75999025516855 20.646014334979093 20.67043685913086 9700
20.66392108784841 20.670433552873146 20.50353960237397 20.629728317260742 24000
20.629731617007614 20.75999025516855 20.580885015898627 20.67043685913086 21100
20.939091556423858 20.939091556423858 20.516565508324952 20.914669036865234 15200
20.914671862348225 21.59853045286898 20.800694395391183 20.979801177978516 29800
20.963515816661964 20.963515816661964 20.76975523423851 20.857681274414062 18700
20.825120012590027 20.83326137174713 20.637873410393073 20.759990692138672 8000
20.751845020785716 20.751845020785716 20.418057128732368 20.45062255859375 8800
20.71928224466087 20.8413995075195 20.714397119361056 20.808834075927734 4500
21.142621959934093 21.142621959934093 20.72253845198827 20.92281150817871 14000
20.90083082040495 20.90083082040495 20.72742284089003 20.80069351196289 2900
20.83325814962156 20.870707153707894 20.744519988302915 20.808834075927734 6800
20.759987387653915 20.95537531790697 20.759987387653915 20.942350387573242 9300
20.979801177978516 20.99608389508743 20.759989155424265 20.979801177978516 9500
20.963513188711303 21.01317499756233 20.963513188711303 20.964326858520508 4100
21.11819760156061 21.126338958740234 20.97572618012482 21.126338958740234 13100
21.54968228272093 21.54968228272093 20.960262209702382 21.313589096069336 32700
21.34614761370232 21.37871303970884 21.085630416870117 21.085630416870117 10300
21.248460182692597 21.427565415708283 21.248460182692597 21.419424057006836 6100
21.82281490834298 21.946807861328125 21.42603682812815 21.946807861328125 20100
21.94680605209636 21.94680605209636 21.541761598185765 21.773216247558594 9600
21.715353064227852 21.806280381726616 21.55002808879331 21.789749145507812 9400
21.839345771819996 21.87240982055664 21.605411044470284 21.87240982055664 5000
21.814546564515876 21.814546564515876 21.492164600045058 21.682287216186523 7300
21.707088349232155 21.756685215064834 21.707088349232155 21.7484188079834 1800
21.781482686768825 21.781482686768825 21.678981139179303 21.71535301208496 6200
21.78148267694479 21.86414516442629 21.64922332763672 21.64922332763672 30900
21.740148544311523 21.740148544311523 21.50042908809861 21.740148544311523 10900
21.80628032936539 21.80628032936539 21.492164768780995 21.71535301208496 8300
21.71535101386991 21.71535101386991 21.343370642592394 21.508695602416992 13800
21.640956676417733 21.72279141867307 21.29377549424745 21.409502029418945 14400
21.483898235908466 21.690553665161133 21.442567780720253 21.690553665161133 9000
21.5334936405984 21.69881860347765 21.434299924195408 21.671539306640625 15600
21.640956697599368 21.748416826555825 21.50043094332967 21.54176139831543 12700
21.674020809833966 21.707086435244204 21.500431006397616 21.682287216186523 13200
21.781482739070505 21.789749145507812 21.49299098803495 21.789749145507812 8100
21.86001293859889 21.86001293859889 21.599626633829416 21.7484188079834 10100
21.78148267694479 21.78148267694479 21.57482724656895 21.64922332763672 10600
21.731883715352165 21.740148544311523 21.61036928713261 21.740148544311523 10100
21.798013383616656 21.85587664626613 21.51696189932865 21.740148544311523 26400
21.723621163395027 21.7484188079834 21.723621163395027 21.7484188079834 5500
21.814544618191036 21.822811023806054 21.657487641472652 21.740148544311523 43800
21.75668351013837 21.78974913587298 21.624424160511545 21.72361946105957 7800
21.723619408704486 21.723619408704486 21.624424108395527 21.64922332763672 10600
21.71535496885672 21.855880737304688 21.71535496885672 21.855880737304688 4800
21.855876950588957 21.855876950588957 21.723617612218383 21.79801368713379 6700
21.789749060368614 21.789749060368614 21.616157679175036 21.773216247558594 9200
21.74015066442738 21.84761237124671 21.6169838890669 21.781482696533203 6600
21.777348662433194 21.82281310933284 21.740150621938557 21.773216247558594 9400
21.73188565430188 21.7484168903512 21.59962472931673 21.682287216186523 9000
21.574828989241045 21.771564117149047 21.570694997372357 21.7484188079834 6300
21.58309350508856 21.756683308619987 21.492164611816406 21.492164611816406 27000
21.682287205871496 21.682287205871496 21.541761451256438 21.61615753173828 6200
21.60789122306988 21.7401505719342 21.31857488283906 21.442567825317383 13400
21.475633751051085 21.56656265258789 21.475633751051085 21.56656265258789 3700
21.6988218911384 21.6988218911384 21.541763310272216 21.607892990112305 14300
21.66575626289039 21.66575626289039 21.574828938520227 21.607892990112305 7400
21.6988218911384 21.6988218911384 21.58309534558223 21.607892990112305 6500
21.66575626289039 21.66575626289039 21.566562531458224 21.607892990112305 2600
21.674020821704918 21.674020821704918 21.359905263414614 21.492164611816406 4300
21.492166505906894 21.492166505906894 20.93006343733361 21.293777465820312 65500
21.252447255613173 21.252447255613173 21.054058198488374 21.078857421875 37500
21.037525093177084 21.037525093177084 20.78953761127962 21.020992279052734 28800
20.99619289527134 21.12845225393006 20.942462038111255 21.05405616760254 38800
21.037523067086145 21.062320709228516 20.99619103575589 21.062320709228516 10400
21.062320677582512 21.1615159759703 21.01272381671651 21.12018394470215 24000
21.12018221095178 21.18465954377486 21.111917382032384 21.153247833251953 16900
21.037522921323134 21.154075622558594 21.037522921323134 21.154075622558594 22400
21.15324775633432 21.161514161879303 20.971391564311578 21.01272201538086 9400
20.996190939287196 21.037522970427545 20.67380897967133 20.979658126831055 33400
20.996191024780273 20.996191024780273 20.88873089668935 20.996191024780273 13800
20.98792465122704 21.194580078125 20.954860602784372 21.194580078125 10000
21.186315583393732 21.260711669921875 21.1615179389883 21.260711669921875 7300
21.186313359792145 21.25244303235922 21.16151571798934 21.238391876220703 2500
21.260709880015614 21.260709880015614 21.136716938459458 21.219379425048828 3400
21.268974504864744 21.268974504864744 21.178047196222664 21.244176864624023 2700
21.268978290656932 21.368173599243164 21.178050965830156 21.368173599243164 13900
21.285509319052448 21.583093643188477 21.285509319052448 21.583093643188477 9700
21.583093568056082 21.773216184856356 21.57482716167488 21.6326904296875 23400
21.574826991496856 21.686421111779165 21.50621723806427 21.599624633789062 17300
21.53349327427338 21.707084640009047 21.53349327427338 21.640954971313477 13100
21.64095858109856 21.731887481968094 21.622773431587024 21.665756225585938 4600
21.731885867493222 21.731885867493222 21.71121906308118 21.72361946105957 6400
21.748414949926545 21.839343835036093 21.636820839107276 21.740148544311523 29700
21.671325994842547 21.99026972539435 21.578999925333015 21.612573623657227 25800
21.704902066778867 21.822406821999632 21.69231112808934 21.72168731689453 14200
21.730078323808968 21.738471748373712 21.709095562838126 21.713293075561523 7800
21.690630989324916 21.713293075561523 21.688112801867288 21.713293075561523 3200
21.704899987477567 21.721685235985223 21.52780240844469 21.574804306030273 2300
21.52024695149587 21.66293196361392 21.478281430647858 21.527801513671875 8300
21.52024790868899 21.570608457004983 21.310417093351905 21.453102111816406 20200
21.427924750263532 21.44974637516396 20.403949284170775 21.117374420166016 45100
21.15933653173384 21.15933653173384 20.815214157104492 20.815214157104492 50400
20.815214736479028 20.865575281154758 20.739675520347387 20.798429489135742 83300
20.873971043281824 21.008262642361355 20.81102115582736 20.949508666992188 6200
21.03344047188633 21.067014170748884 20.899148878200258 21.020851135253906 14400
21.083801001103698 21.083801001103698 21.011618829320174 21.041833877563477 7000
20.974687850208117 21.050227070868047 20.848789682735582 20.957901000976562 11500
20.999870852483404 20.999870852483404 20.907544770596367 20.966297149658203 5600
20.99986796553155 21.243270874023438 20.99986796553155 21.243270874023438 12700
21.26845283172412 21.26845283172412 21.092194103931245 21.159339904785156 4600
21.14255306041941 21.14255306041941 21.075407264630403 21.1005859375 2700
21.1005860126353 21.1005860126353 20.983081269806643 21.01665496826172 7000
21.058619126025878 21.058619126025878 20.781642535245485 20.98307991027832 26700
21.050226521506406 21.050226521506406 20.95790045402442 20.991474151611328 5200
21.067014070391878 21.27684488463705 21.0065823732564 21.184518814086914 45300
21.24327169048144 21.268451965106458 21.24327169048144 21.251665115356445 1300
21.184517470283975 21.184517470283975 21.05022588575618 21.129961013793945 6800
21.192912358932816 21.192912358932816 20.98308154349784 20.999868392944336 6000
20.98308016371174 21.13415859703158 20.957899891197776 21.046030044555664 4500
21.092191693647116 21.18284003527923 21.092191693647116 21.15094566345215 3900
21.087996018381308 21.176124572753906 21.074566219241767 21.176124572753906 1600
21.10898076898664 21.134161044416537 20.949508893028266 21.0334415435791 10300
21.087996054560776 21.17612460908457 21.016654348769706 21.134159088134766 3700
21.192911307542772 21.47828133044757 21.192911307542772 21.41952896118164 10100
21.67132479468848 21.948301386996103 21.570606907057684 21.80561637878418 43800
21.57900092853532 21.79722517514173 21.57900092853532 21.74686622619629 9600
21.772045488933127 21.772045488933127 21.511854129566647 21.612573623657227 10500
21.814009635400456 21.864368578829172 21.637752532958984 21.637752532958984 5400
21.679720427308325 21.74686622619629 21.671327002337065 21.74686622619629 9800
21.814011205885723 21.814011205885723 21.688113037809007 21.73847198486328 1900
21.788833120003858 21.788833120003858 21.72168731689453 21.72168731689453 1000
21.78043910814356 21.78043910814356 21.553821445076238 21.73847198486328 4200
21.696507363843075 21.696507363843075 21.59578786466809 21.60418128967285 5800
21.688115076425103 21.688115076425103 21.553823471069336 21.553823471069336 11900
21.570606231689453 21.570606231689453 21.503460441743915 21.570606231689453 11800
21.63775354614532 21.81401065684002 21.595786423921325 21.772045135498047 8800
21.755260152196037 21.81401252746582 21.755260152196037 21.81401252746582 5300
21.8140092576996 21.839189529418945 21.72168319561059 21.839189529418945 4300
21.881155594948254 21.881155594948254 21.746864010852555 21.80561637878418 4400
21.864371244514533 21.872764669589632 21.82072639465332 21.82072639465332 9300
21.881157777031486 21.881157777031486 21.696507230706242 21.847585678100586 14700
21.87276435207823 21.87276435207823 21.797225128381058 21.847585678100586 21100
21.822405952630383 21.822405952630383 21.797225677136694 21.81401252746582 3700
21.82240581483278 21.82240581483278 21.453103114334763 21.58739471435547 7300
21.579002285176937 21.76365444438925 21.579002285176937 21.72168731689453 10600
21.814015550226046 21.814015550226046 21.612578121009896 21.784639358520508 7600
21.864369113390957 21.864369113390957 21.725881615355625 21.77456283569336 5800
21.78043860069828 21.78043860069828 21.662932259133246 21.67132568359375 4800
21.755260879102988 21.762815442268163 21.53703662017931 21.553823471069336 19100
21.654540872158183 21.654540872158183 21.385957667679037 21.486677169799805 11100
21.562212909621437 21.562212909621437 21.32720184326172 21.32720184326172 4100
21.520248413085938 21.587394211532303 21.411137090941388 21.520248413085938 8700
21.36917077673049 21.562216355356377 21.36917077673049 21.528642654418945 3200
21.562214799929713 21.662932693712207 21.360777411482665 21.369169235229492 14100
21.276844024658203 21.276844024658203 21.234876902976175 21.276844024658203 1100
21.2852374128707 21.318809509277344 21.2852374128707 21.318809509277344 800
21.547330616749807 21.547330616749807 21.346949304733354 21.427953720092773 4500
21.436480065706228 21.538802884343763 21.138041899609306 21.487642288208008 8800
21.33415887343472 21.50469473600924 21.33415887343472 21.487642288208008 2700
21.31710505814973 21.325632095336914 21.31710505814973 21.325632095336914 2000
21.334159995939817 21.55841636657715 21.334159995939817 21.55841636657715 1700
21.665000285897687 21.68375879125479 21.2744707783228 21.410900115966797 16300
21.504697379777543 21.504697379777543 21.325634458105554 21.402376174926758 4800
21.372529231386604 21.44500660536729 21.372529231386604 21.436479568481445 1800
21.49616865023254 21.615545548320327 21.351213892493977 21.359739303588867 12900
21.398110417083842 21.398110417083842 21.27447243832339 21.29152488708496 1100
21.38531994498804 21.393846982261234 21.257417638622243 21.376792907714844 1300
21.402375613461746 21.479117328269727 21.279588219222507 21.4774112701416 9900
21.530275557852576 21.67523193359375 21.445006814528476 21.67523193359375 8300
21.52686507225417 21.581436157226562 21.47911496631183 21.581436157226562 3100
21.51322198907822 21.589963697235326 21.51322198907822 21.538803100585938 5700
21.562679290771484 21.562679290771484 21.562679290771484 21.562679290771484 500
21.4535331398009 21.67523121454258 21.4535331398009 21.666704177856445 5000
21.67523193359375 21.67523193359375 21.66670489662474 21.67523193359375 1500
21.64880217250027 21.649654388427734 21.57291266943313 21.649654388427734 3400
21.50469542174888 21.5899641689382 21.50469542174888 21.52174949645996 3100
21.521749710561778 21.632599570920465 21.521749710561778 21.57291030883789 2300
21.658181217721346 21.658181217721346 21.598493576049805 21.598493576049805 1300
21.552447563196278 21.879878997802734 21.552447563196278 21.879878997802734 18400
21.87987756152867 21.87987756152867 21.589964788583956 21.862823486328125 6500
21.828715861988098 21.828715861988098 21.491905212402344 21.491905212402344 4700
21.683761627517512 21.7946098689651 21.487644632297673 21.496170043945312 9600
21.700813261175252 21.73491978302583 21.385319395635786 21.72639274597168 3100
21.72639268650482 21.72639268650482 21.419427485225718 21.5311279296875 4200
21.445005447265633 21.465470009413302 21.35121129931853 21.41942596435547 8900
21.342686855032984 21.5388038375375 21.342686855032984 21.359739303588867 4700
21.359738703531768 21.40237388963898 20.993085861206055 20.993085861206055 34000
21.14656639099121 21.231835131754476 21.14656639099121 21.14656639099121 15000
21.189206627134606 21.317108955594907 21.103937866038958 21.112464904785156 6200
21.146568803762257 21.282998154003344 21.01013945352117 21.10393524169922 13400
21.027191328400182 21.334158147501665 20.98455777079874 21.157651901245117 14900
21.06129956357589 21.223308384231075 20.814020374629592 20.86518096923828 25600
20.865181425825014 21.129514694213867 20.865181425825014 21.129514694213867 35400
21.172148777399688 21.172148777399688 20.686119040026675 20.80549430847168 20400
20.81402253551176 20.890764248575 20.720226747019765 20.796968460083008 6100
20.745809384386966 20.865184668426615 20.472950662944193 20.507057189941406 37500
20.617905188900014 20.617905188900014 20.379153016144734 20.387680053710938 21600
20.464419849193998 20.481473922729492 20.302409403338743 20.481473922729492 7300
20.472948502536216 20.72875312030347 20.472948502536216 20.57526969909668 9500
20.63922191472272 20.77138855709804 20.59658835337126 20.60085105895996 3900
20.711701719117777 20.822549958724565 20.293884995208813 20.302412033081055 16300
20.251249567180132 20.268303641354024 20.1489267485028 20.183034896850586 11000
20.089239522358778 20.583796298861433 20.089239522358778 20.566743850708008 22100
20.498527496057037 20.575267572362204 20.421785793385943 20.524106979370117 10600
20.507060061258382 20.54116821939755 19.79080500400078 20.06366539001465 29500
20.038078921663093 20.281946007058067 19.824907869304976 20.11141014099121 28600
19.884593933050997 20.29047144156014 19.876066896466302 20.003969192504883 10100
20.092653486063785 20.092653486063785 19.910180061526535 19.969867706298828 9200
19.95281032839221 19.95281032839221 19.83343505859375 19.83343505859375 4900
19.89312528950346 20.11482340975036 19.859018762124247 19.867544174194336 6800
19.97839245830437 20.46442222595215 19.938315543477984 20.46442222595215 15700
20.558216176044777 20.558216176044777 19.850488369089696 20.131874084472656 5400
20.055134304308492 20.264041038480737 19.8675427251231 19.944284439086914 8900
19.978393665215588 20.072189459854652 19.654372716298592 19.826616287231445 16100
19.790800588536946 20.10032571176339 19.790800588536946 19.841962814331055 4700
19.620263934318167 19.77204129485624 18.759052684110962 19.14276123046875 49200
19.27066482231701 19.611738204956055 19.27066482231701 19.611738204956055 13800
19.62735680988469 20.000466079058274 19.62735680988469 19.867708206176758 7100
20.08723730490174 20.08723730490174 19.83560538302434 19.957082748413086 6600
19.79222017340036 20.121946827602773 19.759247507980117 20.043853759765625 6000
19.991790134473653 20.165328979492188 19.965758562968684 20.165328979492188 5100
19.905018994913263 19.905018994913263 19.818248748779297 19.818248748779297 25900
19.809573018127093 19.809573018127093 19.58397102355957 19.58397102355957 9000
19.644708860861986 19.644708860861986 19.028643238867264 19.045997619628906 11100
19.13276629088594 19.13276629088594 18.959227447581476 19.01996612548828 10600
19.011289989132248 19.011289989132248 18.820396754412016 18.837749481201172 6900
18.863780446725542 18.94360960740596 18.655532836914062 18.655532836914062 10100
18.6555357409786 18.6555357409786 18.213008880615234 18.213008880615234 26200
18.343161464285544 18.481993210741436 18.273745591057597 18.403900146484375 13700
18.508024859433515 18.737964630126953 18.508024859433515 18.737964630126953 28300
18.742301603095818 19.150119599788763 18.70759284337484 19.080703735351562 16700
19.143183831142892 19.31412104477472 19.04600192491778 19.132770538330078 3500
19.27159865708024 19.27159865708024 18.72494888305664 18.72494888305664 6400
18.90716542392447 18.90716542392447 18.58611600765796 18.811717987060547 5800
18.568764225287126 18.849899930109906 18.490671157836914 18.490671157836914 7800
18.586118035933968 18.664211100980307 18.39522479637902 18.59479522705078 7200
18.438606559668752 18.455960939514288 18.221681776613824 18.29109764099121 7700
18.46463957643773 18.46463957643773 17.891958236694336 17.891958236694336 17700
17.909312889832478 18.369194111230232 17.909312889832478 18.343162536621094 36300
18.22515379355684 18.470713488690276 18.178298950195312 18.178298950195312 6000
18.412576593142926 18.429930974499563 17.72709507960474 17.839895248413086 186400
17.874604500239748 17.883281691155506 17.64032531052912 17.761802673339844 42500
17.75312456666819 17.770478947604516 17.362660925629964 17.727094650268555 22200
17.60561763623359 17.60561763623359 17.180443570046275 17.267213821411133 32300
17.180442911995822 17.327951837164683 16.96351811939484 17.275890350341797 13700
17.27588998092803 17.709739556852902 17.163089819389672 17.688047409057617 20700
17.64900250144488 18.065497735371586 17.61429373778185 17.761802673339844 56000
17.761801578688132 17.87460339863611 17.501492487277904 17.657678604125977 17000
17.770479864255602 17.822543009750145 17.439887661891433 17.761802673339844 22800
17.6576787815281 17.761801757136354 17.52752423451536 17.727094650268555 9700
17.709741513314828 17.744450277625525 17.701064322237155 17.73577308654785 4300
17.701065063476562 17.83989681652304 17.440755940265674 17.701065063476562 10900
17.770477622588654 17.794773092086032 17.640323085280595 17.744447708129883 6900
17.614294237141834 17.822543515013937 17.562232745176303 17.80518913269043 17000
17.709739461132934 17.917987057850734 17.709739461132934 17.83121681213379 15300
17.883279952566824 17.917987057850734 17.83121681213379 17.83121681213379 9100
17.97004964210945 18.039467166931566 17.83989509307775 17.891958236694336 11800
17.839895657740005 17.998685106287265 17.78783416748047 17.78783416748047 13500
18.022112820621267 18.022112820621267 17.475461396622833 17.579586029052734 19900
17.701063564427553 17.865926877835367 17.52752471531845 17.649002075195312 10600
17.70973851652394 18.299774169921875 17.657677033872563 18.299774169921875 30900
18.247717900934553 18.291102206372173 17.701066384391595 17.97005271911621 11400
17.71842076856871 18.05682298499662 17.71842076856871 17.97005271911621 4200
17.883280982086376 18.594794058917692 17.783495773019045 18.56008529663086 17500
18.29110119986298 18.43861014724111 18.126237869262695 18.126237869262695 1700
18.265068178381913 18.27374536930573 17.883281707763672 17.883281707763672 3200
17.666355546179922 18.091527938842773 17.60561686937163 18.091527938842773 11300
18.0394683290428 18.230361569586407 17.779157559205167 17.80518913269043 35000
17.805187480565557 18.181768936017104 17.60561706737813 17.84857177734375 30000
17.701064363304127 17.818203960617037 17.670695021964296 17.726228713989258 25200
17.709741104588694 17.83121846686259 17.68370953195646 17.78783416748047 19200
17.78783482975028 17.78783482975028 17.579587205953803 17.779157638549805 23900
17.77915537040243 17.77915537040243 17.631646448822515 17.640323638916016 29500
17.64032525958354 17.64032525958354 17.30192308987102 17.31060028076172 4000
17.197798704468003 17.440755087928483 17.197798704468003 17.353984832763672 4800
17.423401696875146 17.45290381700985 17.197799682617188 17.197799682617188 2100
17.301923059515236 17.475461912009905 17.19432787866528 17.427738189697266 12300
17.423400958193504 17.453770299690206 17.29324640106407 17.397369384765625 15800
17.44075268440792 17.865925055616774 17.423398304765584 17.744447708129883 32000
17.744451524855535 18.612150833552526 17.72709714148037 17.909313201904297 29400
18.08284899887163 18.516698539813838 17.93186954398426 18.351835250854492 42900
18.55346700310238 18.70380498569837 18.12898388285934 18.668432235717773 25000
18.659589582298686 18.66843319193331 18.57999878233315 18.588842391967773 8500
18.633057208191637 18.712648001556865 18.411972045898438 18.411972045898438 11800
18.39428657107171 18.39428657107171 18.17320138782928 18.22626304626465 12300
18.332380199318074 18.47210685048591 18.235103880484928 18.239524841308594 2800
18.146673957064156 18.146673957064156 17.91674514239419 18.111299514770508 37500
18.022860913478045 18.049391739041656 17.934428201757722 17.96980094909668 26000
17.969800357913037 17.969800357913037 17.872522354125977 17.872522354125977 16500
17.68681410263695 17.837152089979206 17.54531972475554 17.81062126159668 14300
17.70450290342639 17.70450290342639 16.997029264061705 17.394983291625977 12600
17.377295488658834 17.465729901458484 17.050090354070104 17.456886291503906 17300
17.474570834344185 17.757559562552856 17.448040008544922 17.448040008544922 3500
17.377294745535302 17.487837335121082 17.30212659425508 17.333078384399414 7000
17.47457312080597 17.58069306439656 17.36845149046929 17.430355072021484 8100
17.571851141385753 17.655862903957143 17.23580071760801 17.430355072021484 7500
17.41266763296538 17.41266763296538 17.014713671202294 17.156208038330078 11700
17.12968225791155 17.209271379126015 17.04124783942785 17.081043243408203 5600
17.138521977110365 17.394981589049323 17.128794512810217 17.19158363342285 3200
17.244643398709364 17.32423419548924 17.208385106682485 17.23579978942871 8000
17.32423475931882 17.403825558689036 17.156209551009912 17.288860321044922 8800
17.288860671298124 17.288860671298124 17.25348791905367 17.286209106445312 16100
17.324235128430896 17.430355072021484 17.145598596881403 17.430355072021484 210600
17.421512417205566 17.421512417205566 17.156209195881193 17.19158363342285 3600
17.076619699893897 17.235801307473587 17.041246946401827 17.209270477294922 2800
17.421512603759766 17.421512603759766 17.421512603759766 17.421512603759766 1000
17.39498023202218 17.42151105810869 17.156207857481302 17.24464225769043 3100
17.421511837240423 17.421511837240423 17.333077433076294 17.412668228149414 2000
17.333078195704662 17.421512603759766 17.249950290686836 17.421512603759766 50000
17.35076292431821 17.507291247483117 17.35076292431821 17.43919563293457 9000
17.346342906241563 18.049393841484925 17.346342906241563 18.040550231933594 29800
17.512597621900376 17.934429168701172 17.503754012902366 17.934429168701172 1700
17.8194637298584 17.978645316467144 17.775247372131936 17.8194637298584 22500
17.883138239236153 17.883138239236153 17.757561680932433 17.8371524810791 3400
17.739874844221614 17.849533582210242 17.569198065767555 17.6602840423584 6000
17.669126713898315 17.95211546694135 17.669126713898315 17.943273544311523 7400
17.76640660714664 17.90790099861576 17.76640660714664 17.899057388305664 6900
17.934431842274343 17.996335427742743 17.76021626120885 17.908784866333008 14200
17.960958669664265 18.031705856323242 17.756676863969187 18.031705856323242 9000
17.996333513820588 18.014020732572284 17.845995527923222 17.943273544311523 25000
18.022863388061523 18.146672237611774 17.925587054463715 18.022863388061523 7900
18.137827298626718 18.332381638310302 18.12898368953938 18.279321670532227 18100
18.36775532938664 18.924889185315585 18.350068111929623 18.862985610961914 47300
18.80108486917234 19.128290007694318 18.792241259111453 19.101760864257812 12700
19.092914599183434 20.048002425246867 19.022167415280435 19.95956802368164 51200
19.897665033210895 20.216028213500977 19.853448674502143 20.216028213500977 24600
19.906512364432807 20.33983917043691 19.906512364432807 20.330995559692383 12100
19.994944769378346 19.994944769378346 19.729641534027458 19.826919555664062 6100
19.6765802548268 19.85344906664724 19.455495083424253 19.61556053161621 20400
19.535082803764286 19.535082803764286 19.371480274978737 19.45549201965332 16400
19.630594672536276 19.782702054458394 19.46699211653845 19.67658042907715 10000
19.72079891504358 19.72079891504358 19.406858339846593 19.428966522216797 9800
19.5439296624101 19.70311125710896 19.45549525571673 19.67658042907715 2700
19.685423091371607 19.685423091371607 19.482025146484375 19.482025146484375 14300
19.66773713792635 19.66773713792635 19.437808351502106 19.585493087768555 2600
19.62351877266354 19.62351877266354 18.954072952270508 18.954072952270508 14300
19.20787812268885 19.20787812268885 18.818769454956055 18.818769454956055 6400
18.765708367967232 19.006250149665572 18.305852502528385 18.43850326538086 23100
18.482719433379614 18.65074463085692 18.235105128408787 18.367755889892578 5500
18.350069842758142 18.739180229785042 17.33307835749666 17.76640510559082 47700
17.73987444134015 18.279322822440555 17.73987444134015 17.952116012573242 15300
18.075923333341464 18.43850286440138 18.075923333341464 18.252790451049805 3700
18.208575812106453 18.229800138114268 18.17320137317806 18.182044982910156 6500
18.279322886374345 18.279322886374345 17.907899713730824 18.194425582885742 18000
18.190889781554 18.190889781554 17.722190242342364 17.899057388305664 6800
17.90627271349437 18.18230873230451 17.707814185559563 17.8341064453125 16900
17.870187855740447 17.870187855740447 17.283836740019048 17.31089973449707 24500
17.319921086245675 17.653689422057877 17.319921086245675 17.455232620239258 20300
17.50935751627891 17.6636126361399 17.229713439941406 17.229713439941406 7900
17.229712097544684 17.43718988896628 17.229712097544684 17.283836364746094 5300
17.2657957140271 17.482294520279968 17.207161803565402 17.229713439941406 11900
17.247756489348436 17.572503858246815 17.247756489348436 17.545442581176758 11000
17.536421717479755 17.804338341905837 17.518379718907173 17.734878540039062 12200
17.518377888064297 17.57881668432833 17.449819677117254 17.455232620239258 5400
17.337961944522903 17.530105946590286 17.265795675931177 17.392087936401367 11800
17.301880148246987 17.563482233897872 17.301880148246987 17.387577056884766 11300
17.265795675931177 17.392087936401367 17.15754713333337 17.392087936401367 12100
17.184607462188914 17.54904856099685 17.184607462188914 17.42816925048828 7900
17.392085846099924 17.40110684366213 17.256772603246205 17.31991958618164 4600
17.319921097436175 17.44621163316785 17.319921097436175 17.410127639770508 6400
17.337963088508644 17.383068084716797 17.294664700960364 17.383068084716797 5500
17.26128628898828 17.27481692686572 17.13950538635254 17.13950538635254 11700
17.14852659998707 17.220692870536922 16.904964791663968 17.049297332763672 22500
17.094403478070134 17.094403478070134 16.84182065385116 17.0402774810791 16000
16.95006954726361 17.283837898635934 16.841819282674464 17.25677490234375 16800
17.229715671575256 17.229715671575256 16.697488725384318 16.85986328125 14700
16.850838111228096 16.913983373864493 16.6072763377054 16.670421600341797 38200
16.751611663183816 16.751611663183816 16.156239486377064 16.2374267578125 31400
16.462946916680583 16.58923746572989 16.120157546155447 16.381759643554688 7900
16.345676809387204 16.363717086793407 16.16526027068811 16.327634811401367 4400
16.372737417223483 16.42145046568017 16.158945083618164 16.158945083618164 9900
16.147217405475736 16.237425669980425 15.811644175628292 15.966802597045898 22600
15.876594466951172 16.000178534345785 15.344367594505217 15.362409591674805 11300
15.380449531846438 15.380449531846438 14.254655430013932 15.136889457702637 34900
15.127869065711806 15.154930341379465 14.70389072740294 14.992557525634766 23600
14.81214116645049 14.81214116645049 14.44228881627547 14.681339263916016 12000
14.83018346948486 14.83018346948486 14.496413387280347 14.61368465423584 6200
14.703890632978407 14.748995626434157 14.514454822202973 14.59564208984375 4500
14.586621671867668 14.732759103554931 14.56857967376709 14.56857967376709 12600
14.56857989144936 14.61368488737476 14.397185208382 14.478371620178223 11900
14.451309630569272 14.613684166734252 14.261872958473388 14.270893096923828 14400
14.252852246216072 14.388163788880131 13.54020967691976 13.901041030883789 56600
14.027332192834256 14.027332192834256 13.531188444478744 13.711604118347168 32700
13.901040837446653 14.484685522854635 13.864957702552358 13.910061836242676 5500
14.072435976642264 14.306975916697478 13.955165576469772 13.96418571472168 6200
14.018311879755782 14.315997971272056 13.973207744010017 14.22398567199707 9400
14.207746324580587 14.264577062115476 14.054392803365113 14.135580062866211 27700
14.334039313113449 14.767037792033456 14.136483224801886 14.703890800476074 51700
14.70389097914928 14.730953975859869 14.361101623713216 14.379142761230469 8100
14.478370654057048 14.577599917891837 14.288934845550143 14.523475646972656 5100
14.514454901171302 14.523475899911531 14.162643692910438 14.270893096923828 10800
14.370121796151503 14.370121796151503 14.174370604710093 14.216768264770508 12400
14.352080858299066 14.573091033582054 14.252852449615343 14.56857967376709 7800
14.676829138989126 14.8238681463647 14.56587240526142 14.721932411193848 9300
14.198726305926979 14.532496364734616 14.198726305926979 14.509943008422852 4200
14.703890325620064 15.263180188723414 14.703890325620064 15.12786865234375 31000
15.082765073221605 15.082765073221605 14.785078977058669 14.866266250610352 51300
14.839204680948487 14.848223959539125 14.559558868408203 14.559558868408203 27900
14.758016618646062 14.758016618646062 14.48739181976909 14.63172435760498 12700
14.57760009246145 14.702087465587919 14.442288553253345 14.59564208984375 29700
14.379142165956479 14.649766099830316 14.009289829121133 14.04537296295166 32300
13.792791707791896 14.343059740974686 13.792791707791896 14.297956466674805 20800
14.424247361780203 14.709304398144829 14.297956814207161 14.419736862182617 12900
14.41522540295876 14.577599936503152 14.25285172970414 14.442288398742676 23100
14.532496627208324 14.640745168910017 14.39808667347474 14.604662895202637 10600
14.514455912765428 18.03256479941172 14.514455912765428 14.74899673461914 26300
14.604662871113845 14.920390938285532 14.604662871113845 14.721932411193848 13400
14.613684441852591 14.765233094150531 14.56857944730229 14.630823135375977 19700
14.537419475103393 15.71187973022461 14.537419475103393 15.71187973022461 53400
15.721130740207839 16.22975485272804 15.721130740207839 16.109535217285156 43200
15.952323766517976 16.266746520996094 15.739626539624942 16.266746520996094 50800
16.23900315022941 16.23900315022941 15.573167644914998 15.582415580749512 22000
15.628650977009253 15.628650977009253 15.138522803823403 15.1477689743042 14000
15.147770849677158 15.484388293245688 14.972989631368694 15.101532936096191 20900
15.110780072575404 15.434450742117528 14.93507283530455 15.092284202575684 9900
14.981312167947939 15.249495221362329 14.796356999903859 14.805604934692383 25100
14.796357848479675 14.888835437805334 14.694633205766772 14.759366989135742 21000
14.907330501733988 15.064541865921134 14.694632410567774 14.750118255615234 14700
14.77786082140874 14.907330141878438 14.703879108510272 14.824100494384766 15200
14.824101796025179 14.824101796025179 14.405178965008124 14.444944381713867 15900
14.454192472881441 14.466214083495052 14.17676058119665 14.435696601867676 17200
14.426449044043295 14.666889185296425 14.028796650463223 14.259989738464355 27600
14.139768285311119 14.241492919762429 13.899327278137207 13.899327278137207 24700
13.899327504752337 14.010300075580771 13.890080451965332 13.890080451965332 37800
13.8715853421614 13.91874840071845 13.68663104731891 13.695878982543945 29700
13.723620786975866 14.000127501358111 13.584904415709104 13.80685043334961 47300
13.76061217949224 13.86233681684247 13.455437385509944 13.520171165466309 23400
13.510922978948713 13.640391418381265 13.381455421447754 13.381455421447754 37100
13.409198043692825 13.525719724770108 13.233491698756398 13.524794578552246 79100
13.63114406897724 14.333971258475772 13.566410287447408 14.065787315368652 29300
14.343218371206234 15.15701720699539 14.093529430594968 15.13852310180664 24900
15.110779023900454 15.882963022235801 15.110779023900454 15.665642738342285 32900
15.67489246491335 16.33148000463956 15.67489246491335 16.010583877563477 14100
16.09103676508582 16.70138630775761 16.09103676508582 16.507184982299805 25300
16.405461165427745 16.68289392685322 15.40208401917658 15.623103141784668 56200
15.360468165286411 15.785862568264315 15.360468165286411 15.499183654785156 25000
15.36046890222559 15.91533088684082 15.36046890222559 15.91533088684082 25500
16.072543058860646 16.072543058860646 15.882964793041937 15.924579620361328 19000
16.170567978952057 16.377716064453125 16.00318442376039 16.377716064453125 7100
16.38696556015077 16.607986450195312 16.18351627624025 16.607986450195312 14400
16.636655111169812 17.052803392883863 16.636655111169812 16.83085823059082 13000
17.191516282163587 17.191516282163587 16.784615997961104 16.79663848876953 3100
16.812361662197024 16.877095444698288 16.562672703523614 16.710636138916016 6500
16.608909262283376 16.807735443115234 16.590415157263752 16.807735443115234 6700
16.969570691193997 17.04355239868164 16.655147993405755 17.04355239868164 11200
17.039853577886714 17.08054237049394 16.655147993405755 17.04355239868164 17500
16.92333174957711 17.45045342244725 16.84010210459041 17.413461685180664 9600
17.43843175511448 17.43843175511448 17.126783585762276 17.219261169433594 23500
17.163773748151165 17.607665801843236 17.163773748151165 17.515188217163086 25500
17.302487652859487 18.375225067138672 17.25624974670104 18.375225067138672 29500
18.16252835365606 18.396495997628907 18.079298701211545 18.176401138305664 9300
18.255006372238967 18.735888427968863 17.35797780832472 18.63416290283203 28000
18.615667102372814 18.706296163733352 18.393721944397395 18.476951599121094 7400
18.513942255852125 18.689647726538926 18.264253306312078 18.28274917602539 11600
18.291998182739906 18.476951599121094 18.085772574692378 18.476951599121094 17600
18.350257858909195 18.350257858909195 18.190271934213392 18.31049156188965 10600
18.550932464660903 18.652657985499918 18.22726179606124 18.398345947265625 8700
18.162528095046305 18.31049152753792 18.162528095046305 18.264253616333008 14600
18.227261003140406 18.624913370361643 18.171775159579795 18.615665435791016 33000
18.264254069328306 18.51394302929948 18.218016156976592 18.495447158813477 26500
18.495446008415733 18.52041525563245 17.838858521771304 17.940582275390625 23900
17.940584334659807 17.940584334659807 17.626161575317383 17.626161575317383 12300
17.66315152717268 17.681647396755764 17.163773631608603 17.311737060546875 15400
17.38571872839222 17.38571872839222 16.45909788944097 16.489614486694336 24600
16.507185456106136 16.821608170612016 16.49978605025982 16.738378524780273 9900
17.35427778258472 17.37647247314453 16.947377474139127 17.37647247314453 2800
17.330233052518842 17.330233052518842 16.86784689285549 16.997314453125 9700
17.311736533996267 17.311736533996267 17.099039331849756 17.237754821777344 12400
17.292564022632984 17.481554522190045 17.022309302472546 17.42485809326172 16700
17.061996075390326 17.17917025097682 16.980730056762695 16.980730056762695 9100
16.9334813775102 16.9334813775102 16.735041206242084 16.774730682373047 13600
16.782290950562906 16.914583206176758 16.77284124625523 16.914583206176758 25000
17.00907774421251 17.00907774421251 16.801189665072517 16.92403221130371 11300
17.084675675410015 17.084675675410015 16.82008934020996 16.82008934020996 5800
16.735041187925138 16.735041187925138 16.064128452957437 16.272016525268555 46100
15.799543614477907 15.924276829824484 14.83569628711983 15.062483787536621 127400
14.939641700864144 15.305336984770987 14.672221183776855 14.672221183776855 39800
14.693953838878354 15.024685374092345 14.37267110665596 14.613633155822754 23700
14.68922897404173 14.864043995075232 14.646706206509606 14.699623107910156 35700
14.646706487699236 14.646706487699236 14.34432315826416 14.34432315826416 10000
14.627806650729422 14.75065010000899 14.51441290551137 14.590008735656738 42600
14.554102285024095 14.590009540326133 14.28762620306759 14.415194511413574 7600
14.552211281924214 14.835696104543187 14.410469321201433 14.457716941833496 22800
14.504964565022783 14.769549978966213 14.136434205435807 14.141159057617188 57900
14.126984429577336 14.41046925081159 14.126984429577336 14.230929374694824 22500
14.193131458608484 14.49456945639835 14.193131458608484 14.230929374694824 19100
14.334873898967512 14.342433842907457 13.985242938160185 14.325424194335938 9500
14.315974457963147 14.315974457963147 14.19313190271879 14.212030410766602 13000
14.268726788817608 14.363221125122514 14.089186017843554 14.1534423828125 13200
14.278176030203902 14.92074150197753 14.259277522831772 14.82624626159668 30100
14.93019140485587 15.062483661740771 14.398185483415222 14.646706581115723 22700
14.702458916431015 14.81679799925357 14.188407060955232 14.249828338623047 34200
14.221479815247422 14.221479815247422 13.9672885340961 14.05138874053955 16300
13.98524235864507 14.1742319375781 13.941774259845106 14.041938781738281 9400
14.051388083678415 14.079736294413394 13.789637772172927 13.895471572875977 20300
13.858619083472739 13.928544730507062 13.84349919654924 13.88129711151123 10700
13.851059541941257 13.967288381644783 13.560015678405762 13.560015678405762 19500
13.700812023763975 14.098635915631593 13.620491341155331 14.070287704467773 11500
14.051388449449412 14.174231900729879 13.928544998168945 13.928544998168945 13000
14.155332504631767 14.155332504631767 13.805701558916622 13.96634292602539 4700
13.834050782615872 13.900196910365624 13.791528014441486 13.838775634765625 6100
13.749005561006877 13.867124163934474 13.720657348632812 13.720657348632812 3800
13.711208050110864 13.942720410563307 13.427723214455858 13.550566673278809 10300
13.389924986540038 13.550566359654084 13.333227660251904 13.47591495513916 8100
13.33322796035524 13.33322796035524 12.93634937092567 13.024230003356934 17700
13.096989740549727 13.096989740549727 12.8040561239845 12.969422340393066 19400
13.096989836315872 13.371024947932293 12.832404428831527 12.95524787902832 9000
12.879651998017113 13.148962256515707 12.804056167602539 12.804056167602539 11000
12.949578275283312 12.983595767435569 12.756808280944824 12.756808280944824 10700
12.756808280944824 12.902330656971065 12.7190103665297 12.756808280944824 12900
12.756808894455805 13.115889549255371 12.74735919010422 13.115889549255371 44100
12.8541387858492 13.115890018477145 12.700112023866994 12.818230628967285 13400
12.728460602160583 13.02139422582181 12.407177865623702 12.534746170043945 25700
12.45915030160672 12.520571576977483 12.1047945022583 12.1047945022583 15300
12.237086590571183 12.237086590571183 11.764612197875977 11.764612197875977 36500
12.048096587677358 12.048096587677358 11.809024308308608 11.85910701751709 14000
11.811859653465442 11.981950720850824 11.811859653465442 11.86855697631836 31800
11.811860639083456 11.882731622683266 11.585073131094681 11.627595901489258 31000
11.63231989463994 11.821309470670474 11.57562257124409 11.613420486450195 65100
11.717364725296521 11.878006092921055 11.530264906699486 11.750438690185547 15200
11.717364578371779 11.963051478854899 11.57562262103257 11.764612197875977 11600
11.939428458950266 12.079280659670971 11.762722771523203 12.038647651672363 11100
11.830759299574053 12.237086667032909 11.830759299574053 11.991399765014648 20100
12.237087091737061 12.426076676320474 11.821310005653556 12.378829956054688 32700
12.74735920636611 12.74735920636611 12.274884802265008 12.5205717086792 24000
12.756808360184055 13.210383335982936 12.307957335189712 12.983595848083496 44500
12.898550832041614 13.32377851537081 12.662313630713573 13.04029369354248 18500
13.163137238642525 13.47686003513301 13.144237829840568 13.342677116394043 22600
13.437171885008754 13.437171885008754 12.974146298568932 13.285980224609375 15000
12.416627626224201 13.370080804968262 12.416627626224201 13.04029369354248 20600
12.586717254925853 13.229282703169567 12.586717254925853 12.87020206451416 8400
13.18770610513459 13.18770610513459 12.988321485014438 13.087541580200195 6700
13.173157111908793 13.591507303504665 12.998033603271237 13.319092750549316 85700
13.212073438610224 13.426113180939268 13.171211533725376 13.328822135925293 13000
13.231531967227967 13.42611312866211 12.998033645670832 13.42611312866211 15000
13.377467182282137 13.377467182282137 13.134240506240644 13.275312423706055 9000
13.294770453387951 13.367738272708213 13.2315319240667 13.319092750549316 7300
13.36773748379157 13.36773748379157 13.066136934310913 13.231531143188477 9100
13.34536133708031 13.38719654083252 13.23153161581942 13.38719654083252 6800
13.387196207055375 13.513674187434134 13.143969535827637 13.143969535827637 5900
13.289905842460556 13.42611311928743 13.0904600361503 13.114782333374023 16400
13.206236098011612 13.221802405038693 13.08559513092041 13.08559513092041 16600
13.231531988486248 13.465029382582365 13.012627601623535 13.012627601623535 16600
13.216938101811767 13.41638390931201 13.017492294311523 13.017492294311523 5500
13.22180248213406 13.416383640697518 12.813181585232721 12.98830509185791 17500
13.036949543301564 13.036949543301564 12.87155532836914 12.87155532836914 12600
12.783994475451909 13.212073018667448 12.783994475451909 13.075865745544434 10100
13.036949868854713 13.182886435705543 13.036949868854713 13.114782333374023 11700
13.134240780236587 13.134240780236587 12.891014099121094 12.891014099121094 15500
12.98830492121836 13.212073018667448 12.98830492121836 13.075865745544434 8800
12.998032862136759 13.202343301285618 12.988304500528612 13.070028305053711 20900
13.06613715533495 13.06613715533495 12.764535672916356 13.030138969421387 55800
12.852097415498834 13.036949278401071 12.783994244087925 12.842368125915527 100900
12.82291033360475 13.62069351394239 12.82291033360475 13.241259574890137 193800
13.202344098020568 13.954401701964084 13.202344098020568 13.844462394714355 24600
13.63042367484514 13.951482825401564 13.63042367484514 13.854191780090332 36300
13.64988043332473 13.756900761725948 13.280175784323301 13.547725677490234 12300
13.54286132019512 13.708255533201795 13.358008527853011 13.47475814819336 18600
13.367738126176857 13.834733834812617 13.367738126176857 13.406654357910156 9600
13.620693956780872 14.116876602172852 13.596371660135365 14.116876602172852 19200
13.980668973407653 14.43793537584836 13.795817111223943 14.389289855957031 21500
14.243354246665202 14.496309280395508 14.107146976321099 14.496309280395508 5600
14.399019597594888 14.506039002447054 14.348428403773251 14.437935829162598 5700
14.253082775418886 14.467122509086158 14.107147141639821 14.408748626708984 8800
14.223895882274519 14.437935616664756 14.17525036157181 14.311457633972168 11000
14.253083290218154 14.535226206128069 14.160657818476677 14.467123031616211 12800
14.301728480038737 14.535225868225098 14.248219241810284 14.535225868225098 9800
14.408748792049664 14.429179743899732 14.301728460069901 14.428206443786621 3500
14.418477395777314 14.525497729551656 14.326051924763677 14.350374221801758 13900
14.399019839398969 14.399019839398969 14.262812562706568 14.360103607177734 5500
14.243354366262864 14.437935519933914 14.243354366262864 14.403883934020996 14100
14.350373997225697 14.476851981083955 14.302701776188854 14.347455024719238 4800
14.272541624081594 14.369832666994204 14.116876697690337 14.126605987548828 11900
14.136334274025149 14.467122704756877 14.136334274025149 14.223896026611328 9400
14.155792545371169 14.25308265780904 14.087688446044922 14.087688446044922 5200
13.980669221486021 13.980669221486021 13.48448657989502 13.48448657989502 14700
13.426112627690902 13.717984822869512 13.182885953014749 13.47475814819336 7400
13.474757975479294 13.533131857065124 13.37454796329129 13.519511222839355 8200
13.620694078948903 13.975804809040822 13.581777847265352 13.922295570373535 9300
13.854191551960087 13.863920841898237 13.620694160461426 13.620694160461426 3200
13.717984817830384 13.844461872119728 13.664474652513725 13.786087989807129 5300
13.805546257434717 13.98456111276534 13.786088605074173 13.854191780090332 7000
13.854191346493948 14.087688734529701 13.854191346493948 14.014720916748047 9700
14.05363757068477 14.058502215727982 13.737443065565435 13.747172355651855 11200
13.747171835267716 14.029314742240537 13.465028928294895 13.48448657989502 16700
13.601235128263514 13.601235128263514 13.465028785003708 13.57204818725586 19700
13.465029032820246 13.596371661526172 13.182886123657227 13.182886123657227 15000
13.192615540308578 13.47475845218463 12.968846512083488 12.98830509185791 11500
13.134240364128663 13.32882151728927 13.08559484387948 13.26071834564209 15300
13.22180277102355 13.474758746601076 13.22180277102355 13.435842514038086 8100
13.497134483934289 13.630422780460082 13.374547849112776 13.44556999206543 2900
13.422220230102539 13.422220230102539 13.422220230102539 13.422220230102539 500
13.438760010479282 13.513674427787654 13.367737865753721 13.377467155456543 8900
13.620694384746784 13.854191780090332 13.479622461829114 13.854191780090332 17000
13.834733319342368 14.301728082742153 13.834733319342368 14.282270431518555 10200
13.953427750880525 14.291998863220215 13.92229513763582 14.291998863220215 5800
14.430000305175781 14.979999542236328 14.244999885559082 14.979999542236328 63700
14.619999885559082 15.0 14.489999771118164 14.850000381469727 11200
14.720000267028809 14.720000267028809 14.399999618530273 14.5600004196167 10700
14.539999961853027 14.539999961853027 14.295000076293945 14.399999618530273 7700
14.199999809265137 14.390000343322754 14.199999809265137 14.270000457763672 12600
14.40999984741211 14.449999809265137 14.210000038146973 14.380000114440918 2100
14.380000114440918 14.380000114440918 14.208999633789062 14.220000267028809 5300
14.300000190734863 14.355999946594238 14.180000305175781 14.220000267028809 17100
14.288999557495117 14.40999984741211 14.180000305175781 14.350000381469727 10200
14.25 14.359999656677246 14.199999809265137 14.25 10700
14.1899995803833 14.319999694824219 14.149999618530273 14.149999618530273 10300
14.128999710083008 14.128999710083008 13.859999656677246 14.02299976348877 13200
13.890000343322754 13.989999771118164 13.850000381469727 13.949999809265137 32000
13.899999618530273 13.920000076293945 13.859999656677246 13.895000457763672 13100
13.739999771118164 13.739999771118164 13.550000190734863 13.59000015258789 5300
13.694999694824219 13.890000343322754 13.550000190734863 13.657999992370605 5500
13.53499984741211 13.664999961853027 13.510000228881836 13.5600004196167 5900
13.574999809265137 13.614999771118164 13.369999885559082 13.390000343322754 7600
13.505000114440918 13.600000381469727 13.375 13.600000381469727 9100
13.489999771118164 13.579999923706055 13.317000389099121 13.579999923706055 9900
13.710000038146973 13.800000190734863 13.5 13.5 17000
13.239999771118164 13.34000015258789 13.121999740600586 13.25 3200
13.130000114440918 13.25100040435791 12.989999771118164 12.989999771118164 22000
13.050000190734863 13.050000190734863 12.899999618530273 12.979999542236328 8400
12.90999984741211 13.140000343322754 12.819999694824219 12.84000015258789 3400
12.829999923706055 12.904999732971191 12.699999809265137 12.699999809265137 25800
12.699999809265137 12.869999885559082 12.699999809265137 12.8149995803833 5000
12.73900032043457 13.1850004196167 12.729999542236328 13.100000381469727 14600
12.800000190734863 13.0 12.470000267028809 12.699999809265137 62600
12.550000190734863 12.550000190734863 12.0600004196167 12.0600004196167 28500
12.25 12.40999984741211 12.100000381469727 12.100000381469727 10300
12.100000381469727 12.350000381469727 12.0600004196167 12.079999923706055 13600
12.100000381469727 12.345000267028809 12.020000457763672 12.050000190734863 26300
12.029999732971191 12.170000076293945 12.029999732971191 12.050000190734863 8700
12.0 12.199999809265137 11.859999656677246 11.869999885559082 30700
11.789999961853027 12.100000381469727 11.777999877929688 12.010000228881836 8600
