19.900926032102976 19.910871749894337 19.890980314311616 19.895952224731445 1250500
19.91087262007812 19.940707877804414 19.900926901852092 19.927780151367188 22400
19.93076433898523 20.02027201038439 19.910872902251278 19.94070816040039 14100
19.990436459454813 20.010327895897433 19.91087261063611 19.920818328857422 14300
20.0998347567287 20.119726192370457 19.930763244628906 19.930763244628906 11400
19.91087261063611 19.930764047078732 19.900926892414798 19.920818328857422 5600
20.089890423364803 20.089890423364803 19.96059799194336 19.96059799194336 44200
19.952642978545946 19.960598794138747 19.950653076171875 19.950653076171875 8700
19.940707358205007 19.970544512105615 19.940707358205007 19.950653076171875 6600
19.96059799194336 19.970543709510522 19.95562608163561 19.96059799194336 9000
19.97551727294922 19.97551727294922 19.97551727294922 19.97551727294922 600
20.000381714182815 20.000381714182815 19.98049027820116 19.985462188720703 5800
19.9804911096676 20.000382546477013 19.9804911096676 19.989442825317383 8500
19.990435448553324 19.990435448553324 19.970544013116598 19.98048973083496 4100
20.000381469726562 20.000381469726562 19.960598598249504 20.000381469726562 1800
20.020271008513372 20.020271008513372 20.000381469726562 20.000381469726562 25000
20.005352822083992 20.005352822083992 19.990435194172118 19.995407104492188 2200
20.00734328253988 20.010327187595827 19.980490033988033 20.000381469726562 12400
20.02027211431346 20.02027211431346 20.01032829284668 20.01032829284668 3000
20.01330974334473 20.01330974334473 20.005353927612305 20.005353927612305 1000
20.029223271761357 20.029223271761357 20.005353927612305 20.005353927612305 400
20.019277025209682 20.019277025209682 20.002369494510724 20.014305114746094 2800
20.0202707537793 20.0202707537793 20.010326932988278 20.01529884338379 2900
20.02027130126953 20.030217019284233 20.015299390738054 20.02027130126953 2900
20.010326913409454 20.010326913409454 19.99242348331906 20.001375198364258 1600
20.000380961143613 20.040161934657373 20.000380961143613 20.030216217041016 2200
20.060054476491146 20.060054476491146 20.040163040161133 20.040163040161133 2600
20.040162218625664 20.04911393369273 20.029222498178154 20.036184310913086 162300
20.060053928532856 20.06999964642619 20.03021677485286 20.03519058227539 8400
20.10978117036441 20.10978117036441 20.022261506244828 20.040163040161133 14800
20.060053673699603 20.060053673699603 20.04016223816563 20.050107955932617 7300
20.189345323244346 20.189345323244346 20.050109060737718 20.060054779052734 14600
20.060053976906904 20.074971605307013 20.060053976906904 20.06999969482422 1300
20.149999618530273 20.149999618530273 20.079999923706055 20.110000610351562 5700
20.15999984741211 20.15999984741211 20.100000381469727 20.104999542236328 3600
20.200000762939453 20.200000762939453 20.1200008392334 20.1299991607666 10500
20.100000381469727 20.110000610351562 20.079999923706055 20.100000381469727 6600
20.0 20.040000915527344 20.0 20.010000228881836 8200
20.01300048828125 20.079999923706055 20.0 20.076000213623047 4400
20.104999542236328 20.1299991607666 20.100000381469727 20.100000381469727 2700
20.084999084472656 20.100000381469727 20.079999923706055 20.094999313354492 10800
20.110000610351562 20.280000686645508 20.100000381469727 20.149999618530273 12700
20.209999084472656 20.229999542236328 20.1299991607666 20.209999084472656 33400
20.200000762939453 20.200000762939453 20.149999618530273 20.15999984741211 5700
20.139999389648438 20.15999984741211 20.110000610351562 20.110000610351562 6300
20.209999084472656 20.229999542236328 20.101999282836914 20.104999542236328 8700
20.118999481201172 20.18000030517578 20.100000381469727 20.1299991607666 99100
20.1200008392334 20.1299991607666 20.110000610351562 20.1299991607666 7500
20.170000076293945 20.18000030517578 20.1200008392334 20.135000228881836 177500
20.1299991607666 20.149999618530273 20.110000610351562 20.1299991607666 83200
20.139999389648438 20.18000030517578 20.1299991607666 20.149999618530273 117100
