11.839753850748016 11.962788968844661 11.839753850748016 11.896538734436035 52700
11.764038463884656 11.782966455002068 11.631538915745454 11.69778823852539 115900
11.697790545152538 11.726183891296387 11.650470106738469 11.726183891296387 106200
11.697791336081613 11.735648230920212 11.631541995758958 11.68832778930664 18600
11.603146723089104 11.641003608703613 11.525540242966262 11.641003608703613 32300
11.593683827673933 11.636272942512562 11.574754931043667 11.6126127243042 19600
11.555826170855022 11.641004394885062 11.536897275479719 11.603147506713867 67200
11.61261101239957 11.716717220780525 11.555825233459473 11.555825233459473 26200
11.423326893965568 11.51796956802792 11.404398900700757 11.451720237731934 42000
11.32868610858774 11.357078552246094 11.215115431374821 11.357078552246094 35400
11.347613960858832 11.366542858112801 11.247293152119493 11.271900177001953 54000
11.366542858112801 11.366542858112801 11.196186393145075 11.271900177001953 56200
11.361807754122815 11.48011062423749 11.361807754122815 11.456449508666992 26700
11.281363200174457 11.281363200174457 11.120471204163191 11.21132755279541 81300
11.23309673863403 11.23309673863403 11.073150634765625 11.073150634765625 20800
11.25297079764219 11.347612564527807 11.224577455255055 11.33814811706543 42500
11.499040586539046 11.546361923217773 11.461183697711949 11.546361923217773 86400
11.527432795279092 11.584217671639854 11.451719025078518 11.555825233459473 48900
11.527433240552282 11.546361232543894 11.442255020141602 11.442255020141602 48700
11.25297046113731 11.290827347275375 11.215113574999243 11.262434005737305 72100
11.26243582212954 11.281364719541084 11.12047270186099 11.177258491516113 53000
11.129935081557047 11.186719958076587 11.055167214291803 11.139399528503418 23200
11.138451951543315 11.138451951543315 11.07314853574609 11.129934310913086 34400
11.092078866180533 11.300291296098184 10.897115399176805 11.290827751159668 41800
11.243506136104424 11.243506136104424 11.016364816808425 11.02582836151123 63600
11.234041968631603 11.290827751159668 11.205649528657268 11.290827751159668 61800
11.338149654754185 11.357078552246094 11.262435869945572 11.357078552246094 49700
11.177256337855088 11.361808539160137 11.177256337855088 11.234041213989258 48700
11.347613609185894 11.376006954186911 11.205650494498686 11.243507385253906 50300
11.243506567112227 11.385469671469389 11.243506567112227 11.376006126403809 70400
11.366542011591703 11.451720237731934 11.35707756366958 11.451720237731934 23000
11.499040586539046 11.546361923217773 11.489577041266841 11.546361923217773 26200
11.584218996734942 11.60314789273999 11.499987575703127 11.536897659301758 14600
11.530272375233361 11.546361755832002 11.461183531560993 11.508504867553711 30200
11.593683991852785 11.650469779968262 11.584219543403627 11.650469779968262 14300
11.603148275989065 11.673183027330325 11.593683827673933 11.6126127243042 75100
11.603146723089104 11.641003608703613 11.593682276040639 11.641003608703613 9800
11.565288551522377 11.62207342234052 11.508502778124987 11.517967224121094 33800
11.462130170102725 11.527433594768144 11.442255371740101 11.470647811889648 56600
11.60314673618268 11.60314673618268 11.480111632151846 11.593682289123535 68000
11.47064692964047 11.69778823852539 11.47064692964047 11.69778823852539 69700
11.697790217055095 11.707254665504255 11.641005331519102 11.650469779968262 34300
11.67886167160131 11.67886167160131 11.536897659301758 11.536897659301758 43600
11.622075204098849 11.811359640143577 11.622075204098849 11.801896095275879 28900
11.839753150939941 11.857735240313493 11.811359808194714 11.839753150939941 69500
11.858680959711613 11.868145407146654 11.820824072550835 11.849217414855957 46700
11.868146292592025 11.906003182577189 11.820824954465706 11.896538734436035 89100
11.934395624421198 11.943860072562353 11.877610740733179 11.896538734436035 62400
11.84921681464215 11.877609252929688 11.846377300039594 11.877609252929688 22100
11.86814592560502 11.92493171011656 11.858681477756525 11.915467262268066 39700
11.872878149529267 11.92493171011656 11.86814592560502 11.915467262268066 34600
11.901270339879707 11.972251892089844 11.901270339879707 11.972251892089844 14500
11.830288952806196 12.010108947753906 11.830288952806196 12.010108947753906 31100
11.991180236623407 12.00064468383789 11.953323350344839 12.00064468383789 19300
12.008216842737255 12.008216842737255 11.9580568916162 11.981717109680176 15200
11.981714664572165 11.99117911089813 11.962786674499512 11.962786674499512 25600
11.981715529854808 12.104750633239746 11.953323091405775 12.104750633239746 27400
12.085824362014174 12.114216804504395 12.07635991365761 12.114216804504395 29500
12.082038572574216 12.133145332336426 12.082038572574216 12.133145332336426 36300
11.584220542370932 12.09528906916437 11.584220542370932 12.057432174682617 40800
12.085822903609511 12.090554224637387 11.972251342194442 12.00064468383789 149500
12.076357853040422 12.076357853040422 11.991179637524445 12.029036521911621 31400
12.05743103655236 12.118949048390599 12.032824012332961 12.066895484924316 78000
12.04796622042411 12.10475200634302 12.04796622042411 12.085824012756348 105800
12.085822838397315 12.085822838397315 12.01010816366935 12.047965049743652 222900
12.085824362014174 12.114216804504395 12.05743101694448 12.114216804504395 24300
12.095286173402636 12.170999944239323 12.076358181983137 12.152071952819824 59000
12.118947906246552 12.133143674887139 12.06689434768603 12.076358795166016 32900
12.057430284081015 12.084876821615033 11.991180954770714 12.010108947753906 74500
12.051752909076871 12.076359933296272 12.037556236518938 12.066895484924316 40100
12.01010816366935 12.095286382981369 12.01010816366935 12.047965049743652 16900
12.123680998694343 12.171001434326172 12.123680998694343 12.171001434326172 30400
12.032132311340646 12.070178544382362 11.956039845257218 12.041644096374512 21300
12.022620577173052 12.108223915100098 12.003597008460144 12.108223915100098 37200
12.022620298744846 12.108223634689429 12.022620298744846 12.089200973510742 18400
12.032131078076116 12.089200875336045 12.008352525022444 12.02262020111084 70300
12.11773610716496 12.132003784179688 12.11773610716496 12.132003784179688 28900
12.060668107307924 12.070178985595703 11.994086516730789 12.070178985595703 206100
12.11773593100572 12.212851962200407 12.003597237828314 12.060667037963867 43700
12.098713526127966 12.165294205122906 12.079689956647286 12.136759757995605 51900
12.062570768262177 12.117737492925862 12.060668592528094 12.098714828491211 21500
12.09871453679397 12.279433926488226 12.09871453679397 12.260411262512207 42100
12.269922494189553 12.346014966471827 12.222365379333496 12.222365379333496 30000
12.260411262512207 12.288945712023132 12.222365027466374 12.260411262512207 16200
12.269920770717896 12.355525016784668 12.269920770717896 12.355525016784668 30300
12.317479042052474 12.441129521486829 12.317479042052474 12.431617736816406 37200
12.393571389114964 12.46966385157802 12.393571389114964 12.422106742858887 42300
12.488687515258789 12.488687515258789 12.44112949908602 12.488687515258789 30800
12.479175472234202 12.507709918509597 12.346013211126207 12.41259479522705 78200
12.3555244088567 12.38405976087073 12.279431951006583 12.31747817993164 54200
12.355525758419535 12.488688027749042 12.355525758419535 12.460153579711914 100800
12.54480777447717 12.555270195007324 12.498201292177948 12.555270195007324 301700
12.460155054593743 12.612340004930557 12.460155054593743 12.555270195007324 258500
12.441130617574935 12.57429289341157 12.441130617574935 12.560025215148926 102900
12.599218168531346 12.637455515606469 12.570539474487305 12.570539474487305 33500
12.59921963149448 12.675694334524612 12.59921963149448 12.656575202941895 64500
12.484506853558704 12.560981552157658 12.484506853558704 12.532302856445312 97400
12.58965807681669 12.637454986572266 12.52274295014902 12.637454986572266 123500
12.647015103572857 12.733049368764563 12.570540403769192 12.723490715026855 40600
12.685254096984863 12.713931883153183 12.651795616196374 12.685254096984863 39000
12.656574537537981 12.752168367125105 12.627896753321973 12.704371452331543 68300
12.666133880615234 12.666133880615234 12.589659182947319 12.666133880615234 25000
12.599219123617372 12.733049392700195 12.599219123617372 12.733049392700195 62900
12.733050103381936 12.733050103381936 12.666134965105726 12.685254096984863 33700
12.704371096395315 12.704371096395315 12.570539921052932 12.647014617919922 81700
12.599217641097852 12.637454986572266 12.57053894825437 12.637454986572266 14600
12.589657446755622 12.694809913635254 12.589657446755622 12.694809913635254 54000
12.618337188033196 12.704371452331543 12.618337188033196 12.704371452331543 79000
12.704368821438523 12.742606163024902 12.675691043161274 12.742606163024902 15200
12.733048347597387 12.75216747684015 12.694811000762119 12.713930130004883 94800
12.55811422791193 12.656575202941895 12.55811422791193 12.656575202941895 36400
12.675692036733903 12.685251600792348 12.560980002983168 12.5896577835083 116100
12.541861891181986 12.608777021713088 12.541861891181986 12.599218368530273 252100
12.681840827417965 12.681840827417965 12.55694379842493 12.633803367614746 60800
12.576159544909498 12.643411441009002 12.576159544909498 12.624197006225586 42200
12.643411735571458 12.643411735571458 12.56655216217041 12.56655216217041 68400
12.556945862075093 12.633805443896268 12.556945862075093 12.60498332977295 41400
12.556945669725707 12.604022918766791 12.556945669725707 12.585768699645996 13700
12.5857685938305 12.662628173828125 12.556945564152539 12.662628173828125 41400
12.681842275226781 12.720272064208984 12.624198049872698 12.720272064208984 80300
12.739487778880152 12.739487778880152 12.691450312227547 12.710664749145508 29500
12.797129816679197 12.797129816679197 12.643410682678223 12.643410682678223 63200
12.604983030710672 12.662628173828125 12.604983030710672 12.662628173828125 54400
12.662627153850813 12.720271376086545 12.556944552687984 12.61458969116211 72100
12.5857667478815 12.5857667478815 12.374402475769504 12.412832260131836 32800
12.44165481373046 12.518514385200369 12.326365456525599 12.47528076171875 24200
12.54733743461519 12.624197006225586 12.537729759104298 12.624197006225586 50100
12.537731232683987 12.585768699645996 12.470478412441782 12.585768699645996 21000
12.547336325181355 12.6530179977417 12.48969119345135 12.6530179977417 43000
12.54733808733466 12.585767875138997 12.499300623519636 12.556944847106934 88200
12.499301442362073 12.588650269647246 12.489693765721976 12.585768699645996 295100
12.629002222108971 12.672234934148978 12.58672881174335 12.662628173828125 43000
12.662626920380394 12.691449030966844 12.528122210579664 12.59537410736084 44000
12.649448818201847 12.667795398056857 12.581855719374486 12.610824584960938 26400
12.533576390810344 12.63013744354248 12.504608443340482 12.63013744354248 76400
12.649448818201847 12.668760474385124 12.601168296432121 12.610824584960938 73100
12.610823212065048 12.649447441101074 12.581854349632335 12.649447441101074 40000
12.726696349770142 12.736351716715308 12.678415831547142 12.717040061950684 48900
12.726697744955125 12.78463363647461 12.69772887832099 12.78463363647461 87600
13.470214491951124 13.470214491951124 12.707385167199035 12.78463363647461 75400
12.813601829752443 12.813601829752443 12.746008732032546 12.803945541381836 25900
13.41227845004588 13.41227845004588 12.774977204356574 12.842570304870605 213900
12.88119434479669 12.88119434479669 12.717041121683888 12.794289588928223 104200
12.777874275162382 12.842570304870605 12.765321836461183 12.842570304870605 64600
12.890850721919808 13.180532015637612 12.755665442876957 12.765321731567383 51500
12.803947357744454 12.841605598507918 12.79429106800401 12.832915306091309 37000
12.871539544178606 12.871539544178606 12.803947357744454 12.832915306091309 77900
12.856087982143475 12.890850067138672 12.813601603287784 12.890850067138672 88900
12.842569180122101 12.900505065917969 12.803944949300089 12.900505065917969 70800
12.919818064670128 12.919818064670128 12.861881256103516 12.861881256103516 73500
12.914990029477078 12.939129829406738 12.852225997135356 12.939129829406738 72900
12.892780719690734 12.929473876953125 12.87153707051927 12.929473876953125 51000
12.926563489885039 12.926563489885039 12.848926544189453 12.848926544189453 32100
12.839219859318233 12.916857719421387 12.839219859318233 12.916857719421387 42100
12.926563262939453 12.936268112357366 12.878040866860644 12.926563262939453 45700
12.994494762919173 12.994494762919173 12.839219966916852 12.878039360046387 90900
12.96538155241683 12.96538155241683 12.829517364501953 12.829517364501953 100700
12.83922146918899 12.926563262939453 12.83922146918899 12.926563262939453 16900
12.868334919469605 12.94597185717789 12.868334919469605 12.897448539733887 34600
13.101246913111583 13.101246913111583 12.945973023703713 12.99449634552002 30400
12.965381735105728 12.965381735105728 12.887744790773178 12.926563262939453 75500
12.94112071182157 12.95567798614502 12.868336191215104 12.95567798614502 66300
12.96538010941612 12.96538010941612 12.858629555720338 12.916857719421387 91500
13.08183673974795 13.08183673974795 12.907154083251953 12.907154083251953 88300
13.01390346752084 13.01390346752084 12.955676229134433 12.984789848327637 66500
12.994496170314916 12.994496170314916 12.920740796189008 12.965381622314453 88600
13.023610489590647 13.023610489590647 12.926563842074392 12.97508716583252 65600
12.926561833765023 13.013903617858887 12.926561833765023 13.013903617858887 68600
13.072133290223952 13.072133290223952 12.916859400816085 12.99449634552002 43100
13.072131932759776 13.072131932759776 12.965380450748343 13.043017387390137 175000
12.95567798614502 13.018757657202519 12.936268287047087 12.95567798614502 63400
12.96538015186199 12.99449469656046 12.96538015186199 12.984789848327637 71900
13.110951717051357 13.110951717051357 12.955677828182639 12.960529327392578 91100
12.97508584256748 13.033314010239913 12.965380993704521 13.023609161376953 64400
12.98479083910555 13.052722930908203 12.98479083910555 13.052722930908203 55000
13.052722782460506 13.052722782460506 12.9944955402934 13.023609161376953 54100
12.979938784070905 13.004199981689453 12.936267887953228 13.004199981689453 59400
12.97201379855235 13.011027336120605 12.95250656469017 13.011027336120605 98200
13.020780236164912 13.020780236164912 12.981766700744629 12.981766700744629 70900
12.933000410617344 13.043213678776723 12.933000410617344 13.030533790588379 373900
13.03053292240294 13.03053292240294 12.981766700744629 12.981766700744629 59400
12.992496225448074 13.068572765509888 12.992496225448074 13.001274108886719 160100
13.137821977515559 13.137821977515559 13.059794899933562 13.118314743041992 89300
13.12806907304148 13.147575378417969 13.079301914365983 13.147575378417969 75600
13.157328996184306 13.157328996184306 13.069548296599645 13.147575378417969 174300
13.118314743041992 13.137821977515559 13.089054821487778 13.118314743041992 499300
13.235355052473636 13.235355052473636 13.098808134949872 13.196341514587402 76700
13.167082613950644 13.167082613950644 13.089055532132319 13.147575378417969 210600
13.137821977515559 13.186589133543341 13.09880843872456 13.118314743041992 96300
13.128068055825521 13.196341514587402 13.108560821804346 13.196341514587402 55000
13.196341514587402 13.196341514587402 13.137821672836107 13.196341514587402 175100
13.13782128507449 13.22560197526671 13.13782128507449 13.206094741821289 67100
13.167082396188917 13.186589631398974 13.118315238319946 13.176836013793945 98600
13.303629048736216 13.303629048736216 13.13782128507449 13.206094741821289 63800
13.13782128507449 13.215848358544 13.13782128507449 13.206094741821289 85800
13.218837818684278 13.232560414102503 13.154145316060728 13.222758293151855 83300
13.134541164347702 13.20315507669167 13.134541164347702 13.183550834655762 86200
13.134540557861328 13.206094355381325 13.134540557861328 13.134540557861328 107500
13.124739723050922 13.193352699279785 13.114937602223458 13.193352699279785 139300
13.188452335560218 13.203155517578125 13.144343724288237 13.203155517578125 37800
13.261967238932762 13.261967238932762 13.154146701465011 13.242363929748535 47200
13.193353560363095 13.242363232917409 13.183551438895881 13.232561111450195 115700
13.105137026331741 13.261967238932762 13.105137026331741 13.242363929748535 54100
13.18355213263225 13.25216605173155 13.18355213263225 13.242363929748535 56800
13.212956868515768 13.232561111450195 13.154146009275994 13.232561111450195 168300
13.1149379476844 13.242362717452853 13.1149379476844 13.144343376159668 109500
13.095334215254466 13.242363232917409 13.095334215254466 13.232561111450195 67400
13.3109769821167 13.3109769821167 13.16394889074703 13.3109769821167 254300
13.154144718669638 13.291371601401483 13.154144718669638 13.281569480895996 64800
13.134541167217929 13.291372299194336 13.134541167217929 13.291372299194336 61100
13.40899633288435 13.40899633288435 13.261967306732872 13.3109769821167 103300
13.271767782474058 13.310975330961268 13.24236235480407 13.301173210144043 85900
13.281571550799127 13.3109769821167 13.224719990832439 13.3109769821167 387900
13.35998518576871 13.388410962620679 13.252164659627216 13.33057975769043 79200
13.279353219423694 13.299055975522593 13.239948646705013 13.289204597473145 45100
13.249799371327608 13.328608512878418 13.249799371327608 13.328608512878418 69500
13.289204675054659 13.318758809375545 13.27245752016865 13.299056053161621 60800
13.306938374646192 13.308908462524414 13.215322242214896 13.308908462524414 54200
13.266547179542705 13.308907353572044 13.249800024754464 13.289204597473145 73000
13.26950270327193 13.328609092264818 13.23206821848618 13.279353141784668 62300
13.308907586316844 13.318758964538574 13.259651634687332 13.318758964538574 58000
13.210395683057818 13.327624829146476 13.210395683057818 13.318758964538574 63800
13.308908462524414 13.318759841394721 13.24980112878177 13.308908462524414 77100
13.210395156556245 13.289204300230866 13.210395156556245 13.249799728393555 84300
13.17099080231163 13.279353141784668 13.17099080231163 13.279353141784668 42900
13.348311848248525 13.348311848248525 13.222216840494328 13.279353141784668 71700
13.318759314746355 13.318759314746355 13.200544651935495 13.239949226379395 117600
13.225172300956816 13.284278689320299 13.1906934178316 13.259651184082031 75900
13.210395311581365 13.279353078236108 13.210395311581365 13.269502639770508 100400
13.131586383259775 13.308907431268583 13.131586383259775 13.299056053161621 192800
13.26950270327193 13.289204519776522 13.22024675279178 13.279353141784668 77700
14.476268492048904 14.476268492048904 13.23009828537114 13.299056053161621 71500
13.200544073986334 13.289204597473145 13.200544073986334 13.289204597473145 127600
13.565037322223706 13.565037322223706 13.220246612013343 13.259651184082031 113400
13.279352545060696 13.279352545060696 13.200543403625488 13.200543403625488 73900
13.170990584718934 13.259651106222657 13.170990584718934 13.249799728393555 91000
13.200543933636656 13.269502639770508 13.180842117226348 13.269502639770508 43700
13.220246534385348 13.259651106222657 13.214335331896246 13.249799728393555 106300
13.279353219423694 13.299055975522593 13.249800024754464 13.289204597473145 75100
13.286234855651855 13.286234855651855 13.216932889931199 13.286234855651855 72700
13.256533652648068 13.28623435910857 13.226832002019131 13.276333808898926 19800
13.335736235410065 13.335736235410065 13.256533721657465 13.315935134887695 60100
13.316925636493854 13.355536460876465 13.266433396401588 13.355536460876465 85000
13.246633239945195 13.355536460876465 13.246633239945195 13.355536460876465 75700
13.315935660011467 13.355536918449472 13.306035109359847 13.345636367797852 70700
13.335736343510696 13.375337600708008 13.319896029465461 13.375337600708008 44300
13.325836113802012 13.355536821372512 13.286234855651855 13.286234855651855 80900
13.226832139320358 13.365437011188883 13.226832139320358 13.355536460876465 70400
13.301085292871392 13.345635880841163 13.289204821356638 13.335736274719238 51500
13.345636367797852 13.345636367797852 13.306035109359847 13.345636367797852 24800
13.33771672105973 13.375338058309556 13.30603514771691 13.365437507629395 85700
13.318905596763939 13.375337600708008 13.315935242827816 13.375337600708008 56900
13.306035109359847 13.365437469101092 13.306035109359847 13.345636367797852 65200
13.375338019752713 13.385238570404335 13.345636367797852 13.345636367797852 65200
13.325836143011799 13.36048712594808 13.306035041809082 13.306035041809082 93300
13.315935698397071 13.365437507629395 13.315935698397071 13.365437507629395 61200
13.306034653482817 13.355536460876465 13.296135047338844 13.355536460876465 53000
13.32583568514888 13.38523804254755 13.296134978533765 13.315935134887695 83100
13.267180081160033 13.312950043466133 13.253250298913665 13.293049812316895 112300
13.23832650918723 13.293050248854241 13.23832650918723 13.283101081848145 65400
13.233351016659674 13.293049812316895 13.233351016659674 13.293049812316895 71500
13.283100559540888 13.293049726155772 12.964703505483547 13.273150444030762 102500
13.27812532408529 13.27812532408529 13.193551241171553 13.23335075378418 88600
13.283100736245123 13.312950134277344 13.23335110692792 13.312950134277344 58600
13.253250035642878 13.342799176245098 13.223400638407215 13.23335075378418 64400
13.283100905784258 13.293050072658481 13.183601645879886 13.243301391601562 93300
13.27315069925311 13.27315069925311 13.153752157521472 13.223401069641113 135400
13.198526298860035 13.23335075378418 13.163700895040659 13.23335075378418 221300
13.153752587130064 13.223401501524476 13.153752587130064 13.213451385498047 108300
13.273151051133855 13.303000450134277 13.213451304237722 13.303000450134277 80900
13.253250122070312 13.312949865826184 13.236336064493448 13.253250122070312 139600
13.35274930209131 13.35274930209131 13.288074500985562 13.342799186706543 76200
13.307974731755094 13.37264858396561 13.28310039218841 13.342799186706543 140700
13.382599303206753 13.382599303206753 13.263200759887695 13.263200759887695 123300
13.372649278274693 13.372649278274693 13.203502052427691 13.283101081848145 182300
13.234345549155016 13.312950134277344 13.234345549155016 13.312950134277344 131800
13.342800055264384 13.342800055264384 13.293050423997302 13.322900772094727 170000
13.303000450134277 13.332849849134702 13.253250819203382 13.303000450134277 129300
13.329999923706055 13.329999923706055 13.1899995803833 13.229999542236328 89600
13.21399974822998 13.232999801635742 13.15999984741211 13.1899995803833 73400
