7280.0 12600.0 7280.0 9800.0 3
9800.0 10080.0 8843.7998046875 8843.7998046875 44
8400.0 8820.0 8400.0 8470.0 46
7700.0 7700.0 7000.0 7350.0 5
8162.0 8162.0 7350.0 7714.0 10
7728.0 7728.0 6314.0 6314.0 85
5768.0 6776.0 5040.0 6272.0 417
5012.0 6440.0 4998.0 6384.0 106
6664.0 11774.0 6447.0 9604.0 495
9954.0 10808.0 7280.0 7840.0 477
7756.0 7980.0 7280.0 7518.0 102
7644.0 7938.0 7154.0 7560.0 183
7490.0 8113.0 7112.0 7910.0 72
8162.0 8624.0 7700.0 8092.0 170
8190.0 9548.0 8029.0 8862.0 201
8974.0 9534.0 8750.0 9338.0 188
9450.0 9450.0 8540.0 8750.0 89
8750.0 9170.0 8569.400390625 8946.0 217
8946.0 8954.400390625 8442.0 8610.0 123
8624.0 8904.0 8414.0 8820.0 51
8890.0 8890.0 8260.0 8470.0 115
8470.0 8946.0 8400.0 8610.0 69
8582.0 9156.0 8204.0 8260.0 119
8218.0 8260.0 7462.0 7644.0 171
7700.0 8288.0 7445.2001953125 7840.0 72
7854.0 8202.599609375 7714.0 8008.0 122
7882.0 10148.599609375 7882.0 9688.0 169
9800.0 9906.400390625 8932.0 9380.0 33
9324.0 10311.0 9002.0 10080.0 95
10192.0 11592.0 10080.0 10136.0 152
10150.0 10668.0 9464.0 9772.0 56
9744.0 10108.0 9660.0 9688.0 44
9730.0 9730.0 8904.0 9142.0 94
9100.0 10010.0 8680.0 9870.0 84
9898.0 9996.0 8890.0 9520.0 159
9520.0 9730.0 8904.0 9674.0 27
9520.0 10150.0 9520.0 9814.0 50
9786.0 9954.0 9422.0 9772.0 59
9968.0 10500.0 9800.0 10136.0 188
10234.0 11130.0 10150.0 10948.0 172
11130.0 11130.0 10220.0 10262.0 51
10736.599609375 10736.599609375 9338.0 9660.0 89
9800.0 10652.599609375 9800.0 10458.0 50
10486.0 10934.0 10094.0 10332.0 48
10332.0 11130.0 9800.0 9856.0 82
11116.0 12600.0 10767.400390625 11942.0 554
12824.0 13440.0 11816.0 11844.0 326
12054.0 12684.0 10500.0 11627.0 89
11480.0 12768.0 11214.0 11914.0 102
12334.0 12706.400390625 12040.0 12166.0 95
12712.0 12972.400390625 11718.0 12152.0 97
12152.0 12432.0 11709.599609375 12026.0 97
12026.0 12180.0 11425.400390625 11718.0 92
12124.0 12264.0 11424.0 11844.0 93
11914.0 12262.599609375 11690.0 11886.0 76
11900.0 13440.0 11508.0 12922.0 151
13146.0 13252.400390625 12614.0 12740.0 100
12880.0 13160.0 12474.0 12600.0 87
12614.0 12933.2001953125 11330.2001953125 11718.0 138
11662.0 11830.0 10710.0 11438.0 164
11298.0 11956.0 11298.0 11620.0 87
11564.0 12434.7998046875 11564.0 11970.0 99
11914.0 12156.2001953125 11480.0 11522.0 114
11886.0 12282.2001953125 11494.0 11732.0 198
12180.0 12558.0 10976.0 10976.0 402
11676.0 11830.0 10444.0 11198.599609375 860
13790.0 14196.0 12124.0 12824.0 5645
12180.0 13440.0 11914.0 12530.0 1028
12852.0 12950.0 11158.0 11200.0 700
11438.0 11438.0 9702.0 10164.0 605
9884.0 9940.0 8561.0 9408.0 422
8792.0 10332.0 8680.0 9772.0 501
9940.0 10332.0 9450.0 9786.0 342
9800.0 9912.0 8848.0 9100.0 276
9240.0 11088.0 9184.0 10654.0 520
10640.0 10836.0 9716.0 10010.0 169
9506.0 9753.7998046875 8946.0 9016.0 396
8344.0 8372.0 7623.0 7770.0 239
8204.0 8650.599609375 6993.0 7798.0 288
7546.0 7791.0 6874.0 6916.0 192
6174.0 6846.0 5919.2001953125 6216.0 302
6790.0 6888.0 5614.0 5894.0 213
5600.0 6370.0 5152.0 5796.0 145
5838.0 7420.0 5838.0 7028.0 204
6678.0 6986.0 5670.0 5908.0 127
5908.0 7602.0 5908.0 6496.0 129
6650.0 6790.0 5712.0 5950.0 163
6006.0 6272.0 5600.0 6118.0 113
4186.0 4186.0 3024.0 3178.0 3083
3290.0 3416.0 3080.0 3276.0 903
3290.0 3696.0 3122.0 3640.0 1527
3640.0 3906.0 3430.0 3710.0 765
3850.0 3892.0 3416.0 3500.0 677
3444.0 3598.0 3206.0 3472.0 749
3458.0 3500.0 3192.0 3206.0 454
3178.0 3416.0 3038.0 3080.0 528
3108.0 3360.0 3052.0 3080.0 516
3262.0 3528.0 3150.0 3332.0 693
3514.0 3612.0 3332.0 3346.0 515
3374.0 3542.0 3220.0 3360.0 513
3514.0 3528.0 3360.0 3367.0 299
3402.0 3500.0 3080.0 3290.0 293
3430.0 3444.0 3234.0 3290.0 313
3206.0 3388.0 3150.0 3346.0 294
3360.0 3388.0 3164.0 3290.0 325
3346.0 3430.0 3241.0 3276.0 221
3276.0 3458.0 3262.0 3346.0 417
3346.0 3500.0 3290.0 3458.0 378
3556.0 4004.0 3472.0 3710.0 1028
3780.0 4046.0 3640.0 3892.0 1096
3976.0 4242.0 3822.0 4046.0 1119
4158.0 4424.0 3990.0 4382.0 1504
4452.0 4872.0 4382.0 4774.0 1279
4956.0 4956.0 4270.0 4557.0 1071
4438.0 4592.0 4228.0 4305.0 488
4242.0 4536.0 4074.0 4382.0 603
4354.0 4578.0 4270.0 4480.0 663
4550.0 4760.0 4354.0 4466.0 685
4438.0 4480.0 4074.0 4270.0 444
4284.0 4326.0 4088.0 4172.0 403
4088.0 4354.0 4060.0 4242.0 429
4284.0 4335.7998046875 4088.0 4270.0 528
4340.0 5432.0 4326.0 4900.0 1380
4900.0 5460.0 4900.0 5082.0 1029
5166.0 5178.60009765625 4760.0 4844.0 553
5138.0 6930.0 4914.0 6076.0 3564
6300.0 6440.0 5404.0 5880.0 1799
5726.0 5894.0 5600.0 5614.0 360
5628.0 5964.0 5628.0 5684.0 527
5740.0 5782.0 5418.0 5572.0 356
5600.0 5726.0 5390.0 5642.0 325
6090.0 6300.0 5880.0 6104.0 747
6342.0 6622.0 6020.0 6328.0 635
6328.0 6580.0 6118.0 6146.0 431
6118.0 6176.7998046875 5740.0 5950.0 450
5950.0 6118.0 5698.0 5740.0 365
5810.0 5810.0 5292.0 5516.0 514
5586.0 5810.0 5516.0 5628.0 371
5572.0 5572.0 5068.0 5208.0 1009
5572.0 5600.0 5180.0 5530.0 394
5796.0 6356.0 5754.0 5992.0 1153
5894.0 6160.0 5754.0 5824.0 406
5894.0 5922.0 5488.0 5670.0 461
5418.0 5586.0 4998.0 5110.0 697
5278.0 5362.0 4928.0 4984.0 582
5250.0 5698.0 5040.0 5530.0 636
5824.0 5852.0 5460.0 5474.0 381
5558.0 5768.0 5418.0 5446.0 470
5376.0 5712.0 5348.0 5670.0 366
5754.0 5866.0 5306.0 5306.0 468
5642.0 5656.0 5250.0 5292.0 406
5320.0 5502.0 5180.0 5306.0 397
5334.0 5460.0 4914.0 5348.0 507
5558.0 6066.2001953125 5362.0 6006.0 989
6020.0 6552.0 5768.0 6272.0 2079
6622.0 6622.0 5908.0 6104.0 734
6118.0 6188.0 5418.0 5810.0 563
5810.0 5838.0 5600.0 5712.0 283
5866.0 5866.0 5530.0 5600.0 280
5600.0 5600.0 4984.0 5166.0 776
5166.0 5460.0 5166.0 5236.0 232
5180.0 5418.0 5054.0 5110.0 313
5110.0 5166.0 4802.0 4942.0 424
4914.0 5012.0 4760.0 4942.0 324
4956.0 5124.0 4900.0 4970.0 189
4984.0 5124.0 4648.0 4718.0 393
4760.0 4942.0 4522.0 4662.0 337
4578.0 4816.0 4578.0 4774.0 189
4718.0 4925.2001953125 4704.0 4830.0 206
5166.0 5166.0 4830.0 4956.0 394
4844.0 5110.0 4788.0 4788.0 246
4802.0 4900.0 4620.0 4830.0 235
4830.0 4886.0 4648.0 4704.0 214
4620.0 4788.0 4578.0 4620.0 370
4522.0 4662.0 4508.0 4522.0 298
4522.0 4620.0 4494.0 4578.0 170
4564.0 4606.0 4368.0 4410.0 277
4368.0 4578.0 4326.0 4578.0 242
4718.0 5012.0 4487.0 4928.0 419
4872.0 5250.0 4848.2001953125 5068.0 455
5096.0 5180.0 4914.0 5054.0 122
5054.0 5138.0 4830.0 4914.0 126
4914.0 5390.0 4858.0 4872.0 195
4914.0 5054.0 4746.0 4816.0 178
4634.0 4662.0 3752.0 3864.0 1497
3934.0 4130.0 3724.0 3878.0 423
3696.0 3850.0 3430.0 3458.0 567
3500.0 3696.0 3500.0 3598.0 261
3668.0 3798.199951171875 3612.0 3682.0 163
3822.0 3864.0 3514.0 3822.0 198
3850.0 4018.0 3850.0 3976.0 194
3990.0 4158.0 3934.0 4074.0 248
4060.0 4270.0 4018.0 4242.0 219
4158.0 4368.0 4060.0 4130.0 264
4088.0 4172.0 3710.0 3948.0 277
3962.0 4088.0 3878.0 4067.0 630
4186.0 4326.0 3878.0 4200.0 576
4158.0 4158.0 3892.0 4018.0 150
3962.0 3990.0 3752.0 3892.0 159
3794.0 4018.0 3766.0 3920.0 156
3920.0 4256.0 3794.0 4256.0 428
4424.0 5516.0 4368.0 5390.0 2672
5026.0 5320.0 4634.0 4984.0 624
4886.0 5180.0 4284.0 4634.0 517
4536.0 4634.0 4291.0 4312.0 265
4354.0 4480.0 4270.0 4466.0 181
4494.0 4746.0 4284.0 4564.0 207
4620.0 4634.0 4256.0 4424.0 197
4536.0 4634.0 4466.0 4592.0 120
4690.0 5026.0 4606.0 4788.0 303
4928.0 4998.0 4760.0 4760.0 184
4690.0 4900.0 4620.0 4760.0 93
4774.0 4984.0 4774.0 4830.0 145
4774.0 4781.0 4424.0 4522.0 161
4704.0 4760.0 4452.0 4690.0 126
4648.0 4648.0 4270.0 4410.0 269
4396.0 4480.0 4186.0 4270.0 156
4228.0 4368.0 4130.0 4214.0 114
4242.0 4326.0 3920.0 4144.0 180
4060.0 4123.0 3850.0 3920.0 254
3906.0 4074.0 3878.0 3878.0 192
3990.0 4013.800048828125 3752.0 3808.0 209
3752.0 4018.0 3668.0 4018.0 179
4004.0 4004.0 3794.0 3850.0 155
3962.0 3976.0 3808.0 3850.0 172
3836.0 3976.0 3822.0 3948.0 103
3976.0 4088.0 3924.199951171875 4060.0 104
4060.0 4079.60009765625 3976.0 4004.0 87
3990.0 4060.0 3864.0 4004.0 133
3962.0 3990.0 3808.0 3906.0 140
3864.0 3934.0 3752.0 3780.0 120
3808.0 3886.39990234375 3668.0 3766.0 103
3892.0 3892.0 3696.0 3766.0 133
3766.0 3864.0 3640.0 3696.0 128
2450.0 2506.0 2198.0 2212.0 5405
2198.0 2198.0 1904.0 1988.0 2998
1974.0 2170.0 1904.0 2114.0 1201
2156.0 2156.0 1960.0 2044.0 817
2002.0 2016.0 1778.0 1806.0 1697
1834.0 1834.0 1666.0 1694.0 1143
1610.0 1610.0 1463.0 1484.0 1896
1498.0 1757.0 1428.0 1582.0 2634
1582.0 1596.0 1428.0 1526.0 845
1526.0 1610.0 1442.0 1610.0 492
1610.0 1652.0 1554.0 1624.0 511
1540.0 1680.0 1540.0 1610.0 307
1624.0 1666.0 1582.0 1624.0 525
1638.0 1680.0 1554.0 1666.0 445
1722.0 1722.0 1442.0 1540.0 1970
1568.0 1608.5999755859375 1358.0 1397.199951171875 1670
1442.0 1442.0 1400.0 1442.0 662
1442.0 1526.0 1400.0 1484.0 575
1512.0 1582.0 1456.0 1540.0 620
1596.0 1663.199951171875 1554.0 1582.0 561
1596.0 1680.0 1583.4000244140625 1652.0 572
1666.0 1680.0 1512.0 1540.0 898
1582.0 1582.0 1428.0 1470.0 1592
1512.0 1512.0 1442.0 1484.0 859
1484.0 1540.0 1456.0 1470.0 1499
1456.0 1540.0 1428.0 1526.0 1909
1568.0 1568.0 1526.0 1568.0 1438
1568.0 1624.0 1568.0 1610.0 808
1666.0 1666.0 1540.0 1610.0 1397
1680.0 1736.0 1582.0 1624.0 1438
1582.0 1610.0 1540.0 1568.0 878
1596.0 1792.0 1554.0 1736.0 4155
1778.0 1792.0 1610.0 1638.0 2586
1666.0 1680.0 1568.0 1596.0 1806
1610.0 1610.0 1484.0 1582.0 7530
1610.0 1708.0 1540.0 1596.0 4466
1540.0 1568.0 1498.0 1554.0 1892
1540.0 1596.0 1526.0 1582.0 1714
1582.0 1610.0 1505.0 1526.0 2045
1526.0 1568.0 1456.0 1470.0 2753
1498.0 1512.0 1428.0 1456.0 2189
1386.0 1428.0 1372.0 1391.5999755859375 3271
1386.0 1414.0 1365.0 1365.0 1853
1386.0 1400.0 1358.0 1363.5999755859375 1393
1386.0 1400.0 1358.0 1398.5999755859375 1878
1414.0 1526.0 1400.0 1498.0 3190
1498.0 1498.0 1442.0 1470.0 1054
1519.0 1554.0 1414.0 1442.0 1758
1435.0 1442.0 1379.0 1428.0 1908
1400.0 1428.0 1387.4000244140625 1414.0 2312
1456.0 1456.0 1388.800048828125 1414.0 2118
1414.0 1414.0 1379.0 1414.0 1791
1428.0 1428.0 1388.800048828125 1400.0 6233
1470.0 1638.0 1428.0 1554.0 8619
1666.0 1666.0 1526.0 1596.0 4472
1652.0 1652.0 1568.0 1638.0 3669
1722.0 1890.0 1708.0 1820.0 10366
1974.0 2016.0 1820.0 1904.0 6662
1918.0 1932.0 1695.4000244140625 1848.0 3787
1806.0 1890.0 1778.0 1862.0 2418
1834.0 1918.0 1792.0 1820.0 2370
1848.0 2128.0 1834.0 2072.0 7173
2171.39990234375 2478.0 2030.0 2380.0 6622
2408.0 2590.0 2044.0 2198.0 7756
2114.0 2142.0 1946.0 2044.0 5811
2100.0 2198.0 2002.0 2058.0 4647
2156.0 2184.0 2072.0 2114.0 4045
1961.4000244140625 2044.0 1694.0 1890.0 6780
1904.0 2002.0 1750.0 1904.0 4801
1918.0 1918.0 1792.0 1862.0 2784
1890.0 1890.0 1764.0 1848.0 2476
1820.0 2072.0 1806.0 1988.0 4233
2030.0 2268.0 2002.0 2114.0 5714
2212.0 2282.0 2100.0 2184.0 3316
2240.0 2282.0 2184.0 2240.0 3258
2478.0 2954.0 2310.0 2380.0 23912
2814.0 2968.0 2604.0 2716.0 15540
2800.0 2884.0 2436.0 2730.0 10467
2800.0 2800.0 2506.0 2604.0 4456
2534.0 2884.0 2450.0 2674.0 6793
2632.0 2744.0 2450.0 2478.0 8173
2506.0 2534.0 2254.0 2352.0 6358
2296.0 2331.0 2142.0 2226.0 3933
2268.0 2408.0 2259.60009765625 2352.0 2723
2345.0 2408.0 2114.0 2170.0 3805
2072.0 2086.0 1778.0 2016.0 4716
2058.0 2198.0 2030.0 2100.0 2748
2072.0 2114.0 1904.0 1960.0 3393
1904.0 2002.0 1806.0 1890.0 2586
1960.0 2030.0 1918.0 2002.0 1928
1974.0 2058.0 1890.0 1890.0 2368
1974.0 1974.0 1792.0 1820.0 2048
1792.0 1792.0 1610.0 1673.0 3844
1638.0 1708.0 1470.0 1708.0 2486
1694.0 1820.0 1638.0 1694.0 1622
1750.0 1820.0 1680.0 1792.0 1588
1820.0 1932.0 1764.0 1834.0 2658
1890.0 1932.0 1845.199951171875 1918.0 1221
1876.0 1960.0 1820.0 1960.0 961
1974.0 2030.0 1911.0 1960.0 1503
1988.0 2100.0 1918.0 1960.0 2436
2016.0 2128.0 1974.0 2114.0 3518
2044.0 2212.0 1890.0 2030.0 3205
2016.0 2212.0 1960.0 2198.0 3218
2156.0 2170.0 2044.0 2156.0 2207
2128.0 2128.0 1932.0 2002.0 2098
1974.0 2023.0 1890.0 1890.0 1231
1848.0 1960.0 1764.0 1862.0 1177
1876.0 1890.0 1820.0 1876.0 672
1834.0 1876.0 1694.0 1722.0 1095
1694.0 1806.0 1638.0 1792.0 1009
1834.0 1890.0 1764.0 1806.0 1142
1834.0 1876.0 1806.0 1876.0 613
1897.0 1897.0 1750.0 1778.0 1227
1750.0 1778.0 1708.0 1750.0 720
1792.0 1818.5999755859375 1722.0 1736.0 928
1750.0 1757.0 1666.0 1750.0 996
1708.0 1708.0 1610.0 1638.0 1459
1610.0 1638.0 1498.0 1512.0 1687
1470.0 1582.0 1468.5999755859375 1540.0 1344
1540.0 1624.0 1512.0 1582.0 824
1666.0 1666.0 1484.0 1484.0 894
1484.0 1512.0 1414.0 1498.0 1206
1456.0 1498.0 1414.0 1470.0 674
1470.0 1484.0 1400.0 1414.0 1033
1395.800048828125 1498.0 1386.0 1484.0 849
1498.0 1540.0 1429.4000244140625 1512.0 798
1540.0 1540.0 1470.0 1498.0 582
1526.0 1624.0 1519.0 1610.0 1022
1624.0 1652.0 1512.0 1526.0 1075
1526.0 1582.0 1485.4000244140625 1568.0 640
1568.0 1624.0 1498.0 1610.0 1263
1596.0 1596.0 1498.0 1582.0 2167
1598.800048828125 1624.0 1512.0 1554.0 1224
1540.0 1554.0 1414.0 1470.0 2158
1414.0 1474.199951171875 1260.0 1271.199951171875 4557
1274.0 1300.5999755859375 1121.4000244140625 1164.800048828125 3265
1164.800048828125 1260.0 1134.0 1236.199951171875 1441
1232.0 1239.0 1148.0 1159.199951171875 927
1064.0 1187.199951171875 1050.0 1149.4000244140625 794
1148.0 1190.0 1092.0 1120.0 1388
1106.0 1148.0 1064.0 1071.0 1137
1078.0 1176.0 1071.0 1134.0 743
1148.0 1223.5999755859375 1148.0 1173.199951171875 663
1218.0 1274.0 1204.0 1246.0 825
1209.5999755859375 1246.0 1148.0 1211.0 445
1204.0 1272.5999755859375 1177.4000244140625 1222.199951171875 504
1246.0 1246.0 1191.4000244140625 1191.4000244140625 403
1191.4000244140625 1232.0 1176.0 1178.800048828125 509
1178.800048828125 1218.0 1176.0 1176.0 283
1176.0 1211.0 1162.0 1177.4000244140625 570
1190.0 1314.5999755859375 1183.0 1288.0 1029
1246.0 1309.0 1233.4000244140625 1264.199951171875 339
1246.0 1260.0 1190.0 1204.0 1354
1192.800048828125 1239.0 1177.4000244140625 1204.0 1179
1176.0 1190.0 1082.199951171875 1099.0 3827
1106.0 1131.199951171875 1057.0 1073.800048828125 2759
1085.0 1106.0 1078.0 1086.4000244140625 2364
1124.199951171875 1148.0 1089.199951171875 1103.199951171875 2893
1134.0 1218.0 1120.0 1190.0 4012
1176.0 1218.0 1127.0 1148.0 1499
1148.0 1198.4000244140625 1148.0 1183.0 1034
1188.5999755859375 1188.5999755859375 1149.4000244140625 1167.5999755859375 1177
1157.800048828125 1169.0 1093.4000244140625 1110.199951171875 1923
1120.0 1120.0 1071.0 1100.4000244140625 1506
1106.0 1120.0 1085.0 1097.5999755859375 715
1099.0 1113.0 1071.0 1092.0 942
1106.0 1110.199951171875 1066.800048828125 1071.0 1712
1071.0 1078.0 1058.4000244140625 1064.0 879
1071.0 1094.800048828125 1071.0 1078.0 556
1090.5999755859375 1148.0 1078.0 1138.199951171875 1913
1134.0 1171.800048828125 1113.0 1155.0 2885
1162.0 1188.5999755859375 1134.0 1134.0 1146
1134.0 1153.5999755859375 1092.0 1094.800048828125 796
1100.4000244140625 1106.0 1054.199951171875 1065.4000244140625 2036
1090.5999755859375 1092.0 1050.0 1076.5999755859375 1515
1076.5999755859375 1076.5999755859375 1022.0 1071.0 1931
1071.0 1082.199951171875 985.5999755859375 1019.2000122070312 1996
1003.7999877929688 1022.0 924.0 968.7999877929688 1791
932.4000244140625 960.4000244140625 896.0 947.7999877929688 929
950.5999755859375 1013.5999755859375 932.4000244140625 980.0 756
980.0 994.0 952.0 978.5999755859375 340
980.0 980.0 926.7999877929688 932.4000244140625 792
910.0 917.0 865.2000122070312 868.0 1123
862.4000244140625 894.5999755859375 852.5999755859375 873.5999755859375 699
910.0 910.0 856.7999877929688 858.2000122070312 696
817.5999755859375 849.7999877929688 802.2000122070312 840.0 794
826.0 908.5999755859375 826.0 868.0 598
914.2000122070312 952.0 901.5999755859375 938.0 445
924.0 938.0 908.5999755859375 938.0 441
966.0 973.0 882.0 890.4000244140625 495
873.5999755859375 917.0 854.0 856.7999877929688 517
854.0 863.7999877929688 812.0 830.2000122070312 695
840.0 876.4000244140625 834.4000244140625 868.0 441
868.0 879.2000122070312 840.0 842.7999877929688 459
863.7999877929688 875.0 854.0 854.0 376
854.0 882.0 854.0 869.4000244140625 371
882.0 894.5999755859375 841.4000244140625 856.7999877929688 506
868.0 868.0 840.0 842.7999877929688 523
826.0 837.2000122070312 757.4000244140625 784.0 2872
770.0 796.5999755859375 760.2000122070312 768.5999755859375 1135
772.7999877929688 788.2000122070312 757.4000244140625 777.0 1159
777.0 785.4000244140625 764.4000244140625 765.7999877929688 521
758.7999877929688 779.7999877929688 735.0 779.7999877929688 973
777.0 777.0 728.0 771.4000244140625 1762
791.0 809.2000122070312 732.2000122070312 739.2000122070312 2427
756.0 938.0 719.5999755859375 806.4000244140625 20101
774.2000122070312 876.4000244140625 728.0 805.0 6574
778.4000244140625 793.7999877929688 728.0 742.0 3108
742.0 756.0 728.0 735.0 1328
728.0 735.0 702.7999877929688 709.7999877929688 1485
714.0 754.5999755859375 711.2000122070312 733.5999755859375 1529
940.7999877929688 994.0 819.0 901.5999755859375 32836
952.0 973.0 882.0 952.0 7134
911.4000244140625 959.0 886.2000122070312 943.5999755859375 2089
924.0 924.0 827.4000244140625 847.0 3969
840.0 866.5999755859375 830.2000122070312 854.0 963
848.4000244140625 894.5999755859375 841.4000244140625 882.0 3124
977.2000122070312 1064.0 947.7999877929688 994.0 15667
970.2000122070312 1006.5999755859375 954.7999877929688 998.2000122070312 2220
994.0 1012.2000122070312 967.4000244140625 981.4000244140625 1315
992.5999755859375 1001.0 961.7999877929688 991.2000122070312 1114
994.0 994.0 919.7999877929688 959.0 1206
946.4000244140625 966.0 928.2000122070312 964.5999755859375 797
931.0 994.0 931.0 977.2000122070312 1119
988.4000244140625 988.4000244140625 938.0 946.4000244140625 824
933.7999877929688 933.7999877929688 854.0 868.0 1338
868.0 876.4000244140625 847.0 861.0 682
855.4000244140625 865.2000122070312 840.0 847.0 542
847.0 862.4000244140625 816.2000122070312 838.5999755859375 893
813.4000244140625 826.0 784.0 789.5999755859375 785
799.4000244140625 810.5999755859375 786.7999877929688 786.7999877929688 551
791.0 823.2000122070312 786.7999877929688 813.4000244140625 459
826.0 851.2000122070312 798.0 841.4000244140625 531
854.0 882.0 826.0 848.4000244140625 726
854.0 877.7999877929688 827.4000244140625 847.0 606
862.4000244140625 865.2000122070312 812.0 823.2000122070312 410
828.7999877929688 840.0 798.0 800.7999877929688 531
799.4000244140625 799.4000244140625 770.0 789.5999755859375 892
798.0 803.5999755859375 770.0 789.5999755859375 466
784.0 799.4000244140625 742.0 770.0 695
770.0 784.0 742.0 756.0 463
742.0 763.0 728.0 744.7999877929688 407
742.0 772.7999877929688 742.0 743.4000244140625 324
754.5999755859375 796.5999755859375 742.0 784.0 627
781.2000122070312 793.7999877929688 770.0 772.7999877929688 271
770.0 784.0 757.4000244140625 774.2000122070312 349
784.0 840.0 775.5999755859375 817.5999755859375 1318
826.0 835.7999877929688 795.2000122070312 798.0 388
802.2000122070312 803.5999755859375 770.0 777.0 405
777.0 777.0 757.4000244140625 764.4000244140625 361
757.4000244140625 768.5999755859375 746.2000122070312 756.0 313
756.0 781.2000122070312 746.2000122070312 770.0 245
768.5999755859375 779.7999877929688 756.0 768.5999755859375 280
763.0 763.0 728.0 730.7999877929688 680
740.5999755859375 812.0 730.7999877929688 781.2000122070312 1049
784.0 786.7999877929688 742.0 756.0 565
812.0 896.0 770.0 789.5999755859375 4347
793.7999877929688 826.0 784.0 792.4000244140625 1133
770.0 770.0 728.0 730.7999877929688 1282
765.7999877929688 767.2000122070312 742.0 754.5999755859375 835
754.5999755859375 770.0 732.2000122070312 770.0 474
764.4000244140625 789.5999755859375 758.7999877929688 789.5999755859375 564
749.0 763.0 730.7999877929688 740.5999755859375 1447
736.4000244140625 751.7999877929688 736.4000244140625 743.4000244140625 488
751.7999877929688 770.0 742.0 760.2000122070312 706
750.4000244140625 770.0 742.0 758.7999877929688 411
742.0 756.0 714.0 728.0 781
753.2000122070312 754.5999755859375 700.0 709.7999877929688 1159
715.4000244140625 721.0 702.7999877929688 721.0 806
728.0 728.0 686.0 698.5999755859375 1027
693.0 697.2000122070312 644.0 669.2000122070312 1741
662.2000122070312 677.5999755859375 649.5999755859375 658.0 1073
652.4000244140625 672.0 588.0 607.5999755859375 1964
597.7999877929688 616.0 595.0 595.0 713
602.0 602.0 532.0 560.0 1835
546.0 574.0 546.0 560.0 621
564.2000122070312 588.0 547.4000244140625 585.2000122070312 777
560.0 581.0 533.4000244140625 554.4000244140625 615
560.0 581.0 546.0 553.0 758
550.2000122070312 567.0 506.79998779296875 527.7999877929688 1088
532.0 532.0 491.3999938964844 494.20001220703125 687
502.6000061035156 504.0 476.0 504.0 885
495.6000061035156 501.20001220703125 452.20001220703125 462.0 1030
441.0 490.0 439.6000061035156 483.0 574
504.0 527.7999877929688 490.0 497.0 891
516.5999755859375 540.4000244140625 492.79998779296875 529.2000122070312 976
546.0 546.0 518.0 518.0 277
532.0 546.0 469.0 477.3999938964844 727
476.0 492.79998779296875 463.3999938964844 473.20001220703125 487
463.3999938964844 488.6000061035156 463.3999938964844 466.20001220703125 290
469.0 471.79998779296875 424.20001220703125 431.20001220703125 1523
448.0 527.7999877929688 441.0 476.0 2021
462.0 495.6000061035156 448.0 485.79998779296875 777
459.20001220703125 495.6000061035156 455.0 477.3999938964844 495
495.6000061035156 504.0 456.3999938964844 469.0 555
476.0 501.20001220703125 469.0 491.3999938964844 497
470.3999938964844 488.6000061035156 469.0 478.79998779296875 537
473.20001220703125 474.6000061035156 436.79998779296875 445.20001220703125 1003
341.6000061035156 364.0 330.3999938964844 347.20001220703125 9261
336.0 337.3999938964844 312.20001220703125 313.6000061035156 3726
316.3999938964844 327.6000061035156 313.6000061035156 313.6000061035156 3033
319.20001220703125 323.3999938964844 296.79998779296875 306.6000061035156 3086
320.6000061035156 322.0 305.20001220703125 322.0 2542
327.6000061035156 393.3999938964844 310.79998779296875 338.79998779296875 25668
331.79998779296875 333.20001220703125 299.6000061035156 305.20001220703125 4935
306.6000061035156 315.0 287.0 294.0 3228
291.20001220703125 303.79998779296875 287.0 292.6000061035156 1556
292.6000061035156 308.0 268.79998779296875 289.79998779296875 3553
289.79998779296875 315.0 287.0 303.79998779296875 1716
308.0 309.3999938964844 295.3999938964844 296.79998779296875 684
303.79998779296875 303.79998779296875 274.3999938964844 277.20001220703125 1722
294.0 294.0 271.6000061035156 282.79998779296875 1475
280.0 306.6000061035156 252.0 285.6000061035156 2298
266.0 301.0 266.0 274.3999938964844 4174
347.20001220703125 403.20001220703125 280.0 282.79998779296875 53713
270.20001220703125 280.0 253.39999389648438 273.0 7615
254.8000030517578 268.79998779296875 226.8000030517578 252.0 4854
240.8000030517578 278.6000061035156 238.0 271.6000061035156 2604
280.0 294.0 249.1999969482422 254.8000030517578 3512
249.1999969482422 261.79998779296875 231.0 233.8000030517578 2399
235.1999969482422 245.0 231.0 243.60000610351562 1567
243.60000610351562 266.0 240.8000030517578 260.3999938964844 2538
274.3999938964844 294.0 261.79998779296875 291.20001220703125 2821
294.0 306.6000061035156 274.3999938964844 294.0 3111
294.0 294.0 267.3999938964844 273.0 1112
285.6000061035156 285.6000061035156 263.20001220703125 275.79998779296875 1437
291.20001220703125 291.20001220703125 268.79998779296875 273.0 1217
266.0 277.20001220703125 254.8000030517578 270.20001220703125 1055
277.20001220703125 280.0 266.0 274.3999938964844 852
266.0 270.20001220703125 254.8000030517578 263.20001220703125 1218
275.79998779296875 275.79998779296875 242.1999969482422 243.60000610351562 1642
249.1999969482422 254.8000030517578 243.60000610351562 249.1999969482422 959
250.60000610351562 257.6000061035156 249.1999969482422 252.0 1064
227.1999969482422 234.0 171.1999969482422 184.0 20883
185.1999969482422 216.0 184.8000030517578 199.1999969482422 17373
196.8000030517578 196.8000030517578 166.60000610351562 169.1999969482422 7000
168.8000030517578 175.1999969482422 164.0 169.1999969482422 4350
168.0 170.0 152.0 155.1999969482422 4793
150.39999389648438 177.1999969482422 144.1199951171875 175.1999969482422 7658
78.80000305175781 82.0 69.5999984741211 70.80000305175781 155648
70.80000305175781 76.4000015258789 68.4000015258789 75.5999984741211 54608
76.4000015258789 78.0 68.0 73.19999694824219 33128
76.0 76.4000015258789 72.0 74.80000305175781 18495
74.4000015258789 75.5999984741211 71.19999694824219 71.5999984741211 13448
71.19999694824219 74.0 66.0 68.80000305175781 15168
70.0 70.19999694824219 62.400001525878906 63.20000076293945 17578
64.0 65.5999984741211 59.599998474121094 64.80000305175781 22315
67.5999984741211 83.19999694824219 66.0 74.4000015258789 66678
73.5999984741211 73.5999984741211 67.95999908447266 72.0 8830
70.4000015258789 72.0 64.0 65.5999984741211 10508
67.19999694824219 69.19999694824219 62.0 64.0 9160
65.19999694824219 66.80000305175781 62.400001525878906 64.80000305175781 9103
66.80000305175781 70.5999984741211 64.4000015258789 69.5999984741211 9943
70.0 75.19999694824219 68.4000015258789 73.5999984741211 9395
73.19999694824219 77.5999984741211 72.0 75.19999694824219 8598
75.5999984741211 82.0 74.80000305175781 79.5999984741211 14408
80.4000015258789 84.80000305175781 80.12000274658203 82.0 8280
84.0 91.19999694824219 82.0 88.0 16393
89.19999694824219 89.5999984741211 77.80000305175781 80.0 10823
79.19999694824219 80.76000213623047 73.5999984741211 73.5999984741211 8140
76.0 76.0 67.04000091552734 68.4000015258789 7968
68.4000015258789 72.80000305175781 68.4000015258789 72.4000015258789 6563
71.19999694824219 76.80000305175781 71.19999694824219 73.19999694824219 9598
72.80000305175781 73.19999694824219 70.0 70.80000305175781 6800
70.80000305175781 72.80000305175781 68.36000061035156 69.19999694824219 4770
73.19999694824219 73.19999694824219 68.80000305175781 72.4000015258789 5803
72.80000305175781 75.31999969482422 69.5999984741211 72.0 8618
70.80000305175781 70.80000305175781 67.19999694824219 69.5999984741211 3710
69.5999984741211 71.5999984741211 66.80000305175781 70.0 2780
70.0 73.19999694824219 68.4000015258789 71.5999984741211 2613
74.0 74.0 68.4000015258789 71.19999694824219 2983
71.19999694824219 74.0 69.19999694824219 70.0 3823
69.5999984741211 74.80000305175781 68.80000305175781 74.80000305175781 4608
73.5999984741211 76.4000015258789 72.5999984741211 73.19999694824219 3125
73.5999984741211 74.4000015258789 68.4000015258789 69.5999984741211 4430
71.5999984741211 73.5999984741211 67.5999984741211 73.19999694824219 1863
73.5999984741211 74.4000015258789 70.4000015258789 71.5999984741211 1993
72.4000015258789 72.4000015258789 66.0 67.19999694824219 3258
67.19999694824219 68.4000015258789 63.20000076293945 64.80000305175781 3700
65.5999984741211 65.5999984741211 60.400001525878906 62.79999923706055 1988
60.79999923706055 63.599998474121094 58.400001525878906 58.79999923706055 3190
59.20000076293945 61.599998474121094 58.79999923706055 61.20000076293945 2845
61.599998474121094 61.599998474121094 55.20000076293945 60.0 4590
61.20000076293945 62.7599983215332 59.0 61.20000076293945 1378
60.79999923706055 65.19999694824219 60.0 64.80000305175781 2015
65.5999984741211 66.4000015258789 61.91999816894531 66.4000015258789 1543
66.80000305175781 70.80000305175781 62.79999923706055 69.5999984741211 3920
60.400001525878906 64.12000274658203 56.0 57.599998474121094 8228
58.400001525878906 58.400001525878906 50.0 52.0 6038
50.0 50.400001525878906 46.0 46.400001525878906 3070
46.79999923706055 48.400001525878906 43.599998474121094 45.599998474121094 2380
45.20000076293945 47.20000076293945 40.400001525878906 40.79999923706055 4055
40.0 42.79999923706055 37.599998474121094 39.84000015258789 4570
41.20000076293945 44.79999923706055 41.20000076293945 44.400001525878906 3155
47.20000076293945 47.599998474121094 44.400001525878906 47.20000076293945 2603
48.0 50.0 46.79999923706055 47.20000076293945 2280
33.599998474121094 34.119998931884766 31.200000762939453 32.31999969482422 47968
31.040000915527344 32.599998474121094 30.440000534057617 32.040000915527344 10943
32.79999923706055 32.79999923706055 29.440000534057617 30.399999618530273 9405
30.799999237060547 31.1200008392334 28.799999237060547 30.399999618530273 10788
30.0 30.399999618530273 28.0 28.799999237060547 3878
28.399999618530273 30.15999984741211 28.399999618530273 29.600000381469727 6100
28.8799991607666 30.799999237060547 28.8799991607666 30.0 2958
28.0 31.1200008392334 28.0 30.239999771118164 4850
30.799999237060547 31.200000762939453 29.639999389648438 30.399999618530273 3950
30.959999084472656 32.79999923706055 30.440000534057617 31.799999237060547 8473
31.799999237060547 31.920000076293945 30.440000534057617 31.0 2560
31.200000762939453 32.0 30.479999542236328 30.799999237060547 2465
31.920000076293945 31.920000076293945 28.520000457763672 28.959999084472656 6670
29.719999313354492 29.719999313354492 28.200000762939453 28.760000228881836 5465
29.520000457763672 29.760000228881836 28.959999084472656 29.600000381469727 2455
29.200000762939453 29.68000030517578 28.760000228881836 29.079999923706055 4213
29.15999984741211 29.280000686645508 28.0 28.8799991607666 2740
28.399999618530273 28.399999618530273 26.84000015258789 27.239999771118164 2425
27.200000762939453 28.799999237060547 26.799999237060547 28.399999618530273 2613
28.360000610351562 31.200000762939453 27.68000030517578 30.399999618530273 3055
30.0 30.399999618530273 29.200000762939453 30.399999618530273 1615
30.399999618530273 31.8799991607666 26.799999237060547 29.920000076293945 5810
29.040000915527344 30.68000030517578 28.84000015258789 30.68000030517578 3228
30.399999618530273 31.799999237060547 29.440000534057617 29.440000534057617 2828
30.0 31.200000762939453 29.8799991607666 30.399999618530273 2403
31.200000762939453 31.600000381469727 30.079999923706055 30.559999465942383 4678
31.1200008392334 35.599998474121094 30.520000457763672 32.79999923706055 9375
31.799999237060547 34.720001220703125 31.799999237060547 34.2400016784668 9988
35.20000076293945 35.20000076293945 32.119998931884766 33.20000076293945 4320
32.560001373291016 34.2400016784668 31.200000762939453 33.79999923706055 3563
33.31999969482422 34.79999923706055 32.36000061035156 33.400001525878906 765
33.400001525878906 33.400001525878906 31.239999771118164 32.959999084472656 1120
33.91999816894531 34.400001525878906 31.600000381469727 33.52000045776367 815
34.31999969482422 35.52000045776367 33.2400016784668 34.560001373291016 2783
35.79999923706055 35.79999923706055 34.400001525878906 34.91999816894531 1773
35.20000076293945 35.20000076293945 34.08000183105469 34.560001373291016 955
34.400001525878906 35.20000076293945 34.08000183105469 34.279998779296875 903
33.7599983215332 34.400001525878906 33.20000076293945 33.47999954223633 1233
33.31999969482422 34.400001525878906 32.0 32.439998626708984 1883
32.400001525878906 32.400001525878906 30.479999542236328 30.520000457763672 3150
31.31999969482422 31.31999969482422 28.399999618530273 29.040000915527344 6018
30.799999237060547 30.799999237060547 29.040000915527344 29.600000381469727 1348
30.399999618530273 30.799999237060547 29.600000381469727 29.639999389648438 1238
29.799999237060547 30.399999618530273 29.239999771118164 29.760000228881836 1863
29.600000381469727 30.040000915527344 28.600000381469727 29.200000762939453 1495
28.399999618530273 30.200000762939453 28.399999618530273 29.280000686645508 1283
28.0 30.200000762939453 27.799999237060547 28.079999923706055 1380
28.600000381469727 30.200000762939453 28.399999618530273 28.799999237060547 1720
30.200000762939453 30.200000762939453 28.0 28.079999923706055 2183
29.399999618530273 29.399999618530273 27.799999237060547 28.1200008392334 2450
27.600000381469727 29.15999984741211 26.799999237060547 28.239999771118164 1633
29.15999984741211 30.0 28.1200008392334 28.719999313354492 3278
29.280000686645508 31.8799991607666 29.280000686645508 30.920000076293945 16280
30.399999618530273 31.68000030517578 30.0 30.239999771118164 6410
30.600000381469727 30.600000381469727 28.920000076293945 29.799999237060547 3528
30.399999618530273 30.799999237060547 29.600000381469727 30.399999618530273 2293
30.399999618530273 32.7599983215332 30.0 31.600000381469727 5560
32.79999923706055 32.79999923706055 30.040000915527344 30.399999618530273 6020
30.760000228881836 31.68000030517578 30.040000915527344 30.639999389648438 5745
30.68000030517578 31.600000381469727 30.079999923706055 30.15999984741211 3040
30.399999618530273 31.200000762939453 29.84000015258789 30.0 2245
30.399999618530273 30.399999618530273 29.0 29.920000076293945 3870
30.0 30.399999618530273 28.799999237060547 28.920000076293945 2155
28.399999618530273 29.200000762939453 28.040000915527344 28.799999237060547 2780
28.8799991607666 30.040000915527344 28.079999923706055 28.799999237060547 1513
28.799999237060547 29.31999969482422 26.799999237060547 27.0 9303
26.799999237060547 27.200000762939453 24.520000457763672 25.079999923706055 9748
23.799999237060547 24.799999237060547 23.559999465942383 23.639999389648438 11523
23.0 23.600000381469727 21.280000686645508 22.440000534057617 24690
34.79999923706055 37.720001220703125 22.920000076293945 25.600000381469727 662028
23.639999389648438 23.920000076293945 21.600000381469727 21.799999237060547 68660
13.079999923706055 14.119999885559082 12.319999694824219 12.4399995803833 540040
12.84000015258789 13.720000267028809 12.479999542236328 13.039999961853027 133250
14.0 15.199999809265137 12.880000114440918 13.600000381469727 129863
13.720000267028809 14.479999542236328 12.84000015258789 13.039999961853027 58965
13.239999771118164 13.239999771118164 12.039999961853027 12.039999961853027 56330
12.880000114440918 13.960000038146973 12.5600004196167 13.600000381469727 97395
13.600000381469727 13.600000381469727 12.399999618530273 12.760000228881836 40243
13.0 13.600000381469727 12.199999809265137 13.359999656677246 37688
13.479999542236328 13.600000381469727 12.84000015258789 13.199999809265137 22155
12.800000190734863 13.319999694824219 12.479999542236328 12.880000114440918 22078
12.920000076293945 15.199999809265137 12.920000076293945 13.279999732971191 244168
13.600000381469727 13.600000381469727 12.800000190734863 13.15999984741211 46428
13.399999618530273 13.479999542236328 12.399999618530273 12.399999618530273 62555
12.399999618530273 12.880000114440918 12.0 12.15999984741211 24015
12.600000381469727 12.600000381469727 10.279999732971191 11.079999923706055 50175
11.359999656677246 11.800000190734863 10.84000015258789 11.199999809265137 17268
11.0 11.199999809265137 10.039999961853027 10.680000305175781 25038
10.399999618530273 11.0 10.0 10.399999618530273 22830
10.15999984741211 10.600000381469727 10.0 10.039999961853027 12925
10.199999809265137 10.680000305175781 9.640000343322754 10.199999809265137 16803
10.0 10.119999885559082 9.399999618530273 9.640000343322754 18008
10.0 10.119999885559082 9.199999809265137 9.199999809265137 9070
9.5600004196167 10.0 8.800000190734863 9.84000015258789 16700
9.720000267028809 9.760000228881836 9.039999961853027 9.600000381469727 11555
9.319999694824219 10.199999809265137 9.239999771118164 10.199999809265137 31158
10.600000381469727 12.239999771118164 9.640000343322754 10.680000305175781 58140
10.720000267028809 10.920000076293945 10.0 10.0 20995
10.039999961853027 10.399999618530273 8.0 9.119999885559082 29698
8.399999618530273 9.600000381469727 8.0 8.239999771118164 20988
8.399999618530273 9.199999809265137 8.15999984741211 8.720000267028809 14048
9.199999809265137 9.199999809265137 8.279999732971191 9.079999923706055 14613
8.800000190734863 9.0 8.279999732971191 8.720000267028809 11908
8.800000190734863 8.800000190734863 8.399999618530273 8.640000343322754 6475
8.199999809265137 9.0 6.679999828338623 7.960000038146973 52350
8.199999809265137 8.399999618530273 7.599999904632568 8.15999984741211 20330
8.119999885559082 8.399999618530273 7.360000133514404 8.0 16963
8.0 8.119999885559082 7.360000133514404 7.760000228881836 11170
7.599999904632568 8.15999984741211 7.199999809265137 7.480000019073486 8453
9.039999961853027 9.199999809265137 7.0 7.960000038146973 35190
7.599999904632568 8.319999694824219 7.599999904632568 8.079999923706055 17813
7.599999904632568 8.239999771118164 7.599999904632568 7.760000228881836 13690
8.239999771118164 8.84000015258789 7.679999828338623 8.239999771118164 22060
9.15999984741211 9.199999809265137 8.0 8.119999885559082 16493
8.359999656677246 8.359999656677246 8.0 8.15999984741211 9475
7.239999771118164 8.279999732971191 7.239999771118164 7.960000038146973 15970
7.679999828338623 8.279999732971191 7.599999904632568 7.639999866485596 6358
7.840000152587891 8.399999618530273 7.639999866485596 7.760000228881836 9735
8.399999618530273 8.399999618530273 7.760000228881836 7.800000190734863 3413
7.639999866485596 8.0 6.880000114440918 7.440000057220459 10423
7.400000095367432 7.960000038146973 6.880000114440918 7.079999923706055 12703
6.559999942779541 6.599999904632568 5.320000171661377 5.480000019073486 42800
5.480000019073486 5.960000038146973 5.28000020980835 5.599999904632568 23858
5.920000076293945 5.960000038146973 5.400000095367432 5.760000228881836 10160
5.760000228881836 6.559999942779541 5.599999904632568 6.0 13803
5.679999828338623 6.71999979019165 5.679999828338623 6.599999904632568 31028
6.71999979019165 7.199999809265137 6.0 6.360000133514404 51268
6.360000133514404 6.360000133514404 5.599999904632568 5.71999979019165 11598
5.599999904632568 5.960000038146973 5.28000020980835 5.400000095367432 11080
5.519999980926514 5.71999979019165 5.320000171661377 5.519999980926514 6973
5.599999904632568 5.880000114440918 5.239999771118164 5.599999904632568 6918
5.559999942779541 6.800000190734863 5.28000020980835 5.960000038146973 17128
6.0 6.0 5.28000020980835 5.559999942779541 10265
5.199999809265137 5.559999942779541 4.840000152587891 4.920000076293945 24573
4.960000038146973 5.800000190734863 4.960000038146973 5.559999942779541 47885
5.920000076293945 7.639999866485596 5.199999809265137 5.840000152587891 188198
5.829999923706055 5.829999923706055 4.5 4.5 427200
4.449999809265137 5.0 4.079999923706055 4.389999866485596 454600
4.389999866485596 4.389999866485596 3.6500000953674316 3.700000047683716 102100
3.700000047683716 3.7699999809265137 3.315000057220459 3.4700000286102295 115400
3.4800000190734863 4.170000076293945 3.3499999046325684 3.369999885559082 271800
3.509999990463257 4.300000190734863 3.1500000953674316 4.070000171661377 1706300
5.400000095367432 6.579999923706055 4.809999942779541 5.199999809265137 23317800
4.389999866485596 4.679999828338623 3.630000114440918 3.7899999618530273 1215900
3.5899999141693115 3.7899999618530273 3.059999942779541 3.109999895095825 812000
2.9800000190734863 2.9800000190734863 2.4200000762939453 2.549999952316284 677900
2.5899999141693115 2.7200000286102295 2.319999933242798 2.569999933242798 380900
2.5199999809265137 2.569999933242798 1.649999976158142 1.940000057220459 544900
1.8899999856948853 1.9900000095367432 1.5499999523162842 1.8619999885559082 468600
2.2699999809265137 2.75 1.6699999570846558 2.009999990463257 6099800
1.9600000381469727 2.3499999046325684 1.940999984741211 2.259999990463257 697600
2.2699999809265137 3.130000114440918 2.25 2.75 1326800
2.700000047683716 2.7799999713897705 2.2699999809265137 2.299999952316284 296900
2.369999885559082 2.369999885559082 2.049999952316284 2.180000066757202 133700
2.109999895095825 2.309999942779541 2.0 2.299999952316284 456700
4.199999809265137 4.849999904632568 3.1700000762939453 3.5899999141693115 31518300
3.559999942779541 3.6600000858306885 3.1500000953674316 3.180000066757202 1889100
2.950000047683716 3.859999895095825 2.6500000953674316 3.4600000381469727 2143700
3.2200000286102295 3.5899999141693115 2.950000047683716 3.4700000286102295 591100
3.5 3.5 3.0299999713897705 3.2699999809265137 418000
3.049999952316284 3.0999999046325684 2.799999952316284 3.0199999809265137 342400
2.990000009536743 3.319999933242798 2.890000104904175 3.2799999713897705 465200
3.25 3.740000009536743 3.119999885559082 3.5999999046325684 406000
3.509999990463257 3.640000104904175 3.319999933242798 3.450000047683716 178400
3.3499999046325684 3.5 3.0199999809265137 3.059999942779541 228700
3.119999885559082 3.619999885559082 3.059999942779541 3.4000000953674316 275600
3.440000057220459 3.549999952316284 3.240000009536743 3.490000009536743 192900
3.559999942779541 3.5899999141693115 3.309999942779541 3.309999942779541 151600
3.240000009536743 3.390000104904175 3.049999952316284 3.049999952316284 106400
3.069999933242798 3.4700000286102295 3.0399999618530273 3.190000057220459 260100
3.309999942779541 3.309999942779541 3.0 3.1500000953674316 159300
6.119999885559082 6.889999866485596 4.050000190734863 4.170000076293945 47735200
3.930000066757202 3.930000066757202 3.381999969482422 3.450000047683716 1891200
3.3299999237060547 3.450000047683716 3.0299999713897705 3.0799999237060547 864200
3.049999952316284 3.25 3.0 3.0199999809265137 554000
3.0 3.1600000858306885 2.819999933242798 3.009999990463257 383700
3.009999990463257 3.049999952316284 2.9100000858306885 2.950000047683716 259000
3.0199999809265137 3.190000057220459 2.869999885559082 3.109999895095825 454800
3.0799999237060547 3.319999933242798 2.990000009536743 3.2799999713897705 448100
3.369999885559082 3.740000009536743 3.2300000190734863 3.4000000953674316 935400
3.4000000953674316 3.4000000953674316 3.1600000858306885 3.2899999618530273 291300
3.2100000381469727 3.440000057220459 3.109999895095825 3.4100000858306885 336600
3.4700000286102295 3.4700000286102295 3.200000047683716 3.25 180800
3.309999942779541 3.309999942779541 2.950000047683716 2.990000009536743 216700
2.9100000858306885 2.9539999961853027 2.6600000858306885 2.799999952316284 241100
2.8299999237060547 2.8299999237060547 2.490000009536743 2.509999990463257 261700
2.509999990463257 2.6470000743865967 2.4200000762939453 2.569999933242798 174700
2.740000009536743 3.1500000953674316 2.609999895095825 3.0799999237060547 214800
3.0399999618530273 3.0399999618530273 2.7699999809265137 2.799999952316284 106600
2.690000057220459 2.880000114440918 2.625 2.880000114440918 75000
2.950000047683716 2.950000047683716 2.630000114440918 2.6500000953674316 97700
2.7200000286102295 2.7200000286102295 2.509999990463257 2.5299999713897705 85400
2.5199999809265137 2.5799999237060547 2.2300000190734863 2.2300000190734863 283100
2.240000009536743 2.2899999618530273 2.190000057220459 2.240000009536743 83400
2.2699999809265137 2.2699999809265137 2.1700000762939453 2.2100000381469727 66200
2.180000066757202 2.259999990463257 2.180000066757202 2.200000047683716 40600
2.2200000286102295 2.2200000286102295 1.9600000381469727 2.0399999618530273 100300
2.0199999809265137 2.0199999809265137 1.809999942779541 1.840000033378601 132700
1.809999942779541 1.909999966621399 1.7699999809265137 1.7799999713897705 178500
1.7400000095367432 1.7699999809265137 1.6399999856948853 1.7599999904632568 86100
1.8600000143051147 1.8600000143051147 1.6759999990463257 1.7400000095367432 79300
1.7200000286102295 1.7599999904632568 1.6799999475479126 1.7300000190734863 40900
1.7000000476837158 1.7200000286102295 1.5499999523162842 1.600000023841858 107800
1.5099999904632568 1.5870000123977661 1.2999999523162842 1.3600000143051147 154700
1.3799999952316284 1.399999976158142 1.3300000429153442 1.3700000047683716 64600
1.3899999856948853 1.4299999475479126 1.350000023841858 1.3899999856948853 88100
1.3899999856948853 1.4299999475479126 1.25 1.3300000429153442 108300
1.2899999618530273 2.1500000953674316 1.2899999618530273 1.9199999570846558 9639500
1.7599999904632568 1.899999976158142 1.5449999570846558 1.7899999618530273 1360400
1.809999942779541 1.8309999704360962 1.559999942779541 1.6200000047683716 188500
1.590000033378601 1.7100000381469727 1.559999942779541 1.6100000143051147 148000
1.559999942779541 1.659999966621399 1.559999942779541 1.5800000429153442 116800
1.5700000524520874 1.590000033378601 1.5 1.559999942779541 80700
1.5199999809265137 1.6820000410079956 1.5140000581741333 1.5499999523162842 92600
1.7999999523162842 2.0899999141693115 1.5700000524520874 1.940000057220459 6148000
2.0 2.069999933242798 1.5700000524520874 1.7899999618530273 1218700
1.7300000190734863 1.7400000095367432 1.559999942779541 1.7000000476837158 290100
1.649999976158142 1.781999945640564 1.649999976158142 1.7100000381469727 197000
1.6699999570846558 1.7599999904632568 1.659999966621399 1.7000000476837158 154400
1.659999966621399 1.7300000190734863 1.559999942779541 1.5800000429153442 73700
1.590000033378601 1.649999976158142 1.5199999809265137 1.5499999523162842 112400
1.5199999809265137 1.5800000429153442 1.5 1.5199999809265137 53100
1.5 1.690000057220459 1.5 1.6200000047683716 184000
1.6100000143051147 1.659999966621399 1.5499999523162842 1.559999942779541 41400
1.5499999523162842 1.6200000047683716 1.5499999523162842 1.5950000286102295 26900
1.5700000524520874 1.6100000143051147 1.5509999990463257 1.5700000524520874 22700
1.5499999523162842 1.659999966621399 1.5499999523162842 1.600000023841858 43400
1.5800000429153442 1.8200000524520874 1.5700000524520874 1.6799999475479126 353700
1.659999966621399 1.965000033378601 1.659999966621399 1.7999999523162842 607100
1.7999999523162842 2.490000009536743 1.7599999904632568 2.369999885559082 2822200
2.2200000286102295 2.259999990463257 2.0 2.180000066757202 542500
2.109999895095825 2.5799999237060547 2.059999942779541 2.440000057220459 933200
2.450000047683716 2.6700000762939453 2.4000000953674316 2.450000047683716 489600
2.380000114440918 2.38100004196167 1.7949999570846558 1.8799999952316284 469500
3.0799999237060547 3.4700000286102295 2.0199999809265137 2.0899999141693115 34099100
1.7300000190734863 1.850000023841858 1.4500000476837158 1.7699999809265137 2485400
0.8500000238418579 0.9100000262260437 0.7599999904632568 0.7829999923706055 4800900
0.7749999761581421 0.7829999923706055 0.7400000095367432 0.7680000066757202 1085200
0.7879999876022339 0.7879999876022339 0.7099999785423279 0.7649999856948853 535300
0.7680000066757202 0.7799999713897705 0.7300000190734863 0.7300000190734863 397900
0.7300000190734863 0.7699999809265137 0.7009999752044678 0.7599999904632568 422900
0.7950000166893005 0.7950000166893005 0.7649999856948853 0.7799999713897705 222700
0.781000018119812 0.7900000214576721 0.7350000143051147 0.7599999904632568 246900
0.7699999809265137 0.7699999809265137 0.7429999709129333 0.7649999856948853 264200
0.75 0.7630000114440918 0.722000002861023 0.7459999918937683 376200
0.7590000033378601 0.7649999856948853 0.7099999785423279 0.7300000190734863 567500
0.7200000286102295 0.7300000190734863 0.6499999761581421 0.6800000071525574 388200
0.699999988079071 0.7080000042915344 0.6499999761581421 0.6779999732971191 221000
0.6499999761581421 0.6909999847412109 0.6140000224113464 0.6309999823570251 268000
0.6499999761581421 0.6499999761581421 0.5899999737739563 0.628000020980835 216700
0.6169999837875366 0.6380000114440918 0.6029999852180481 0.6340000033378601 122000
0.6299999952316284 0.6399999856948853 0.6200000047683716 0.6399999856948853 117400
0.6399999856948853 0.6399999856948853 0.6200000047683716 0.6380000114440918 129100
0.5619999766349792 0.5849999785423279 0.5400000214576721 0.5630000233650208 446400
0.550000011920929 0.5680000185966492 0.5460000038146973 0.5680000185966492 121600
0.5680000185966492 0.5709999799728394 0.5419999957084656 0.5460000038146973 132900
0.5429999828338623 0.5429999828338623 0.5009999871253967 0.5199999809265137 217600
0.5009999871253967 0.5540000200271606 0.5009999871253967 0.5400000214576721 130000
0.5400000214576721 0.5509999990463257 0.5 0.5189999938011169 125400
0.5299999713897705 0.5339999794960022 0.5 0.5249999761581421 102100
0.5099999904632568 0.5299999713897705 0.5099999904632568 0.5199999809265137 79600
0.5149999856948853 0.5590000152587891 0.5149999856948853 0.550000011920929 392300
0.550000011920929 0.5659999847412109 0.5350000262260437 0.5400000214576721 76200
0.550000011920929 0.5659999847412109 0.5299999713897705 0.5600000023841858 105900
0.6000000238418579 0.6309999823570251 0.5299999713897705 0.5849999785423279 1883900
0.5709999799728394 0.5960000157356262 0.5400000214576721 0.5799999833106995 193400
0.550000011920929 0.5699999928474426 0.5210000276565552 0.550000011920929 247700
0.5400000214576721 0.5669999718666077 0.5270000100135803 0.5590000152587891 97900
0.5519999861717224 0.5950000286102295 0.5400000214576721 0.5619999766349792 134900
0.5899999737739563 0.5899999737739563 0.5619999766349792 0.5759999752044678 53500
0.550000011920929 0.5720000267028809 0.550000011920929 0.5600000023841858 86100
0.5519999861717224 0.5730000138282776 0.5400000214576721 0.5400000214576721 135800
0.550000011920929 0.5669999718666077 0.5220000147819519 0.5370000004768372 139300
0.5400000214576721 0.550000011920929 0.5199999809265137 0.5400000214576721 68100
0.5199999809265137 0.5479999780654907 0.5099999904632568 0.5210000276565552 44400
0.5099999904632568 0.5299999713897705 0.5099999904632568 0.5299999713897705 77700
0.5389999747276306 0.5440000295639038 0.5149999856948853 0.5249999761581421 52900
0.5199999809265137 0.5400000214576721 0.4950000047683716 0.5199999809265137 105900
0.5289999842643738 0.531000018119812 0.5 0.5299999713897705 97800
0.5130000114440918 0.5400000214576721 0.5009999871253967 0.5199999809265137 128200
0.6399999856948853 1.4299999475479126 0.6039999723434448 1.1699999570846558 113584800
1.1200000047683716 1.2039999961853027 0.9599999785423279 0.9800000190734863 7311200
0.949999988079071 1.0499999523162842 0.9100000262260437 0.9599999785423279 2833900
0.9399999976158142 0.9440000057220459 0.8109999895095825 0.859000027179718 1278100
0.8299999833106995 0.8999999761581421 0.8299999833106995 0.8529999852180481 606900
0.8109999895095825 0.8500000238418579 0.7699999809265137 0.7960000038146973 607800
0.800000011920929 0.8230000138282776 0.7820000052452087 0.8119999766349792 373500
0.800000011920929 0.8399999737739563 0.75 0.824999988079071 590600
0.7900000214576721 0.8169999718666077 0.7789999842643738 0.800000011920929 589100
0.8069999814033508 0.8399999737739563 0.7900000214576721 0.8100000023841858 265400
0.8090000152587891 0.8500000238418579 0.7900000214576721 0.8299999833106995 323000
0.8299999833106995 0.8730000257492065 0.8299999833106995 0.8510000109672546 398900
0.8650000095367432 0.9980000257492065 0.8650000095367432 0.9200000166893005 561300
0.9599999785423279 0.9800000190734863 0.8199999928474426 0.8500000238418579 207800
0.8479999899864197 0.8899999856948853 0.8119999766349792 0.8199999928474426 135700
0.8230000138282776 0.8679999709129333 0.746999979019165 0.7599999904632568 314700
0.7699999809265137 0.8009999990463257 0.7239999771118164 0.777999997138977 108400
0.7799999713897705 0.7850000262260437 0.699999988079071 0.7300000190734863 360700
0.7300000190734863 0.734000027179718 0.6700000166893005 0.6800000071525574 153600
0.675000011920929 0.699999988079071 0.6399999856948853 0.6549999713897705 250000
0.6690000295639038 0.699999988079071 0.6520000100135803 0.6899999976158142 179600
0.6980000138282776 0.6980000138282776 0.6549999713897705 0.6949999928474426 67800
0.6710000038146973 0.6800000071525574 0.6600000262260437 0.6779999732971191 50400
0.6700000166893005 0.6850000023841858 0.6510000228881836 0.6600000262260437 72500
0.6600000262260437 0.6800000071525574 0.6190000176429749 0.6349999904632568 133400
0.6159999966621399 0.6600000262260437 0.6100000143051147 0.6309999823570251 51500
0.6179999709129333 0.6600000262260437 0.6010000109672546 0.6019999980926514 139600
0.6100000143051147 0.6299999952316284 0.5699999928474426 0.5889999866485596 64400
0.5799999833106995 0.5899999737739563 0.5559999942779541 0.5590000152587891 98900
0.5609999895095825 0.5799999833106995 0.550000011920929 0.5799999833106995 69000
0.5759999752044678 0.5950000286102295 0.5699999928474426 0.5899999737739563 38100
0.5899999737739563 0.5950000286102295 0.5699999928474426 0.574999988079071 49900
0.5899999737739563 0.5899999737739563 0.5509999990463257 0.5600000023841858 80600
0.5210000276565552 0.550000011920929 0.5210000276565552 0.5230000019073486 167400
0.5099999904632568 0.5189999938011169 0.46299999952316284 0.4740000069141388 191100
0.4749999940395355 0.4959999918937683 0.46299999952316284 0.4699999988079071 62500
0.47999998927116394 0.4830000102519989 0.4399999976158142 0.4480000138282776 126600
0.4749999940395355 0.4749999940395355 0.4410000145435333 0.45399999618530273 45300
0.45399999618530273 0.45399999618530273 0.4269999861717224 0.4399999976158142 78500
0.4440000057220459 0.44699999690055847 0.4300000071525574 0.44600000977516174 109100
0.44600000977516174 0.45100000500679016 0.4309999942779541 0.43299999833106995 71300
0.4429999887943268 0.4490000009536743 0.42800000309944153 0.44699999690055847 80500
0.44200000166893005 0.4659999907016754 0.4390000104904175 0.4440000057220459 45600
0.44999998807907104 0.44999998807907104 0.4300000071525574 0.4309999942779541 150300
0.45899999141693115 0.45899999141693115 0.4009999930858612 0.41200000047683716 123600
0.41499999165534973 0.4269999861717224 0.38499999046325684 0.39500001072883606 156000
0.4000000059604645 0.4099999964237213 0.3779999911785126 0.4000000059604645 83600
0.38999998569488525 0.4000000059604645 0.38999998569488525 0.39500001072883606 86100
0.38999998569488525 0.4000000059604645 0.38999998569488525 0.3959999978542328 58500
0.3959999978542328 0.4000000059604645 0.35499998927116394 0.3799999952316284 238600
0.38600000739097595 0.38600000739097595 0.3610000014305115 0.3709999918937683 64800
0.3779999911785126 0.3790000081062317 0.3479999899864197 0.3619999885559082 81200
0.3619999885559082 0.37599998712539673 0.3499999940395355 0.36000001430511475 45500
0.3540000021457672 0.36000001430511475 0.3409999907016754 0.36000001430511475 149200
0.3700000047683716 0.3700000047683716 0.3409999907016754 0.3490000069141388 63300
0.3499999940395355 0.3540000021457672 0.3400000035762787 0.3540000021457672 50900
0.3409999907016754 0.36399999260902405 0.3400000035762787 0.3409999907016754 31500
0.3499999940395355 0.3580000102519989 0.3199999928474426 0.3449999988079071 88400
0.33899998664855957 0.3499999940395355 0.32499998807907104 0.3449999988079071 68000
0.3310000002384186 0.3499999940395355 0.32600000500679016 0.3490000069141388 56800
0.3499999940395355 0.3499999940395355 0.3100000023841858 0.3100000023841858 181000
0.3100000023841858 0.3190000057220459 0.30000001192092896 0.30000001192092896 190500
0.5630000233650208 0.7799999713897705 0.44600000977516174 0.4519999921321869 168816300
0.3779999911785126 0.4259999990463257 0.36399999260902405 0.3700000047683716 5666000
0.3499999940395355 0.37599998712539673 0.31200000643730164 0.3499999940395355 2591700
0.32199999690055847 0.3449999988079071 0.30000001192092896 0.3100000023841858 1250000
0.32499998807907104 0.32600000500679016 0.29499998688697815 0.30399999022483826 941700
0.3100000023841858 0.3100000023841858 0.2800000011920929 0.2930000126361847 670700
0.2939999997615814 0.29600000381469727 0.2549999952316284 0.2590000033378601 1055400
0.25999999046325684 0.25999999046325684 0.20200000703334808 0.23199999332427979 497300
0.23000000417232513 0.2619999945163727 0.2199999988079071 0.2619999945163727 783200
0.2800000011920929 0.36899998784065247 0.2800000011920929 0.31700000166893005 3959500
0.3199999928474426 0.32100000977516174 0.2879999876022339 0.29499998688697815 818100
0.3179999887943268 0.3179999887943268 0.25 0.2630000114440918 840200
0.2549999952316284 0.25600001215934753 0.20499999821186066 0.22699999809265137 889100
0.2409999966621399 0.2409999966621399 0.19499999284744263 0.20000000298023224 1436200
0.2770000100135803 0.2800000011920929 0.2029999941587448 0.22599999606609344 22248300
0.20999999344348907 0.23000000417232513 0.20499999821186066 0.21799999475479126 2389700
0.21199999749660492 0.21899999678134918 0.19499999284744263 0.21799999475479126 2138500
