21.427370172199343 23.762667076807613 21.427370172199343 22.640085220336914 1774500
22.697447981016765 24.25431228851674 22.451626313799228 23.762670516967773 411900
24.78692357953898 24.99177418763434 23.434909878686803 23.65614891052246 242900
23.393938797584518 24.0478222130849 23.36935772488304 23.762670516967773 240000
23.574205465721626 24.36902516508861 23.47587649821604 24.008487701416016 92900
24.45915973464864 24.535364488521868 24.09042806293039 24.409996032714844 210500
24.573876277519535 24.704980528427654 24.356735154994073 24.49193572998047 119700
24.90983096453618 24.90983096453618 24.41818924517386 24.61484718322754 154500
24.385413318943367 25.13106930780938 24.287084352517937 25.073711395263672 235600
25.07371276386056 26.22087576604796 24.931136926925905 26.08157730102539 84500
25.921794661603357 28.367709720385363 25.921794661603357 27.892457962036133 217700
27.720384580018617 28.023562591573636 25.74562336616725 26.220876693725586 210500
26.22087677421076 26.55683163284945 25.401474375016672 25.835758209228516 90900
25.606325633581157 26.016026843718457 25.229401270440167 25.589937210083008 88600
25.589936473190164 26.220876693725586 25.491609060804876 26.220876693725586 62300
26.630577344282315 27.08124802803115 26.425726749326298 26.51586151123047 47200
26.753490060057075 26.835429051125697 26.384758348703972 26.42572784423828 99000
26.51586236710149 26.76004455923864 25.893116350788066 25.934085845947266 85100
25.81117661613815 25.975057727744268 25.524385452270508 25.524385452270508 60200
25.45063812591234 26.065189926383695 24.99177321916849 25.66368293762207 70100
25.811173828125 26.220875 25.6063232421875 25.6063232421875 11200
25.56535670097846 26.05699691366618 25.469486140576738 25.68826675415039 59200
25.68826726386269 26.590429228828402 25.08190963501505 25.565357208251953 51700
25.811176638558177 26.220877855043227 25.385086998321057 25.417863845825195 28000
25.319535843074664 26.704326445830098 24.99177516981822 26.54044532775879 46800
26.384755618633346 27.859679185661037 26.266760858055022 27.32706642150879 54700
27.8432924913293 27.8432924913293 26.425726749326298 26.51586151123047 91700
27.04028080585094 27.685149507694746 26.622386932373047 26.622386932373047 81200
26.83542648032145 27.5171698234201 26.18645998081912 27.490947723388672 27000
27.040280080942647 27.941621499998526 26.8559157852451 27.622055053710938 36900
28.269381354836856 28.269381354836856 27.61386009350227 27.85968017578125 30800
28.269381885758705 28.84296417236328 27.634343795987213 28.84296417236328 35900
28.18744472862485 28.720054430513436 27.40081602341056 27.622055053710938 33600
27.433593611502744 28.01946648744211 27.040280811160358 27.056669235229492 29700
27.531917276763565 27.867872109949943 27.299209813714416 27.777740478515625 13000
28.474233694454256 28.761023287111133 27.69580078125 27.69580078125 46400
27.892457200235743 28.84296381674595 27.656467669169675 28.80199432373047 26300
28.834769860169047 28.834769860169047 27.675317818466667 27.79412841796875 23600
27.581081542621316 28.670888111856204 27.449977298465484 28.302156448364258 60500
28.69547625250349 31.05535635464564 28.43326769957353 30.842309951782227 48800
31.399497896660247 31.399497896660247 29.965543779834476 30.46537971496582 109200
31.137290743196523 31.137290743196523 27.040278803302243 28.761022567749023 137100
28.67908194860009 28.96587151777734 28.195634442149952 28.43326187133789 89500
28.16696089879033 28.28577463621974 27.45817636192452 27.826908111572266 68500
28.19563501757597 28.411957190104978 27.4663674189805 27.85968017578125 39400
26.835426373998743 27.040276957006366 25.032740618377286 25.671875 368300
25.606326518520234 26.212684142932456 25.114684736787417 25.40147590637207 209100
25.40147216868813 25.811173332699227 24.377219258660382 24.84427833557129 160900
24.336250864448626 25.18023430010978 24.229727681787754 24.541101455688477 143700
24.33624809788653 25.82755998251748 24.33624809788653 25.286754608154297 173300
24.893443159796796 24.893443159796796 24.278891386077245 24.541101455688477 144600
24.786920157004527 26.065187337410595 24.558307460072452 26.016023635864258 170900
25.122876396551963 26.05699459292566 25.03274163624012 25.147459030151367 93100
24.92621933183775 25.337559970609206 24.582070285327724 24.99996566772461 113800
24.761556831464457 25.073952932163586 24.580694528089747 24.843765258789062 88700
24.358732719115142 24.761561617385745 23.01871533760711 24.473827362060547 435400
24.21897414963083 24.588918385328007 23.643507255021838 24.325847625732422 199900
24.260080232398746 24.7410061766587 24.12854485099301 24.588918685913086 126200
24.482045359624887 24.814993588527553 24.09565882708552 24.58069610595703 91700
23.43798323602689 24.580697446167935 23.43798323602689 24.5313720703125 169900
23.70927420725953 24.32173550638287 23.6517276763916 23.6517276763916 83000
23.816143680345277 24.654682790869842 23.676387161924517 24.37516975402832 154600
24.202533642172117 24.564255156175296 23.594182112593575 23.635286331176758 152100
23.840812039572853 24.251860523013764 23.758602029279565 24.210756301879883 130200
23.890136069886495 24.465604541427485 23.43798339083674 23.78326416015625 157600
23.840809758504232 24.662906646728516 23.57773900515652 24.662906646728516 204900
24.26007724697117 24.950638698384008 23.865471151313905 24.457380294799805 181100
24.16142463684082 24.654683034255505 24.021668117040413 24.16142463684082 58300
24.021671502390994 24.65468650881627 23.48730881656172 23.873695373535156 205300
23.67638624436881 24.083324833655134 23.528410143562564 23.643503189086914 74200
23.561296943468474 24.56425459335724 23.561296943468474 24.449161529541016 74700
24.260080287075297 24.45738335962858 23.920554171449854 24.169649124145508 90100
24.01344806811582 24.654684171125947 24.01344806811582 24.29296112060547 70600
24.292965023728716 24.64646697444034 24.292965023728716 24.473827362060547 101200
24.449159294124723 24.470534614322162 24.066884146515125 24.18608856201172 55900
24.25185942429517 24.498487875976124 24.136766355914116 24.432720184326172 79900
24.251858778592986 24.49026763449237 24.194312245934626 24.325847625732422 57300
24.20253269874571 24.416278076702287 24.128543853759766 24.128543853759766 77200
24.24363740259691 24.33406856340144 23.59418166670866 24.120323181152344 101600
23.923020030259224 24.24774868108973 23.84081002690619 24.062776565551758 97500
23.849030879542976 24.029891630190125 23.696943394498206 23.799705505371094 180900
23.585962128455222 24.04633598519297 23.56129865526328 23.824369430541992 66100
23.82436846096469 23.840810775756836 23.64350770232742 23.840810775756836 110400
23.668171124641322 23.84081072551873 23.60240186561133 23.75037956237793 118300
23.429760662214463 23.923019095024046 23.285894337989944 23.659948348999023 237800
23.43798121146982 23.659947735684096 23.05981584784268 23.100921630859375 391500
23.100922397644524 23.56129620653558 23.04337586753631 23.388656616210938 291300
23.142027922424557 24.662907533956993 23.059817917039616 24.588918685913086 706900
24.005227278955164 24.449158737278708 23.30644468267946 23.684608459472656 389500
23.67638834453882 23.92301833714304 23.2653399248904 23.33932876586914 175400
22.804970544744332 23.36399675447403 22.27882896759901 23.0598201751709 570600
23.018711949082785 23.487306905733632 23.018711949082785 23.36399269104004 337100
23.092703361559156 23.91480030837714 23.092703361559156 23.561298370361328 217600
23.199573480007526 23.75037845448661 23.026933887183294 23.61884307861328 281500
23.304803936679953 23.80064955453098 22.98250239357105 23.55272674560547 294300
23.552727484805956 23.701481805331817 23.015560331105206 23.189105987548828 352400
22.95771294579846 23.759331565063622 22.95771294579846 23.709747314453125 212200
23.536202245789575 23.9659366607666 23.53041738974671 23.9659366607666 319900
23.69322169629791 24.106427514805894 23.63537313390761 23.759334564208984 313100
24.073369813937944 24.16427559660335 23.60231544240826 23.74280548095703 188400
23.569258403435 23.74280407689145 23.246956818615196 23.280014038085938 135700
23.49488043923102 23.662641251217256 23.2634846395468 23.486616134643555 115300
23.470087316747044 23.866764475888086 23.37091881508924 23.6353702545166 103700
23.552731767816706 23.68495750427246 23.263487378224077 23.68495750427246 125700
23.552729529400544 24.08989672973237 23.38744658641154 23.751068115234375 173700
23.666875908020184 24.062586160047687 23.666875908020184 23.77632713317871 118300
23.70897164981637 24.079424783495448 23.422712629137422 23.473228454589844 207400
23.355358430417514 24.180457232127125 23.355358430417514 24.13836097717285 156500
24.071002670722958 24.57616568953061 24.045743957728437 24.382518768310547 163200
24.500393377108878 24.811909502932004 24.273069757160687 24.407779693603516 110100
24.32358872611413 24.32358872611413 23.78474891068823 23.826845169067383 141900
23.78474777679316 23.97839312549649 23.61635953956551 23.759489059448242 118800
24.04574769079217 24.197296780549117 23.641617855353125 23.9615535736084 75100
23.99523269988552 24.24781345437871 23.801587347716122 23.9783935546875 152800
23.793163901101796 24.037325043241534 23.195387190856625 23.220645904541016 374600
23.254327729056104 23.7679088051935 23.254327729056104 23.591102600097656 139900
23.447970206087597 23.776325464386026 23.03542083887778 23.0690975189209 222000
23.06067810298521 23.59867635886924 22.858613203756416 22.925968170166016 163200
23.06910063768318 23.835264081204876 22.883874857732305 23.641618728637695 158800
23.447972480704596 23.902618143539378 23.2964233911366 23.540584564208984 109300
23.70055285454114 23.72581157102959 23.330099708723182 23.405874252319336 70100
23.161712393287026 23.742650008266704 23.161712393287026 23.557422637939453 95300
23.313261406345653 23.574261711363825 23.069098639232198 23.473228454589844 105100
23.490068432386547 23.574262548376012 22.656550056416126 22.732324600219727 203100
22.690226975164926 23.45639033325806 22.690226975164926 22.72390365600586 230700
22.816518817030435 23.397456453468685 22.597614756838208 23.23748779296875 182800
23.11119712139728 23.574262346571544 23.01858343401475 23.212228775024414 115200
22.83335857042025 23.153294294083295 22.319775892200603 22.58077621459961 426400
22.361870881669425 22.833357276808435 22.185064687894158 22.319774627685547 479700
22.328193124409413 22.8922915723218 22.23557944306185 22.698644638061523 723000
22.40396924768296 22.69022827767424 21.95016346166889 22.648130416870117 554400
22.07561415456741 22.28609865812081 21.444160643907217 22.142969131469727 765900
21.59570992263316 22.02930909554285 21.09054678873866 21.132644653320312 596500
21.141064105112378 21.70937162381933 20.560126424168626 20.964256286621094 899600
20.837963019364196 21.368383189638333 20.635898116123137 21.090543746948242 550200
20.652738307757684 21.132642678046395 20.652738307757684 21.04844856262207 465200
21.218192461624884 21.96507212399345 21.16726925298648 21.854738235473633 499100
21.9820477840553 21.9820477840553 21.3200411936868 21.718942642211914 251400
21.72743202348983 22.33087786540388 21.353991337881244 21.464326858520508 537600
21.277603008115257 21.948098662732626 21.277603008115257 21.515247344970703 378200
21.21819433888964 21.95658821416369 21.21819433888964 21.43886375427246 523900
21.608607288792058 21.608607288792058 20.861727596597994 21.06542205810547 362200
21.20970568574783 21.38793935005512 21.006011225696408 21.30306625366211 233500
21.252145436767215 21.515250608278706 21.09088669734153 21.413402557373047 254300
21.252144121261566 21.396426287982095 20.80231782073722 21.09937286376953 296100
20.946600886006213 22.039762305978172 20.946600886006213 21.651044845581055 390200
21.455838499846845 21.752891922788482 21.031474616993368 21.26911735534668 471400
21.0399629383417 21.116346951024966 20.793831099316286 21.056936264038086 206400
21.09088615307048 21.17575925683165 20.513750990078286 21.056936264038086 371800
20.963576755273035 21.897176015622875 20.768368136112468 21.77835464477539 840700
21.40491482088393 21.93112677623637 21.286093445309437 21.311555862426758 290100
21.379452730294524 21.67396136665515 20.97206217514151 21.090885162353516 553300
21.00601301193237 21.328528863067184 20.84475427695506 21.21819496154785 450700
21.014499277504186 21.337015110119854 21.014499277504186 21.243656158447266 227700
21.048449384987187 21.26063134096012 20.86172984650615 20.997526168823242 325900
20.81080532442882 21.167271052847315 20.79383038049943 20.938114166259766 257000
20.79383263981548 21.16727335273889 20.708959529766535 20.87021827697754 735600
20.768370201348564 20.963578839920956 20.369468688964844 20.369468688964844 603500
20.462827291663555 20.793830607806306 19.8772046702558 20.123334884643555 832300
19.834770214707373 21.039963805067607 19.588638365542735 20.844755172729492 804200
20.69198295714469 20.912652378394476 20.15728515786929 20.462827682495117 1593800
20.41190290642618 21.090886116519034 20.41190290642618 20.963577270507812 395600
20.74290658352765 20.92113863330901 20.250644555172837 20.327030181884766 507100
20.259131746649036 20.411901379139884 19.81779293593409 19.911151885986328 313500
19.877204956176517 20.573161486702816 19.74140863894308 20.377954483032227 260400
20.22518212722934 21.073909873430853 20.22518212722934 20.74290657043457 351200
20.7004709761504 21.09088661446478 20.12333580053252 20.157285690307617 290900
20.400352941369082 20.678144716498636 20.10519876635154 20.22673225402832 192300
20.226732644841128 21.19900553235001 20.113880354927854 20.521886825561523 327200
20.33090449427304 21.554925507991644 20.33090449427304 21.12955665588379 380600
20.600016994272753 20.712870945562592 19.09820407149029 19.8968563079834 1790900
19.4541244540639 20.330905814397973 19.185013868066605 19.193695068359375 1233500
19.28918462920439 19.870811792687135 19.245780284254632 19.66246795654297 1177700
19.454122189179 20.469799324411092 19.454122189179 20.001026153564453 978600
19.77532330593799 19.896856805037263 19.254462850731517 19.462806701660156 818500
19.74059918376508 20.235416053758392 19.601703278355373 19.940261840820312 861700
19.7666387402564 20.174645171897872 19.7666387402564 20.001026153564453 1084900
19.792679680858033 20.382987956015903 19.454121204834294 20.25277328491211 678900
20.270285774856593 20.97952641946511 20.147701425688492 20.296554565429688 738700
20.244019125452578 21.277233194073183 20.033872136150666 20.357847213745117 1296800
20.55048128591398 20.68182357993267 19.648607776850405 19.806217193603516 1238700
19.744924728920946 20.953262562076354 19.744924728920946 20.331581115722656 709700
20.12143467193005 20.567994136357115 19.946314393975516 20.445409774780273 431100
20.401629472685794 20.786896775585493 20.156460737275147 20.27904510498047 296000
20.279044021805333 20.48918935668418 19.9813377132053 20.007606506347656 372000
19.95507105523327 20.1126788075007 19.692388127947485 20.068899154663086 470400
20.138947241752764 20.559237913803326 20.068898796411002 20.401628494262695 466700
20.366605537125537 21.01455408775422 20.314069619530432 20.848188400268555 647000
20.78689630447876 20.96201825730611 20.454166598210854 20.55923843383789 692500
20.786895527391955 21.067089305371717 20.57675019390713 20.926992416381836 576800
20.90947788213578 21.005795110360236 20.4454076081521 20.874454498291016 472800
20.848186179882266 21.00579558596848 20.751870619563547 20.935747146606445 290300
20.90947964734161 21.531161046412603 20.751871901604986 21.452356338500977 911400
21.05833416717885 21.53116244536998 21.05833416717885 21.294748306274414 587000
21.3647949547851 21.66250125225239 21.233454334158143 21.487380981445312 552900
21.329768850362953 21.329768850362953 20.322820323681132 20.45416259765625 1249400
20.506701801886965 21.303503486338357 20.506701801886965 21.0233097076416 776400
20.94450174967591 22.10030174255371 20.94450174967591 22.10030174255371 1825100
21.688771787534378 22.152842129052633 21.688771787534378 22.065282821655273 946400
21.59245381505918 22.152841379866896 21.33852882603819 22.04776954650879 935900
22.10906110650844 22.152840757496577 21.338528226545474 21.837623596191406 742200
21.60121108174614 21.758820509182545 21.021559040195676 21.058334350585938 991000
21.01455383960828 21.741307093091265 20.856944418597347 21.715038299560547 517400
21.33852901734119 21.46549067794658 20.9882851161097 21.08460235595703 383000
20.76938231383838 21.110869930815866 20.611774571487157 21.005796432495117 385300
21.128378834507412 21.338525811711165 21.023307015991982 21.049575805664062 360700
21.102115262682663 21.696651105797436 21.102115262682663 21.434844970703125 525000
21.391064839301563 21.52153034121152 21.005797551713368 21.032066345214844 480500
21.014553669630747 21.207186477037826 20.88321304321289 20.88321304321289 573100
20.57674789428711 20.865697904297047 20.57674789428711 20.57674789428711 900000
20.63804006760945 21.17216044099521 20.57674789428711 20.57674789428711 859500
20.708089925649183 21.106490749676514 20.375360246167055 20.7606258392334 789400
20.62053075882099 20.97077466689641 20.366605762561708 20.708091735839844 623700
20.708090105341242 20.926991695609303 20.462921393096433 20.664310455322266 468700
20.51545868770606 20.65555558129839 20.366605529503374 20.506702423095703 516200
20.489189636791178 21.215942889465104 20.489189636791178 21.032066345214844 890500
20.96201674747452 21.636232376098633 20.795651071280037 21.636232376098633 741300
21.627478952851636 21.995233711137818 21.566185101398364 21.758819580078125 702500
21.75881792800842 22.021499162516946 21.478624165842906 21.574939727783203 732300
21.364795535592755 21.636233048279117 21.049578371536118 21.2159423828125 615100
21.487381049773223 21.789464645184484 21.23345440167859 21.785085678100586 676800
21.89015923346413 21.97772020441531 21.688770169337047 21.88140296936035 854800
21.609964744487932 21.750061625320388 21.382306895613556 21.61872100830078 436800
21.29474605996397 22.109060228669406 21.29474605996397 22.01274299621582 671300
21.87264684621974 21.960207817735228 21.303503036499023 21.303503036499023 522600
21.30350493871372 21.960209778587863 21.014554875972568 21.644990921020508 473000
21.57494007512313 21.68001357267008 20.848186866523704 20.856943130493164 892800
20.8306759068807 21.21594149913485 20.80440711510068 21.189674377441406 682200
21.014550413738764 21.27723162587593 20.839428492256374 20.997037887573242 508100
20.9707739110723 21.277234814462805 20.576750363732124 20.69057846069336 640700
20.69933448022729 21.342905709907615 20.50670167607675 21.2159423828125 872200
20.98250352829197 21.027394804730164 20.31810099205822 20.704172134399414 697600
20.524607776345775 20.91067896496357 20.36299642180878 20.416866302490234 583500
20.479712706967998 21.682817432738297 20.4258428317448 21.332660675048828 458100
21.13513798416465 22.374155467022728 21.13513798416465 22.158674240112305 1004800
21.916256508269765 22.230500596194084 21.350618519999998 21.440401077270508 447400
21.323685581083954 21.47631834637458 20.793960202280765 20.892723083496094 501700
20.65928085796122 20.964546332719724 20.6143878690306 20.704172134399414 372700
20.650303242609418 20.7400875122497 20.42584342475497 20.55154037475586 561000
20.506648607273558 21.072286581284438 20.138534651768037 20.722129821777344 897900
20.587454038796146 21.539163153309826 20.587454038796146 21.40448760986328 843100
21.027396937064434 21.330866038042767 20.802937107126724 21.054332733154297 830700
21.06330955385882 21.34164097511074 21.05433266768271 21.171051025390625 434000
21.13513551368219 21.727709246543153 21.13513551368219 21.673837661743164 1158300
21.77260123875789 22.176629575608096 21.655882892830284 21.85340690612793 650000
21.7097543831892 21.86238713153019 20.793957893143254 20.919654846191406 667600
20.901698991936755 21.251855762084396 20.64132477952465 20.66826057434082 589100
20.704173900638484 20.9286337269626 20.587455544446676 20.7760009765625 460100
20.811912846872776 21.319192472344486 20.70417138980647 21.018415451049805 578700
21.18900765418601 21.979105478413228 20.955569232541194 21.64690589904785 547400
21.56609858706992 21.808515588723363 21.287767194434153 21.3147029876709 690800
21.467335778511767 21.539162848165184 21.06330744140355 21.19798469543457 358600
21.1620713822484 21.440401077270508 21.054331628526782 21.440401077270508 456100
21.449381092711942 21.467338290349527 20.901700264706598 20.91067886352539 612800
21.090242435205433 21.224917971638664 20.91965250906075 20.97352409362793 466400
20.820893966275424 20.930430128606574 20.425844192504883 20.425844192504883 882000
20.4258446160503 20.66377148885501 20.336060341173535 20.56052017211914 610300
20.722128765990295 21.027394232440578 20.479711769839945 20.829870223999023 634600
20.838849661007707 21.036375406130965 20.74008850093867 20.937612533569336 567000
20.91067570647586 21.099221115726444 20.775998457019885 21.018415451049805 390100
20.964547326976234 21.117180071594188 20.686217632376145 20.740087509155273 553800
21.997062322378152 22.041953601304364 21.260834388036134 21.368574142456055 1580200
21.566102492932867 21.754647942260515 21.40000097329539 21.548145294189453 1153800
21.404488886555185 21.817494139424355 21.39551028812422 21.458358764648438 699300
21.77260455203815 22.167654351243186 21.63792899009109 21.835453033447266 787700
21.682817872417814 21.887525799906424 21.45835805652841 21.467336654663086 832200
21.395509011967853 21.580463333634842 21.269812066416737 21.40448760986328 681800
21.664860895431808 21.700775288334018 21.395509798635253 21.440401077270508 585700
21.36857308310659 21.494271740354996 21.06330760656286 21.476314544677734 1063900
21.548144221805345 21.835452537430594 21.4852957418239 21.655885696411133 977600
21.637927518691825 21.862387344171008 21.503251965902827 21.619970321655273 500200
21.494272369560434 21.602012121793024 21.296746636313205 21.42244529724121 481200
21.233898731737803 21.50325154453019 21.189007452518673 21.2967472076416 512900
21.29674782803874 21.53018625426211 21.17105087256946 21.431425094604492 580200
21.54814210782734 21.62894777773109 21.25185522234441 21.494272232055664 841000
21.593032946873688 21.64690453404339 21.215940399147975 21.359596252441406 657800
21.180028070635267 21.45835775898083 21.180028070635267 21.260833740234375 753900
21.260834015644214 21.413466758809445 21.05433139621258 21.11717987060547 565800
21.153090988013414 21.2518538476165 20.892718511549415 21.018415451049805 660400
20.955570220947266 21.144115659346223 20.901700340332226 20.955570220947266 784700
20.99148162421648 21.12615888628308 20.83884887803452 20.90169906616211 604000
20.82986968344577 21.058817921095887 20.82986968344577 20.928630828857422 360500
20.964548600824852 21.05433287590721 20.829873044447616 20.982505798339844 394500
21.359597606845036 21.727711580051093 20.856806369667332 20.919654846191406 833700
21.00943818863355 21.081265260411225 20.578475757967496 20.76702117919922 1270400
20.820893673010715 20.84782775579105 20.60541244830529 20.758045196533203 1287100
20.569499058164883 20.668261933158075 20.21934226499648 20.416866302490234 1239800
20.48869152408689 20.493181679357452 19.994880618858325 20.11159896850586 986500
20.021816456603396 20.349529320398887 20.00386097142371 20.183427810668945 795600
20.255252838134766 20.47971264883548 20.219340158918726 20.255252838134766 591000
20.111600732472326 20.210363607177413 20.0011672205236 20.183427810668945 669800
20.210362473687447 20.686217910359783 20.210362473687447 20.596433639526367 726900
20.668261567672847 20.68172860948191 20.30014758328926 20.515628814697266 775000
20.45278006525013 20.74008836998709 20.291168715712445 20.470735549926758 813500
20.5721685021952 20.79347356047045 20.516842677320454 20.738147735595703 1040600
20.70126353469681 20.83957897023235 20.36008381885137 20.609052658081055 1130100
20.747368093616593 20.858021497310737 20.589688532281603 20.609052658081055 466000
20.86724204410828 21.000947733939096 20.58323485153403 20.69204330444336 786300
20.590609094467613 20.751976801339765 20.387746583146036 20.52606201171875 450800
20.65515698331421 20.941009114690434 20.433851937205894 20.74736785888672 980200
20.885682020411632 20.931788334776975 20.756587857740794 20.802692413330078 476800
20.848799432891678 21.162315346076223 20.848799432891678 21.116209030151367 358300
21.485050124685536 21.678693128258583 21.296018631955885 21.623367309570312 808600
21.623367185210263 21.807787166035887 21.448166708466275 21.669471740722656 852300
21.669472280323177 21.904608333333286 21.59570393440078 21.81700897216797 877300
21.81700884692452 21.94610301185361 21.807787583890143 21.863113403320312 725700
21.946105013371568 22.02909462947364 21.526547180311635 21.558820724487305 690700
21.54959916745554 21.54959916745554 21.217640734656015 21.438945770263672 477500
21.411283493041992 21.42972602033881 21.22686349640245 21.411283493041992 578600
21.43894669929014 21.669473007884655 21.32829329730326 21.614147186279297 595500
21.669474132215484 21.780127539943667 21.374400723308668 21.558820724487305 620600
21.53115537452596 21.576338329410962 21.291407827030856 21.49427032470703 518100
21.58648201015875 21.78934451553801 21.438945322832737 21.715576171875 809200
21.79856698151627 22.033704799079082 21.614146991567704 21.96454620361328 1099300
22.130524595158526 22.517808845924844 22.00143043116178 22.259618759155273 2217900
22.37027239047416 22.683788299560547 22.195071909802095 22.683788299560547 1783500
22.591577593564953 22.957652770152723 22.52703051041609 22.849767684936523 1459900
22.702232388613652 22.988084528186093 22.61002151039719 22.914316177368164 2027200
22.822105380698847 22.822105380698847 22.59157906372209 22.610021591186523 829200
22.591579942031593 22.591579942031593 22.361053616092494 22.52703285217285 870200
22.444042865003173 22.71145248413086 22.397938304084136 22.71145248413086 1519300
22.54547128714261 22.729891259146005 22.407154109670103 22.45326042175293 809700
22.53625319286252 22.59157901636362 22.305726876369015 22.351831436157227 556800
22.342608907042305 22.51780939011201 22.342608907042305 22.407155990600586 726600
22.573135574843192 22.97886236789928 22.48092470022461 22.95119857788086 1903000
22.914314473431993 22.960419029723724 22.72067146769933 22.72989273071289 645700
22.591577057308232 22.78060855008977 22.462482894074814 22.70223045349121 878800
22.499368104782192 23.05263161530475 22.499368104782192 22.914316177368164 1229500
22.914315283299114 23.043409452499443 22.869132324078997 22.95119857788086 515900
22.868209967654284 23.02496793373509 22.748337056546006 22.822105407714844 545200
22.776000475275467 23.015746293570995 22.776000475275467 22.840547561645508 472600
22.87743028696626 23.29237834439613 22.87743028696626 23.209388732910156 1135000
23.05263218626944 23.4214739494945 22.960421305769113 23.320043563842773 1235300
23.467578466879104 24.29747281009566 23.42977181531204 23.9562931060791 1874200
23.974737277450522 24.251368157910605 23.698106396990436 23.882526397705078 1155000
23.88252424341982 23.974735114847526 23.70732376358478 23.854862213134766 1029200
23.744209719323493 24.103830196924296 23.744209719323493 23.983957290649414 1257200
24.00240106900703 24.030063101787288 23.71654716591853 23.882526397705078 921900
23.85486391196956 24.29747401581193 23.79031506623003 24.205263137817383 1281100
24.205262549389875 24.205262549389875 23.6704415805544 23.799535751342773 872700
23.790315009639677 23.919410942035444 23.34770490685015 23.781095504760742 1334800
23.651997155925557 23.97473431577777 23.255491653145064 23.28315544128418 1219400
23.09873464656701 23.20016678177091 22.278061578175006 22.379493713378906 2048400
22.130525993357605 22.563914827568095 21.77090550877392 22.324167251586914 1345500
22.73911313213789 23.56993078278648 22.697618329537143 23.329259872436523 1486200
22.62846338474083 23.089516003740997 22.444041633630295 22.812883377075195 1512500
22.64690457346063 23.237053132709697 22.508589136946828 23.052631378173828 625300
23.126399226661256 23.20846723981728 22.794440779206774 23.117177963256836 2097600
23.052632518943543 23.11717960859238 22.78983264892969 23.043411254882812 1250500
22.960420918579707 23.48602064215908 22.858990534638433 23.29237937927246 1149700
23.172501949659303 23.716544135999158 23.10518831503678 23.3753662109375 1302600
23.513681509568844 23.70732274837634 23.204777126106602 23.421470642089844 1188200
23.246273391571766 23.25826121052397 22.564839049231217 23.0157470703125 813200
23.23705179671646 23.51183769771414 23.09873460937888 23.412250518798828 687800
23.338483098267414 23.605894461694124 23.273936012964736 23.587451934814453 617900
23.698105139815446 23.974736005600377 23.587451738235785 23.937850952148438 815000
24.117907343843157 24.117907343843157 23.45454573146247 23.587217330932617 644700
23.51140417543057 23.843084973795193 23.47349877969701 23.625123977661133 550100
23.634601423145035 23.833608823083093 23.312397416803904 23.407163619995117 715900
23.36925580714328 23.473498808690472 22.658512012990464 22.904903411865234 936600
22.77223135976598 22.88594935234695 22.573222161476927 22.69641876220703 597400
22.80066019167713 23.246060788551404 22.743801194794322 23.21763038635254 571600
23.265012463084503 23.378732263781323 23.12286406784966 23.283966064453125 560400
23.49245290013853 23.539835097730627 23.141818492406102 23.473499298095703 630700
23.620386861628752 23.862040785936784 23.520883155156085 23.78622817993164 1043400
23.880993178792092 24.098954184069076 23.76727337179127 24.042095184326172 458100
24.155812124376883 24.23162472321408 23.880992131410157 24.1652889251709 1010400
24.184242526758933 24.241101524008094 23.918897527071287 24.1652889251709 553200
24.1652889251709 24.25057832480211 23.97575652432045 24.1652889251709 451100
24.16529018312178 24.440111997909593 23.93785237477067 24.383251190185547 534600
24.326390643780204 24.44958543765527 23.956804454640096 24.184242248535156 445000
24.127382657234477 24.26953286713989 23.994711056005425 24.108430862426758 368600
24.25057946480143 24.496970874483694 24.117907862478294 24.449586868286133 459400
24.203196128346963 24.39272672168248 24.108429927921737 24.1652889251709 544700
24.089476603902327 24.411680604551698 24.061046201192692 24.14633560180664 528000
24.31691384309521 24.59173564041523 24.108429650570134 24.184242248535156 798000
24.146336458681812 24.525399470687216 24.06104705504122 24.449586868286133 530800
24.525398804822526 24.78126700879748 24.468539806444195 24.733884811401367 680700
24.45906150667213 24.60120989766495 23.530356757503174 23.928373336791992 1176100
24.08947630802478 24.364296300782634 23.96628151282607 23.985233306884766 434300
23.909422168665255 24.051570574121037 23.61564855638796 23.776750564575195 838000
24.032619229927928 24.534877059131972 24.032619229927928 24.345346450805664 467600
24.42115743765251 24.591736239105302 24.29796083326329 24.506446838378906 824100
24.402203977741568 24.515923781876463 24.127382172132634 24.3737735748291 566500
24.63911854268434 24.63911854268434 24.01366413966355 24.260055541992188 617700
24.364296319300433 24.430633924858544 23.78622593098493 24.1652889251709 588000
24.402203941312372 24.534875539675884 24.042094542533572 24.260055541992188 645400
24.260055526739738 24.468539725110602 23.956805126376672 24.079999923706055 642500
23.975756228218096 24.231624423951732 23.88099183647815 24.004186630249023 627700
24.00418647106846 24.127381264022386 23.691459280861682 23.956804275512695 760400
23.86203811703263 24.28848330029667 23.86203811703263 24.07052230834961 544700
24.231625829470925 24.33586883544922 23.947329022731058 24.33586883544922 715500
24.14633460366982 24.279008003315507 23.8525610178738 23.909420013427734 716400
24.01366440255467 24.316914806428244 23.91889819946543 24.061046600341797 606600
23.75779660338319 24.231625819429972 23.738843000937713 24.155813217163086 547800
24.184243341640677 24.270479882002526 24.023141337743983 24.174766540527344 421000
24.19371989954167 24.449586296969564 24.19371989954167 24.307437896728516 437600
24.364296737485677 24.430634344182398 24.22214833816549 24.260055541992188 709300
24.335868578998248 24.359559678057746 24.08947717224649 24.288484573364258 659600
24.38325021803485 24.686500617079183 24.25247289600462 24.326391220092773 530800
24.4780156622611 24.738621352906957 24.431580604501704 24.610687255859375 387700
24.639118331773936 24.790743530752888 24.449585929292773 24.752838134765625 290900
24.724407196044922 24.909200290324005 24.610687395518994 24.724407196044922 576100
24.85707920866942 24.95184540944985 24.699767568425997 24.81917381286621 356400
24.724407196044922 24.809696594560638 24.572782000353627 24.724407196044922 528600
24.71493133092982 24.790743931645263 24.591736532585337 24.66754913330078 278300
24.695977764271195 24.85707976696181 24.610688362404694 24.781267166137695 435300
24.77179106375522 25.065566481809867 24.77179106375522 25.03713607788086 435100
25.046612713487658 25.05608951473463 24.695978297409745 24.8096981048584 653100
24.70545456531358 25.00870496861004 24.64859556657424 24.781267166137695 1250900
24.71493119468684 24.90825395807576 24.553829193115234 24.553829193115234 542000
24.610688220623093 25.018181625523265 24.610688220623093 24.9139404296875 527900
25.112948607660222 25.66259042941407 24.96985306558579 25.577301025390625 992000
25.66258917427336 25.691019576729005 25.454104978810115 25.53939437866211 515600
25.340386668722456 25.728926487588193 25.255097263848022 25.624685287475586 4263000
25.634160997612895 25.956365023360515 25.501489389663323 25.81421661376953 592000
25.814213378852273 26.33068725473899 25.728923982282733 25.956361770629883 776500
26.11746581664345 26.25961421959662 25.94688701009364 26.070083618164062 1522200
26.10897896544179 26.497939169464697 25.914497936076057 26.44931983947754 687400
26.478490948098855 26.69242045338301 26.313182627974086 26.604904174804688 602400
26.60490379996627 26.60490379996627 26.27428716437481 26.322906494140625 309900
26.322907509130772 26.459043121491163 26.157599184960887 26.274288177490234 478400
26.196495376258774 26.274287417458524 25.987428917776587 26.254838943481445 396100
26.264563754553546 26.497939883253867 26.2159425685481 26.245115280151367 387500
26.24511477510961 26.316100036073827 25.885327279135822 25.93394660949707 428400
26.011738199762032 26.322906359977782 25.992289726071412 26.29373550415039 555000
26.517388398997383 26.770213002494042 26.400699407111 26.692420959472656 794100
26.818830869837505 26.83827934320832 26.53780729205071 26.55628204345703 546400
26.575730644719414 27.0522071163463 26.575730644719414 26.906347274780273 763600
26.82855682018673 26.993865144980646 26.741040539136502 26.848005294799805 400800
26.974416090751326 27.30503273323499 26.95496761655615 27.08138084411621 542300
27.08138091637411 27.25057856196471 26.70214308739063 26.760488510131836 547400
26.750763581064362 27.081380215878333 26.556282553041367 26.867450714111328 562500
26.92579618970555 27.217515877620478 26.813970247514547 27.09110450744629 408200
27.11055069247969 27.431443085932024 27.091104073716302 27.35365104675293 646100
27.343928847909247 27.577304967009976 27.149447821304374 27.15917205810547 625000
27.2272411145662 27.713441848754883 27.2272411145662 27.713441848754883 729800
27.71344090094987 27.830129889236154 27.363375790799555 27.4411678314209 615500
27.47033991010217 27.77178382873535 27.37309939788577 27.77178382873535 527100
27.83985290289918 27.83985290289918 27.450892690970193 27.65509796142578 514100
27.57730624332025 27.664822523871948 27.343930113418597 27.489789962768555 375000
27.431443915828826 27.431443915828826 27.256413213411957 27.275859832763672 331600
27.246688076376163 27.363375207466362 26.896622973688547 27.00358772277832 728000
27.159172748245982 27.60647652421167 27.11055156300499 27.499513626098633 387900
27.56758099009725 27.781508637612557 27.48006471277087 27.538408279418945 449300
27.53840935727842 27.72316615605538 27.236965420638153 27.616201400756836 456900
27.7134414575246 28.30660693836784 27.635649415340943 27.975990295410156 1161700
26.36180362844324 26.575731277520052 26.08953055758393 26.352079391479492 5067500
26.46876645864727 26.809107332683023 26.420147128660115 26.44931983947754 1604000
26.58545475351325 26.692419502344222 26.381249492536714 26.55628204345703 993400
26.546559209021602 26.595180395016918 26.35208002916614 26.468767166137695 714400
26.449320593192244 26.741040290845298 26.41042364432725 26.692420959472656 742200
26.818832221497587 26.857729170199605 26.28401215980498 26.342355728149414 993000
26.322907317568948 26.682696675099887 26.10897966331536 26.468767166137695 760600
26.50766411493395 26.61754447133702 26.20622018059739 26.468767166137695 642500
26.46876626967019 26.497938980279333 26.11870301590317 26.196495056152344 786500
26.26456343200076 26.643799404642845 26.196495627137676 26.410423278808594 894200
26.43959643148782 26.595180517974946 26.35694134226794 26.37152862548828 374400
26.400698468397692 26.517387456135037 26.313182191271817 26.420146942138672 310100
26.468766591865766 26.76048813738261 26.468766591865766 26.7021427154541 390700
26.809107147587845 26.935520372215354 26.66324730392487 26.867450714111328 685500
26.906348491476635 27.052208339638394 26.78965950012207 26.78965950012207 534200
26.8382801635342 27.14944832814422 26.828555926551566 27.02303695678711 553600
27.042484329368442 27.314757408341222 27.003589235062964 27.266138076782227 615700
27.227241230497654 27.314757511400945 26.575732169722404 26.624351501464844 813100
26.653523453710026 26.7410397321191 26.23539053569079 26.381250381469727 1056800
26.332630413771522 26.527111439908694 26.284011084591487 26.48821449279785 470300
26.497938919067384 26.79452165142866 26.42014687899791 26.741039276123047 512800
26.838279658830015 27.081380014698567 26.682695579450822 26.93552017211914 541300
26.954967431178797 27.20779202985159 26.935520811825942 27.052207946777344 495000
27.159172378647927 27.30503222296881 27.09110457494542 27.21751594543457 465900
27.36337687317002 27.431444679567576 27.1300007420747 27.29530906677246 588800
27.32448030883958 27.32448030883958 27.110550809145074 27.256412506103516 401600
27.314756460926922 27.616200386496054 27.178620853516712 27.4411678314209 523300
27.441168203809443 27.55785719367925 27.35365192508423 27.499513626098633 506600
27.54813270284059 27.693992547802665 27.460616424921632 27.567581176757812 620800
27.50923716034561 27.50923716034561 26.925795935319375 26.93552017211914 762700
26.974415018403956 27.41199639685679 26.94524230827093 27.22723960876465 589100
27.139723905851767 27.480064779085843 27.061931865230424 27.4411678314209 919800
27.373099385494633 27.557856173151308 27.26613649134267 27.324480056762695 799700
27.49951273782807 27.68426767165029 27.061931358336466 27.1299991607666 959500
27.18000030517578 27.700000762939453 27.059999465942383 27.559999465942383 909400
27.700000762939453 27.700000762939453 27.34000015258789 27.360000610351562 679800
27.360000610351562 27.459999084472656 26.309999465942383 26.579999923706055 1486100
26.450000762939453 26.670000076293945 25.829999923706055 26.190000534057617 1546200
26.25 26.329999923706055 25.889999389648438 26.059999465942383 944300
26.059999465942383 26.450000762939453 25.950000762939453 26.309999465942383 927200
26.18000030517578 26.479999542236328 26.06999969482422 26.1200008392334 535300
26.049999237060547 26.549999237060547 26.049999237060547 26.43000030517578 722000
26.56999969482422 26.93000030517578 26.53499984741211 26.68000030517578 451800
26.729999542236328 26.84000015258789 26.510000228881836 26.649999618530273 510000
26.649999618530273 26.950000762939453 26.479999542236328 26.649999618530273 755500
26.780000686645508 27.049999237060547 26.649999618530273 26.770000457763672 600100
27.030000686645508 27.469999313354492 26.989999771118164 27.280000686645508 715400
27.25 27.579999923706055 27.219999313354492 27.5 604000
27.5 27.68000030517578 27.309999465942383 27.329999923706055 687800
27.450000762939453 27.518999099731445 26.850000381469727 26.850000381469727 613300
26.8799991607666 27.040000915527344 26.56999969482422 26.6299991607666 651500
