384.0 420.0 375.0299987792969 390.0 16860
369.8999938964844 374.3999938964844 305.70001220703125 342.29998779296875 36620
330.0 351.0 317.3999938964844 327.0 39787
329.9700012207031 372.0 318.8999938964844 336.0 62173
359.70001220703125 359.70001220703125 336.29998779296875 344.70001220703125 14267
331.79998779296875 339.29998779296875 326.1000061035156 328.5 16830
324.6000061035156 328.5 303.92999267578125 312.29998779296875 20650
315.0 324.0 294.8999938964844 295.79998779296875 19480
301.5 306.29998779296875 262.79998779296875 267.0 76423
265.5 267.8999938964844 240.60000610351562 266.70001220703125 29953
266.70001220703125 277.79998779296875 256.5 269.1000061035156 14303
291.0 303.0 279.0 288.0 52347
302.70001220703125 312.0 292.20001220703125 294.0 21117
295.5 295.79998779296875 261.6000061035156 264.8999938964844 34923
265.20001220703125 276.0 257.3999938964844 262.20001220703125 20267
291.8999938964844 292.20001220703125 265.79998779296875 277.20001220703125 28553
273.29998779296875 325.5 270.8999938964844 321.6000061035156 52073
324.8999938964844 332.1000061035156 301.20001220703125 309.29998779296875 52653
333.29998779296875 343.20001220703125 300.0 301.20001220703125 66310
307.5 321.0 297.6000061035156 306.0 27470
306.6000061035156 309.0 288.0 299.3999938964844 26830
294.6000061035156 308.70001220703125 277.20001220703125 306.29998779296875 42300
303.8999938964844 318.6000061035156 280.5 294.6000061035156 53150
300.0 300.0 277.5 279.8999938964844 36320
285.0 297.8399963378906 273.0 278.70001220703125 38037
270.0 279.0 256.5 264.0 35883
267.6000061035156 281.3999938964844 258.0 273.29998779296875 21353
268.5 288.0 259.7699890136719 267.0 32320
269.3999938964844 273.0 258.8999938964844 270.8999938964844 16423
268.79998779296875 329.1000061035156 268.79998779296875 314.3999938964844 103630
337.6199951171875 364.5 322.5 331.20001220703125 74957
336.6000061035156 342.0 307.20001220703125 316.5 34387
325.5 344.70001220703125 310.20001220703125 330.29998779296875 43903
351.8999938964844 352.5 336.6000061035156 352.5 34580
380.9700012207031 411.0 351.4200134277344 387.8999938964844 86903
454.1700134277344 579.0 447.0 545.0999755859375 308213
517.7999877929688 524.4000244140625 447.0 474.6000061035156 152190
463.5 583.7999877929688 452.3999938964844 538.7999877929688 174973
569.4000244140625 582.0 531.0 576.0 79823
545.7000122070312 566.0999755859375 511.79998779296875 516.5999755859375 44523
509.70001220703125 523.6199951171875 466.79998779296875 484.5 32283
490.5 524.7000122070312 480.6000061035156 481.79998779296875 28060
465.0 469.79998779296875 432.29998779296875 442.5 40510
405.0 430.20001220703125 385.5 429.0 40537
429.8999938964844 457.5 422.3399963378906 426.0 26070
432.0 446.70001220703125 397.67999267578125 414.8999938964844 23537
405.0 419.1000061035156 367.3500061035156 396.0 78813
410.1300048828125 427.5 393.0 414.6000061035156 34330
416.70001220703125 446.1000061035156 414.0 432.0 31300
437.3999938964844 442.5 391.5 398.1000061035156 38653
394.20001220703125 396.29998779296875 337.5 360.0 62627
369.6000061035156 369.6000061035156 310.5 364.79998779296875 32547
364.5 380.70001220703125 336.8999938964844 349.79998779296875 31650
364.79998779296875 383.70001220703125 355.5 373.5 23617
378.0 385.5 354.8999938964844 370.79998779296875 26713
376.79998779296875 408.45001220703125 364.20001220703125 399.8999938964844 33530
386.3999938964844 395.3999938964844 375.29998779296875 378.8999938964844 28787
385.79998779296875 405.0 378.29998779296875 404.1000061035156 28543
406.20001220703125 414.6000061035156 378.0 387.6000061035156 18653
389.3999938964844 420.0 380.3999938964844 419.3999938964844 39360
402.6000061035156 425.1000061035156 397.7099914550781 402.6000061035156 16573
398.3999938964844 420.8999938964844 393.29998779296875 414.0 42723
415.20001220703125 419.70001220703125 405.6000061035156 416.1000061035156 8190
406.20001220703125 406.20001220703125 376.20001220703125 381.6000061035156 18490
382.5 382.5 356.1000061035156 369.29998779296875 18660
359.3999938964844 378.8999938964844 350.70001220703125 369.0 13440
372.8999938964844 378.6000061035156 355.79998779296875 369.8999938964844 7483
369.8999938964844 378.29998779296875 355.20001220703125 368.1000061035156 14253
365.3999938964844 366.0 346.1400146484375 353.1000061035156 17443
340.32000732421875 348.0 303.6000061035156 308.70001220703125 48680
318.0 328.79998779296875 310.20001220703125 324.6000061035156 14413
328.20001220703125 330.8999938964844 316.5299987792969 327.0 9150
322.5 326.2799987792969 309.29998779296875 310.5 8473
312.0 315.0 295.5 299.70001220703125 13453
300.29998779296875 310.5 292.20001220703125 308.1000061035156 9693
326.7900085449219 372.510009765625 326.3999938964844 364.5 63483
360.0 362.70001220703125 327.8999938964844 329.1000061035156 21240
330.0 357.6000061035156 330.0 356.70001220703125 8827
353.7900085449219 365.1000061035156 347.70001220703125 350.3999938964844 11637
355.79998779296875 357.0 341.70001220703125 342.6000061035156 5283
343.5 345.6000061035156 314.70001220703125 316.79998779296875 15670
316.79998779296875 324.8999938964844 297.0 318.8999938964844 15737
317.1000061035156 317.3999938964844 297.29998779296875 303.0 11900
298.5 317.1000061035156 298.20001220703125 310.5 6060
311.3999938964844 313.5 295.6499938964844 299.1000061035156 9307
301.5 325.20001220703125 300.0 325.20001220703125 4950
321.6000061035156 327.6000061035156 312.29998779296875 313.5 5943
313.5 317.82000732421875 302.1000061035156 303.0 7287
304.5 326.3999938964844 303.6000061035156 326.3999938964844 15207
325.79998779296875 325.79998779296875 304.5 317.70001220703125 4990
311.70001220703125 319.20001220703125 297.6000061035156 300.6000061035156 14497
307.20001220703125 308.3999938964844 286.5899963378906 290.1000061035156 11320
286.79998779296875 291.29998779296875 272.1600036621094 289.5 8983
293.1000061035156 293.70001220703125 281.70001220703125 283.20001220703125 3907
279.6000061035156 280.5 264.6000061035156 272.3999938964844 9540
271.5 288.0 271.5 284.70001220703125 5797
284.1000061035156 284.1000061035156 260.6099853515625 264.0 11057
251.6999969482422 264.29998779296875 246.3000030517578 260.70001220703125 6790
259.79998779296875 269.70001220703125 249.60000610351562 266.70001220703125 8687
268.5 270.6000061035156 250.1999969482422 253.5 5713
256.5 264.6000061035156 253.8000030517578 258.8999938964844 4317
254.6999969482422 262.5 250.1999969482422 256.5 5693
257.3999938964844 263.3999938964844 250.8000030517578 251.10000610351562 8663
243.0 250.8000030517578 238.5 245.10000610351562 10790
243.89999389648438 257.3999938964844 243.89999389648438 257.1000061035156 6917
260.1000061035156 271.3800048828125 255.89999389648438 269.1000061035156 5877
267.6000061035156 273.0 264.0 271.79998779296875 9163
272.1000061035156 288.8999938964844 270.0 288.0 9130
285.6000061035156 303.8999938964844 285.0 303.6000061035156 10550
305.1000061035156 335.70001220703125 298.3500061035156 329.70001220703125 19130
329.3999938964844 366.8999938964844 311.3699951171875 366.8999938964844 89547
365.1000061035156 366.29998779296875 329.1300048828125 338.1000061035156 11837
342.0 346.5 330.3599853515625 332.1000061035156 7470
337.5 341.1000061035156 330.29998779296875 334.04998779296875 6740
337.79998779296875 342.0 321.0 324.0 4383
325.5 338.3999938964844 318.3299865722656 330.6000061035156 4217
333.6000061035156 334.5 321.0 329.70001220703125 3680
333.29998779296875 350.70001220703125 325.5 337.5 8013
339.0 340.5 321.0 324.29998779296875 6100
324.29998779296875 344.70001220703125 322.5 344.1000061035156 4473
345.8999938964844 351.0 328.20001220703125 330.0 4420
327.6000061035156 330.0 315.05999755859375 320.3999938964844 2710
329.70001220703125 333.29998779296875 319.5 322.5 3697
321.0 327.4200134277344 318.29998779296875 323.1000061035156 1663
318.8999938964844 326.70001220703125 313.20001220703125 325.5 5480
328.79998779296875 328.79998779296875 311.3999938964844 312.0 3360
309.0 311.3999938964844 296.70001220703125 301.20001220703125 4563
303.6000061035156 312.8999938964844 303.6000061035156 312.0 2273
313.79998779296875 320.3399963378906 309.6000061035156 312.8999938964844 2860
310.79998779296875 326.70001220703125 310.79998779296875 326.3999938964844 5030
322.5 326.3999938964844 301.79998779296875 305.1000061035156 5737
308.3999938964844 309.17999267578125 300.0 304.20001220703125 2297
303.6000061035156 305.54998779296875 297.29998779296875 304.5 2330
305.1000061035156 309.29998779296875 302.3999938964844 306.29998779296875 2300
304.5 304.5 297.0 299.1000061035156 2297
295.5 299.3999938964844 288.6000061035156 296.1000061035156 1993
295.5 296.07000732421875 274.20001220703125 278.1000061035156 3163
270.0 285.0 267.6000061035156 269.3999938964844 4113
279.6000061035156 283.4700012207031 271.9200134277344 282.6000061035156 2490
282.29998779296875 285.3299865722656 270.8999938964844 273.0 2800
273.0 280.3800048828125 267.29998779296875 269.70001220703125 4037
270.8999938964844 277.5 265.44000244140625 274.3500061035156 3063
282.29998779296875 284.1000061035156 267.29998779296875 277.79998779296875 2627
276.29998779296875 282.0 265.5 266.1000061035156 2310
262.5 270.0 255.3300018310547 264.0 3720
266.1000061035156 281.3999938964844 264.0 272.1000061035156 3220
273.8999938964844 282.8999938964844 273.8999938964844 275.70001220703125 2200
275.3999938964844 277.5 267.29998779296875 272.1000061035156 1690
276.0 276.0 270.0 270.6000061035156 3070
279.0 294.0 275.1000061035156 287.3999938964844 3487
289.5 289.5 275.1000061035156 276.29998779296875 3173
276.0 311.70001220703125 276.0 299.3999938964844 8447
300.29998779296875 309.0 292.5 308.3999938964844 3323
306.8999938964844 318.0 300.9599914550781 303.8999938964844 4467
304.5 307.95001220703125 292.79998779296875 295.20001220703125 1633
296.1000061035156 307.20001220703125 291.8999938964844 304.79998779296875 1880
301.20001220703125 309.8999938964844 296.3999938964844 299.70001220703125 1427
301.5 308.70001220703125 299.42999267578125 304.79998779296875 1587
309.0 322.20001220703125 305.1000061035156 319.5 4493
321.0 329.1000061035156 311.1000061035156 329.1000061035156 2993
327.6000061035156 330.0 318.6000061035156 330.0 5423
330.0 335.70001220703125 325.5 333.0 5380
334.5 334.5 324.6000061035156 333.29998779296875 4290
333.29998779296875 372.0 317.25 371.3999938964844 31557
341.1000061035156 349.79998779296875 305.3999938964844 314.70001220703125 11080
309.8999938964844 312.6300048828125 289.79998779296875 295.20001220703125 8303
294.6000061035156 302.1000061035156 290.1300048828125 293.70001220703125 2937
292.20001220703125 306.0 292.20001220703125 301.20001220703125 3210
302.3999938964844 309.29998779296875 295.8299865722656 301.5 2540
301.79998779296875 310.20001220703125 301.3500061035156 307.79998779296875 2673
308.3999938964844 314.3999938964844 306.29998779296875 311.1000061035156 3307
308.1000061035156 308.1000061035156 295.79998779296875 296.3999938964844 3563
296.3999938964844 306.29998779296875 291.29998779296875 291.6000061035156 2457
290.1000061035156 300.29998779296875 290.1000061035156 295.5 3177
295.79998779296875 297.6000061035156 282.8999938964844 283.5 3027
282.8999938964844 291.6000061035156 277.20001220703125 277.79998779296875 4990
280.5 283.79998779296875 276.0 278.1000061035156 4883
281.1000061035156 288.75 276.0 279.6000061035156 4003
276.6000061035156 285.0 275.8500061035156 277.20001220703125 4507
279.0 279.0 258.6000061035156 258.8999938964844 8210
264.29998779296875 289.79998779296875 261.0 282.0 5623
279.29998779296875 279.29998779296875 264.0 265.20001220703125 5063
266.3999938964844 272.3999938964844 261.6000061035156 264.0 5420
264.6000061035156 267.7200012207031 255.08999633789062 257.70001220703125 3440
259.5 260.760009765625 248.6999969482422 249.89999389648438 2907
250.5 261.57000732421875 247.8000030517578 252.0 3440
252.0 260.8500061035156 248.6999969482422 259.20001220703125 1703
257.70001220703125 263.3999938964844 254.6999969482422 258.29998779296875 2130
247.5 251.39999389648438 234.36000061035156 237.0 9057
240.0 247.5 230.39999389648438 243.0 3873
245.39999389648438 259.5 242.10000610351562 259.20001220703125 2793
258.6000061035156 268.260009765625 256.5 261.6000061035156 2630
258.29998779296875 267.75 253.52999877929688 261.29998779296875 3063
264.8999938964844 269.1000061035156 251.39999389648438 252.60000610351562 2827
252.60000610351562 252.60000610351562 232.8000030517578 235.1999969482422 7977
237.60000610351562 243.14999389648438 229.74000549316406 236.10000610351562 3723
236.39999389648438 240.3000030517578 228.0 232.8000030517578 4553
233.10000610351562 236.39999389648438 224.39999389648438 225.0 5577
222.60000610351562 229.5 213.3300018310547 215.6999969482422 5697
215.10000610351562 225.0 213.0 213.89999389648438 2900
213.0 217.0500030517578 203.10000610351562 214.8000030517578 5057
217.8000030517578 229.5 212.6999969482422 217.8000030517578 13083
219.3000030517578 220.8000030517578 213.3000030517578 214.8000030517578 1700
214.8000030517578 218.61000061035156 207.0 207.60000610351562 3233
209.10000610351562 218.10000610351562 207.89999389648438 211.8000030517578 2427
213.60000610351562 214.6199951171875 207.60000610351562 207.89999389648438 2497
209.10000610351562 216.0 207.3000030517578 208.1999969482422 2730
210.3000030517578 210.3000030517578 201.3000030517578 203.6999969482422 2873
202.5 204.75 198.27000427246094 201.89999389648438 2760
202.5 222.3000030517578 200.10000610351562 219.3000030517578 5027
217.1999969482422 223.1999969482422 210.89999389648438 219.89999389648438 2003
219.89999389648438 228.0 219.60000610351562 220.8000030517578 1637
220.8000030517578 220.8000030517578 204.3000030517578 205.1999969482422 3017
207.0 213.89999389648438 202.8000030517578 213.0 2210
213.60000610351562 213.60000610351562 204.89999389648438 205.8000030517578 1813
203.6999969482422 206.10000610351562 198.89999389648438 199.8000030517578 2037
199.8000030517578 205.77000427246094 198.60000610351562 202.8000030517578 2430
203.10000610351562 203.30999755859375 198.0 200.39999389648438 1880
201.0 213.0 199.8000030517578 204.89999389648438 2417
204.60000610351562 206.39999389648438 197.5800018310547 200.10000610351562 3357
200.10000610351562 206.1300048828125 195.0 195.3000030517578 3067
195.0 196.8000030517578 187.5 191.10000610351562 5587
188.6999969482422 193.88999938964844 185.6999969482422 191.10000610351562 4197
195.0 203.39999389648438 192.89999389648438 200.39999389648438 6260
199.5 201.60000610351562 189.0 189.60000610351562 6863
187.5 190.5 176.10000610351562 179.39999389648438 12737
174.0 174.0 165.0 167.10000610351562 18323
171.89999389648438 181.5 158.39999389648438 172.5 40070
176.10000610351562 187.1999969482422 169.1999969482422 178.1999969482422 16317
178.1999969482422 186.3000030517578 171.3000030517578 183.89999389648438 8880
180.89999389648438 184.0800018310547 169.5 172.5 7143
175.5 175.8000030517578 153.3000030517578 157.1999969482422 8633
160.1999969482422 161.07000732421875 152.39999389648438 156.3000030517578 6153
156.0 159.89999389648438 147.3000030517578 157.8000030517578 5693
157.8000030517578 161.6999969482422 148.8000030517578 156.89999389648438 4340
152.39999389648438 161.39999389648438 150.0 160.1999969482422 2307
157.5 158.10000610351562 150.6300048828125 156.60000610351562 2887
157.8000030517578 158.33999633789062 143.63999938964844 146.39999389648438 5090
144.0 149.10000610351562 136.22999572753906 148.8000030517578 7430
150.0 151.8000030517578 126.5999984741211 129.89999389648438 11993
130.8000030517578 145.5 129.14999389648438 144.89999389648438 7663
144.3000030517578 144.3000030517578 134.6999969482422 137.6999969482422 5733
137.6999969482422 142.1999969482422 130.5 138.60000610351562 5270
141.0 149.8800048828125 137.39999389648438 138.89999389648438 6923
141.89999389648438 142.8000030517578 135.3000030517578 139.8000030517578 4440
140.25 141.72000122070312 128.10000610351562 130.1999969482422 3893
133.1999969482422 136.8000030517578 120.30000305175781 123.9000015258789 6910
122.0999984741211 126.0 115.5 121.5 5497
118.5 123.0 111.30000305175781 116.4000015258789 10300
115.19999694824219 119.4000015258789 110.69999694824219 117.30000305175781 13283
121.19999694824219 122.4000015258789 116.0999984741211 117.0 5750
115.80000305175781 122.69999694824219 111.0 115.80000305175781 7880
111.9000015258789 114.9000015258789 104.69999694824219 104.69999694824219 9877
107.4000015258789 111.0 103.5 109.19999694824219 6760
110.0999984741211 110.69999694824219 99.9000015258789 104.69999694824219 15143
105.9000015258789 107.69999694824219 99.5999984741211 104.69999694824219 10930
106.0199966430664 106.0199966430664 93.5999984741211 93.9000015258789 21470
94.19999694824219 95.69999694824219 90.0 92.0999984741211 14213
92.4000015258789 99.5999984741211 90.75 92.4000015258789 12510
91.80000305175781 101.69999694824219 91.80000305175781 96.5999984741211 16260
96.0 99.0 89.45999908447266 93.0 16960
95.69999694824219 101.0999984741211 93.0 97.5 8967
97.5 99.9000015258789 93.33000183105469 96.30000305175781 6813
96.30000305175781 100.19999694824219 87.30000305175781 87.9000015258789 5913
89.4000015258789 91.80000305175781 82.5 82.80000305175781 12807
83.69999694824219 87.0 79.19999694824219 80.0999984741211 5733
81.0 82.19999694824219 76.80000305175781 80.0999984741211 8353
78.9000015258789 84.9000015258789 77.69999694824219 81.5999984741211 9323
82.80000305175781 87.0 78.5999984741211 79.19999694824219 7247
81.0 81.9000015258789 73.5 73.80000305175781 7057
74.55000305175781 83.69999694824219 69.9000015258789 82.80000305175781 18027
82.5 82.5 67.80000305175781 68.69999694824219 9537
68.0999984741211 68.69999694824219 62.099998474121094 63.0 12607
63.0 67.80000305175781 62.70000076293945 63.0 8430
61.20000076293945 61.79999923706055 56.70000076293945 59.099998474121094 9747
58.20000076293945 59.099998474121094 49.79999923706055 55.20000076293945 11267
52.5 60.0 52.5 57.599998474121094 4210
60.0 66.98999786376953 60.0 60.599998474121094 9850
63.29999923706055 65.25 55.5 55.5 6270
54.900001525878906 57.18000030517578 53.099998474121094 57.0 5090
57.0 64.80000305175781 57.0 60.900001525878906 7973
63.0 66.9000015258789 60.45000076293945 66.30000305175781 7350
66.5999984741211 66.5999984741211 59.099998474121094 60.599998474121094 3873
60.900001525878906 61.5 56.70000076293945 57.29999923706055 3053
58.20000076293945 60.0 55.79999923706055 60.0 2813
60.900001525878906 63.0 58.59000015258789 61.20000076293945 4103
62.099998474121094 63.900001525878906 61.5 63.29999923706055 5087
62.099998474121094 65.4000015258789 59.400001525878906 63.29999923706055 10163
63.0 64.5 57.599998474121094 59.400001525878906 8977
59.70000076293945 60.45000076293945 46.79999923706055 48.0 58510
47.400001525878906 53.099998474121094 47.400001525878906 48.29999923706055 18537
48.29999923706055 49.79999923706055 44.400001525878906 45.0 24290
45.900001525878906 46.5 42.900001525878906 43.79999923706055 13840
43.20000076293945 45.0 41.70000076293945 42.29999923706055 14017
42.599998474121094 43.5 38.70000076293945 39.29999923706055 12897
39.29999923706055 39.540000915527344 36.900001525878906 37.5 12403
36.900001525878906 39.0 33.29999923706055 34.20000076293945 12603
28.5 38.099998474121094 28.5 33.0 30203
33.0 37.20000076293945 33.0 35.70000076293945 10723
36.0 37.79999923706055 34.79999923706055 35.099998474121094 9377
35.400001525878906 35.70000076293945 31.170000076293945 32.400001525878906 9810
36.0 36.900001525878906 29.700000762939453 30.0 14083
30.600000381469727 31.799999237060547 29.399999618530273 31.200000762939453 12390
31.5 31.799999237060547 30.0 31.200000762939453 5523
30.0 31.5 27.239999771118164 27.239999771118164 10820
28.5 31.799999237060547 28.5 30.899999618530273 6907
32.099998474121094 32.099998474121094 29.520000457763672 29.850000381469727 10277
30.0 31.200000762939453 29.010000228881836 30.600000381469727 4303
30.899999618530273 31.920000076293945 29.700000762939453 30.299999237060547 31880
30.0 31.799999237060547 27.600000381469727 28.739999771118164 8067
27.899999618530273 29.100000381469727 27.899999618530273 28.649999618530273 4520
29.100000381469727 32.099998474121094 28.799999237060547 30.899999618530273 15433
32.400001525878906 34.5 31.200000762939453 32.70000076293945 8763
33.900001525878906 35.70000076293945 32.70000076293945 34.5 8670
38.099998474121094 38.099998474121094 33.29999923706055 34.20000076293945 8017
34.20000076293945 39.0 33.599998474121094 39.0 14603
38.70000076293945 43.470001220703125 36.599998474121094 37.20000076293945 16790
37.20000076293945 51.900001525878906 36.599998474121094 47.400001525878906 76743
60.150001525878906 119.4000015258789 56.400001525878906 115.19999694824219 4362760
88.5 92.4000015258789 57.0 57.29999923706055 1932037
65.0999984741211 98.4000015258789 59.099998474121094 80.4000015258789 4251270
78.5999984741211 97.19999694824219 75.0 78.0 2233097
78.0 82.19999694824219 69.9000015258789 74.69999694824219 328133
77.69999694824219 94.19999694824219 72.0 74.0999984741211 2071773
72.5999984741211 72.5999984741211 66.5999984741211 67.80000305175781 231990
63.900001525878906 68.69999694824219 58.5 63.599998474121094 268573
65.0999984741211 71.69999694824219 59.70000076293945 61.5 368183
60.0 61.04999923706055 53.70000076293945 56.70000076293945 110827
56.70000076293945 57.0 51.0 51.900001525878906 84287
51.599998474121094 56.43000030517578 49.20000076293945 53.400001525878906 87160
53.400001525878906 57.900001525878906 50.400001525878906 51.29999923706055 68417
50.400001525878906 53.70000076293945 49.20000076293945 52.79999923706055 47467
52.79999923706055 52.79999923706055 48.0 49.20000076293945 37397
48.900001525878906 49.439998626708984 43.20000076293945 45.900001525878906 52147
44.70000076293945 51.599998474121094 43.5 51.599998474121094 71850
51.0 51.900001525878906 47.400001525878906 47.70000076293945 75487
46.79999923706055 49.380001068115234 44.099998474121094 44.70000076293945 28470
44.400001525878906 48.599998474121094 44.400001525878906 47.70000076293945 31383
46.79999923706055 48.900001525878906 44.400001525878906 47.400001525878906 29747
46.20000076293945 46.20000076293945 42.29999923706055 43.20000076293945 26360
45.0 48.900001525878906 43.79999923706055 43.79999923706055 39147
43.79999923706055 45.29999923706055 41.70000076293945 42.900001525878906 30477
42.0 45.29999923706055 40.5 41.099998474121094 30163
40.5 44.099998474121094 39.900001525878906 43.79999923706055 19077
42.599998474121094 45.0 42.29999923706055 43.79999923706055 16497
42.599998474121094 43.79999923706055 40.79999923706055 43.5 18217
42.0 43.20000076293945 40.79999923706055 42.0 23053
41.400001525878906 43.20000076293945 39.599998474121094 42.0 13877
39.29999923706055 40.40999984741211 35.099998474121094 35.099998474121094 26753
35.400001525878906 35.70000076293945 33.0 34.5 15660
33.29999923706055 34.5 30.0 30.0 17073
30.0 32.70000076293945 30.0 31.5 37783
31.799999237060547 34.20000076293945 30.299999237060547 31.799999237060547 55407
31.799999237060547 39.900001525878906 31.799999237060547 39.0 82587
39.0 40.79999923706055 35.70000076293945 39.29999923706055 26023
36.900001525878906 40.20000076293945 36.900001525878906 38.70000076293945 17250
38.099998474121094 39.29999923706055 36.0 36.900001525878906 18583
38.400001525878906 38.400001525878906 33.599998474121094 35.400001525878906 13860
36.29999923706055 36.29999923706055 32.099998474121094 32.400001525878906 14943
31.5 31.799999237060547 30.299999237060547 31.200000762939453 11187
31.200000762939453 33.599998474121094 31.200000762939453 32.70000076293945 5673
33.0 34.79999923706055 32.099998474121094 33.599998474121094 16810
33.599998474121094 34.5 32.400001525878906 34.20000076293945 14690
33.29999923706055 35.70000076293945 33.0 34.5 11173
34.5 34.5 32.4900016784668 33.599998474121094 9357
32.70000076293945 35.400001525878906 32.70000076293945 34.79999923706055 8300
34.5 35.70000076293945 33.900001525878906 34.5 7500
34.5 34.5 32.099998474121094 32.099998474121094 14127
31.799999237060547 38.099998474121094 31.799999237060547 38.099998474121094 22967
37.20000076293945 39.0 34.79999923706055 35.70000076293945 20477
36.599998474121094 36.599998474121094 33.599998474121094 34.20000076293945 8250
33.900001525878906 34.04999923706055 32.099998474121094 33.29999923706055 8083
31.5 32.099998474121094 27.600000381469727 29.520000457763672 21623
30.600000381469727 30.600000381469727 28.5 30.0 10823
30.899999618530273 31.5 29.700000762939453 31.200000762939453 7070
30.600000381469727 30.899999618530273 28.799999237060547 28.799999237060547 14093
29.100000381469727 31.5 29.100000381469727 29.3700008392334 8730
30.299999237060547 31.5 29.399999618530273 30.899999618530273 8030
29.639999389648438 30.899999618530273 29.639999389648438 29.700000762939453 7160
30.0 33.0 30.0 33.0 18793
33.0 33.900001525878906 31.799999237060547 32.400001525878906 9483
31.5 32.099998474121094 30.899999618530273 30.899999618530273 5360
31.200000762939453 32.099998474121094 30.0 30.0 6800
30.299999237060547 30.299999237060547 29.100000381469727 29.700000762939453 6663
28.799999237060547 29.700000762939453 28.5 29.280000686645508 7620
28.530000686645508 29.760000228881836 28.5 29.100000381469727 3610
28.200000762939453 31.049999237060547 28.200000762939453 30.899999618530273 5043
29.549999237060547 31.200000762939453 29.399999618530273 29.549999237060547 13147
29.399999618530273 30.899999618530273 29.190000534057617 30.899999618530273 6113
30.899999618530273 32.400001525878906 30.0 32.400001525878906 12883
32.099998474121094 32.099998474121094 30.299999237060547 30.299999237060547 4637
30.899999618530273 31.200000762939453 30.299999237060547 30.600000381469727 2733
30.299999237060547 30.899999618530273 30.0 30.0 2327
29.700000762939453 43.79999923706055 29.399999618530273 40.79999923706055 465313
38.400001525878906 39.119998931884766 33.900001525878906 36.900001525878906 109777
37.5 37.79999923706055 33.29999923706055 33.599998474121094 167040
33.29999923706055 35.099998474121094 32.099998474121094 32.70000076293945 77797
32.099998474121094 35.400001525878906 31.799999237060547 33.0 203070
33.0 33.0 30.299999237060547 30.899999618530273 92607
30.899999618530273 31.5 28.530000686645508 28.829999923706055 51330
29.15999984741211 30.299999237060547 28.5 29.100000381469727 39143
29.81999969482422 29.81999969482422 27.299999237060547 27.600000381469727 45773
27.899999618530273 29.309999465942383 27.059999465942383 28.200000762939453 29593
28.200000762939453 29.010000228881836 27.450000762939453 28.200000762939453 22517
28.200000762939453 28.5 27.299999237060547 27.600000381469727 24193
29.399999618530273 30.299999237060547 27.65999984741211 28.260000228881836 31903
28.139999389648438 30.0 28.139999389648438 29.3700008392334 41177
29.309999465942383 30.600000381469727 29.100000381469727 30.600000381469727 28810
30.299999237060547 32.099998474121094 29.8799991607666 31.799999237060547 30827
30.600000381469727 31.799999237060547 30.0 30.600000381469727 18437
30.299999237060547 32.70000076293945 30.0 32.400001525878906 60950
32.099998474121094 32.099998474121094 29.100000381469727 29.700000762939453 34287
30.899999618530273 32.400001525878906 29.729999542236328 32.400001525878906 43700
31.799999237060547 33.0 30.299999237060547 30.600000381469727 46100
30.899999618530273 31.200000762939453 29.700000762939453 30.600000381469727 38950
30.600000381469727 32.400001525878906 30.0 31.5 105767
31.200000762939453 31.799999237060547 30.0 31.200000762939453 42140
30.899999618530273 32.099998474121094 29.15999984741211 29.399999618530273 53557
29.700000762939453 30.299999237060547 27.899999618530273 28.59000015258789 43727
28.5 28.770000457763672 26.309999465942383 26.309999465942383 56097
26.100000381469727 26.489999771118164 24.600000381469727 24.600000381469727 24220
24.899999618530273 25.200000762939453 24.059999465942383 24.299999237060547 15587
24.299999237060547 26.190000534057617 24.299999237060547 26.06999969482422 21020
25.799999237060547 26.579999923706055 25.559999465942383 26.549999237060547 20637
26.399999618530273 26.489999771118164 24.389999389648438 24.6299991607666 16883
24.209999084472656 25.829999923706055 24.149999618530273 25.170000076293945 11630
25.5 25.5 24.0 24.299999237060547 10187
24.600000381469727 25.260000228881836 24.0 24.56999969482422 12730
24.299999237060547 24.989999771118164 22.799999237060547 24.299999237060547 12330
24.899999618530273 24.899999618530273 23.43000030517578 24.059999465942383 9607
24.600000381469727 24.600000381469727 23.040000915527344 23.399999618530273 9090
23.700000762939453 24.56999969482422 23.610000610351562 24.56999969482422 3320
24.030000686645508 24.899999618530273 23.760000228881836 24.329999923706055 7033
24.8700008392334 25.799999237060547 24.299999237060547 25.799999237060547 8793
25.5 25.799999237060547 24.93000030517578 25.31999969482422 8637
24.030000686645508 25.260000228881836 24.0 24.149999618530273 5497
24.899999618530273 24.899999618530273 24.0 24.360000610351562 5190
24.84000015258789 25.31999969482422 23.729999542236328 23.81999969482422 2630
23.700000762939453 24.0 22.5 22.5 7597
23.399999618530273 23.399999618530273 21.329999923706055 21.93000030517578 5517
21.420000076293945 21.93000030517578 20.399999618530273 20.43000030517578 10700
20.81999969482422 21.600000381469727 20.520000457763672 20.81999969482422 7430
20.700000762939453 21.149999618530273 19.5 19.649999618530273 11187
19.5 19.5 17.489999771118164 18.059999465942383 14767
18.059999465942383 18.84000015258789 17.399999618530273 18.479999542236328 5103
18.600000381469727 18.899999618530273 17.43000030517578 18.420000076293945 7100
18.510000228881836 18.899999618530273 18.149999618530273 18.75 6007
18.899999618530273 19.200000762939453 18.1200008392334 18.1200008392334 7953
18.600000381469727 18.600000381469727 17.700000762939453 18.059999465942383 4043
18.299999237060547 18.299999237060547 17.459999084472656 18.059999465942383 6487
18.299999237060547 18.780000686645508 18.149999618530273 18.600000381469727 4200
18.600000381469727 18.600000381469727 17.850000381469727 18.0 7960
18.600000381469727 25.5 17.790000915527344 24.600000381469727 109453
22.440000534057617 23.100000381469727 17.489999771118164 18.030000686645508 109663
18.600000381469727 18.899999618530273 16.829999923706055 17.579999923706055 29673
17.100000381469727 17.700000762939453 15.600000381469727 15.899999618530273 17437
15.779999732971191 16.170000076293945 15.149999618530273 15.300000190734863 11290
15.0 15.300000190734863 14.010000228881836 14.520000457763672 29657
14.729999542236328 15.569999694824219 12.359999656677246 12.390000343322754 37987
12.84000015258789 15.600000381469727 12.390000343322754 13.859999656677246 40490
15.0 15.0 14.100000381469727 14.460000038146973 12143
14.399999618530273 14.9399995803833 14.100000381469727 14.279999732971191 8807
14.699999809265137 15.300000190734863 14.279999732971191 14.789999961853027 17533
15.0 15.0 13.890000343322754 14.699999809265137 6730
14.25 14.789999961853027 14.100000381469727 14.220000267028809 4273
14.699999809265137 15.899999618530273 14.399999618530273 15.600000381469727 27703
15.029999732971191 17.040000915527344 15.029999732971191 16.770000457763672 10857
16.770000457763672 17.639999389648438 15.300000190734863 15.899999618530273 3240
15.899999618530273 16.170000076293945 15.029999732971191 15.630000114440918 6327
15.329999923706055 17.579999923706055 15.300000190734863 17.010000228881836 20797
17.010000228881836 17.25 15.899999618530273 15.899999618530273 9577
16.139999389648438 16.139999389648438 13.949999809265137 15.300000190734863 5487
15.300000190734863 15.960000038146973 15.0 15.479999542236328 6223
15.899999618530273 16.020000457763672 14.399999618530273 15.300000190734863 8247
15.600000381469727 15.960000038146973 15.300000190734863 15.65999984741211 4030
15.300000190734863 16.020000457763672 15.300000190734863 15.600000381469727 6157
15.600000381469727 16.440000534057617 15.0 15.449999809265137 22597
15.300000190734863 15.449999809265137 14.100000381469727 14.699999809265137 23953
14.699999809265137 15.630000114440918 14.220000267028809 14.220000267028809 33873
15.270000457763672 15.8100004196167 13.859999656677246 15.600000381469727 17290
15.600000381469727 16.200000762939453 15.029999732971191 15.899999618530273 11973
15.869999885559082 15.899999618530273 15.0 15.0600004196167 3957
15.600000381469727 15.600000381469727 14.550000190734863 15.300000190734863 2800
15.75 15.75 14.550000190734863 14.670000076293945 3550
14.220000267028809 14.220000267028809 13.5 13.5 9773
13.5 13.800000190734863 13.229999542236328 13.619999885559082 5473
13.890000343322754 14.699999809265137 13.649999618530273 14.699999809265137 6560
14.850000381469727 15.0 13.949999809265137 14.100000381469727 4930
14.130000114440918 14.609999656677246 14.130000114440918 14.34000015258789 3213
14.640000343322754 14.699999809265137 13.800000190734863 14.399999618530273 3550
14.550000190734863 14.699999809265137 13.5 13.5 10080
14.100000381469727 14.100000381469727 13.5 13.800000190734863 9377
13.800000190734863 16.200000762939453 13.800000190734863 15.600000381469727 28767
16.200000762939453 16.799999237060547 14.699999809265137 14.880000114440918 20280
14.699999809265137 15.600000381469727 13.5 14.220000267028809 10040
14.399999618530273 14.699999809265137 13.649999618530273 14.069999694824219 5357
13.529999732971191 14.220000267028809 13.229999542236328 13.229999542236328 8523
13.199999809265137 13.890000343322754 13.199999809265137 13.199999809265137 5747
13.229999542236328 13.5 12.84000015258789 13.050000190734863 14637
13.199999809265137 13.800000190734863 12.0 12.6899995803833 8040
12.600000381469727 12.899999618530273 12.119999885559082 12.600000381469727 6813
12.899999618530273 12.899999618530273 11.760000228881836 11.850000381469727 8183
12.300000190734863 12.300000190734863 11.100000381469727 11.760000228881836 10613
11.399999618530273 11.760000228881836 10.920000076293945 11.100000381469727 6753
11.100000381469727 11.399999618530273 9.930000305175781 10.289999961853027 9860
10.5 10.5 9.899999618530273 9.899999618530273 6510
9.6899995803833 10.5 9.65999984741211 9.989999771118164 5027
9.899999618530273 10.5 9.300000190734863 9.510000228881836 6277
9.239999771118164 9.899999618530273 8.699999809265137 8.729999542236328 13103
9.0 9.600000381469727 9.0 9.09000015258789 4653
9.0 9.899999618530273 9.0 9.75 9567
10.4399995803833 10.4399995803833 8.699999809265137 9.210000038146973 15310
9.300000190734863 10.199999809265137 9.300000190734863 9.600000381469727 4783
10.199999809265137 10.5 9.600000381469727 10.229999542236328 8930
10.5 10.800000190734863 9.899999618530273 10.4399995803833 8917
10.649999618530273 11.399999618530273 10.5 10.800000190734863 9380
11.34000015258789 12.0 11.100000381469727 11.100000381469727 8197
11.399999618530273 11.670000076293945 10.5 11.100000381469727 5050
10.979999542236328 11.9399995803833 10.979999542236328 11.100000381469727 5637
11.100000381469727 11.699999809265137 11.100000381469727 11.550000190734863 7870
11.34000015258789 12.75 11.25 12.569999694824219 12097
12.899999618530273 13.199999809265137 12.180000305175781 12.479999542236328 5977
12.899999618530273 13.050000190734863 11.729999542236328 11.9399995803833 9717
12.300000190734863 12.420000076293945 11.729999542236328 12.359999656677246 6057
12.899999618530273 13.050000190734863 12.0 12.899999618530273 6133
13.199999809265137 13.319999694824219 12.899999618530273 13.289999961853027 10610
13.050000190734863 14.699999809265137 13.050000190734863 14.25 14140
14.670000076293945 14.670000076293945 12.989999771118164 13.529999732971191 5757
14.100000381469727 14.100000381469727 12.899999618530273 13.199999809265137 3090
13.199999809265137 15.0 13.199999809265137 14.25 9523
14.699999809265137 14.850000381469727 14.579999923706055 14.699999809265137 8327
15.0 15.0 14.699999809265137 14.819999694824219 8477
15.0 17.25 14.399999618530273 16.950000762939453 22260
17.040000915527344 17.25 16.5 16.5 11730
16.200000762939453 17.06999969482422 15.600000381469727 16.200000762939453 5677
16.200000762939453 16.200000762939453 15.300000190734863 15.300000190734863 3370
15.899999618530273 15.899999618530273 14.699999809265137 14.850000381469727 3727
15.899999618530273 15.899999618530273 14.430000305175781 14.699999809265137 3137
14.430000305175781 15.600000381469727 12.300000190734863 12.539999961853027 16543
12.600000381469727 13.59000015258789 12.600000381469727 12.600000381469727 5657
12.600000381469727 13.199999809265137 12.449999809265137 13.109999656677246 3050
12.869999885559082 13.5 12.359999656677246 12.930000305175781 3057
13.199999809265137 13.5 12.869999885559082 13.050000190734863 4087
14.100000381469727 14.970000267028809 12.930000305175781 13.199999809265137 8157
13.199999809265137 14.100000381469727 13.199999809265137 13.5 3203
13.199999809265137 14.550000190734863 12.930000305175781 14.279999732971191 12273
14.699999809265137 14.699999809265137 13.199999809265137 13.260000228881836 4277
13.5 14.100000381469727 13.199999809265137 13.649999618530273 4107
13.800000190734863 13.859999656677246 12.630000114440918 12.630000114440918 4697
12.899999618530273 12.899999618530273 11.9399995803833 12.510000228881836 5610
12.300000190734863 12.420000076293945 12.029999732971191 12.390000343322754 2863
12.390000343322754 12.600000381469727 12.239999771118164 12.300000190734863 1567
12.600000381469727 12.600000381469727 10.859999656677246 11.100000381469727 9773
11.550000190734863 11.550000190734863 10.40999984741211 11.100000381469727 7900
11.1899995803833 11.550000190734863 10.5 11.100000381469727 2663
10.5 11.520000457763672 10.5 10.890000343322754 5520
11.100000381469727 11.640000343322754 10.680000305175781 11.069999694824219 1910
11.100000381469727 11.430000305175781 10.59000015258789 10.59000015258789 2907
10.59000015258789 11.369999885559082 10.5 10.5 4183
10.5 11.100000381469727 10.050000190734863 10.289999961853027 2160
10.649999618530273 11.100000381469727 9.449999809265137 9.449999809265137 5157
10.020000457763672 10.800000190734863 9.479999542236328 9.930000305175781 6033
10.199999809265137 10.680000305175781 9.600000381469727 10.40999984741211 4657
10.050000190734863 11.550000190734863 9.899999618530273 9.899999618530273 9623
10.109999656677246 10.5 9.899999618530273 9.899999618530273 3313
9.899999618530273 11.039999961853027 9.899999618530273 10.050000190734863 3007
10.199999809265137 11.039999961853027 10.050000190734863 10.949999809265137 1930
11.550000190734863 11.550000190734863 10.5 11.1899995803833 4543
11.100000381469727 11.609999656677246 10.949999809265137 11.489999771118164 2147
11.699999809265137 12.0 11.25 12.0 4777
12.0 12.600000381469727 11.699999809265137 12.0 4343
12.300000190734863 12.300000190734863 11.699999809265137 12.119999885559082 4063
11.729999542236328 12.329999923706055 11.699999809265137 12.300000190734863 2950
12.989999771118164 12.989999771118164 11.430000305175781 11.460000038146973 3773
12.029999732971191 12.600000381469727 10.680000305175781 10.680000305175781 4873
10.619999885559082 11.670000076293945 10.619999885559082 10.770000457763672 5497
11.100000381469727 11.100000381469727 9.600000381469727 10.649999618530273 1657
11.100000381469727 11.15999984741211 9.65999984741211 10.050000190734863 5193
10.199999809265137 11.100000381469727 9.359999656677246 9.720000267028809 5830
9.510000228881836 11.010000228881836 9.510000228881836 10.199999809265137 3407
10.199999809265137 11.010000228881836 9.600000381469727 9.75 2177
9.899999618530273 10.949999809265137 9.899999618530273 10.020000457763672 5963
10.470000267028809 10.5 9.899999618530273 9.899999618530273 3247
10.199999809265137 10.5 9.600000381469727 10.199999809265137 3643
9.989999771118164 10.5 9.359999656677246 10.199999809265137 5797
10.350000381469727 10.5 9.75 9.899999618530273 3573
9.899999618530273 10.199999809265137 9.09000015258789 9.300000190734863 5667
9.329999923706055 9.84000015258789 9.09000015258789 9.300000190734863 2610
9.930000305175781 9.930000305175781 9.300000190734863 9.300000190734863 2097
9.510000228881836 9.930000305175781 9.0 9.300000190734863 5853
9.390000343322754 9.449999809265137 8.399999618530273 8.9399995803833 14917
8.670000076293945 9.600000381469727 8.489999771118164 8.699999809265137 15580
8.699999809265137 9.0 8.399999618530273 8.550000190734863 6423
8.699999809265137 8.9399995803833 8.369999885559082 8.369999885559082 7367
8.430000305175781 8.460000038146973 7.619999885559082 7.739999771118164 10663
8.010000228881836 8.369999885559082 7.800000190734863 7.860000133514404 2703
8.069999694824219 8.3100004196167 7.619999885559082 7.800000190734863 13527
7.800000190734863 8.069999694824219 7.050000190734863 7.800000190734863 8080
7.949999809265137 8.130000114440918 7.800000190734863 8.069999694824219 6297
8.399999618530273 8.399999618530273 7.650000095367432 7.650000095367432 3313
8.100000381469727 8.25 7.710000038146973 8.100000381469727 5533
8.399999618530273 8.399999618530273 7.739999771118164 8.010000228881836 3467
8.100000381469727 8.100000381469727 7.199999809265137 7.559999942779541 7170
7.739999771118164 7.739999771118164 7.199999809265137 7.590000152587891 6727
7.590000152587891 7.800000190734863 7.349999904632568 7.5 3140
7.800000190734863 7.800000190734863 7.5 7.619999885559082 3213
7.5 8.100000381469727 7.5 7.559999942779541 7017
7.800000190734863 7.800000190734863 7.349999904632568 7.53000020980835 4587
7.5 7.739999771118164 7.380000114440918 7.559999942779541 6137
7.53000020980835 7.800000190734863 7.53000020980835 7.619999885559082 4570
7.800000190734863 8.069999694824219 7.559999942779541 8.069999694824219 10500
8.399999618530273 8.399999618530273 7.53000020980835 7.559999942779541 4980
7.710000038146973 7.889999866485596 7.380000114440918 7.650000095367432 3743
7.5 7.769999980926514 7.349999904632568 7.5 7493
7.289999961853027 7.710000038146973 7.289999961853027 7.5 3330
7.710000038146973 7.860000133514404 7.409999847412109 7.440000057220459 7263
8.399999618530273 8.399999618530273 7.5 7.949999809265137 4863
8.100000381469727 8.100000381469727 7.5 7.800000190734863 3860
7.5 7.800000190734863 7.5 7.5 2913
7.53000020980835 7.949999809265137 7.53000020980835 7.860000133514404 7393
7.800000190734863 7.800000190734863 7.5 7.559999942779541 8190
7.5 7.860000133514404 7.380000114440918 7.590000152587891 4623
7.380000114440918 7.829999923706055 7.380000114440918 7.650000095367432 5323
7.800000190734863 7.829999923706055 7.320000171661377 7.440000057220459 5350
7.800000190734863 7.800000190734863 7.440000057220459 7.440000057220459 2843
7.5 7.650000095367432 7.440000057220459 7.5 6657
7.710000038146973 7.800000190734863 7.380000114440918 7.5 6010
7.5 7.679999828338623 7.349999904632568 7.5 5990
7.5 7.5 7.139999866485596 7.320000171661377 10177
7.5 7.559999942779541 7.050000190734863 7.050000190734863 4663
7.46999979019165 7.46999979019165 6.269999980926514 6.269999980926514 5470
6.599999904632568 6.599999904632568 5.699999809265137 5.940000057220459 15007
4.619999885559082 5.880000114440918 4.619999885559082 5.699999809265137 17553
5.519999980926514 6.300000190734863 5.519999980926514 6.119999885559082 4903
6.300000190734863 6.300000190734863 6.0 6.150000095367432 3163
5.730000019073486 6.300000190734863 5.699999809265137 6.090000152587891 3923
5.909999847412109 6.389999866485596 5.909999847412109 6.360000133514404 6170
6.150000095367432 6.599999904632568 6.090000152587891 6.570000171661377 5693
6.570000171661377 6.570000171661377 6.150000095367432 6.510000228881836 3933
6.449999809265137 6.900000095367432 6.239999771118164 6.809999942779541 7280
6.75 7.199999809265137 6.75 6.78000020980835 3940
6.809999942779541 7.139999866485596 6.329999923706055 6.960000038146973 18820
6.960000038146973 7.110000133514404 6.510000228881836 6.869999885559082 11720
7.079999923706055 7.199999809265137 6.599999904632568 7.019999980926514 16763
7.139999866485596 7.139999866485596 6.599999904632568 6.599999904632568 8463
7.260000228881836 7.260000228881836 6.420000076293945 6.900000095367432 6950
6.75 6.960000038146973 6.420000076293945 6.869999885559082 3933
6.78000020980835 6.900000095367432 6.599999904632568 6.659999847412109 5960
6.900000095367432 6.900000095367432 6.150000095367432 6.630000114440918 4663
6.539999961853027 6.900000095367432 5.699999809265137 6.329999923706055 6460
6.150000095367432 6.300000190734863 6.0 6.0 4407
6.269999980926514 6.480000019073486 6.150000095367432 6.150000095367432 5417
6.570000171661377 6.599999904632568 6.0 6.480000019073486 7643
6.360000133514404 6.599999904632568 6.300000190734863 6.420000076293945 3227
6.599999904632568 6.599999904632568 6.300000190734863 6.510000228881836 5287
6.599999904632568 6.599999904632568 6.300000190734863 6.360000133514404 5340
6.360000133514404 6.900000095367432 6.300000190734863 6.510000228881836 11683
6.420000076293945 6.599999904632568 6.179999828338623 6.300000190734863 3127
6.420000076293945 6.570000171661377 6.059999942779541 6.449999809265137 2900
6.539999961853027 6.599999904632568 6.300000190734863 6.329999923706055 3393
6.300000190734863 6.449999809265137 5.849999904632568 6.03000020980835 4360
6.0 6.599999904632568 5.699999809265137 5.96999979019165 9373
6.0 6.300000190734863 5.96999979019165 6.090000152587891 2820
6.300000190734863 6.599999904632568 6.0 6.059999942779541 3043
6.300000190734863 6.539999961853027 6.0 6.269999980926514 7070
6.179999828338623 6.900000095367432 6.150000095367432 6.809999942779541 12423
6.900000095367432 6.960000038146973 6.449999809265137 6.929999828338623 14037
8.100000381469727 8.100000381469727 6.900000095367432 7.110000133514404 12620
7.199999809265137 7.800000190734863 6.989999771118164 7.050000190734863 7737
7.559999942779541 7.559999942779541 7.050000190734863 7.199999809265137 1787
7.380000114440918 7.5 6.75 6.989999771118164 2587
7.199999809265137 7.199999809265137 6.0 6.539999961853027 3963
6.539999961853027 6.599999904632568 6.090000152587891 6.420000076293945 1313
6.0 6.0 5.369999885559082 5.400000095367432 23620
4.639999866485596 5.269999980926514 4.300000190734863 4.570000171661377 79100
4.460000038146973 4.560999870300293 4.039999961853027 4.119999885559082 20500
4.130000114440918 4.539999961853027 4.078000068664551 4.539999961853027 23700
4.53000020980835 5.940000057220459 4.400000095367432 4.599999904632568 212000
4.610000133514404 5.119999885559082 4.079999923706055 4.150000095367432 270100
4.239999771118164 4.420000076293945 4.119999885559082 4.300000190734863 52500
4.28000020980835 4.590000152587891 4.139999866485596 4.179999828338623 178800
4.110000133514404 4.25 3.1670000553131104 3.2100000381469727 170700
3.359999895095825 3.359999895095825 3.049999952316284 3.1700000762939453 48900
3.2699999809265137 3.4119999408721924 3.0999999046325684 3.25 52300
3.259999990463257 4.119999885559082 3.180000066757202 3.9000000953674316 287500
3.9000000953674316 4.159999847412109 3.5 3.549999952316284 155100
3.5 3.7899999618530273 3.4100000858306885 3.5899999141693115 27900
3.5899999141693115 3.9100000858306885 3.5899999141693115 3.759999990463257 54700
3.8399999141693115 4.070000171661377 3.690000057220459 3.7799999713897705 82200
3.736999988555908 3.740000009536743 3.509999990463257 3.640000104904175 29100
3.609999895095825 3.6700000762939453 3.299999952316284 3.390000104904175 31200
3.390000104904175 3.4709999561309814 3.3410000801086426 3.3499999046325684 9100
3.299999952316284 3.299999952316284 3.190000057220459 3.200000047683716 9400
3.200000047683716 3.5 3.190999984741211 3.3499999046325684 11600
3.2699999809265137 3.384999990463257 3.0899999141693115 3.2899999618530273 24900
3.299999952316284 3.559999942779541 3.2899999618530273 3.380000114440918 15900
3.38700008392334 3.6700000762939453 3.38700008392334 3.490000009536743 29300
3.509999990463257 3.549999952316284 3.359999895095825 3.359999895095825 11900
3.424999952316284 3.450000047683716 3.319999933242798 3.450000047683716 9300
3.5199999809265137 3.5199999809265137 3.109999895095825 3.119999885559082 13100
3.2899999618530273 3.2899999618530273 3.0199999809265137 3.0199999809265137 15500
3.059999942779541 3.0799999237060547 2.8499999046325684 3.0199999809265137 22500
3.009999990463257 3.1700000762939453 2.869999885559082 2.869999885559082 11700
2.9149999618530273 3.0999999046325684 2.859999895095825 2.890000104904175 26000
2.890000104904175 3.190000057220459 2.869999885559082 2.930000066757202 35400
2.9749999046325684 3.0739998817443848 2.9100000858306885 2.990000009536743 25700
3.0 3.009999990463257 2.859999895095825 2.869999885559082 4500
2.8499999046325684 2.9000000953674316 2.7780001163482666 2.799999952316284 13700
2.799999952316284 2.9200000762939453 2.759999990463257 2.809999942779541 10500
2.8499999046325684 2.9579999446868896 2.8499999046325684 2.890000104904175 3800
2.880000114440918 3.0399999618530273 2.859999895095825 2.890000104904175 11000
2.9100000858306885 2.9100000858306885 2.7799999713897705 2.7799999713897705 4600
2.8299999237060547 2.8499999046325684 2.744999885559082 2.744999885559082 3900
2.75 2.7820000648498535 2.440000057220459 2.4600000381469727 8700
