23.399999618530273 29.010000228881836 22.510000228881836 29.0 2999400
30.115999221801758 31.881000518798828 25.65999984741211 28.829999923706055 907600
28.829999923706055 43.5 28.530000686645508 38.38999938964844 1265100
42.75 43.0 35.45000076293945 36.75 1283600
36.0 43.47999954223633 35.36000061035156 39.939998626708984 1114100
40.290000915527344 44.22999954223633 40.0 43.16999816894531 1001800
44.04999923706055 45.0 36.59000015258789 37.0 708600
37.400001525878906 39.0 33.09000015258789 35.61000061035156 665800
36.119998931884766 37.66999816894531 34.900001525878906 34.900001525878906 430600
35.349998474121094 36.07500076293945 33.0099983215332 33.79999923706055 559100
33.0 37.40999984741211 32.75 36.81999969482422 1017500
38.2400016784668 47.290000915527344 38.099998474121094 40.099998474121094 4474000
41.0 42.0 37.5 39.599998474121094 865100
39.02000045776367 42.900001525878906 39.02000045776367 42.45000076293945 643600
42.900001525878906 44.709999084472656 37.79999923706055 38.099998474121094 554200
39.22999954223633 39.37699890136719 34.290000915527344 34.61000061035156 1385600
35.11000061035156 36.95000076293945 34.61000061035156 35.15999984741211 360200
36.77000045776367 41.2400016784668 35.58000183105469 38.81999969482422 1078200
39.16999816894531 40.4900016784668 35.7599983215332 38.650001525878906 511700
38.72999954223633 39.20000076293945 37.14899826049805 37.959999084472656 245900
38.400001525878906 40.79999923706055 38.36000061035156 38.83000183105469 443500
39.18000030517578 39.900001525878906 36.470001220703125 36.83000183105469 276500
37.16999816894531 38.5 36.505001068115234 37.93000030517578 251400
38.16999816894531 38.16999816894531 34.38100051879883 35.16999816894531 337500
35.619998931884766 35.619998931884766 33.5 34.20000076293945 365100
34.38999938964844 40.0 33.349998474121094 38.38999938964844 2157200
37.88999938964844 38.900001525878906 34.849998474121094 35.70000076293945 404300
35.900001525878906 38.150001525878906 35.02000045776367 35.619998931884766 280300
33.31999969482422 34.81999969482422 32.209999084472656 32.810001373291016 393100
33.047000885009766 33.25 31.200000762939453 33.130001068115234 278100
32.97999954223633 33.0 30.549999237060547 32.0 166400
33.04399871826172 33.5 32.0099983215332 32.58000183105469 178800
33.0 34.0 32.5 32.9900016784668 464800
34.88999938964844 37.5 34.0099983215332 35.939998626708984 702400
36.2400016784668 39.849998474121094 35.540000915527344 39.849998474121094 573500
40.29999923706055 41.75 37.5 38.709999084472656 375500
40.439998626708984 40.5 36.34000015258789 37.11000061035156 308000
37.439998626708984 38.0 33.61000061035156 35.310001373291016 300200
35.2599983215332 37.13999938964844 34.0099983215332 35.79999923706055 148400
35.849998474121094 36.599998474121094 33.130001068115234 34.810001373291016 197500
35.68000030517578 36.29999923706055 34.209999084472656 35.72999954223633 178700
37.09000015258789 37.198001861572266 35.099998474121094 35.9900016784668 142400
35.779998779296875 36.470001220703125 35.44900131225586 36.310001373291016 113200
37.36000061035156 37.3650016784668 34.04999923706055 34.290000915527344 262500
35.0 35.36000061035156 33.529998779296875 33.939998626708984 139100
34.0 34.16999816894531 33.099998474121094 33.83000183105469 146000
33.9900016784668 35.7400016784668 33.10499954223633 35.72999954223633 357700
36.630001068115234 37.9900016784668 35.099998474121094 37.29999923706055 384500
37.433998107910156 43.22999954223633 37.29999923706055 40.83000183105469 931900
41.47999954223633 48.40999984741211 41.0099983215332 47.45000076293945 821200
51.79999923706055 52.979000091552734 45.099998474121094 49.84000015258789 871000
48.459999084472656 49.349998474121094 43.560001373291016 44.61000061035156 561000
44.33000183105469 48.9900016784668 43.90999984741211 48.08000183105469 346900
47.54999923706055 54.09000015258789 47.0 53.470001220703125 665300
54.22999954223633 54.22999954223633 48.25 49.0 388900
51.0 55.97999954223633 48.750999450683594 54.83000183105469 539500
54.459999084472656 54.790000915527344 52.6619987487793 54.779998779296875 225800
57.900001525878906 58.0 53.02000045776367 55.54999923706055 501500
55.9900016784668 56.65999984741211 52.86000061035156 54.29999923706055 216800
53.4900016784668 58.880001068115234 53.108001708984375 57.849998474121094 428500
59.369998931884766 61.689998626708984 53.63999938964844 55.15999984741211 531100
56.0 56.900001525878906 53.41999816894531 55.45000076293945 185000
56.4900016784668 57.9900016784668 53.5 56.689998626708984 228300
57.86000061035156 58.25899887084961 55.612998962402344 56.95000076293945 246200
57.2599983215332 58.20899963378906 55.16999816894531 56.9900016784668 176500
56.220001220703125 56.349998474121094 53.0099983215332 55.470001220703125 230500
55.9900016784668 55.9900016784668 52.0 55.11000061035156 257200
55.119998931884766 60.869998931884766 54.75 59.20000076293945 322800
60.321998596191406 60.321998596191406 54.02000045776367 55.029998779296875 160700
57.400001525878906 57.5 51.65999984741211 52.5 354800
52.599998474121094 53.130001068115234 46.099998474121094 51.290000915527344 403400
51.279998779296875 51.31999969482422 47.560001373291016 48.47999954223633 211600
48.5 49.04999923706055 46.2599983215332 47.63999938964844 290200
49.40999984741211 49.40999984741211 42.72999954223633 43.599998474121094 432800
44.54999923706055 45.25 43.11000061035156 44.220001220703125 223900
45.369998931884766 49.922000885009766 44.93000030517578 46.849998474121094 428500
47.630001068115234 48.900001525878906 44.400001525878906 46.650001525878906 396300
47.4900016784668 47.4900016784668 44.2400016784668 45.209999084472656 239100
45.5 45.551998138427734 42.97999954223633 44.15999984741211 245100
44.16999816894531 45.34000015258789 40.5 42.09000015258789 553900
42.099998474121094 42.5 39.08700180053711 42.0 427400
42.189998626708984 44.95000076293945 42.189998626708984 42.83000183105469 311800
43.099998474121094 45.189998626708984 41.95000076293945 42.5 209700
44.84000015258789 45.88999938964844 43.90999984741211 45.33000183105469 325300
46.08000183105469 47.31700134277344 44.599998474121094 44.81999969482422 208500
44.70000076293945 45.494998931884766 43.000999450683594 44.93000030517578 191200
44.65999984741211 49.119998931884766 44.400001525878906 48.31999969482422 287000
49.0 49.74800109863281 43.54999923706055 44.959999084472656 351700
45.45000076293945 46.38999938964844 43.7599983215332 44.5 205600
43.29999923706055 45.290000915527344 42.099998474121094 43.560001373291016 285800
43.65999984741211 44.790000915527344 43.05500030517578 43.970001220703125 173700
43.59000015258789 46.70000076293945 42.5099983215332 43.83000183105469 275900
43.33000183105469 44.39500045776367 41.25 42.5 272000
42.689998626708984 43.65999984741211 42.0099983215332 42.7599983215332 252500
43.25 47.47999954223633 43.099998474121094 45.63999938964844 375500
46.0 47.303001403808594 45.11000061035156 46.18000030517578 204300
46.93000030517578 48.0 44.763999938964844 45.25 195300
46.77000045776367 48.0 45.15999984741211 45.79999923706055 276600
46.5 46.66999816894531 43.2599983215332 44.720001220703125 308700
46.0 47.31999969482422 43.400001525878906 44.68000030517578 354800
46.56999969482422 54.85900115966797 44.599998474121094 49.97999954223633 1396900
50.0 54.209999084472656 47.79999923706055 48.75 605800
48.970001220703125 49.75400161743164 44.11000061035156 47.65999984741211 555700
49.229000091552734 50.75 46.25 49.90999984741211 710900
50.0 53.369998931884766 47.25 47.970001220703125 449600
49.209999084472656 55.0 49.130001068115234 53.119998931884766 1071500
53.7400016784668 58.62200164794922 52.0099983215332 57.5 633300
56.0 56.5 49.0 51.43000030517578 1072700
51.689998626708984 52.95000076293945 47.80400085449219 50.11000061035156 526500
50.25 52.14500045776367 46.79999923706055 48.209999084472656 309500
48.56999969482422 49.529998779296875 44.560001373291016 45.119998931884766 371900
47.83000183105469 50.95000076293945 47.369998931884766 49.86000061035156 308300
50.88999938964844 51.65999984741211 47.404998779296875 47.81999969482422 223700
48.52000045776367 49.0 44.619998931884766 45.59000015258789 224700
45.43000030517578 46.974998474121094 39.099998474121094 39.61000061035156 747300
42.0989990234375 42.470001220703125 33.61000061035156 41.08000183105469 542000
40.91999816894531 42.63999938964844 39.119998931884766 39.5099983215332 256600
41.400001525878906 45.61000061035156 40.5 44.25 347700
45.709999084472656 45.709999084472656 38.52000045776367 39.02000045776367 455300
40.900001525878906 41.59000015258789 40.11000061035156 40.91999816894531 335000
40.61000061035156 42.23699951171875 39.305999755859375 41.29999923706055 249000
41.0 42.880001068115234 40.50600051879883 42.36000061035156 159200
42.59000015258789 43.5 41.0 41.68000030517578 196900
41.0 43.77000045776367 40.279998779296875 42.7599983215332 324100
42.75 43.0 39.70000076293945 39.810001373291016 352800
40.75 41.220001220703125 38.5 39.25 458800
38.4900016784668 40.0 37.849998474121094 38.439998626708984 564100
38.5 38.900001525878906 36.0 36.7599983215332 520800
37.0 37.236000061035156 35.279998779296875 35.5 367100
34.97999954223633 36.20000076293945 33.619998931884766 35.79999923706055 519500
34.95000076293945 36.0 32.52799987792969 34.75 477500
34.54999923706055 36.20000076293945 33.79999923706055 35.0 264800
35.2400016784668 36.22999954223633 34.130001068115234 35.29999923706055 167500
35.81999969482422 37.689998626708984 35.5099983215332 36.81999969482422 401800
37.880001068115234 38.86000061035156 36.83000183105469 37.5 502300
38.880001068115234 39.619998931884766 37.22999954223633 37.439998626708984 513600
37.25 37.97999954223633 36.20000076293945 36.349998474121094 238100
37.01599884033203 38.209999084472656 35.83000183105469 37.0 297400
38.0 38.125 36.35499954223633 37.15999984741211 285100
37.65999984741211 37.68000030517578 35.599998474121094 35.79999923706055 274700
36.0 38.189998626708984 35.779998779296875 38.189998626708984 397700
38.380001068115234 38.5 35.79999923706055 36.369998931884766 394200
36.20000076293945 37.0 35.650001525878906 35.95000076293945 284000
36.97999954223633 37.939998626708984 33.900001525878906 34.029998779296875 660400
34.4900016784668 35.18000030517578 33.91699981689453 34.349998474121094 308500
34.5 35.45000076293945 33.810001373291016 34.34000015258789 217400
33.63999938964844 34.900001525878906 32.04499816894531 32.290000915527344 254800
32.220001220703125 33.71799850463867 31.889999389648438 33.59000015258789 165600
34.0099983215332 35.18000030517578 33.33000183105469 34.220001220703125 136500
33.939998626708984 35.5 33.45399856567383 35.29999923706055 211100
36.72999954223633 38.470001220703125 35.9900016784668 37.400001525878906 519900
38.47999954223633 39.13999938964844 37.68000030517578 39.0 412500
37.650001525878906 37.9900016784668 35.310001373291016 35.91999816894531 834100
37.029998779296875 39.59000015258789 36.59000015258789 38.959999084472656 699500
37.040000915527344 37.5 35.5 36.290000915527344 3047200
37.29999923706055 37.40999984741211 36.029998779296875 36.20000076293945 458600
35.849998474121094 36.04999923706055 33.65999984741211 34.779998779296875 518100
35.290000915527344 35.900001525878906 34.2599983215332 34.849998474121094 242800
35.0 35.130001068115234 33.529998779296875 34.65999984741211 374000
34.79999923706055 35.790000915527344 33.75 34.06999969482422 289100
34.630001068115234 36.36000061035156 33.29999923706055 35.77000045776367 634000
35.689998626708984 36.09000015258789 34.0099983215332 35.58000183105469 641100
36.5 36.5 34.650001525878906 35.0 428200
36.540000915527344 36.540000915527344 32.016998291015625 32.790000915527344 470300
33.630001068115234 34.9900016784668 33.599998474121094 34.38999938964844 675900
35.45100021362305 35.45100021362305 33.70000076293945 34.5 394000
34.5 36.439998626708984 34.5 36.0 468900
35.11000061035156 35.599998474121094 34.45000076293945 34.91999816894531 280300
34.599998474121094 36.52000045776367 34.58000183105469 36.20000076293945 629400
35.79600143432617 36.20000076293945 35.099998474121094 35.91999816894531 303600
36.41999816894531 36.435001373291016 34.77000045776367 35.619998931884766 344700
35.599998474121094 36.0 33.599998474121094 33.619998931884766 386100
34.0 34.630001068115234 33.08000183105469 34.369998931884766 343900
34.5 35.09000015258789 33.5099983215332 34.90999984741211 285500
35.0 35.5 34.540000915527344 34.70000076293945 261500
34.869998931884766 35.27000045776367 33.599998474121094 34.459999084472656 275100
34.380001068115234 34.65700149536133 33.5 33.81999969482422 286000
33.5 34.7400016784668 33.130001068115234 33.54999923706055 336500
33.5 33.70000076293945 32.95000076293945 33.209999084472656 371200
33.22999954223633 35.0 32.750999450683594 34.90999984741211 614300
35.63999938964844 37.47999954223633 35.5 36.209999084472656 901000
36.5 40.0 36.5 38.91999816894531 751200
40.0 40.40999984741211 37.04999923706055 39.400001525878906 418600
39.9900016784668 40.0 38.599998474121094 39.68000030517578 338000
39.959999084472656 40.310001373291016 38.86000061035156 39.08000183105469 214100
38.66999816894531 39.198001861572266 37.5099983215332 37.90999984741211 393600
37.90999984741211 38.9900016784668 35.54999923706055 37.290000915527344 362500
36.81999969482422 37.91999816894531 35.86000061035156 36.56999969482422 358000
35.81999969482422 37.060001373291016 35.81999969482422 36.34000015258789 304800
36.4900016784668 36.689998626708984 35.5 35.83000183105469 337000
35.880001068115234 36.33000183105469 34.57500076293945 34.95000076293945 776200
34.75 34.9900016784668 33.220001220703125 33.43000030517578 702700
34.20000076293945 34.439998626708984 32.130001068115234 32.630001068115234 1288300
33.0 34.16999816894531 32.5099983215332 33.4900016784668 491000
34.310001373291016 36.70000076293945 34.02000045776367 36.70000076293945 698200
36.62799835205078 38.0 35.20000076293945 37.61000061035156 446400
37.72999954223633 38.28499984741211 36.27000045776367 38.150001525878906 594000
39.25 39.29999923706055 37.029998779296875 37.18000030517578 342600
37.2599983215332 37.720001220703125 36.15999984741211 37.27000045776367 206500
38.2599983215332 38.31999969482422 36.52000045776367 37.349998474121094 239100
37.0 37.150001525878906 34.31999969482422 34.540000915527344 439500
34.29999923706055 35.5099983215332 33.56999969482422 33.90999984741211 350500
35.77000045776367 37.02000045776367 35.099998474121094 36.650001525878906 588800
37.2400016784668 37.58000183105469 36.20000076293945 37.25 351000
38.0 39.18000030517578 37.36000061035156 38.619998931884766 537600
39.0 39.069000244140625 34.709999084472656 35.09000015258789 530400
35.5 36.900001525878906 34.560001373291016 34.7599983215332 432900
34.77000045776367 35.790000915527344 34.1619987487793 35.02000045776367 366600
34.0 36.599998474121094 33.599998474121094 35.7400016784668 402000
35.630001068115234 37.2599983215332 34.01499938964844 37.06999969482422 438600
37.15999984741211 37.5 36.08000183105469 37.130001068115234 227500
36.59000015258789 37.130001068115234 35.68000030517578 36.900001525878906 193500
36.58000183105469 36.9900016784668 35.25 36.83000183105469 416200
36.59000015258789 37.47999954223633 35.619998931884766 36.20000076293945 263100
36.650001525878906 37.29999923706055 35.91999816894531 36.970001220703125 295100
36.650001525878906 37.20000076293945 35.599998474121094 35.810001373291016 470300
35.560001373291016 36.5 35.560001373291016 35.93000030517578 263600
35.9900016784668 36.25 35.099998474121094 35.47999954223633 258200
35.16999816894531 35.5099983215332 33.79999923706055 33.939998626708984 426000
33.83000183105469 34.09000015258789 32.75 33.06999969482422 439300
32.77000045776367 34.099998474121094 32.529998779296875 32.7400016784668 347900
32.582000732421875 33.70000076293945 32.349998474121094 32.86000061035156 469800
32.599998474121094 33.70000076293945 32.45000076293945 33.689998626708984 336700
34.0 34.25899887084961 33.099998474121094 33.18000030517578 270400
33.56999969482422 33.56999969482422 32.305999755859375 32.650001525878906 283600
32.25 32.75 29.309999465942383 30.15999984741211 899100
30.1200008392334 31.09000015258789 29.95400047302246 30.739999771118164 347400
30.739999771118164 31.049999237060547 29.98200035095215 30.260000228881836 242600
30.290000915527344 30.510000228881836 29.700000762939453 30.010000228881836 243400
29.93000030517578 30.864999771118164 29.450000762939453 30.81999969482422 317700
30.899999618530273 31.940000534057617 30.559999465942383 31.229999542236328 502500
31.0 31.139999389648438 29.440000534057617 29.670000076293945 218700
30.139999389648438 30.81999969482422 29.709999084472656 30.65999984741211 191400
30.899999618530273 32.5 30.68000030517578 32.20000076293945 316900
32.20000076293945 33.5 31.969999313354492 33.029998779296875 309300
32.7400016784668 33.61000061035156 32.1349983215332 33.060001373291016 383100
33.130001068115234 33.31999969482422 31.25 31.420000076293945 228200
31.420000076293945 32.38999938964844 31.02199935913086 31.829999923706055 226300
31.530000686645508 33.380001068115234 31.530000686645508 32.68000030517578 289500
32.7599983215332 34.060001373291016 32.62300109863281 33.900001525878906 371000
33.68000030517578 34.189998626708984 33.04999923706055 33.2599983215332 296300
33.15999984741211 33.63999938964844 32.400001525878906 33.099998474121094 195900
33.099998474121094 33.5 32.599998474121094 33.2400016784668 186800
33.9900016784668 34.720001220703125 33.775001525878906 34.33000183105469 281900
34.29999923706055 34.369998931884766 33.099998474121094 33.470001220703125 279900
34.75 35.5 34.2599983215332 34.4900016784668 538400
34.75 35.0 33.75299835205078 34.40999984741211 334100
34.29999923706055 34.29999923706055 32.81999969482422 33.02000045776367 298900
33.09000015258789 33.40999984741211 31.649999618530273 31.8799991607666 253200
31.8799991607666 32.749000549316406 31.700000762939453 32.54999923706055 344600
32.63999938964844 33.52000045776367 32.2599983215332 33.36000061035156 256300
33.0 33.61000061035156 32.5 33.13999938964844 307500
32.599998474121094 32.599998474121094 30.940000534057617 31.3700008392334 382100
31.56999969482422 32.11000061035156 30.860000610351562 31.6200008392334 205700
31.709999084472656 32.45000076293945 31.260000228881836 32.279998779296875 293700
32.470001220703125 32.900001525878906 31.8700008392334 32.619998931884766 239600
32.279998779296875 33.099998474121094 31.899999618530273 32.25 161200
32.119998931884766 32.470001220703125 31.31999969482422 32.369998931884766 244000
32.0 32.0 30.264999389648438 30.420000076293945 372000
30.899999618530273 31.149999618530273 28.920000076293945 29.030000686645508 358300
29.200000762939453 30.0 29.125 29.8700008392334 378700
29.829999923706055 31.059999465942383 29.400999069213867 30.899999618530273 311000
30.6200008392334 30.6200008392334 29.6200008392334 30.049999237060547 314300
30.0 30.600000381469727 29.750999450683594 29.90999984741211 325200
29.81999969482422 30.18000030517578 28.579999923706055 29.059999465942383 285900
29.200000762939453 30.535999298095703 29.079999923706055 30.100000381469727 535800
30.0 31.510000228881836 29.84000015258789 31.469999313354492 316000
30.780000686645508 31.649999618530273 30.290000915527344 31.09000015258789 266000
31.0 32.27000045776367 30.58799934387207 32.209999084472656 264100
32.130001068115234 32.349998474121094 31.290000915527344 31.56999969482422 228900
31.6299991607666 32.31999969482422 31.530000686645508 32.29999923706055 244500
31.969999313354492 32.680999755859375 31.77899932861328 32.220001220703125 228800
32.279998779296875 32.45000076293945 31.309999465942383 31.6200008392334 203800
32.27000045776367 34.400001525878906 32.0 33.779998779296875 595000
34.5 35.25 33.849998474121094 34.7400016784668 794300
34.25 36.005001068115234 34.0 35.310001373291016 634300
35.5 39.41999816894531 34.37099838256836 38.88999938964844 688400
39.29999923706055 40.40999984741211 37.68000030517578 38.310001373291016 634800
38.459999084472656 39.7400016784668 38.0 38.310001373291016 463500
38.47999954223633 40.900001525878906 38.400001525878906 39.52000045776367 750000
39.869998931884766 40.5 38.88999938964844 40.040000915527344 470800
39.54999923706055 42.45000076293945 39.54999923706055 42.20000076293945 821600
42.20000076293945 44.2400016784668 41.540000915527344 43.060001373291016 821200
43.869998931884766 45.18000030517578 42.66999816894531 44.86000061035156 624600
45.18000030517578 45.75 42.5099983215332 45.34000015258789 502000
45.59000015258789 46.88999938964844 44.540000915527344 46.65999984741211 426300
47.24700164794922 49.5 45.810001373291016 48.959999084472656 868800
49.20000076293945 49.51499938964844 42.560001373291016 43.060001373291016 1236700
40.654998779296875 42.0 30.510000228881836 36.0 10243300
35.9900016784668 37.290000915527344 33.0099983215332 33.5 1821900
34.68000030517578 35.63999938964844 33.220001220703125 34.45000076293945 888900
34.849998474121094 35.70000076293945 33.56999969482422 35.38999938964844 604300
35.93000030517578 35.95000076293945 34.279998779296875 34.90999984741211 521300
34.90999984741211 35.97999954223633 33.849998474121094 35.150001525878906 511100
35.02000045776367 35.099998474121094 33.5099983215332 34.08000183105469 523600
34.29999923706055 34.29999923706055 30.809999465942383 31.290000915527344 918600
31.670000076293945 32.529998779296875 30.584999084472656 31.06999969482422 505200
32.0 32.0 29.100000381469727 30.229999542236328 858600
30.5 31.701000213623047 29.9950008392334 30.940000534057617 829200
31.0 32.2599983215332 30.530000686645508 32.040000915527344 693200
31.0 32.75 30.549999237060547 32.75 359600
33.84000015258789 34.31999969482422 31.75 32.84000015258789 1303400
32.810001373291016 33.439998626708984 31.371000289916992 33.20000076293945 457900
34.790000915527344 34.790000915527344 31.899999618530273 32.0 619000
32.040000915527344 32.54600143432617 30.479999542236328 31.950000762939453 529600
31.850000381469727 32.124000549316406 28.559999465942383 29.600000381469727 677600
29.5 29.75 27.170000076293945 27.399999618530273 844500
27.959999084472656 28.979999542236328 27.649999618530273 28.670000076293945 1063500
28.3700008392334 28.959999084472656 26.760000228881836 28.1200008392334 981400
28.0 28.739999771118164 26.459999084472656 26.75 521700
26.75 27.0 24.700000762939453 25.34000015258789 914400
25.190000534057617 26.540000915527344 23.889999389648438 24.719999313354492 658600
24.5 24.959999084472656 23.1200008392334 23.760000228881836 586900
23.799999237060547 23.969999313354492 22.559999465942383 23.729999542236328 693600
24.09000015258789 24.399999618530273 22.350000381469727 22.5 643400
22.440000534057617 23.594999313354492 21.200000762939453 23.450000762939453 1205100
23.010000228881836 24.450000762939453 22.520000457763672 23.8799991607666 788900
23.719999313354492 24.399999618530273 23.229999542236328 23.940000534057617 462900
23.950000762939453 24.0 22.700000762939453 23.0 524700
23.170000076293945 24.25 22.65999984741211 23.780000686645508 526300
23.899999618530273 23.899999618530273 22.309999465942383 22.649999618530273 465000
22.31999969482422 23.299999237060547 21.700000762939453 21.809999465942383 517300
21.809999465942383 22.459999084472656 21.260000228881836 21.889999389648438 519500
21.889999389648438 23.219999313354492 21.719999313354492 22.3799991607666 466000
22.299999237060547 22.780000686645508 21.809999465942383 22.100000381469727 340800
22.299999237060547 23.219999313354492 21.799999237060547 23.040000915527344 209100
23.110000610351562 23.1200008392334 21.388999938964844 21.68000030517578 261100
21.530000686645508 21.989999771118164 19.59000015258789 19.940000534057617 577700
19.940000534057617 20.030000686645508 18.020000457763672 18.190000534057617 1253500
18.190000534057617 19.309999465942383 18.030000686645508 18.8700008392334 655800
18.90999984741211 19.700000762939453 18.239999771118164 19.6200008392334 615600
19.6200008392334 20.94499969482422 19.399999618530273 20.1299991607666 244800
20.260000228881836 20.482999801635742 18.899999618530273 18.989999771118164 407600
19.100000381469727 19.399999618530273 17.760000228881836 17.81999969482422 639400
18.43000030517578 18.43000030517578 17.0 17.899999618530273 435400
17.540000915527344 17.655000686645508 16.75 17.329999923706055 683000
17.34000015258789 17.850000381469727 16.60099983215332 16.700000762939453 219700
16.649999618530273 17.600000381469727 16.190000534057617 16.299999237060547 219000
16.100000381469727 16.799999237060547 15.510000228881836 15.770000457763672 425600
15.470000267028809 15.640000343322754 14.039999961853027 15.510000228881836 534600
15.0600004196167 16.15999984741211 14.8100004196167 15.680000305175781 456500
15.899999618530273 16.440000534057617 15.050000190734863 15.130000114440918 510400
15.1899995803833 15.369999885559082 14.100000381469727 14.119999885559082 240100
14.010000228881836 14.819999694824219 13.692000389099121 14.779999732971191 292900
15.020000457763672 16.030000686645508 15.0 15.75 299400
16.170000076293945 16.559999465942383 15.550000190734863 16.469999313354492 261300
16.417999267578125 16.444000244140625 15.16100025177002 15.319999694824219 219400
14.789999961853027 15.369999885559082 14.640000343322754 14.739999771118164 173800
14.65999984741211 15.100000381469727 14.25 14.850000381469727 360100
14.800000190734863 15.359999656677246 14.510000228881836 14.90999984741211 260500
15.029999732971191 15.140000343322754 14.420000076293945 14.699999809265137 168600
14.859999656677246 16.06999969482422 14.84000015258789 15.6899995803833 376800
15.220000267028809 16.100000381469727 15.0 15.369999885559082 231600
15.34000015258789 15.59000015258789 14.835000038146973 15.0 203200
15.0 15.274999618530273 14.260000228881836 14.460000038146973 301200
14.699999809265137 15.359999656677246 14.630000114440918 15.220000267028809 127900
15.020000457763672 15.220000267028809 14.5 14.789999961853027 128900
14.569999694824219 14.704999923706055 13.760000228881836 13.9399995803833 233000
13.859999656677246 14.043000221252441 13.100000381469727 13.359999656677246 315800
13.15999984741211 13.420000076293945 12.539999961853027 12.770000457763672 263100
13.050000190734863 13.050000190734863 12.5 12.65999984741211 342000
10.510000228881836 13.289999961853027 10.5 13.229999542236328 432400
13.229999542236328 14.010000228881836 13.010000228881836 13.680000305175781 242200
14.140000343322754 14.619999885559082 13.710000038146973 14.4399995803833 375300
14.4399995803833 14.899999618530273 14.359999656677246 14.619999885559082 177500
14.5600004196167 14.819999694824219 13.890000343322754 14.520000457763672 204800
14.850000381469727 14.850000381469727 13.220000267028809 13.3100004196167 222100
13.199999809265137 13.5 12.279999732971191 12.430000305175781 150600
12.369999885559082 12.819999694824219 12.100000381469727 12.15999984741211 220000
12.180000305175781 13.279999732971191 11.880000114440918 12.539999961853027 221200
12.899999618530273 13.23799991607666 12.729999542236328 13.010000228881836 196600
12.859999656677246 13.020000457763672 12.010000228881836 12.569999694824219 151400
12.640000343322754 12.8100004196167 12.0 12.149999618530273 149100
12.100000381469727 12.333999633789062 10.920000076293945 11.130000114440918 264200
11.180000305175781 11.640000343322754 11.15999984741211 11.489999771118164 153300
11.760000228881836 12.239999771118164 11.579999923706055 12.15999984741211 218800
12.15999984741211 12.710000038146973 11.9399995803833 12.369999885559082 222800
12.239999771118164 13.649999618530273 12.100000381469727 13.550000190734863 344100
14.90999984741211 15.310999870300293 13.619999885559082 13.859999656677246 856800
13.890000343322754 14.390000343322754 12.699999809265137 12.770000457763672 596200
12.800000190734863 13.970000267028809 12.600000381469727 13.449999809265137 300700
13.550000190734863 13.67300033569336 13.029999732971191 13.15999984741211 218000
13.029999732971191 13.029999732971191 12.15999984741211 12.520000457763672 238300
12.630000114440918 12.914999961853027 11.9399995803833 12.350000381469727 218200
12.5 13.220000267028809 12.5 13.100000381469727 194700
13.069999694824219 13.520000457763672 12.760000228881836 12.819999694824219 159800
12.800000190734863 13.100000381469727 12.529999732971191 12.890000343322754 177400
12.670000076293945 13.76099967956543 12.670000076293945 13.369999885559082 176200
13.460000038146973 14.505000114440918 13.399999618530273 14.180000305175781 307000
14.1899995803833 14.420000076293945 13.3100004196167 13.710000038146973 403900
13.5 13.670000076293945 12.6899995803833 13.170000076293945 265900
13.1899995803833 13.289999961853027 12.6899995803833 13.020000457763672 180800
13.079999923706055 13.079999923706055 12.09000015258789 12.5 283900
12.539999961853027 12.800000190734863 12.20199966430664 12.529999732971191 186000
12.760000228881836 12.989999771118164 12.239999771118164 12.449999809265137 184800
12.520000457763672 13.149999618530273 12.258999824523926 13.149999618530273 204900
13.279999732971191 13.279999732971191 12.350000381469727 12.600000381469727 342800
12.579999923706055 12.649999618530273 12.140000343322754 12.25 209000
12.399999618530273 12.739999771118164 12.229000091552734 12.680000305175781 182000
12.569999694824219 12.845999717712402 12.286999702453613 12.680000305175781 117400
12.829999923706055 12.920000076293945 12.319999694824219 12.420000076293945 195500
12.300000190734863 12.710000038146973 12.279999732971191 12.609999656677246 166600
12.600000381469727 12.869999885559082 12.100000381469727 12.149999618530273 221700
12.149999618530273 12.244999885559082 11.3100004196167 11.34000015258789 403500
11.300000190734863 11.324999809265137 10.1899995803833 10.199999809265137 486200
10.260000228881836 10.4399995803833 9.3100004196167 9.520000457763672 522200
9.609999656677246 10.180000305175781 9.0600004196167 9.0600004196167 289800
9.239999771118164 9.800000190734863 9.100000381469727 9.800000190734863 239000
9.760000228881836 9.800000190734863 9.170000076293945 9.569999694824219 350100
9.569999694824219 9.59000015258789 8.8100004196167 9.569999694824219 361600
9.470000267028809 9.520000457763672 8.75 8.829999923706055 271300
8.850000381469727 8.930000305175781 7.940000057220459 8.300000190734863 350100
8.15999984741211 8.15999984741211 7.340000152587891 7.360000133514404 484100
7.820000171661377 8.300000190734863 7.199999809265137 8.199999809265137 793000
8.25 8.281999588012695 6.739999771118164 6.760000228881836 648200
6.710000038146973 7.119999885559082 6.539999961853027 7.059999942779541 461100
7.659999847412109 7.71999979019165 7.300000190734863 7.630000114440918 527100
7.699999809265137 8.680000305175781 7.639999866485596 8.210000038146973 679900
8.65999984741211 8.979999542236328 8.239999771118164 8.970000267028809 267200
8.880000114440918 8.989999771118164 8.010000228881836 8.260000228881836 356100
8.279999732971191 8.609999656677246 8.199999809265137 8.350000381469727 212900
8.5600004196167 8.720000267028809 7.954999923706055 8.359999656677246 334500
8.3100004196167 8.5 7.900000095367432 8.029999732971191 192000
7.940000057220459 8.029000282287598 7.690000057220459 7.909999847412109 285900
7.829999923706055 8.079999923706055 7.599999904632568 7.769999980926514 207100
7.809999942779541 8.029999732971191 7.760000228881836 7.800000190734863 186400
7.860000133514404 8.4399995803833 7.630000114440918 8.40999984741211 267100
8.600000381469727 9.170000076293945 8.369999885559082 9.09000015258789 359700
9.260000228881836 9.479999542236328 8.420000076293945 8.479999542236328 250900
8.479999542236328 8.875 8.170000076293945 8.850000381469727 212500
8.800000190734863 9.529999732971191 8.611000061035156 9.239999771118164 337600
9.430000305175781 9.520000457763672 8.899999618530273 9.460000038146973 308800
9.40999984741211 9.819999694824219 9.329999923706055 9.75 204700
9.699999809265137 10.100000381469727 9.680000305175781 9.9399995803833 227400
9.8100004196167 9.970000267028809 9.579999923706055 9.789999961853027 128800
9.539999961853027 9.640000343322754 9.020000457763672 9.180000305175781 318900
8.699999809265137 9.149999618530273 8.300000190734863 8.59000015258789 332400
8.640000343322754 9.479999542236328 8.454999923706055 9.4399995803833 339000
9.470000267028809 9.649999618530273 9.149999618530273 9.40999984741211 344600
9.239999771118164 9.460000038146973 8.949999809265137 9.40999984741211 224400
9.350000381469727 10.380000114440918 9.34000015258789 9.930000305175781 444900
10.1899995803833 10.90999984741211 10.104999542236328 10.359999656677246 416500
10.359999656677246 10.800000190734863 10.0 10.199999809265137 403700
10.350000381469727 10.779999732971191 10.109999656677246 10.699999809265137 379100
11.170000076293945 11.520000457763672 10.489999771118164 10.75 282700
10.739999771118164 11.119999885559082 10.430000305175781 10.899999618530273 202100
11.0 11.100000381469727 10.335000038146973 10.380000114440918 250000
10.4399995803833 10.5 10.03499984741211 10.359999656677246 133300
10.210000038146973 10.819999694824219 10.079999923706055 10.819999694824219 196900
10.890000343322754 11.0 10.510000228881836 10.800000190734863 165800
10.59000015258789 11.510000228881836 10.510000228881836 11.4399995803833 288600
11.630000114440918 12.279999732971191 11.399999618530273 12.210000038146973 342300
12.390000343322754 13.180000305175781 11.890000343322754 13.010000228881836 504100
12.869999885559082 13.829999923706055 12.739999771118164 13.609999656677246 398000
13.600000381469727 13.899999618530273 12.329999923706055 12.34000015258789 384000
12.350000381469727 12.789999961853027 11.3100004196167 11.520000457763672 406000
11.069999694824219 12.300000190734863 10.609999656677246 11.979999542236328 411100
11.800000190734863 11.800000190734863 11.109999656677246 11.359999656677246 161000
11.40999984741211 12.1850004196167 10.9399995803833 12.09000015258789 348800
12.510000228881836 13.630000114440918 12.350000381469727 13.020000457763672 511800
13.3100004196167 13.880000114440918 13.109999656677246 13.670000076293945 324700
13.680000305175781 15.5600004196167 13.640000343322754 15.109999656677246 745900
15.109999656677246 15.399999618530273 14.130000114440918 14.25 511200
14.489999771118164 15.100000381469727 14.079999923706055 14.510000228881836 420900
14.75 15.1899995803833 14.4399995803833 14.90999984741211 339600
14.84000015258789 15.880000114440918 14.300000190734863 15.199999809265137 396300
15.329999923706055 16.200000762939453 15.300000190734863 16.059999465942383 365700
16.350000381469727 17.0 15.369999885559082 16.18000030517578 386600
16.239999771118164 16.610000610351562 15.550000190734863 15.59000015258789 240500
15.75 15.824999809265137 14.720000267028809 14.9399995803833 302000
14.800000190734863 16.108999252319336 14.649999618530273 15.90999984741211 203800
16.06999969482422 16.75 16.0 16.040000915527344 292000
16.0 17.819000244140625 15.609999656677246 17.5 559700
17.5 20.440000534057617 16.860000610351562 20.06999969482422 811900
20.5 21.5 19.15999984741211 19.639999389648438 766600
19.600000381469727 20.079999923706055 18.375999450683594 18.940000534057617 526500
19.34000015258789 19.899999618530273 19.051000595092773 19.729999542236328 245800
19.940000534057617 20.086000442504883 17.280000686645508 17.329999923706055 526000
18.1200008392334 18.709999084472656 17.200000762939453 18.354999542236328 409900
18.510000228881836 18.639999389648438 17.530000686645508 17.889999389648438 329300
17.989999771118164 17.989999771118164 16.924999237060547 17.3700008392334 293200
17.34000015258789 17.530000686645508 16.760000228881836 16.959999084472656 304000
17.219999313354492 17.75 16.559999465942383 17.610000610351562 466500
17.3700008392334 17.600000381469727 15.720000267028809 15.770000457763672 492800
15.489999771118164 17.549999237060547 15.081000328063965 16.979999542236328 531700
17.200000762939453 18.0 16.360000610351562 17.56999969482422 397900
17.450000762939453 18.417999267578125 17.229999542236328 18.200000762939453 474600
18.600000381469727 18.735000610351562 17.809999465942383 18.200000762939453 258500
18.420000076293945 18.440000534057617 17.170000076293945 17.520000457763672 193200
17.3799991607666 18.079999923706055 16.950000762939453 16.989999771118164 265900
17.09000015258789 17.309999465942383 15.130000114440918 15.600000381469727 569400
16.139999389648438 16.860000610351562 15.600000381469727 16.34000015258789 297400
16.610000610351562 16.610000610351562 15.770000457763672 16.100000381469727 334200
16.1200008392334 17.2549991607666 15.600000381469727 16.770000457763672 308500
16.799999237060547 16.799999237060547 15.09000015258789 15.510000228881836 382800
15.350000381469727 15.960000038146973 15.350000381469727 15.75 367000
15.670000076293945 16.600000381469727 15.5600004196167 16.170000076293945 260700
16.309999465942383 16.600000381469727 15.579999923706055 15.739999771118164 206600
15.850000381469727 16.0 15.25 15.600000381469727 267200
15.050000190734863 15.3100004196167 13.84000015258789 13.930000305175781 418700
14.010000228881836 14.869999885559082 13.930000305175781 14.079999923706055 419000
13.949999809265137 14.930000305175781 13.90999984741211 14.640000343322754 300100
14.350000381469727 14.64799976348877 13.359999656677246 13.699999809265137 328200
13.699999809265137 13.9399995803833 13.119999885559082 13.520000457763672 349500
13.149999618530273 13.520000457763672 12.899999618530273 13.09000015258789 253400
13.100000381469727 13.25 12.600000381469727 12.630000114440918 220100
12.569999694824219 12.880000114440918 12.210000038146973 12.479999542236328 214000
12.100000381469727 12.199999809265137 11.46500015258789 11.800000190734863 389000
11.460000038146973 12.225000381469727 11.239999771118164 11.510000228881836 253500
11.779999732971191 12.5 11.647000312805176 12.119999885559082 435500
12.319999694824219 12.59000015258789 11.859999656677246 12.0 396500
11.649999618530273 11.680000305175781 10.899999618530273 10.970000267028809 576000
10.890000343322754 11.300000190734863 10.460000038146973 10.729999542236328 554800
11.0 11.180000305175781 10.3100004196167 10.739999771118164 373800
11.0 11.710000038146973 10.9399995803833 11.680000305175781 327700
11.5 11.699999809265137 10.904999732971191 11.420000076293945 318600
11.489999771118164 11.770000457763672 11.055000305175781 11.65999984741211 277500
11.5 11.90999984741211 11.260000228881836 11.670000076293945 224400
11.640000343322754 11.699999809265137 11.15999984741211 11.470000267028809 264200
11.420000076293945 11.819999694824219 11.039999961853027 11.680000305175781 542400
11.399999618530273 11.640000343322754 10.520000457763672 10.779999732971191 586600
10.449999809265137 10.494999885559082 9.930000305175781 10.109999656677246 467900
10.260000228881836 10.489999771118164 9.3100004196167 9.460000038146973 350800
9.670000076293945 9.885000228881836 9.369999885559082 9.6899995803833 210100
10.029999732971191 10.25 9.359999656677246 9.40999984741211 677700
9.359999656677246 9.404999732971191 8.960000038146973 9.079999923706055 234100
9.079999923706055 9.350000381469727 8.859999656677246 9.15999984741211 247300
9.220000267028809 9.854999542236328 9.130000114440918 9.579999923706055 363600
9.600000381469727 9.805000305175781 9.220000267028809 9.779999732971191 159400
9.789999961853027 10.425000190734863 9.789999961853027 10.390000343322754 276000
10.470000267028809 10.763999938964844 10.220000267028809 10.270000457763672 228300
10.3100004196167 10.619999885559082 9.720000267028809 10.40999984741211 214400
10.470000267028809 11.020000457763672 10.180000305175781 10.989999771118164 249400
11.069999694824219 11.260000228881836 10.300000190734863 10.539999961853027 326100
11.239999771118164 11.460000038146973 10.579999923706055 10.649999618530273 394000
10.600000381469727 10.859999656677246 9.6899995803833 9.800000190734863 815000
10.199999809265137 10.899999618530273 9.859999656677246 10.270000457763672 545300
10.600000381469727 10.869999885559082 9.5600004196167 10.0 279000
10.140000343322754 10.180000305175781 9.329999923706055 9.359999656677246 234100
9.399999618530273 10.0 9.270000457763672 9.420000076293945 324200
9.319999694824219 9.5600004196167 8.960000038146973 8.960000038146973 283400
9.399999618530273 10.079999923706055 9.239999771118164 10.050000190734863 214800
10.0 11.210000038146973 9.829999923706055 11.0600004196167 489400
10.989999771118164 11.345000267028809 10.529999732971191 10.880000114440918 285200
11.119999885559082 11.180000305175781 10.470000267028809 10.680000305175781 276400
10.5 10.649999618530273 10.119999885559082 10.350000381469727 205500
10.25 10.4399995803833 9.95300006866455 10.199999809265137 146200
10.34000015258789 10.34000015258789 9.869999885559082 9.960000038146973 187300
9.989999771118164 10.029999732971191 9.5600004196167 9.579999923706055 191300
9.640000343322754 10.020000457763672 9.100000381469727 10.0 302800
10.0 10.819999694824219 10.0 10.479999542236328 267100
10.550000190734863 10.720000267028809 9.960000038146973 10.050000190734863 99100
9.960000038146973 10.218999862670898 9.390000343322754 9.4399995803833 151400
9.479999542236328 9.77400016784668 9.347999572753906 9.569999694824219 115100
9.770000457763672 10.369999885559082 9.630000114440918 10.300000190734863 202800
10.399999618530273 10.489999771118164 9.930999755859375 10.220000267028809 133700
10.039999961853027 11.260000228881836 9.899999618530273 11.210000038146973 390400
11.260000228881836 11.479999542236328 10.760000228881836 10.789999961853027 286000
10.640000343322754 10.949999809265137 10.199999809265137 10.329999923706055 203400
10.229999542236328 10.930000305175781 10.100000381469727 10.90999984741211 235300
11.109999656677246 11.180000305175781 9.789999961853027 10.119999885559082 316300
10.069999694824219 10.640999794006348 9.930000305175781 10.25 184300
10.119999885559082 10.637999534606934 9.989999771118164 10.520000457763672 323500
10.880000114440918 11.140000343322754 9.75 9.979999542236328 343900
9.9399995803833 10.241999626159668 9.845000267028809 10.079999923706055 143500
9.9399995803833 10.093000411987305 9.710000038146973 9.75 153500
10.130000114440918 10.15999984741211 9.59000015258789 9.84000015258789 167200
9.789999961853027 9.789999961853027 9.180000305175781 9.289999961853027 306100
9.270000457763672 9.399999618530273 9.09000015258789 9.199999809265137 135000
9.210000038146973 9.449999809265137 9.010000228881836 9.109999656677246 157600
9.0 9.079999923706055 8.520000457763672 8.930000305175781 202400
8.899999618530273 8.899999618530273 8.380000114440918 8.449999809265137 203700
8.449999809265137 8.449999809265137 7.800000190734863 8.010000228881836 333700
7.809999942779541 8.100000381469727 7.670000076293945 7.840000152587891 308300
7.989999771118164 8.489999771118164 7.820000171661377 8.180000305175781 223600
8.0 8.15999984741211 7.71999979019165 8.029999732971191 362100
8.140000343322754 8.350000381469727 7.659999847412109 7.71999979019165 291600
7.900000095367432 8.020000457763672 7.630000114440918 7.789999961853027 329600
7.71999979019165 7.800000190734863 7.369999885559082 7.420000076293945 256600
7.400000095367432 7.480000019073486 6.96999979019165 7.320000171661377 472800
7.360000133514404 7.690000057220459 7.28000020980835 7.619999885559082 308200
7.650000095367432 8.470000267028809 7.650000095367432 8.430000305175781 362700
8.460000038146973 8.930000305175781 8.197999954223633 8.90999984741211 277500
9.0600004196167 9.600000381469727 8.59000015258789 9.25 475300
9.210000038146973 9.649999618530273 9.199999809265137 9.550000190734863 263400
9.640000343322754 9.890000343322754 9.479999542236328 9.6899995803833 257200
9.880000114440918 10.399999618530273 9.649999618530273 9.9399995803833 556400
9.850000381469727 9.850000381469727 9.479999542236328 9.630000114440918 393400
9.729999542236328 9.960000038146973 9.550000190734863 9.880000114440918 214000
9.9399995803833 10.479999542236328 9.8100004196167 10.399999618530273 334700
10.449999809265137 10.729999542236328 10.270000457763672 10.470000267028809 207400
10.40999984741211 10.6899995803833 10.020000457763672 10.619999885559082 205100
10.819999694824219 11.069999694824219 10.569999694824219 10.720000267028809 338900
10.829999923706055 10.920000076293945 10.640000343322754 10.699999809265137 287600
10.550000190734863 10.800000190734863 10.274999618530273 10.449999809265137 292500
10.430000305175781 10.779999732971191 10.140000343322754 10.380000114440918 377300
10.470000267028809 10.770000457763672 10.100000381469727 10.609999656677246 235100
10.979999542236328 11.149999618530273 10.65999984741211 10.850000381469727 260300
10.890000343322754 10.9350004196167 10.239999771118164 10.279999732971191 215100
10.279999732971191 10.644000053405762 10.109999656677246 10.25 234500
10.359999656677246 10.399999618530273 10.0 10.329999923706055 180300
10.319999694824219 10.350000381469727 9.510000228881836 9.609999656677246 363700
9.970000267028809 9.998000144958496 9.350000381469727 9.369999885559082 361100
9.239999771118164 9.710000038146973 9.130000114440918 9.470000267028809 215900
9.649999618530273 9.680000305175781 9.130000114440918 9.460000038146973 162100
9.420000076293945 9.729000091552734 9.239999771118164 9.390000343322754 116400
9.279999732971191 9.52400016784668 9.199999809265137 9.390000343322754 108700
9.3100004196167 9.399999618530273 9.079999923706055 9.119999885559082 305500
9.109999656677246 9.277000427246094 8.949999809265137 9.130000114440918 150100
9.130000114440918 9.130000114440918 8.640000343322754 8.680000305175781 435900
8.680000305175781 8.859999656677246 8.539999961853027 8.600000381469727 149700
8.65999984741211 8.779999732971191 8.34000015258789 8.569999694824219 210900
8.380000114440918 8.534000396728516 8.100000381469727 8.170000076293945 259400
8.34000015258789 8.8100004196167 8.25 8.420000076293945 304000
8.210000038146973 8.569999694824219 8.210000038146973 8.25 188000
8.319999694824219 8.449999809265137 7.900000095367432 8.130000114440918 271800
8.260000228881836 8.6899995803833 7.96999979019165 8.550000190734863 303200
8.569999694824219 8.699999809265137 8.350000381469727 8.489999771118164 222200
8.5 8.569999694824219 8.170000076293945 8.220000267028809 146700
8.239999771118164 8.34000015258789 8.0 8.079999923706055 138100
8.010000228881836 8.329999923706055 7.994999885559082 8.130000114440918 161600
8.1899995803833 8.34000015258789 7.849999904632568 7.96999979019165 290400
8.0 8.1899995803833 7.590000152587891 7.75 284300
7.699999809265137 8.109999656677246 7.690000057220459 8.09000015258789 212600
8.199999809265137 8.449999809265137 8.180000305175781 8.430000305175781 185600
8.5 8.5 8.039999961853027 8.220000267028809 163400
8.270000457763672 8.680000305175781 8.050000190734863 8.680000305175781 193700
8.5600004196167 8.760000228881836 8.300000190734863 8.329999923706055 342200
8.279999732971191 8.600000381469727 7.829999923706055 8.479999542236328 300300
8.5 9.470000267028809 8.211999893188477 9.329999923706055 305600
9.359999656677246 9.680000305175781 9.0 9.520000457763672 348000
9.600000381469727 10.15999984741211 9.4399995803833 10.079999923706055 273700
10.039999961853027 10.239999771118164 9.880000114440918 10.079999923706055 362800
10.199999809265137 10.479999542236328 10.119999885559082 10.399999618530273 256000
10.25 10.420000076293945 10.0600004196167 10.229999542236328 238500
10.380000114440918 10.640000343322754 10.3100004196167 10.579999923706055 160700
10.479999542236328 10.529999732971191 10.279999732971191 10.380000114440918 190300
10.4399995803833 10.630000114440918 9.930000305175781 9.930000305175781 287100
9.989999771118164 10.130000114440918 9.640000343322754 9.899999618530273 2796800
9.90999984741211 10.859999656677246 9.8149995803833 10.6899995803833 510100
10.510000228881836 10.6899995803833 9.89900016784668 10.029999732971191 273000
9.960000038146973 10.739999771118164 9.960000038146973 10.489999771118164 377000
10.430000305175781 10.710000038146973 10.182999610900879 10.550000190734863 293900
10.449999809265137 10.649999618530273 10.25 10.34000015258789 202900
10.609999656677246 10.609999656677246 10.020000457763672 10.0600004196167 134500
10.050000190734863 10.430000305175781 9.949999809265137 9.949999809265137 201900
10.020000457763672 10.350000381469727 9.920000076293945 9.9399995803833 229400
9.949999809265137 10.449999809265137 9.899999618530273 10.119999885559082 186500
10.210000038146973 10.329999923706055 9.869999885559082 9.920000076293945 180700
9.869999885559082 9.90999984741211 9.739999771118164 9.779999732971191 92500
9.760000228881836 9.850000381469727 9.460000038146973 9.489999771118164 180300
9.5 9.600000381469727 8.890000343322754 8.960000038146973 189800
9.0 9.039999961853027 8.210000038146973 8.34000015258789 336700
8.34000015258789 8.539999961853027 8.0600004196167 8.239999771118164 220100
8.270000457763672 8.430000305175781 7.960000038146973 8.170000076293945 238200
8.140000343322754 8.149999618530273 7.900000095367432 8.079999923706055 310100
8.050000190734863 8.329999923706055 7.96999979019165 8.020000457763672 146300
7.96999979019165 8.359999656677246 7.960000038146973 8.079999923706055 213400
8.020000457763672 8.220000267028809 7.960000038146973 7.96999979019165 325000
8.0 8.149999618530273 7.75 7.829999923706055 161700
8.050000190734863 8.050000190734863 7.679999828338623 7.789999961853027 194900
7.900000095367432 8.14900016784668 7.889999866485596 8.039999961853027 161300
8.0600004196167 8.517999649047852 7.929999828338623 8.460000038146973 305400
8.289999961853027 8.569999694824219 8.180000305175781 8.1899995803833 161300
8.1899995803833 8.600000381469727 8.1899995803833 8.59000015258789 184700
8.680000305175781 8.84000015258789 8.375 8.520000457763672 208300
8.510000228881836 8.699999809265137 8.170000076293945 8.239999771118164 133200
8.300000190734863 8.680000305175781 8.239999771118164 8.539999961853027 178000
8.4399995803833 8.59000015258789 8.196999549865723 8.390000343322754 197500
8.479999542236328 8.600000381469727 8.300000190734863 8.5 129500
8.5 8.619999885559082 8.25 8.420000076293945 91100
8.470000267028809 8.6899995803833 8.0600004196167 8.0600004196167 177400
8.0600004196167 8.25 8.010000228881836 8.239999771118164 181400
8.239999771118164 8.739999771118164 8.15999984741211 8.170000076293945 176100
8.25 8.300000190734863 7.800000190734863 7.889999866485596 219800
7.900000095367432 7.960000038146973 7.369999885559082 7.480000019073486 258800
7.679999828338623 7.809999942779541 7.550000190734863 7.650000095367432 178100
7.650000095367432 7.800000190734863 7.360000133514404 7.460000038146973 201000
7.400000095367432 7.610000133514404 7.25 7.340000152587891 161000
7.349999904632568 7.630000114440918 7.25 7.590000152587891 129700
7.630000114440918 7.96999979019165 7.599999904632568 7.880000114440918 173400
7.860000133514404 7.872000217437744 7.420000076293945 7.480000019073486 177200
7.480000019073486 8.350000381469727 7.480000019073486 8.210000038146973 356200
8.449999809265137 8.739999771118164 8.149999618530273 8.260000228881836 297700
8.300000190734863 8.300000190734863 7.900000095367432 8.0600004196167 164400
8.020000457763672 8.100000381469727 7.760000228881836 7.840000152587891 129700
7.949999809265137 8.289999961853027 7.900000095367432 8.029999732971191 137100
8.09000015258789 8.239999771118164 8.0 8.09000015258789 111100
8.109999656677246 8.170999526977539 7.769999980926514 7.880000114440918 153200
7.829999923706055 8.050000190734863 7.71999979019165 8.050000190734863 151300
8.0 8.053000450134277 7.679999828338623 7.690000057220459 179300
8.069999694824219 8.479999542236328 7.880000114440918 8.300000190734863 349400
8.260000228881836 8.420000076293945 7.940000057220459 8.34000015258789 188700
8.270000457763672 8.34000015258789 7.943999767303467 7.989999771118164 178100
7.920000076293945 8.300000190734863 7.690000057220459 7.860000133514404 347300
7.880000114440918 7.909999847412109 7.53000020980835 7.579999923706055 222200
7.639999866485596 8.0 7.599999904632568 7.860000133514404 183300
7.860000133514404 8.199999809265137 7.800000190734863 8.0 214300
8.0 8.079999923706055 7.769999980926514 8.010000228881836 181100
8.100000381469727 8.404999732971191 8.020999908447266 8.279999732971191 202600
8.210000038146973 8.529999732971191 8.15999984741211 8.489999771118164 144500
8.600000381469727 9.069999694824219 8.548999786376953 8.899999618530273 440000
9.0600004196167 9.5 8.812000274658203 9.34000015258789 556400
9.510000228881836 10.869999885559082 9.510000228881836 9.880000114440918 2086900
10.1899995803833 10.699999809265137 9.449999809265137 10.664999961853027 775400
10.920000076293945 10.920000076293945 9.779999732971191 10.0600004196167 609200
10.239999771118164 10.239999771118164 8.880000114440918 9.0600004196167 955600
9.069999694824219 9.789999961853027 9.069999694824219 9.529999732971191 509200
9.5 9.656000137329102 9.050000190734863 9.085000038146973 293300
9.399999618530273 9.399999618530273 8.880000114440918 9.130000114440918 341300
9.149999618530273 9.961999893188477 9.109999656677246 9.720000267028809 622200
9.720000267028809 9.890000343322754 9.050000190734863 9.09000015258789 481100
9.199999809265137 9.229999542236328 8.75 8.960000038146973 268200
8.90999984741211 9.053000450134277 8.6899995803833 8.960000038146973 196200
8.960000038146973 9.260000228881836 8.699999809265137 8.729999542236328 206800
8.65999984741211 8.850000381469727 8.5600004196167 8.630000114440918 197600
8.729999542236328 9.0600004196167 8.640000343322754 9.029999732971191 185800
9.069999694824219 9.329999923706055 8.739999771118164 8.770000457763672 350200
8.789999961853027 9.229999542236328 8.789999961853027 9.09000015258789 202400
9.039999961853027 9.319999694824219 8.970000267028809 9.319999694824219 311200
9.239999771118164 9.300000190734863 8.84000015258789 8.949999809265137 187100
8.899999618530273 9.039999961853027 8.670000076293945 8.949999809265137 309600
8.760000228881836 9.300000190734863 8.520000457763672 8.979999542236328 283900
9.140000343322754 9.199999809265137 8.4399995803833 8.529999732971191 370500
8.300000190734863 8.380000114440918 7.699999809265137 7.869999885559082 612600
7.789999961853027 8.170000076293945 7.760000228881836 8.15999984741211 156200
8.15999984741211 8.265000343322754 8.020000457763672 8.130000114440918 147000
8.130000114440918 8.399999618530273 8.100000381469727 8.1899995803833 159300
8.069999694824219 8.199999809265137 8.0 8.109999656677246 103500
8.050000190734863 8.170000076293945 7.699999809265137 7.800000190734863 261400
7.880000114440918 7.880000114440918 7.59499979019165 7.639999866485596 275900
8.0600004196167 9.890000343322754 7.684999942779541 9.050000190734863 2100100
8.949999809265137 9.029999732971191 8.34000015258789 8.399999618530273 289600
8.199999809265137 8.649999618530273 8.111000061035156 8.239999771118164 294200
8.180000305175781 9.270000457763672 8.069999694824219 9.164999961853027 586400
9.149999618530273 9.520000457763672 8.925000190734863 9.430000305175781 395200
9.4399995803833 9.630000114440918 9.024999618530273 9.170000076293945 300300
9.34000015258789 9.34000015258789 8.807999610900879 8.850000381469727 215000
8.8100004196167 9.100000381469727 8.40999984741211 8.970000267028809 286500
9.170000076293945 9.309000015258789 8.920000076293945 9.109999656677246 205900
9.199999809265137 9.579999923706055 9.0600004196167 9.175000190734863 222800
9.229999542236328 9.34000015258789 9.010000228881836 9.170000076293945 166000
9.180000305175781 9.869999885559082 9.029999732971191 9.050000190734863 483600
9.0600004196167 9.680000305175781 9.0600004196167 9.329999923706055 460800
9.350000381469727 9.399999618530273 8.720000267028809 8.989999771118164 467500
9.069999694824219 9.550000190734863 8.928000450134277 9.420000076293945 318500
9.350000381469727 9.989999771118164 9.130000114440918 9.625 446400
9.630000114440918 9.788000106811523 9.329999923706055 9.449999809265137 690900
9.449999809265137 9.489999771118164 9.069999694824219 9.109999656677246 225800
9.130000114440918 9.479999542236328 8.9399995803833 9.470000267028809 246700
9.359999656677246 9.619999885559082 9.15999984741211 9.529999732971191 209100
9.420000076293945 10.118000030517578 9.420000076293945 9.920000076293945 487600
9.920000076293945 10.079999923706055 9.390000343322754 9.40999984741211 428500
9.520000457763672 9.631999969482422 8.930000305175781 9.069999694824219 476400
9.109999656677246 9.279999732971191 8.420000076293945 8.6899995803833 1229000
8.729999542236328 8.739999771118164 8.170000076293945 8.220000267028809 1252400
8.149999618530273 8.300000190734863 7.927000045776367 7.960000038146973 385900
7.989999771118164 8.069999694824219 7.789999961853027 7.860000133514404 266600
7.840000152587891 7.949999809265137 7.710000038146973 7.789999961853027 460000
7.860000133514404 8.34000015258789 7.761000156402588 7.809999942779541 690100
7.829999923706055 8.069999694824219 7.659999847412109 7.699999809265137 385500
7.75 7.820000171661377 7.349999904632568 7.489999771118164 550900
7.639999866485596 7.8420000076293945 7.380000114440918 7.400000095367432 639600
7.429999828338623 7.579999923706055 6.789999961853027 6.869999885559082 924400
6.800000190734863 6.8979997634887695 6.519999980926514 6.659999847412109 511200
6.650000095367432 6.849999904632568 6.53000020980835 6.630000114440918 732500
6.639999866485596 6.953000068664551 6.420000076293945 6.849999904632568 666000
6.849999904632568 7.025000095367432 6.610000133514404 6.880000114440918 514300
6.800000190734863 6.800000190734863 6.420000076293945 6.699999809265137 608100
6.650000095367432 6.872000217437744 6.539999961853027 6.630000114440918 1004700
6.659999847412109 6.802000045776367 6.070000171661377 6.119999885559082 655200
6.199999809265137 6.260000228881836 5.739999771118164 5.880000114440918 664900
5.869999885559082 6.019999980926514 5.650000095367432 5.989999771118164 422500
5.980000019073486 6.300000190734863 5.849999904632568 6.25 317300
6.190000057220459 6.349999904632568 6.079999923706055 6.239999771118164 391600
6.130000114440918 6.239999771118164 5.96999979019165 6.099999904632568 350400
6.050000190734863 6.079999923706055 5.760000228881836 5.760000228881836 334100
5.710000038146973 5.900000095367432 5.650000095367432 5.789999961853027 283300
