51.0099983215332 52.36000061035156 48.0 50.0 584400
49.939998626708984 52.625 49.2400016784668 50.06999969482422 92700
50.0 52.900001525878906 47.11000061035156 47.11000061035156 99900
50.2400016784668 52.040000915527344 49.369998931884766 49.40999984741211 84000
50.47999954223633 50.599998474121094 48.65999984741211 48.79999923706055 110300
48.849998474121094 49.689998626708984 48.54999923706055 48.81999969482422 75800
48.459999084472656 49.97200012207031 47.47999954223633 48.2599983215332 36200
48.41999816894531 50.540000915527344 48.28499984741211 49.779998779296875 17800
49.91999816894531 51.334999084472656 49.279998779296875 49.650001525878906 19600
50.0 50.84000015258789 49.27000045776367 49.7599983215332 14900
50.400001525878906 51.85599899291992 50.400001525878906 50.58000183105469 31400
51.25 51.34000015258789 49.80500030517578 50.119998931884766 11300
50.0 51.91999816894531 49.209999084472656 51.79999923706055 11300
52.970001220703125 55.189998626708984 52.970001220703125 55.11000061035156 24300
56.33000183105469 57.5 54.68000030517578 54.720001220703125 32500
55.56999969482422 58.27000045776367 54.31999969482422 57.68000030517578 10100
58.880001068115234 60.9900016784668 58.119998931884766 58.779998779296875 6600
59.689998626708984 61.5099983215332 59.220001220703125 60.290000915527344 18000
61.029998779296875 65.60099792480469 61.0 64.30000305175781 26000
65.12000274658203 66.97000122070312 63.0 65.08999633789062 75500
65.72000122070312 68.0 60.332000732421875 61.81999969482422 42500
62.77000045776367 64.33000183105469 60.400001525878906 63.130001068115234 15300
63.099998474121094 63.630001068115234 57.95000076293945 59.470001220703125 74100
61.38999938964844 65.0199966430664 61.38999938964844 62.58000183105469 26800
62.88999938964844 63.89500045776367 61.459999084472656 61.599998474121094 20000
60.61000061035156 61.27000045776367 56.47999954223633 56.47999954223633 45400
57.275001525878906 59.150001525878906 57.040000915527344 57.869998931884766 19000
58.0 60.310001373291016 57.869998931884766 59.9900016784668 16900
58.611000061035156 59.209999084472656 57.369998931884766 58.31999969482422 13500
56.5099983215332 56.5099983215332 54.2400016784668 54.5 16200
55.66999816894531 55.77000045776367 54.15999984741211 55.33000183105469 22300
55.41999816894531 56.474998474121094 54.77000045776367 55.56999969482422 12800
55.119998931884766 55.65999984741211 48.83000183105469 49.66999816894531 356600
50.52000045776367 53.83000183105469 49.04999923706055 53.0099983215332 555800
52.84000015258789 54.36000061035156 50.66999816894531 53.31999969482422 118800
53.34000015258789 53.709999084472656 50.66999816894531 50.900001525878906 92300
50.25 50.529998779296875 47.46099853515625 48.63999938964844 191700
48.150001525878906 50.73500061035156 48.150001525878906 50.15999984741211 57000
49.77000045776367 51.0099983215332 49.119998931884766 49.36000061035156 72400
50.0 52.90999984741211 49.275001525878906 52.869998931884766 109900
53.0099983215332 53.81999969482422 51.63999938964844 52.310001373291016 37300
52.90999984741211 53.04999923706055 51.529998779296875 52.16999816894531 69400
52.630001068115234 54.5 52.029998779296875 54.349998474121094 91700
54.779998779296875 56.2599983215332 54.26499938964844 55.900001525878906 117900
56.33000183105469 56.970001220703125 54.130001068115234 55.31999969482422 66800
55.16999816894531 55.95000076293945 54.619998931884766 55.2599983215332 25000
56.25 56.5 53.52000045776367 54.25 30400
53.7400016784668 54.97999954223633 53.505001068115234 53.630001068115234 27500
53.189998626708984 55.93899917602539 52.505001068115234 55.34000015258789 35100
55.709999084472656 56.5 54.0099983215332 54.470001220703125 42500
53.93000030517578 54.06999969482422 51.83000183105469 52.09000015258789 90800
51.900001525878906 52.38999938964844 51.279998779296875 51.75 70200
52.0 53.22999954223633 51.65999984741211 52.77000045776367 26600
52.04999923706055 52.5099983215332 49.64899826049805 49.790000915527344 59700
49.27000045776367 49.27000045776367 44.220001220703125 46.790000915527344 114400
46.849998474121094 47.86000061035156 46.34000015258789 46.61000061035156 51600
46.540000915527344 47.76300048828125 43.2599983215332 43.61000061035156 107400
43.61000061035156 44.29999923706055 41.720001220703125 43.540000915527344 76100
44.08000183105469 47.119998931884766 43.75 46.880001068115234 32300
47.369998931884766 47.5099983215332 45.41999816894531 45.779998779296875 51200
45.61000061035156 45.61000061035156 42.0099983215332 42.400001525878906 68000
42.22999954223633 42.720001220703125 38.9900016784668 41.06999969482422 75500
41.09000015258789 41.119998931884766 37.209999084472656 40.41999816894531 129800
40.79999923706055 41.040000915527344 38.939998626708984 39.13999938964844 69700
40.43000030517578 42.70000076293945 40.43000030517578 41.41999816894531 205900
42.2400016784668 43.900001525878906 41.68000030517578 41.81999969482422 185400
42.810001373291016 46.720001220703125 42.810001373291016 46.029998779296875 64000
44.959999084472656 46.31700134277344 43.099998474121094 46.09000015258789 78800
46.81999969482422 47.439998626708984 43.13999938964844 43.709999084472656 67300
44.099998474121094 44.165000915527344 41.81999969482422 43.59000015258789 257300
43.27000045776367 43.27000045776367 41.869998931884766 42.75 147600
41.88999938964844 43.70000076293945 40.7400016784668 40.88999938964844 40200
41.11000061035156 41.70000076293945 40.619998931884766 40.619998931884766 85900
41.150001525878906 42.470001220703125 40.869998931884766 41.68000030517578 47400
42.029998779296875 42.61000061035156 41.28499984741211 41.630001068115234 39000
41.84000015258789 42.099998474121094 39.29999923706055 39.400001525878906 99100
38.939998626708984 39.525001525878906 37.779998779296875 39.0099983215332 102200
39.2599983215332 40.81999969482422 39.2599983215332 40.47999954223633 142400
40.290000915527344 42.13999938964844 39.720001220703125 41.88999938964844 75500
41.650001525878906 42.632999420166016 40.8849983215332 41.380001068115234 60100
41.970001220703125 43.47999954223633 41.970001220703125 42.88999938964844 60200
43.869998931884766 44.2400016784668 42.93000030517578 42.9900016784668 137000
44.29999923706055 44.29999923706055 42.81999969482422 43.119998931884766 60700
43.27000045776367 46.20000076293945 42.81999969482422 46.02000045776367 44500
45.70000076293945 46.209999084472656 45.0 45.43000030517578 32400
45.75 46.94499969482422 45.15999984741211 46.630001068115234 27000
46.38999938964844 47.994998931884766 45.45000076293945 47.70000076293945 37000
47.40999984741211 48.05500030517578 46.25 47.470001220703125 47600
47.900001525878906 48.72999954223633 47.59000015258789 48.459999084472656 22600
48.400001525878906 48.77000045776367 46.93000030517578 47.130001068115234 24500
47.560001373291016 48.220001220703125 47.439998626708984 48.220001220703125 14800
48.18000030517578 48.20000076293945 47.25 47.459999084472656 52100
47.369998931884766 47.369998931884766 44.04999923706055 45.22999954223633 35300
45.15999984741211 45.33000183105469 43.900001525878906 44.81999969482422 64900
44.34000015258789 47.58000183105469 44.34000015258789 46.970001220703125 131800
46.7599983215332 47.869998931884766 45.83000183105469 46.47999954223633 55800
46.689998626708984 49.060001373291016 46.689998626708984 48.68000030517578 25600
48.68000030517578 50.20000076293945 48.68000030517578 49.7599983215332 14200
49.810001373291016 50.150001525878906 48.36000061035156 48.5 17800
48.560001373291016 50.189998626708984 47.560001373291016 49.09000015258789 118100
50.45000076293945 51.68000030517578 48.33000183105469 50.40999984741211 156600
53.779998779296875 55.09000015258789 51.91999816894531 52.91999816894531 349100
55.08000183105469 55.08000183105469 52.75 53.90999984741211 249300
54.63999938964844 54.63999938964844 49.79999923706055 51.459999084472656 109200
52.18000030517578 52.43000030517578 49.779998779296875 49.90999984741211 85000
49.849998474121094 49.939998626708984 47.5 48.79999923706055 148200
49.529998779296875 50.494998931884766 49.16999816894531 49.400001525878906 63400
50.27000045776367 50.27000045776367 47.790000915527344 48.2599983215332 48500
47.33000183105469 50.970001220703125 46.5099983215332 50.630001068115234 99000
49.650001525878906 50.29999923706055 48.88999938964844 49.9900016784668 66800
48.77000045776367 49.0 46.369998931884766 47.0 94000
47.63999938964844 48.810001373291016 47.41999816894531 47.97999954223633 70600
47.880001068115234 48.31999969482422 47.279998779296875 48.18000030517578 37800
48.65999984741211 50.61000061035156 48.12799835205078 50.459999084472656 22700
49.43000030517578 50.81999969482422 48.91999816894531 50.45000076293945 28000
50.79999923706055 52.93000030517578 50.79999923706055 52.79999923706055 35400
53.040000915527344 55.0 52.560001373291016 52.790000915527344 34300
53.18000030517578 53.66999816894531 52.79999923706055 53.540000915527344 13400
53.65999984741211 54.11000061035156 52.380001068115234 53.88999938964844 33700
54.0 54.150001525878906 52.349998474121094 52.68000030517578 21900
52.91999816894531 54.150001525878906 51.060001373291016 54.08000183105469 79900
54.029998779296875 54.5 51.790000915527344 51.81999969482422 33200
51.869998931884766 52.810001373291016 51.5099983215332 52.05799865722656 24800
52.369998931884766 52.369998931884766 51.25 52.279998779296875 16200
51.790000915527344 51.79999923706055 50.34000015258789 51.40999984741211 26300
51.650001525878906 52.560001373291016 51.45000076293945 52.02000045776367 17200
52.029998779296875 53.33000183105469 50.91400146484375 53.209999084472656 29300
53.7599983215332 54.869998931884766 53.04899978637695 53.650001525878906 37300
53.630001068115234 54.52000045776367 52.66999816894531 53.9900016784668 42600
54.0099983215332 55.61600112915039 53.060001373291016 55.40999984741211 89900
56.36000061035156 56.61000061035156 54.0 55.470001220703125 119800
56.130001068115234 57.95000076293945 55.540000915527344 57.20000076293945 72200
57.5 57.654998779296875 53.630001068115234 53.849998474121094 64200
54.16999816894531 54.2400016784668 52.85300064086914 53.18000030517578 54000
52.900001525878906 55.04999923706055 52.900001525878906 53.900001525878906 66300
53.900001525878906 54.150001525878906 52.400001525878906 53.91999816894531 57800
54.279998779296875 55.61000061035156 52.90999984741211 55.150001525878906 37200
55.22999954223633 56.459999084472656 55.0099983215332 56.20000076293945 31300
56.5 56.720001220703125 55.66999816894531 56.59000015258789 36500
57.189998626708984 57.540000915527344 56.16999816894531 56.81999969482422 51200
57.25 57.25 56.029998779296875 56.75 23900
57.2400016784668 57.83000183105469 56.540000915527344 57.599998474121094 30200
57.91999816894531 58.349998474121094 57.310001373291016 58.2400016784668 27000
58.43000030517578 59.33000183105469 57.84000015258789 59.029998779296875 39500
59.310001373291016 60.79999923706055 59.2400016784668 60.439998626708984 48800
60.470001220703125 63.25 60.310001373291016 62.43000030517578 72400
63.470001220703125 65.0 62.59000015258789 64.11000061035156 81500
64.66999816894531 64.66999816894531 61.75 63.2599983215332 47000
62.06999969482422 62.47999954223633 60.209999084472656 62.2599983215332 59300
62.279998779296875 62.4900016784668 61.61000061035156 61.959999084472656 23900
63.15999984741211 63.22999954223633 60.45000076293945 60.790000915527344 69900
60.83000183105469 62.25 60.09000015258789 60.9900016784668 33300
61.470001220703125 61.779998779296875 58.400001525878906 58.630001068115234 54400
58.4900016784668 59.611000061035156 57.790000915527344 58.72999954223633 39200
59.459999084472656 60.72999954223633 58.48500061035156 59.959999084472656 74800
59.529998779296875 60.599998474121094 58.0 59.650001525878906 42600
60.099998474121094 61.810001373291016 59.23400115966797 61.66999816894531 51400
62.18000030517578 63.81999969482422 61.5099983215332 63.79999923706055 37200
64.0 64.0 62.31100082397461 62.90999984741211 33300
63.38999938964844 65.31999969482422 62.90999984741211 65.16000366210938 122000
65.5 66.12000274658203 63.59000015258789 64.31999969482422 78100
64.58000183105469 65.20999908447266 62.694000244140625 65.16999816894531 53500
65.66999816894531 66.06999969482422 63.810001373291016 66.06999969482422 46900
67.0 67.0 65.01000213623047 66.2300033569336 50500
65.73999786376953 66.6500015258789 65.55000305175781 66.55000305175781 51400
67.16999816894531 72.5199966430664 67.16999816894531 70.58999633789062 88800
70.87999725341797 70.87999725341797 67.16999816894531 69.62000274658203 70700
69.33000183105469 69.91000366210938 67.94999694824219 69.76000213623047 51000
70.05999755859375 70.93000030517578 69.12999725341797 70.7699966430664 71900
70.66999816894531 70.66999816894531 67.66000366210938 68.31999969482422 63000
68.51000213623047 68.51000213623047 66.86399841308594 68.33999633789062 51000
68.23999786376953 68.5999984741211 64.5999984741211 66.18000030517578 62900
66.56999969482422 67.01000213623047 65.00700378417969 65.88999938964844 49400
65.12999725341797 68.83999633789062 64.2750015258789 68.66000366210938 80700
69.5199966430664 71.92400360107422 68.02999877929688 71.87000274658203 184900
72.0 72.41000366210938 69.94999694824219 70.86000061035156 54100
70.2699966430664 73.39600372314453 70.2699966430664 72.44000244140625 51600
72.75 77.36100006103516 72.6500015258789 76.81999969482422 155500
76.52999877929688 77.37999725341797 75.0 77.16000366210938 106100
77.37000274658203 78.30000305175781 75.05000305175781 76.51000213623047 65800
76.66999816894531 78.30000305175781 76.66999816894531 78.27999877929688 81800
78.51000213623047 78.77999877929688 77.76000213623047 78.62000274658203 58900
78.83999633789062 79.5 77.70999908447266 79.5 110000
79.51000213623047 83.01200103759766 79.51000213623047 81.4800033569336 66300
82.13999938964844 83.31999969482422 81.75599670410156 82.98999786376953 70700
83.5 84.36000061035156 82.29100036621094 84.0999984741211 62700
84.31999969482422 84.31999969482422 82.54000091552734 84.02999877929688 76400
84.88999938964844 84.88999938964844 82.45999908447266 83.18000030517578 58200
83.56999969482422 84.4800033569336 81.625 84.4800033569336 57600
84.37999725341797 89.02999877929688 84.37999725341797 88.6500015258789 97900
89.11000061035156 89.77999877929688 86.02999877929688 88.54000091552734 100800
88.23999786376953 88.23999786376953 81.19999694824219 81.2699966430664 104000
79.47000122070312 84.62000274658203 79.45999908447266 84.19999694824219 105900
84.8499984741211 85.05000305175781 82.87000274658203 84.4000015258789 76200
84.73999786376953 85.0 82.61000061035156 83.06999969482422 128500
83.29000091552734 84.63999938964844 82.97000122070312 84.2699966430664 58800
85.0 91.0 83.97000122070312 89.94999694824219 209900
90.23999786376953 92.75 88.23500061035156 92.31999969482422 231000
88.3499984741211 89.5 86.0999984741211 86.70999908447266 212700
84.87999725341797 87.59600067138672 83.58999633789062 87.2300033569336 88800
88.22000122070312 88.22000122070312 85.58000183105469 87.11000061035156 97700
87.23999786376953 88.19000244140625 86.33999633789062 87.1500015258789 120200
88.01000213623047 88.01000213623047 83.16000366210938 84.52999877929688 125400
83.73999786376953 84.20999908447266 80.46099853515625 83.72000122070312 80700
83.45999908447266 83.45999908447266 77.4000015258789 77.62999725341797 151400
76.55999755859375 76.55999755859375 72.8499984741211 73.9000015258789 116500
74.5199966430664 74.5199966430664 72.05999755859375 72.36000061035156 61800
72.56999969482422 73.86000061035156 72.0 72.79000091552734 73600
72.81999969482422 74.60700225830078 69.98999786376953 74.2699966430664 123200
73.88999938964844 73.9800033569336 67.79000091552734 68.97000122070312 113900
69.05999755859375 71.44000244140625 68.0 70.6500015258789 78600
70.69999694824219 72.63899993896484 70.0 71.8499984741211 88900
73.12000274658203 75.66000366210938 72.5999984741211 74.73999786376953 130400
75.30999755859375 75.30999755859375 71.86000061035156 72.4000015258789 55400
71.87999725341797 73.1500015258789 71.12000274658203 71.30000305175781 51000
72.08000183105469 72.802001953125 70.31999969482422 71.63999938964844 37900
72.0 75.91000366210938 71.88800048828125 75.58000183105469 40200
76.88999938964844 78.68000030517578 76.51000213623047 77.88999938964844 68900
78.08999633789062 79.4800033569336 76.80000305175781 77.23999786376953 57600
76.95999908447266 78.19999694824219 75.93000030517578 76.2699966430664 36300
77.33000183105469 79.26000213623047 76.80000305175781 79.19000244140625 63400
79.72000122070312 80.6500015258789 78.80999755859375 79.95999908447266 63100
80.1500015258789 82.30000305175781 79.66000366210938 82.04000091552734 54800
82.65699768066406 82.65699768066406 78.08000183105469 79.13999938964844 55200
79.83000183105469 82.31999969482422 79.13999938964844 82.02999877929688 36600
82.91999816894531 83.20999908447266 79.98999786376953 80.4000015258789 42900
80.48999786376953 80.48999786376953 76.05999755859375 77.06999969482422 55400
77.19000244140625 77.47000122070312 74.8010025024414 74.8499984741211 113300
74.87000274658203 75.2300033569336 73.4800033569336 75.05999755859375 57100
75.75 78.27999877929688 75.75 77.37999725341797 104000
77.5 77.91000366210938 75.72000122070312 76.72000122070312 34500
76.4800033569336 76.4800033569336 74.08699798583984 76.04000091552734 36500
76.30000305175781 76.30000305175781 72.11000061035156 72.87000274658203 80200
72.45999908447266 72.70999908447266 68.83000183105469 72.61000061035156 117200
72.20999908447266 75.69000244140625 71.9000015258789 74.83000183105469 66400
75.08000183105469 76.58000183105469 73.5530014038086 76.1500015258789 49500
75.30999755859375 76.06999969482422 72.91000366210938 73.81999969482422 87000
71.01000213623047 72.5999984741211 67.30999755859375 70.0 165600
70.33999633789062 73.67900085449219 70.33999633789062 72.91000366210938 84800
73.66000366210938 73.66000366210938 70.01000213623047 71.93000030517578 48900
71.69999694824219 76.58000183105469 71.69999694824219 76.23999786376953 89300
76.95999908447266 76.95999908447266 74.8499984741211 76.01000213623047 72500
76.45999908447266 78.13999938964844 74.55000305175781 77.05000305175781 106100
77.77999877929688 81.22000122070312 75.81999969482422 77.02999877929688 215200
77.19999694824219 77.5999984741211 70.62000274658203 70.76000213623047 104100
70.38999938964844 72.37999725341797 68.20999908447266 68.91999816894531 74700
68.83999633789062 73.12000274658203 68.58999633789062 72.8499984741211 69400
72.06999969482422 73.69000244140625 70.41999816894531 71.88999938964844 46500
73.27999877929688 74.37000274658203 70.74600219726562 73.70999908447266 60200
73.79000091552734 74.79000091552734 70.48999786376953 71.23999786376953 60400
72.08999633789062 72.08999633789062 65.81999969482422 66.08000183105469 253600
65.08499908447266 67.04000091552734 62.736000061035156 66.5999984741211 127800
67.23999786376953 67.23999786376953 61.63999938964844 62.849998474121094 163600
62.279998779296875 64.87999725341797 60.9900016784668 64.86000061035156 87500
66.77999877929688 70.06500244140625 66.27999877929688 69.38999938964844 71400
69.5199966430664 69.54000091552734 66.98999786376953 67.16999816894531 68100
66.61000061035156 66.6500015258789 64.37000274658203 66.26000213623047 145600
66.88999938964844 68.18000030517578 66.19999694824219 67.68000030517578 83700
67.88999938964844 68.66000366210938 65.83000183105469 66.05000305175781 91200
64.72000122070312 66.30000305175781 63.16899871826172 64.18000030517578 134400
64.1050033569336 65.30000305175781 61.689998626708984 65.27999877929688 161800
65.87999725341797 66.68000030517578 62.11000061035156 62.27000045776367 166500
61.027000427246094 65.76000213623047 60.13999938964844 65.0 205800
63.099998474121094 64.97000122070312 63.04999923706055 63.630001068115234 84300
64.48999786376953 67.47000122070312 63.7400016784668 67.36000061035156 98500
67.08000183105469 68.0199966430664 66.8499984741211 67.0999984741211 43100
67.2699966430664 68.375 66.18000030517578 68.08999633789062 35100
68.16000366210938 70.66000366210938 67.36000061035156 70.05000305175781 57700
70.08999633789062 70.08999633789062 66.91000366210938 67.68000030517578 42800
67.68000030517578 68.77999877929688 66.7300033569336 66.9000015258789 50100
67.0 70.2300033569336 67.0 68.95999908447266 42800
69.33000183105469 69.66000366210938 67.19999694824219 67.36000061035156 41400
67.33000183105469 68.03500366210938 65.51000213623047 67.0 54000
66.81999969482422 67.26000213623047 63.439998626708984 63.54999923706055 101800
62.15999984741211 63.36000061035156 55.060001373291016 55.43000030517578 294100
55.0 56.349998474121094 53.2400016784668 54.720001220703125 157800
54.560001373291016 55.869998931884766 52.36000061035156 53.209999084472656 82100
52.349998474121094 52.349998474121094 48.334999084472656 51.880001068115234 149200
51.27000045776367 55.52000045776367 50.7400016784668 54.25 235500
55.08000183105469 56.68000030517578 54.970001220703125 56.08000183105469 119800
56.08000183105469 56.48500061035156 54.41999816894531 55.06999969482422 98800
54.08000183105469 56.34000015258789 54.08000183105469 55.869998931884766 151200
54.20000076293945 56.130001068115234 52.040000915527344 52.13999938964844 129800
52.9900016784668 54.599998474121094 51.56999969482422 51.83000183105469 114900
52.40999984741211 56.09600067138672 52.40999984741211 53.18000030517578 131400
52.810001373291016 53.400001525878906 51.810001373291016 52.45000076293945 219800
51.02000045776367 53.45000076293945 48.439998626708984 53.06999969482422 197400
51.65999984741211 52.939998626708984 50.27000045776367 51.52000045776367 131300
53.08000183105469 54.380001068115234 51.540000915527344 52.20000076293945 134400
53.08000183105469 53.29999923706055 51.58000183105469 52.0 140700
51.970001220703125 53.81999969482422 50.849998474121094 53.81999969482422 112900
54.09000015258789 56.70000076293945 54.09000015258789 56.689998626708984 86600
57.0 57.36000061035156 55.61000061035156 57.20000076293945 80100
57.9900016784668 57.9900016784668 53.25 53.369998931884766 91700
51.29999923706055 52.970001220703125 51.029998779296875 52.540000915527344 75900
52.41999816894531 53.96699905395508 52.310001373291016 53.529998779296875 73700
53.68000030517578 55.58000183105469 53.0 53.970001220703125 53900
53.33000183105469 54.81999969482422 53.33000183105469 54.56999969482422 71200
55.41999816894531 56.029998779296875 54.77000045776367 55.33000183105469 58200
54.060001373291016 56.779998779296875 53.84000015258789 55.529998779296875 75800
55.68000030517578 56.63999938964844 53.97600173950195 54.4900016784668 110900
54.599998474121094 57.2400016784668 54.45000076293945 55.560001373291016 64500
56.66999816894531 56.880001068115234 55.4900016784668 56.310001373291016 63700
55.59000015258789 56.400001525878906 54.209999084472656 56.0099983215332 44200
55.52000045776367 55.52000045776367 52.380001068115234 52.4900016784668 97700
52.369998931884766 52.630001068115234 49.25 49.58000183105469 88100
49.194000244140625 51.38999938964844 48.869998931884766 49.849998474121094 171700
50.560001373291016 51.439998626708984 47.689998626708984 47.81999969482422 81200
45.68000030517578 50.70000076293945 45.349998474121094 50.599998474121094 129900
50.619998931884766 51.41999816894531 48.959999084472656 51.27000045776367 52600
50.970001220703125 52.619998931884766 50.970001220703125 52.619998931884766 50600
52.709999084472656 53.36000061035156 51.08000183105469 51.459999084472656 38400
51.810001373291016 51.86000061035156 49.41999816894531 49.79999923706055 100200
50.06999969482422 50.06999969482422 44.33000183105469 44.4900016784668 198200
44.36000061035156 44.790000915527344 42.856998443603516 43.43000030517578 180000
43.33000183105469 43.9900016784668 40.27000045776367 40.5099983215332 83400
40.34000015258789 42.75 39.709999084472656 41.91999816894531 128400
42.93000030517578 45.54999923706055 42.869998931884766 45.380001068115234 104900
46.0 46.04999923706055 41.63999938964844 43.5099983215332 90500
43.7599983215332 44.02000045776367 40.36000061035156 40.709999084472656 108600
40.52000045776367 41.060001373291016 38.310001373291016 38.52000045776367 105400
38.630001068115234 41.689998626708984 38.630001068115234 41.4900016784668 80800
42.11000061035156 45.720001220703125 42.11000061035156 45.630001068115234 62500
45.27000045776367 47.61000061035156 45.27000045776367 47.52000045776367 41500
47.310001373291016 49.849998474121094 47.18000030517578 49.04999923706055 69600
49.0099983215332 49.61000061035156 47.5099983215332 49.189998626708984 54000
49.5 51.31999969482422 49.5 50.400001525878906 78800
49.7599983215332 51.68000030517578 48.79999923706055 49.45000076293945 37500
49.90999984741211 50.25 48.68000030517578 49.93000030517578 30600
49.34000015258789 49.939998626708984 47.87200164794922 48.869998931884766 45900
48.540000915527344 50.439998626708984 48.369998931884766 49.52000045776367 48000
50.81999969482422 52.84000015258789 50.41999816894531 52.29999923706055 67000
51.65999984741211 52.060001373291016 50.71500015258789 51.06999969482422 39700
51.209999084472656 52.529998779296875 50.43000030517578 51.81999969482422 41100
51.9900016784668 52.55500030517578 50.540000915527344 50.90999984741211 35300
51.099998474121094 52.119998931884766 50.599998474121094 51.70000076293945 60100
51.810001373291016 51.810001373291016 48.98500061035156 49.529998779296875 43400
48.189998626708984 49.29999923706055 47.36000061035156 48.630001068115234 59200
48.86000061035156 49.939998626708984 47.86000061035156 48.970001220703125 34200
48.47999954223633 49.630001068115234 48.31999969482422 49.04999923706055 48200
48.060001373291016 49.349998474121094 47.683998107910156 48.15999984741211 30500
49.619998931884766 51.02000045776367 48.70000076293945 49.130001068115234 50900
49.099998474121094 51.189998626708984 48.93000030517578 50.16999816894531 38700
50.2400016784668 50.25 48.220001220703125 48.88999938964844 50900
48.88999938964844 49.130001068115234 47.369998931884766 48.47999954223633 46800
48.029998779296875 50.060001373291016 48.029998779296875 49.380001068115234 35300
48.810001373291016 49.189998626708984 48.0 48.56999969482422 48900
49.27000045776367 49.76499938964844 46.130001068115234 46.599998474121094 64900
46.4900016784668 47.13999938964844 44.858001708984375 45.47999954223633 41800
44.95000076293945 46.18000030517578 44.4900016784668 46.06999969482422 56700
45.5 45.630001068115234 43.70000076293945 43.7599983215332 58500
43.900001525878906 45.150001525878906 43.58000183105469 43.70000076293945 30100
44.349998474121094 46.029998779296875 43.599998474121094 45.66999816894531 30900
45.0099983215332 46.08000183105469 42.81999969482422 42.880001068115234 33800
42.7599983215332 44.90999984741211 42.7400016784668 44.689998626708984 46200
45.0 45.150001525878906 43.220001220703125 44.65999984741211 64800
44.900001525878906 47.2400016784668 44.1510009765625 47.22999954223633 46100
46.319000244140625 46.319000244140625 41.40999984741211 41.70000076293945 37100
41.459999084472656 41.505001068115234 38.43000030517578 40.369998931884766 45800
38.9900016784668 39.81999969482422 36.720001220703125 36.790000915527344 52700
37.790000915527344 37.790000915527344 35.290000915527344 36.220001220703125 102200
35.689998626708984 36.900001525878906 34.04999923706055 34.220001220703125 148100
33.290000915527344 33.290000915527344 28.719999313354492 29.719999313354492 304200
30.239999771118164 32.849998474121094 30.239999771118164 32.68000030517578 94200
32.33000183105469 32.36000061035156 30.479999542236328 30.559999465942383 52100
31.399999618530273 33.369998931884766 31.399999618530273 33.2400016784668 108600
32.380001068115234 33.43000030517578 31.8700008392334 32.709999084472656 81000
32.349998474121094 34.810001373291016 32.349998474121094 34.380001068115234 178600
34.91999816894531 35.380001068115234 33.83000183105469 35.349998474121094 100000
35.369998931884766 36.7400016784668 35.220001220703125 36.220001220703125 50300
35.40999984741211 35.40999984741211 32.70000076293945 32.790000915527344 50800
32.52000045776367 33.619998931884766 32.52000045776367 33.33000183105469 57200
33.47999954223633 34.4900016784668 33.2599983215332 34.04999923706055 44900
34.75 35.2599983215332 34.130001068115234 34.7400016784668 59600
34.91999816894531 35.540000915527344 34.02000045776367 34.439998626708984 59600
34.599998474121094 35.060001373291016 32.900001525878906 32.900001525878906 67000
32.439998626708984 35.0099983215332 32.33000183105469 34.70000076293945 72400
34.130001068115234 34.130001068115234 31.950000762939453 33.11000061035156 81600
33.68000030517578 34.66999816894531 33.22999954223633 33.91999816894531 53700
33.11000061035156 34.400001525878906 33.11000061035156 33.59000015258789 68700
33.380001068115234 33.93000030517578 33.16999816894531 33.380001068115234 57900
33.130001068115234 33.130001068115234 32.029998779296875 32.08000183105469 49700
31.059999465942383 31.479000091552734 30.489999771118164 31.100000381469727 75700
29.600000381469727 29.75 28.058000564575195 28.06999969482422 84400
28.479999542236328 28.479999542236328 27.0 27.649999618530273 91500
28.0 28.219999313354492 27.059999465942383 27.559999465942383 81000
26.450000762939453 27.040000915527344 25.09000015258789 25.290000915527344 89200
25.540000915527344 26.3799991607666 25.34000015258789 25.700000762939453 128400
26.1299991607666 27.844999313354492 26.059999465942383 27.049999237060547 46700
26.479999542236328 30.434999465942383 26.479999542236328 29.040000915527344 94300
29.31999969482422 30.1200008392334 28.15999984741211 29.75 66400
30.360000610351562 33.04600143432617 29.799999237060547 32.66999816894531 110900
33.09000015258789 33.09000015258789 30.739999771118164 31.15999984741211 35700
31.280000686645508 32.029998779296875 29.520000457763672 29.760000228881836 65900
29.399999618530273 29.700000762939453 28.530000686645508 28.770000457763672 43400
28.31999969482422 29.0 27.43000030517578 28.670000076293945 65800
28.399999618530273 28.729999542236328 28.010000228881836 28.3799991607666 25600
27.239999771118164 29.459999084472656 26.760000228881836 29.299999237060547 53100
29.3700008392334 29.860000610351562 28.8799991607666 29.549999237060547 57300
29.520000457763672 30.399999618530273 29.4950008392334 30.270000457763672 32800
29.899999618530273 31.68000030517578 29.489999771118164 30.489999771118164 121500
30.0 30.0 28.110000610351562 28.149999618530273 46700
28.1299991607666 28.59000015258789 26.989999771118164 27.209999084472656 49000
26.389999389648438 27.709999084472656 26.25 27.329999923706055 32500
26.799999237060547 27.18000030517578 26.459999084472656 26.8700008392334 49900
27.389999389648438 29.389999389648438 26.719999313354492 26.850000381469727 41300
27.31999969482422 28.204999923706055 26.139999389648438 26.670000076293945 43900
27.209999084472656 28.06999969482422 27.094999313354492 27.790000915527344 26300
27.989999771118164 30.639999389648438 27.989999771118164 30.34000015258789 53500
30.280000686645508 31.3799991607666 30.079999923706055 30.940000534057617 23300
30.889999389648438 31.34000015258789 29.5 29.950000762939453 42200
29.920000076293945 30.110000610351562 29.040000915527344 29.8799991607666 30800
29.09000015258789 29.110000610351562 28.440000534057617 28.950000762939453 31600
29.440000534057617 30.75 29.25 30.520000457763672 27900
30.31999969482422 30.959999084472656 29.329999923706055 30.260000228881836 35300
30.280000686645508 31.75 29.760000228881836 31.489999771118164 43000
31.219999313354492 31.3799991607666 30.6299991607666 30.920000076293945 16200
30.6299991607666 31.829999923706055 30.6299991607666 31.329999923706055 88100
31.75 34.5 31.75 34.150001525878906 89100
33.970001220703125 35.45000076293945 33.369998931884766 35.119998931884766 133800
34.15999984741211 35.310001373291016 32.970001220703125 35.18000030517578 78700
35.66999816894531 36.4900016784668 35.369998931884766 35.93000030517578 32200
35.630001068115234 35.630001068115234 34.439998626708984 34.58000183105469 62400
35.470001220703125 36.2400016784668 35.09000015258789 35.68000030517578 103900
39.619998931884766 40.55500030517578 36.560001373291016 36.63999938964844 123600
36.779998779296875 37.29999923706055 35.33000183105469 36.45000076293945 72300
35.970001220703125 36.5 35.45000076293945 36.470001220703125 53100
36.0099983215332 36.505001068115234 35.40999984741211 36.400001525878906 59600
35.70000076293945 35.77000045776367 34.18000030517578 34.22999954223633 42300
34.0099983215332 34.2400016784668 33.33000183105469 33.720001220703125 39200
33.0099983215332 33.0099983215332 31.309999465942383 31.440000534057617 28000
30.649999618530273 30.899999618530273 29.889999389648438 30.190000534057617 80600
30.149999618530273 30.899999618530273 29.8700008392334 30.770000457763672 76300
30.6200008392334 31.639999389648438 30.6200008392334 31.43000030517578 78200
32.0 32.47999954223633 31.6200008392334 31.799999237060547 68200
31.3700008392334 31.43000030517578 29.25 29.389999389648438 135200
29.0 30.225000381469727 28.790000915527344 29.0 134800
29.06999969482422 30.469999313354492 29.06999969482422 30.469999313354492 139800
30.780000686645508 31.56999969482422 29.96500015258789 30.049999237060547 53900
29.700000762939453 29.979999542236328 28.6299991607666 29.889999389648438 77600
30.229999542236328 30.59000015258789 29.43000030517578 29.59000015258789 49700
29.940000534057617 29.940000534057617 28.969999313354492 29.139999389648438 82100
29.219999313354492 30.280000686645508 29.084999084472656 30.270000457763672 70000
29.850000381469727 31.190000534057617 29.3799991607666 31.06999969482422 39700
31.780000686645508 32.08000183105469 31.25 31.549999237060547 58200
31.790000915527344 32.125 31.40999984741211 31.899999618530273 59400
30.6299991607666 31.93000030517578 30.350000381469727 31.25 102100
31.649999618530273 31.649999618530273 30.40999984741211 30.829999923706055 49100
30.540000915527344 31.510000228881836 30.079999923706055 30.34000015258789 47300
29.530000686645508 29.530000686645508 28.389999389648438 28.700000762939453 80600
28.399999618530273 28.649999618530273 27.829999923706055 28.3700008392334 69200
28.270000457763672 28.270000457763672 27.25 27.709999084472656 70100
27.6299991607666 28.31999969482422 27.010000228881836 27.809999465942383 66500
27.40999984741211 27.795000076293945 26.360000610351562 26.770000457763672 71600
26.260000228881836 26.729999542236328 25.485000610351562 26.200000762939453 111600
26.030000686645508 26.84000015258789 26.030000686645508 26.190000534057617 48200
26.540000915527344 27.06999969482422 26.459999084472656 26.81999969482422 43900
26.84000015258789 28.139999389648438 26.739999771118164 28.06999969482422 25200
27.350000381469727 27.59000015258789 27.09000015258789 27.1299991607666 32500
27.219999313354492 28.389999389648438 26.959999084472656 27.010000228881836 36400
26.809999465942383 28.100000381469727 26.770000457763672 27.850000381469727 29400
28.459999084472656 29.329999923706055 28.350000381469727 29.239999771118164 30500
28.770000457763672 29.222999572753906 28.514999389648438 29.059999465942383 19400
28.989999771118164 29.40999984741211 28.44499969482422 28.540000915527344 10000
27.93000030517578 27.93000030517578 26.645000457763672 27.229999542236328 45600
27.190000534057617 27.229999542236328 26.459999084472656 26.899999618530273 33300
26.649999618530273 26.920000076293945 25.579999923706055 26.760000228881836 78800
26.709999084472656 26.829999923706055 25.90999984741211 26.479999542236328 67700
25.56999969482422 26.700000762939453 24.850000381469727 25.950000762939453 88700
26.170000076293945 26.979999542236328 26.020000457763672 26.25 34100
27.1200008392334 28.924999237060547 27.049999237060547 28.579999923706055 43800
29.43000030517578 29.67799949645996 28.329999923706055 28.469999313354492 25500
27.559999465942383 27.854999542236328 27.079999923706055 27.510000228881836 24600
27.43000030517578 28.8799991607666 27.43000030517578 27.81999969482422 25600
27.700000762939453 28.579999923706055 27.299999237060547 28.329999923706055 32600
28.329999923706055 28.329999923706055 26.899999618530273 28.209999084472656 28800
28.270000457763672 30.020000457763672 28.270000457763672 29.579999923706055 26400
29.139999389648438 30.280000686645508 29.139999389648438 29.520000457763672 33400
29.600000381469727 30.174999237060547 29.280000686645508 29.670000076293945 29900
29.459999084472656 29.729999542236328 29.0 29.6299991607666 47500
29.270000457763672 29.719999313354492 28.43000030517578 29.18000030517578 116300
29.649999618530273 30.399999618530273 28.950000762939453 29.43000030517578 92600
29.31999969482422 29.545000076293945 27.600000381469727 27.690000534057617 76600
27.299999237060547 27.399999618530273 26.010000228881836 26.75 60500
27.200000762939453 27.790000915527344 25.290000915527344 26.25 78100
26.59000015258789 27.030000686645508 25.8700008392334 26.610000610351562 66100
26.520000457763672 26.767000198364258 25.3799991607666 25.709999084472656 168300
25.260000228881836 25.270000457763672 23.399999618530273 23.920000076293945 230500
26.989999771118164 29.989999771118164 25.170000076293945 28.790000915527344 109500
28.5 31.165000915527344 28.309999465942383 30.6299991607666 72300
30.0 30.1299991607666 29.200000762939453 29.770000457763672 37600
30.639999389648438 32.02000045776367 30.639999389648438 31.049999237060547 64800
30.59000015258789 31.540000915527344 30.260000228881836 31.540000915527344 56400
30.760000228881836 31.610000610351562 30.40999984741211 30.81999969482422 46300
31.40999984741211 31.40999984741211 29.75 30.15999984741211 24500
30.110000610351562 30.415000915527344 29.6299991607666 30.280000686645508 49000
30.540000915527344 30.719999313354492 29.600000381469727 30.690000534057617 37100
30.790000915527344 31.450000762939453 30.65999984741211 31.15999984741211 16500
31.049999237060547 31.139999389648438 30.565000534057617 30.8799991607666 22100
30.489999771118164 31.03499984741211 29.90999984741211 30.25 34800
30.270000457763672 30.6200008392334 29.90999984741211 30.43000030517578 51900
30.75 32.59000015258789 30.75 31.899999618530273 139000
32.31999969482422 33.0 31.850000381469727 32.86000061035156 82400
31.93000030517578 33.310001373291016 31.6299991607666 32.869998931884766 62700
32.75 32.75 30.434999465942383 31.010000228881836 42900
30.81999969482422 30.90999984741211 29.850000381469727 30.139999389648438 41100
29.940000534057617 31.3700008392334 29.899999618530273 31.059999465942383 35700
31.209999084472656 32.22999954223633 30.90999984741211 32.09000015258789 32600
31.940000534057617 32.38999938964844 31.93000030517578 32.220001220703125 18400
32.15999984741211 33.040000915527344 31.8700008392334 32.810001373291016 60200
34.369998931884766 35.150001525878906 33.349998474121094 33.81999969482422 46900
33.41999816894531 34.349998474121094 33.040000915527344 33.5099983215332 26500
32.77000045776367 34.11000061035156 32.77000045776367 34.0 107000
33.63999938964844 34.150001525878906 33.209999084472656 33.75 198900
33.81999969482422 33.9900016784668 32.779998779296875 32.810001373291016 28300
32.66999816894531 32.790000915527344 32.310001373291016 32.619998931884766 20400
32.720001220703125 33.7400016784668 32.650001525878906 33.2400016784668 24000
32.81999969482422 33.06999969482422 32.310001373291016 32.91999816894531 19200
32.900001525878906 32.900001525878906 31.600000381469727 31.940000534057617 11900
31.760000228881836 31.950000762939453 30.690000534057617 31.6299991607666 24400
31.440000534057617 31.600000381469727 30.395000457763672 31.059999465942383 33000
31.299999237060547 33.33000183105469 31.299999237060547 33.150001525878906 30200
32.54999923706055 33.790000915527344 32.54999923706055 33.13999938964844 63400
33.81999969482422 34.689998626708984 33.19300079345703 33.880001068115234 18200
34.47999954223633 34.47999954223633 33.349998474121094 33.7400016784668 20500
33.2599983215332 33.2599983215332 31.780000686645508 31.799999237060547 37000
32.189998626708984 32.439998626708984 31.079999923706055 32.290000915527344 26100
32.77000045776367 33.959999084472656 32.61000061035156 33.16999816894531 28000
33.16999816894531 33.86000061035156 32.810001373291016 33.7599983215332 22100
33.80699920654297 34.27000045776367 33.790000915527344 34.27000045776367 27600
34.36000061035156 36.0 33.67499923706055 35.310001373291016 39600
34.81999969482422 35.60499954223633 34.630001068115234 35.209999084472656 36200
35.06999969482422 35.720001220703125 34.61000061035156 35.54999923706055 55000
35.81999969482422 36.404998779296875 34.59000015258789 34.709999084472656 13400
34.44499969482422 34.540000915527344 33.75 33.79999923706055 23900
34.09000015258789 35.56999969482422 33.900001525878906 35.56999969482422 23500
35.189998626708984 36.36000061035156 35.0 35.83000183105469 29600
35.9900016784668 36.599998474121094 35.5099983215332 35.72999954223633 53600
35.54999923706055 36.209999084472656 34.5 35.720001220703125 35300
36.060001373291016 37.34000015258789 36.060001373291016 36.84000015258789 54900
36.72999954223633 37.29499816894531 36.209999084472656 36.779998779296875 56300
36.13999938964844 37.779998779296875 36.13999938964844 37.36000061035156 29000
37.529998779296875 38.435001373291016 37.529998779296875 38.09000015258789 88700
38.16999816894531 39.255001068115234 37.81999969482422 39.16999816894531 70000
39.810001373291016 40.68000030517578 39.220001220703125 39.33000183105469 66500
38.38999938964844 40.619998931884766 37.93000030517578 40.279998779296875 91800
39.939998626708984 40.65999984741211 39.45000076293945 39.5 62100
39.70000076293945 39.70000076293945 38.5 39.5099983215332 118300
39.79999923706055 39.79999923706055 39.040000915527344 39.130001068115234 89900
39.540000915527344 39.7599983215332 38.119998931884766 38.220001220703125 71000
37.689998626708984 38.15999984741211 37.20000076293945 37.40999984741211 66200
37.650001525878906 38.380001068115234 37.26499938964844 37.439998626708984 61800
37.150001525878906 37.874000549316406 36.63999938964844 37.529998779296875 73400
37.369998931884766 40.18000030517578 37.2599983215332 39.75 36400
39.08000183105469 39.08000183105469 38.099998474121094 38.22999954223633 37700
38.099998474121094 38.22999954223633 37.439998626708984 37.709999084472656 33900
37.130001068115234 37.290000915527344 36.15999984741211 36.33000183105469 20400
36.349998474121094 37.0 36.13999938964844 36.70000076293945 20000
37.15999984741211 37.15999984741211 35.77000045776367 36.040000915527344 25100
35.36000061035156 35.36000061035156 34.2599983215332 34.38999938964844 31500
34.619998931884766 34.900001525878906 34.459999084472656 34.70000076293945 22100
34.689998626708984 35.189998626708984 34.66999816894531 35.0099983215332 31000
34.79999923706055 35.2400016784668 34.54999923706055 34.93000030517578 40800
34.7400016784668 35.834999084472656 34.52000045776367 35.68000030517578 13400
35.709999084472656 36.380001068115234 35.709999084472656 36.130001068115234 28700
36.0099983215332 37.02000045776367 36.0099983215332 36.349998474121094 22500
36.529998779296875 36.7599983215332 35.275001525878906 35.279998779296875 31900
35.560001373291016 36.2599983215332 35.290000915527344 35.75 42700
37.880001068115234 39.68000030517578 36.00400161743164 36.75 59300
38.7400016784668 38.7400016784668 35.16999816894531 35.41999816894531 41000
35.02000045776367 37.279998779296875 35.02000045776367 36.97999954223633 40800
37.59000015258789 39.41999816894531 37.59000015258789 39.099998474121094 41600
38.84000015258789 39.04999923706055 37.82500076293945 38.209999084472656 39000
37.84000015258789 38.904998779296875 37.56999969482422 38.4900016784668 20900
38.70000076293945 39.0 38.150001525878906 38.439998626708984 22500
38.310001373291016 38.689998626708984 37.27000045776367 37.45000076293945 36400
38.119998931884766 38.18000030517578 37.52000045776367 38.0 9500
37.823001861572266 38.7400016784668 37.470001220703125 37.470001220703125 14100
37.810001373291016 39.7599983215332 37.22999954223633 38.86000061035156 30900
38.79999923706055 38.83000183105469 37.5 38.18000030517578 34100
37.90999984741211 39.09000015258789 37.90999984741211 38.650001525878906 64300
38.63999938964844 38.72999954223633 38.11000061035156 38.33000183105469 22800
38.869998931884766 39.459999084472656 38.66999816894531 38.91999816894531 45800
39.27000045776367 39.540000915527344 38.619998931884766 38.619998931884766 29200
38.709999084472656 40.7400016784668 38.709999084472656 40.7400016784668 81600
40.33000183105469 41.47999954223633 38.72999954223633 39.04999923706055 36900
39.02000045776367 39.86000061035156 39.02000045776367 39.7400016784668 27900
39.790000915527344 39.790000915527344 37.709999084472656 37.810001373291016 50600
37.5 37.970001220703125 36.470001220703125 37.970001220703125 32000
37.439998626708984 38.290000915527344 37.099998474121094 38.09000015258789 20300
37.65999984741211 38.869998931884766 37.65999984741211 38.560001373291016 19600
39.45000076293945 39.45000076293945 38.35499954223633 38.369998931884766 17400
38.61000061035156 39.369998931884766 38.61000061035156 39.349998474121094 25400
39.099998474121094 39.279998779296875 38.68000030517578 38.93000030517578 11400
39.029998779296875 39.380001068115234 38.38999938964844 38.54999923706055 12500
38.72999954223633 38.72999954223633 36.880001068115234 37.709999084472656 21500
37.189998626708984 37.790000915527344 37.189998626708984 37.72999954223633 16200
37.650001525878906 37.849998474121094 37.40599822998047 37.65999984741211 9400
37.689998626708984 37.689998626708984 37.27000045776367 37.36000061035156 11400
37.2400016784668 37.619998931884766 36.66999816894531 36.779998779296875 13800
36.11000061035156 36.31999969482422 35.77000045776367 35.77000045776367 16300
36.099998474121094 36.52000045776367 35.849998474121094 36.34000015258789 31900
36.720001220703125 37.439998626708984 36.720001220703125 37.189998626708984 22900
37.7599983215332 38.900001525878906 37.757999420166016 38.68000030517578 43500
38.41999816894531 38.95000076293945 37.900001525878906 38.209999084472656 20100
38.06999969482422 38.5 37.439998626708984 38.34000015258789 31400
38.678001403808594 38.86000061035156 37.27000045776367 37.27000045776367 13800
37.279998779296875 37.5 35.61000061035156 35.619998931884766 41500
35.90999984741211 36.52000045776367 35.875999450683594 36.150001525878906 17600
36.209999084472656 37.79999923706055 36.20000076293945 37.650001525878906 25200
37.650001525878906 37.65999984741211 37.15700149536133 37.63999938964844 11300
37.65999984741211 38.20000076293945 36.70000076293945 36.880001068115234 33900
35.189998626708984 35.189998626708984 30.149999618530273 30.399999618530273 144400
30.610000610351562 31.104999542236328 29.399999618530273 29.969999313354492 62300
29.770000457763672 32.290000915527344 29.770000457763672 32.290000915527344 421100
32.2400016784668 32.9900016784668 31.940000534057617 32.189998626708984 26600
32.130001068115234 32.290000915527344 31.889999389648438 32.04999923706055 40600
32.04999923706055 32.69499969482422 31.753000259399414 32.099998474121094 21100
32.189998626708984 33.5 32.189998626708984 33.5 33500
33.439998626708984 33.720001220703125 32.52000045776367 33.09000015258789 36200
33.0 33.380001068115234 32.0 32.11000061035156 20300
31.899999618530273 32.279998779296875 31.34000015258789 32.15999984741211 84100
32.86000061035156 32.86000061035156 31.770000457763672 31.770000457763672 26300
31.709999084472656 32.64699935913086 31.709999084472656 32.349998474121094 43000
32.40999984741211 33.189998626708984 32.40999984741211 32.779998779296875 19400
32.59000015258789 34.189998626708984 32.59000015258789 34.119998931884766 53700
33.849998474121094 35.17599868774414 33.849998474121094 34.790000915527344 37400
35.18000030517578 35.2599983215332 34.36000061035156 34.599998474121094 13700
34.369998931884766 35.20000076293945 34.25299835205078 34.77000045776367 10500
34.619998931884766 35.66999816894531 34.5099983215332 35.540000915527344 34300
35.5 36.529998779296875 35.40999984741211 35.79999923706055 168200
35.5 36.36000061035156 35.16999816894531 36.11000061035156 114000
36.029998779296875 36.349998474121094 35.2400016784668 35.5 28800
35.40999984741211 37.18000030517578 35.40999984741211 36.95000076293945 41500
36.959999084472656 37.56999969482422 36.75 37.09000015258789 25900
37.04999923706055 38.09000015258789 36.99399948120117 37.54999923706055 44200
37.34000015258789 38.31999969482422 37.15999984741211 38.189998626708984 28200
38.29999923706055 38.599998474121094 37.790000915527344 37.790000915527344 23100
38.38999938964844 39.069000244140625 37.79999923706055 38.04999923706055 24900
37.380001068115234 37.380001068115234 35.96099853515625 37.08000183105469 34000
36.959999084472656 37.18000030517578 36.27000045776367 36.43000030517578 26000
36.20000076293945 36.939998626708984 35.630001068115234 36.90999984741211 44600
36.95000076293945 37.29999923706055 36.61000061035156 36.68000030517578 23800
37.16999816894531 38.13999938964844 36.45000076293945 37.9900016784668 29100
37.75 39.08000183105469 37.75 38.880001068115234 28200
38.880001068115234 39.41999816894531 38.36000061035156 38.529998779296875 18600
38.650001525878906 39.650001525878906 38.560001373291016 39.43000030517578 25800
39.400001525878906 39.459999084472656 38.56999969482422 38.56999969482422 14500
38.90999984741211 39.66999816894531 38.27000045776367 38.88999938964844 41800
38.380001068115234 38.41999816894531 37.25 37.25 25300
37.29999923706055 37.93000030517578 37.220001220703125 37.2599983215332 27800
37.15999984741211 38.345001220703125 37.15999984741211 37.970001220703125 35700
38.04999923706055 38.44499969482422 37.41999816894531 37.97999954223633 25000
38.36000061035156 38.47999954223633 37.220001220703125 37.220001220703125 30700
37.54999923706055 39.43000030517578 37.54999923706055 38.7400016784668 40800
38.7400016784668 39.650001525878906 38.04999923706055 38.380001068115234 57000
38.25 39.459999084472656 38.19599914550781 39.25 8100
38.939998626708984 39.35300064086914 38.40999984741211 38.959999084472656 20700
38.900001525878906 39.34000015258789 37.97999954223633 37.9900016784668 36700
37.83000183105469 38.04999923706055 37.130001068115234 38.0 33000
38.11000061035156 38.90999984741211 38.11000061035156 38.560001373291016 25200
38.94599914550781 39.31999969482422 38.77000045776367 39.2599983215332 21900
39.20000076293945 39.5 37.869998931884766 37.90999984741211 19500
37.540000915527344 39.08000183105469 37.345001220703125 37.880001068115234 35700
38.459999084472656 38.4900016784668 37.380001068115234 37.560001373291016 18800
37.779998779296875 38.5099983215332 37.58000183105469 38.11000061035156 12800
38.209999084472656 38.849998474121094 38.150001525878906 38.40999984741211 35600
38.33000183105469 39.09000015258789 37.68000030517578 38.97999954223633 87500
38.470001220703125 38.52000045776367 36.650001525878906 37.81999969482422 78700
37.59000015258789 37.86000061035156 36.869998931884766 37.209999084472656 22600
37.209999084472656 37.939998626708984 36.720001220703125 37.310001373291016 25200
37.290000915527344 37.29999923706055 36.86000061035156 37.16999816894531 11500
36.7400016784668 36.7400016784668 34.939998626708984 35.400001525878906 70600
35.165000915527344 35.650001525878906 35.0 35.310001373291016 125600
36.209999084472656 37.310001373291016 35.060001373291016 36.709999084472656 63600
36.130001068115234 36.630001068115234 36.0 36.119998931884766 28600
36.099998474121094 37.540000915527344 35.84000015258789 37.45000076293945 17800
37.31999969482422 37.95000076293945 37.09000015258789 37.599998474121094 21900
37.599998474121094 38.72999954223633 37.599998474121094 38.099998474121094 37700
37.63999938964844 40.810001373291016 37.41999816894531 40.65999984741211 156000
40.5 40.83000183105469 39.630001068115234 40.810001373291016 55200
40.83000183105469 43.5099983215332 40.83000183105469 43.119998931884766 66700
43.36000061035156 44.38999938964844 43.36000061035156 44.16999816894531 52000
44.56999969482422 46.51499938964844 44.56999969482422 45.81999969482422 158700
46.43000030517578 46.43000030517578 44.400001525878906 45.06999969482422 56500
44.939998626708984 45.689998626708984 44.62099838256836 44.970001220703125 23600
45.15999984741211 45.15999984741211 43.11000061035156 43.11000061035156 51300
43.0 43.0 42.130001068115234 42.4900016784668 84400
42.45000076293945 43.77000045776367 42.369998931884766 42.5 54300
42.5 44.310001373291016 42.5 43.83000183105469 59200
44.060001373291016 44.099998474121094 43.04999923706055 43.08000183105469 25900
43.0 43.27000045776367 42.400001525878906 43.189998626708984 23700
43.06999969482422 43.27000045776367 40.98099899291992 41.060001373291016 63700
40.599998474121094 41.33000183105469 40.09000015258789 41.310001373291016 46800
41.25 41.25 39.79999923706055 40.369998931884766 43900
40.5 41.29999923706055 40.2140007019043 41.119998931884766 37300
41.06999969482422 41.5099983215332 40.369998931884766 40.380001068115234 31200
40.459999084472656 40.560001373291016 39.61000061035156 39.7400016784668 33200
40.33000183105469 41.540000915527344 39.81999969482422 41.220001220703125 44600
41.060001373291016 41.5 40.380001068115234 41.33000183105469 45400
41.18000030517578 42.36000061035156 41.18000030517578 41.86000061035156 25900
41.65999984741211 41.90999984741211 40.54999923706055 41.13999938964844 26200
41.43000030517578 41.849998474121094 40.66999816894531 40.810001373291016 16100
40.41999816894531 40.52000045776367 39.18000030517578 39.36000061035156 25600
39.400001525878906 40.1510009765625 39.0 39.0099983215332 27300
38.779998779296875 39.130001068115234 38.5 38.939998626708984 7300
38.52000045776367 38.79999923706055 37.25 37.97999954223633 44800
38.06999969482422 38.505001068115234 37.2400016784668 37.7400016784668 23700
37.650001525878906 39.7599983215332 37.61000061035156 39.369998931884766 21500
39.790000915527344 40.720001220703125 39.099998474121094 40.52000045776367 33200
40.560001373291016 40.560001373291016 38.959999084472656 39.36000061035156 20500
39.119998931884766 39.41999816894531 37.58000183105469 37.58000183105469 23200
37.529998779296875 39.06999969482422 37.529998779296875 39.04999923706055 26900
39.099998474121094 39.099998474121094 38.5 38.90999984741211 29100
38.66999816894531 40.439998626708984 38.439998626708984 40.09000015258789 29400
39.810001373291016 40.14899826049805 39.119998931884766 39.93000030517578 8900
39.779998779296875 40.959999084472656 39.75 40.400001525878906 23600
40.5 40.810001373291016 40.29999923706055 40.5099983215332 24100
40.529998779296875 41.400001525878906 40.130001068115234 40.630001068115234 24800
40.380001068115234 40.689998626708984 40.26300048828125 40.68000030517578 30600
40.630001068115234 40.77000045776367 40.18000030517578 40.20000076293945 17900
40.040000915527344 40.65999984741211 39.369998931884766 40.45000076293945 14900
40.02000045776367 40.40999984741211 39.810001373291016 40.15999984741211 16600
39.90999984741211 40.34000015258789 39.810001373291016 40.16999816894531 15000
39.880001068115234 40.15299987792969 39.21200180053711 39.47999954223633 22500
39.18000030517578 39.71500015258789 38.540000915527344 39.599998474121094 9761
