22.661015783562096 22.661015783562096 22.633865383852246 22.638389587402344 900
22.75151252746582 22.75151252746582 22.75151252746582 22.75151252746582 0
22.837480545043945 22.837480545043945 22.837480545043945 22.837480545043945 100
22.81486701965332 22.81486701965332 22.81486701965332 22.81486701965332 0
22.82390594482422 22.82390594482422 22.82390594482422 22.82390594482422 0
22.860111501213744 22.873685836791992 22.860111501213744 22.873685836791992 9800
22.865537643432617 22.865537643432617 22.865537643432617 22.865537643432617 0
22.855581283569336 22.855581283569336 22.855581283569336 22.855581283569336 0
22.860116958618164 22.860116958618164 22.860116958618164 22.860116958618164 0
22.88726234436035 22.896310750831272 22.88726234436035 22.88726234436035 400
22.89630889892578 22.89630889892578 22.89630889892578 22.89630889892578 0
22.900842666625977 22.900842666625977 22.900842666625977 22.900842666625977 0
22.867347717285156 22.867347717285156 22.867347717285156 22.867347717285156 100
22.946086883544922 22.946086883544922 22.946086883544922 22.946086883544922 100
22.959661511519236 22.96418571472168 22.959661511519236 22.96418571472168 2600
22.9822940826416 22.9822940826416 22.9822940826416 22.9822940826416 100
23.00401895338601 23.00492380529318 22.98681640625 22.98681640625 200
23.00946044921875 23.00946044921875 23.00946044921875 23.00946044921875 100
23.032087326049805 23.032087326049805 23.032087326049805 23.032087326049805 100
23.045671463012695 23.045671463012695 23.045671463012695 23.045671463012695 0
23.077359521424068 23.086413224024103 23.063779830932617 23.063779830932617 11800
23.05924415588379 23.05924415588379 23.05924415588379 23.05924415588379 0
22.96962543096309 22.96962543096309 22.95513916015625 22.95513916015625 100
23.018503189086914 23.018503189086914 23.018503189086914 23.018503189086914 0
23.041141510009766 23.041141510009766 23.041141510009766 23.041141510009766 0
23.02756118774414 23.02756118774414 23.02756118774414 23.02756118774414 100
23.05924415588379 23.05924415588379 23.05924415588379 23.05924415588379 200
23.090938568115234 23.090938568115234 23.090938568115234 23.090938568115234 0
23.122623443603516 23.122623443603516 23.122623443603516 23.122623443603516 2000
23.140731811523438 23.140731811523438 23.140731811523438 23.140731811523438 0
23.136207580566406 23.136207580566406 23.136207580566406 23.136207580566406 0
23.145259857177734 23.145259857177734 23.145259857177734 23.145259857177734 0
23.1497855133796 23.1497855133796 23.140731811523438 23.140731811523438 100
23.131671905517578 23.131671905517578 23.131671905517578 23.131671905517578 100
23.145259857177734 23.145259857177734 23.145259857177734 23.145259857177734 100
23.154314041137695 23.154314041137695 23.154314041137695 23.154314041137695 0
23.1497802734375 23.1497802734375 23.1497802734375 23.1497802734375 0
23.176944732666016 23.176944732666016 23.176944732666016 23.176944732666016 0
23.172420501708984 23.172420501708984 23.172420501708984 23.172420501708984 0
23.19053840637207 23.19053840637207 23.19053840637207 23.19053840637207 0
23.195072174072266 23.195072174072266 23.195072174072266 23.195072174072266 100
23.204130172729492 23.204130172729492 23.204130172729492 23.204130172729492 100
23.199600219726562 23.199600219726562 23.199600219726562 23.199600219726562 100
23.222257614135742 23.222257614135742 23.222257614135742 23.222257614135742 0
23.244911193847656 23.244911193847656 23.244911193847656 23.244911193847656 700
23.231321334838867 23.231321334838867 23.231321334838867 23.231321334838867 0
23.253976821899414 23.253976821899414 23.253976821899414 23.253976821899414 400
23.263038635253906 23.263038635253906 23.263038635253906 23.263038635253906 1200
23.263038635253906 23.263038635253906 23.263038635253906 23.263038635253906 0
23.272100933206186 23.272100933206186 23.26213264465332 23.26213264465332 300
23.28116137179628 23.28116137179628 23.267566680908203 23.267566680908203 200
23.28116798400879 23.28116798400879 23.28116798400879 23.28116798400879 0
23.28116798400879 23.28116798400879 23.28116798400879 23.28116798400879 700
23.308349609375 23.308349609375 23.308349609375 23.308349609375 100
23.303821563720703 23.303821563720703 23.303821563720703 23.303821563720703 200
23.294757843017578 23.294757843017578 23.294757843017578 23.294757843017578 100
23.307453155517578 23.307453155517578 23.307453155517578 23.307453155517578 0
23.33013153076172 23.33013153076172 23.33013153076172 23.33013153076172 0
23.343738555908203 23.343738555908203 23.343738555908203 23.343738555908203 0
23.321062088012695 23.321062088012695 23.321062088012695 23.321062088012695 0
23.321061058534887 23.321061058534887 23.316526412963867 23.316526412963867 1300
23.33013153076172 23.33013153076172 23.33013153076172 23.33013153076172 1500
23.34827423095703 23.34827423095703 23.34827423095703 23.34827423095703 700
23.375490188598633 23.375490188598633 23.375490188598633 23.375490188598633 700
23.375490188598633 23.375490188598633 23.375490188598633 23.375490188598633 900
23.393627166748047 23.393627166748047 23.393627166748047 23.393627166748047 400
23.429912567138672 23.429912567138672 23.429912567138672 23.429912567138672 0
23.38909339904785 23.38909339904785 23.38909339904785 23.38909339904785 100
23.409961700439453 23.409961700439453 23.409961700439453 23.409961700439453 0
23.416309356689453 23.416309356689453 23.416309356689453 23.416309356689453 0
23.429913490196153 23.429913490196153 23.402700424194336 23.402700424194336 400
23.361875534057617 23.361875534057617 23.361875534057617 23.361875534057617 0
23.393634469339478 23.393634469339478 23.384563446044922 23.384563446044922 400
23.407236099243164 23.407236099243164 23.407236099243164 23.407236099243164 0
23.393627166748047 23.393627166748047 23.393627166748047 23.393627166748047 100
23.384563446044922 23.384563446044922 23.384563446044922 23.384563446044922 0
23.420844002926632 23.420844002926632 23.411772980331616 23.416309356689453 600
23.420841217041016 23.420841217041016 23.420841217041016 23.420841217041016 0
23.416309356689453 23.416309356689453 23.416309356689453 23.416309356689453 0
23.411766052246094 23.411766052246094 23.411766052246094 23.411766052246094 800
23.42084725677572 23.42084725677572 23.410865783691406 23.410865783691406 300
23.407230377197266 23.407230377197266 23.407230377197266 23.407230377197266 0
23.411766052246094 23.411766052246094 23.406322715344416 23.411766052246094 3100
23.43898655148438 23.43898655148438 23.434450149536133 23.434450149536133 200
23.46620750427246 23.46620750427246 23.46620750427246 23.46620750427246 900
23.4616756439209 23.4616756439209 23.4616756439209 23.4616756439209 0
23.493435633601333 23.493435633601333 23.48889923095703 23.48889923095703 1100
23.502513885498047 23.502513885498047 23.502513885498047 23.502513885498047 0
23.48889923095703 23.48889923095703 23.48889923095703 23.48889923095703 100
23.493435633601333 23.493435633601333 23.48889923095703 23.48889923095703 300
23.502513885498047 23.502513885498047 23.502513885498047 23.502513885498047 100
23.52973175048828 23.52973175048828 23.52973175048828 23.52973175048828 1700
23.520662307739258 23.520662307739258 23.520662307739258 23.520662307739258 1400
23.55695343017578 23.55695343017578 23.55695343017578 23.55695343017578 4200
23.55695343017578 23.55695343017578 23.55695343017578 23.55695343017578 0
23.747520546922395 23.747520546922395 23.520662307739258 23.520662307739258 2600
23.507055282592773 23.507055282592773 23.507055282592773 23.507055282592773 100
23.507055282592773 23.507055282592773 23.507055282592773 23.507055282592773 0
23.50251714781027 23.507055282592773 23.50251714781027 23.507055282592773 100
23.507055282592773 23.507055282592773 23.507055282592773 23.507055282592773 0
23.507055282592773 23.507055282592773 23.507055282592773 23.507055282592773 0
23.511587142944336 23.511587142944336 23.511587142944336 23.511587142944336 0
23.50613784790039 23.50613784790039 23.50613784790039 23.50613784790039 0
23.51521873474121 23.51521873474121 23.51521873474121 23.51521873474121 100
23.51976203918457 23.51976203918457 23.51976203918457 23.51976203918457 100
23.524309158325195 23.524309158325195 23.524309158325195 23.524309158325195 0
23.537927627563477 23.537927627563477 23.537927627563477 23.537927627563477 0
23.55610466003418 23.55610466003418 23.55610466003418 23.55610466003418 100
23.55610466003418 23.55610466003418 23.55610466003418 23.55610466003418 100
23.547014236450195 23.547014236450195 23.547014236450195 23.547014236450195 0
23.52884864807129 23.52884864807129 23.52884864807129 23.52884864807129 14300
23.537927627563477 23.537927627563477 23.537927627563477 23.537927627563477 0
23.5424747467041 23.5424747467041 23.5424747467041 23.5424747467041 0
23.51976203918457 23.51976203918457 23.51976203918457 23.51976203918457 0
23.52884864807129 23.52884864807129 23.52884864807129 23.52884864807129 2600
23.510677334310756 23.52884674405838 23.510677334310756 23.51976203918457 700
23.533388137817383 23.533388137817383 23.533388137817383 23.533388137817383 0
23.537927627563477 23.537927627563477 23.537927627563477 23.537927627563477 500
23.560640335083008 23.560640335083008 23.560640335083008 23.560640335083008 0
23.56518936637403 23.56518936637403 23.55610466003418 23.55610466003418 47800
23.547012330962392 23.547012330962392 23.537927627563477 23.537927627563477 7600
23.527929306030273 23.527929306030273 23.527929306030273 23.527929306030273 200
23.52883107042711 23.530651092529297 23.52883107042711 23.530651092529297 200
23.541573403552214 23.541573403552214 23.527929306030273 23.527929306030273 400
23.519742965698242 23.519742965698242 23.519742965698242 23.519742965698242 100
23.50518624317282 23.50518624317282 23.50063705444336 23.50063705444336 3500
23.523372650146484 23.523372650146484 23.523372650146484 23.523372650146484 300
23.514284133911133 23.514284133911133 23.514284133911133 23.514284133911133 0
23.50518226623535 23.50518226623535 23.50518226623535 23.50518226623535 100
23.523372650146484 23.523372650146484 23.523372650146484 23.523372650146484 100
23.528829246016397 23.528829246016397 23.523372650146484 23.523372650146484 100
23.524289920637113 23.524289920637113 23.514284133911133 23.514284133911133 800
23.541568756103516 23.541568756103516 23.541568756103516 23.541568756103516 0
23.541568756103516 23.541568756103516 23.541568756103516 23.541568756103516 100
23.541568756103516 23.541568756103516 23.541568756103516 23.541568756103516 0
23.53702163696289 23.53702163696289 23.53702163696289 23.53702163696289 0
23.546117782592773 23.546117782592773 23.546117782592773 23.546117782592773 0
23.550662994384766 23.550662994384766 23.550662994384766 23.550662994384766 0
23.559764862060547 23.559764862060547 23.559764862060547 23.559764862060547 0
23.550662994384766 23.550662994384766 23.550662994384766 23.550662994384766 0
23.541568756103516 23.541568756103516 23.541568756103516 23.541568756103516 0
23.568859100341797 23.568859100341797 23.568859100341797 23.568859100341797 0
23.568859100341797 23.568859100341797 23.568859100341797 23.568859100341797 100
23.61433982849121 23.61433982849121 23.61433982849121 23.61433982849121 0
23.623439047395216 23.623439047395216 23.605247497558594 23.605247497558594 8600
23.589767456054688 23.589767456054688 23.589767456054688 23.589767456054688 0
23.5988712310791 23.5988712310791 23.5988712310791 23.5988712310791 0
23.5988712310791 23.5988712310791 23.5988712310791 23.5988712310791 0
23.60342788696289 23.60342788696289 23.60342788696289 23.60342788696289 100
23.639849045182597 23.658061981201172 23.639849045182597 23.658061981201172 1100
23.630738564838225 23.65623597430839 23.626184463500977 23.626184463500977 9000
23.658061981201172 23.658061981201172 23.658061981201172 23.658061981201172 100
23.667171478271484 23.667171478271484 23.667171478271484 23.667171478271484 100
23.676274917219747 23.676274917219747 23.658061981201172 23.658061981201172 200
23.685382843017578 23.685382843017578 23.685382843017578 23.685382843017578 0
23.694486618041992 23.694486618041992 23.694486618041992 23.694486618041992 100
23.68538315405139 23.68538315405139 23.671724319458008 23.671724319458008 1000
23.68538172143445 23.68538172143445 23.6762752532959 23.6762752532959 1000
23.685384416621055 23.685384416621055 23.667171478271484 23.667171478271484 53800
23.67627303701818 23.721803636567724 23.667166569732064 23.689931869506836 30800
23.694485971590414 23.694485971590414 23.67627303701818 23.689931869506836 2000
23.685380289368315 23.71269969213218 23.658060886604453 23.68082618713379 43700
23.69448771881149 23.69448771881149 23.66716831493862 23.678096771240234 4900
23.685380150507427 23.721804283764605 23.676273682972862 23.694486618041992 27200
23.685379504304297 23.70359243887653 23.685379504304297 23.689931869506836 38000
23.685380150507427 23.694486618041992 23.668077341127425 23.694486618041992 1400
23.688051113129863 23.72023582458496 23.688051113129863 23.72023582458496 2300
23.706447045054208 23.71564292907715 23.69725116103127 23.71564292907715 1000
23.6972456436223 23.734027417214648 23.68896882374808 23.71103858947754 1200
23.697247903862124 23.706443786621094 23.688052021103154 23.706443786621094 1000
23.706443786621094 23.706443786621094 23.697247903862124 23.706443786621094 800
23.706440725936428 23.706440725936428 23.687129900816355 23.692646026611328 1600
23.71563539359094 23.743221282958984 23.71563539359094 23.743221282958984 2400
23.789205865172075 23.789205865172075 23.715640554290633 23.752422332763672 58600
23.76161586304657 23.76161586304657 23.724832334280386 23.72943115234375 6500
23.72943115234375 23.72943115234375 23.72943115234375 23.72943115234375 0
23.688050315541048 23.724832089993313 23.688050315541048 23.70184326171875 2900
23.706443786621094 23.706443786621094 23.706443786621094 23.706443786621094 100
23.70184326171875 23.70184326171875 23.70184326171875 23.70184326171875 100
23.706443786621094 23.706443786621094 23.706443786621094 23.706443786621094 0
23.715637961831625 23.715637961831625 23.70184326171875 23.70184326171875 200
23.74322489699197 23.74782371520996 23.734029014491224 23.74782371520996 1300
23.76161484540868 23.775407791137695 23.71563719035522 23.775407791137695 3000
23.75056266784668 23.75056266784668 23.75056266784668 23.75056266784668 1800
23.791973593901307 23.791973593901307 23.782769525120706 23.787370681762695 2100
23.791973593901307 23.83799218230769 23.782769525120706 23.787370681762695 20000
23.8011859302103 23.8011859302103 23.782777786254883 23.782777786254883 2000
23.801177182608626 23.801177182608626 23.791973114013672 23.791973114013672 2000
23.81038777167701 23.847202300641896 23.78277555833055 23.801183700561523 12400
23.847201666633897 23.847201666633897 23.805784225463867 23.805784225463867 4000
23.79197629644864 23.83799489008231 23.782772226622544 23.79657745361328 28600
23.810383800720995 23.856402393126658 23.782771591979532 23.833393096923828 11300
23.81038313367014 23.856401724786586 23.681527918649987 23.84535789489746 28800
23.856405416985584 23.865609487732712 23.782774606505573 23.82419204711914 3900
23.7919789969062 23.874813879246254 23.78277492603541 23.805784225463867 27700
23.87481355847984 23.87481355847984 23.782774606505573 23.82419204711914 2400
23.828792885090444 23.86560916758507 23.819588814466787 23.842599868774414 76800
23.791978200267533 23.874813079833984 23.791978200267533 23.874813079833984 15300
23.828790509509577 23.884014927745994 23.828790509509577 23.861003875732422 48300
23.801184021148824 23.883097270834977 23.79197994990936 23.828794479370117 3400
23.874810532287633 23.88401460186812 23.76436345281856 23.833393096923828 33700
23.82878811352709 23.82878811352709 23.77724673275302 23.787370681762695 49300
23.819592318668484 23.819592318668484 23.782777786254883 23.782777786254883 106400
23.83799822952641 23.83799822952641 23.801183700561523 23.801183700561523 16200
23.819588979651837 23.819588979651837 23.77817153930664 23.77817153930664 21200
23.932931157652497 24.494867372852802 23.803962881532158 23.89608383178711 269800
23.831600210934738 23.92371940612793 23.80856865507542 23.92371940612793 19000
23.80396342743403 23.80396342743403 23.68420566223787 23.74869155883789 33700
23.730266293521396 23.91450643557887 23.707236495396835 23.789222717285156 55700
23.78553693093122 23.932929739782683 23.762507133997094 23.83159828186035 152700
23.81225445230889 23.89608383178711 23.78553834006897 23.89608383178711 67900
23.822391802664928 23.85923913530458 23.822391802664928 23.8408145904541 42200
23.83160407509017 23.97899691977139 23.827917760471028 23.8408145904541 31500
23.77632757833915 23.813176663604207 23.764353206982992 23.79475212097168 100500
23.79475167546628 23.803963946610065 23.77632713317871 23.77632713317871 2200
23.7855408389014 23.813177653999613 23.771723309882876 23.799358367919922 31900
23.7855408389014 23.905298613932494 23.766195595451 23.799358367919922 32900
23.77632688433251 23.808568954467773 23.775406184346085 23.808568954467773 5400
23.81317596852198 23.82146578252188 23.785539155379876 23.808568954467773 50100
23.77632713317871 23.79475167546628 23.775406433182653 23.77632713317871 11000
23.7717287357194 23.905304070257248 23.7717287357194 23.780941009521484 31400
23.77633014220816 23.848185163398913 23.77633014220816 23.792911529541016 35000
23.77633040157484 23.82239176362555 23.770804443777795 23.790149688720703 422100
23.76711533424581 23.776327605572625 23.73026800599964 23.753297805786133 57400
23.748695665968736 23.776330726515535 23.73211252116706 23.767118453979492 33900
23.776330726515535 23.82699734693311 23.767118453979492 23.767118453979492 9200
23.822389565704707 23.932933310304737 23.803965022584322 23.83436393737793 194200
23.842666229234382 23.971844197499603 23.838051724700442 23.87034797668457 37400
23.851897189159477 23.861124439745073 23.83344268798828 23.83344268798828 19700
23.80576098262884 23.907258979350136 23.79653549194336 23.79653549194336 187300
23.76885504543351 23.824216792177168 23.736560546506528 23.75040054321289 60900
23.755014419555664 23.778081666761384 23.731945412431795 23.755014419555664 23100
23.76516359291526 23.787308642753935 23.73194513819818 23.76885414123535 40600
23.81498959152151 23.842671344911082 23.796536849179994 23.824216842651367 86500
23.796533081578126 23.833440320335995 23.768851332571284 23.78730583190918 85800
23.80576098262884 23.842669985043166 23.78730824133978 23.79653549194336 69400
23.84267071536439 23.861125217136834 23.778081719079008 23.82883071899414 114500
23.826983012591135 23.86112366265417 23.819601916330278 23.838054656982422 145600
23.801146056516277 23.83344055071079 23.800223859515842 23.810373306274414 10100
23.84266572608834 23.88880021094726 23.81959848365888 23.861120223999023 6600
23.902650056043704 23.91649005420304 23.884195551885664 23.907262802124023 77900
23.914633191616907 23.953386577045244 23.914633191616907 23.939546585083008 42700
23.934942746788312 23.9755405409612 23.934942746788312 23.944169998168945 91800
23.962620959263816 23.962620959263816 23.930326461791992 23.930326461791992 17100
23.88880421231233 23.95339320590056 23.88880421231233 23.921098709106445 62200
23.95344352722168 23.999649310316155 23.902616108235176 23.95344352722168 129700
23.990410808142556 23.990410808142556 23.947901270850952 23.9719295501709 70200
23.951592338712203 23.96268285373279 23.934958328818805 23.95806121826172 13800
23.971926545514524 23.971926545514524 23.944202018075256 23.95344352722168 257500
23.944200920343835 23.944200920343835 23.925717902898352 23.934959411621094 83900
23.916477753202017 23.925719262449896 23.870271969600275 23.907238006591797 131000
23.916478980275187 23.93496199971925 23.897997723468876 23.921100616455078 24200
23.941432166607203 23.944204795936557 23.93496328571799 23.943281173706055 33300
23.934969981284485 23.972859654988508 23.934969981284485 23.94513511657715 281600
23.974700402363375 23.974700402363375 23.96268626359397 23.96730613708496 15500
23.98116506182893 23.98116506182893 23.971923553835836 23.976543426513672 51900
23.99040906491767 23.999650574550913 23.962686298655687 23.992258071899414 21800
24.01813507080078 24.055101111606948 24.00889356059924 24.01813507080078 125300
24.036620407299516 24.036620407299516 23.999654362931413 24.008895874023438 13800
24.008894648771797 24.008894648771797 23.990411627530996 23.995033264160156 149700
23.971929025186075 23.999651792855364 23.962687515083704 23.964534759521484 212700
23.92571755943229 23.96268359379259 23.92571755943229 23.952518463134766 23000
23.981172149747145 23.981172149747145 23.93958623280575 23.948827743530273 168200
23.971926140337878 23.971926140337878 23.962684631347656 23.962684631347656 27200
23.981171060475656 23.981171060475656 23.962688039866137 23.9719295501709 20600
23.962684631347656 23.9811676493281 23.955292129210523 23.962684631347656 32600
23.971927773213686 23.971927773213686 23.95714100529459 23.96730613708496 15700
23.981191635131836 24.018214777798423 23.981191635131836 23.981191635131836 60000
23.9811884141788 23.99969998302577 23.9811884141788 23.991369247436523 46900
24.02746729182063 24.02746729182063 23.990445916835526 24.018213272094727 148400
24.008955595648136 24.036721183359543 24.008955595648136 24.019136428833008 417600
23.971932083338128 24.026539974439704 23.971932083338128 24.013582229614258 133800
24.018212115546064 24.018212115546064 23.99044476162394 23.99970054626465 15300
24.008961478645972 24.008961478645972 23.981194118770276 23.990449905395508 17400
24.008956330905356 24.018212115546064 23.99044476162394 23.99970054626465 65100
23.990444776848445 24.016360267714706 23.990444776848445 24.000625610351562 73800
23.999701701921925 24.02746729182063 23.999701701921925 24.018213272094727 55100
24.008955798556265 24.043200259071128 24.008955798556265 24.022838592529297 89100
24.036726574406664 24.05523814727302 24.02006686497125 24.045982360839844 449600
24.064493164239888 24.064493164239888 24.033023844445474 24.063568115234375 40500
24.083004969124783 24.083004969124783 24.06449339667154 24.069120407104492 158300
24.09226359981941 24.100592572654236 24.07930585064442 24.0830078125 118000
24.101514991782036 24.101514991782036 24.073747634887695 24.073747634887695 58900
24.06448914645656 24.073744931048445 24.050606352248934 24.05986213684082 153500
24.073748549829077 24.073748549829077 24.01821559929042 24.02654457092285 194500
24.05523789018751 24.05523789018751 23.981193364874176 24.008960723876953 291700
23.99970054626465 23.99970054626465 23.976561967343088 23.99970054626465 101700
23.999700764365656 24.00432777404785 23.9885931165517 24.00432777404785 146900
24.277365900909636 24.277365900909636 23.971932083338128 24.013582229614258 77100
24.008956721543747 24.008956721543747 23.981189367169836 24.006179809570312 193100
24.12760278243358 24.12760278243358 24.025641546844778 24.030275344848633 316500
24.025646710482285 24.025646710482285 24.007107978581686 24.011743545532227 230400
24.00711128995636 24.025650024414062 23.99784192272751 24.025650024414062 188500
24.02564570953054 24.044184440658782 24.02564570953054 24.039548873901367 100100
24.05345769577602 24.058091495332036 24.034918961649982 24.036771774291992 178700
24.071993529978517 24.071993529978517 24.025648464793765 24.0349178314209 230600
24.03491091080289 24.03491091080289 24.01637218288667 24.030275344848633 18700
24.03491091080289 24.05622885675118 24.025641546844778 24.030275344848633 89500
24.03490970494651 24.053448431932622 24.03490970494651 24.048812866210938 60500
24.053449336559424 24.099794387817383 24.044179972717757 24.099794387817383 116100
24.099795244613244 24.099795244613244 24.07198715209961 24.07198715209961 43100
24.095167531124687 24.09980133040522 24.06365203857422 24.06365203857422 10200
24.079410084050767 24.081262896605647 24.026574871071205 24.0349178314209 20800
24.044180827536415 24.099795244613244 24.0349114633652 24.07198715209961 73500
24.099797503884076 24.099797503884076 24.04418308159359 24.08125877380371 31400
24.099794387817383 24.127602479342386 24.099794387817383 24.099794387817383 49700
24.06272059089875 24.146143110206772 24.06272059089875 24.122970581054688 59600
24.164675957965194 24.18321468395398 24.146137231976407 24.1693115234375 41000
24.141468712429813 24.18694840482987 24.122905066867062 24.132186889648438 49800
24.132190038800356 24.150753686785585 24.1164111150456 24.14147186279297 27100
24.197161126018464 24.197161126018464 24.105274077707097 24.11362648010254 27700
24.169314754824573 24.169314754824573 24.14146928581909 24.147966384887695 19600
24.169320371351347 24.18416987534366 24.150756721033822 24.1646785736084 11700
24.178600982563864 24.20180643115832 24.16003910214634 24.172103881835938 46200
24.1414743175703 24.17859984698888 24.1414743175703 24.143329620361328 22100
24.197166442871094 24.206448268937578 24.178602790738132 24.197166442871094 23500
24.215724255573654 24.215724255573654 24.197160607917166 24.211082458496094 8800
24.234286572213247 24.26213027184184 24.20644110225787 24.229644775390625 27400
24.206443900373774 24.243571197939296 24.192522048950195 24.192522048950195 13500
24.191584335443498 24.233351645725172 24.187871961024786 24.20179557800293 20000
24.190665071169974 24.197162171236815 24.150754819424215 24.167461395263672 18500
24.17859727517325 24.187879099122384 24.123835753102192 24.155393600463867 158000
24.09506215756618 24.14982367856362 24.048654809057243 24.117338180541992 85700
24.113631418610456 24.160040548250027 24.113631418610456 24.1368350982666 208600
24.11362459267825 24.162818433203444 24.101558045354956 24.12476348876953 31500
24.10898703826975 24.15075436224122 24.093208114073686 24.137760162353516 22700
24.14147489587506 24.178600426182975 24.113629420398773 24.1646785736084 26500
24.178599644867738 24.215726944303043 24.150755940618335 24.187881469726562 69300
24.182313353333758 24.182313353333758 24.13219185406879 24.16931915283203 15800
24.197163409149052 24.197163409149052 24.16375025576074 24.173959732055664 45400
24.14147479443318 24.197163974824615 24.14147479443318 24.186954498291016 63300
24.14147119750341 24.197160369597505 24.14147119750341 24.150753021240234 59900
24.155399506659634 24.192576809610937 24.14610518092181 24.16469383239746 24500
24.20187322925966 24.20187322925966 24.09963741000966 24.17399024963379 150000
24.15540313720703 24.164697464341792 24.146108810072274 24.15540313720703 15200
24.158187772681636 24.173987949028128 24.136810646398413 24.150753021240234 39800
24.164694200414104 24.192577178052225 24.1591172503442 24.18328285217285 101300
24.220458382978943 24.229752708858317 24.164694200414104 24.18328285217285 77000
24.220456657652537 24.220456657652537 24.164692479060015 24.192575454711914 25300
24.229751167752976 24.229751167752976 24.169338939735198 24.20186996459961 73100
24.19257563931139 24.22045684246476 24.16004638715827 24.20186996459961 49200
24.226041839500738 24.239053544684168 24.18328934714259 24.229759216308594 85200
24.25763628881561 24.25763628881561 24.19257777875599 24.220458984375 102900
24.206524281725592 24.229759216308594 24.206524281725592 24.229759216308594 28600
24.220460708607746 24.237189787712367 24.211166381835938 24.211166381835938 29000
24.23904756536234 24.23904756536234 24.211164587113828 24.212095260620117 143200
24.294810646509823 24.294810646509823 24.239046465255132 24.25763511657715 109000
24.271575559158805 24.275292934856502 24.239046305914794 24.252986907958984 34800
24.266926443343007 24.266926443343007 24.18513709671816 24.200937271118164 89800
24.220458223380575 24.231612123446887 24.173988367001318 24.178634643554688 35200
24.23904876271596 24.23904876271596 24.17399024963379 24.17399024963379 71600
24.24276441054716 24.24648178635663 24.18328285217285 24.18328285217285 22000
24.17399024963379 24.224177485706523 24.16469592309183 24.17399024963379 23900
24.22052963935075 24.22518307207132 24.146062287729695 24.173986434936523 108900
24.16281925658548 24.164679919660696 24.1274471282959 24.1274471282959 38700
24.173987779785033 24.173987779785033 24.090211782620504 24.136754989624023 227000
24.12744706444751 24.13489326761239 24.071596989827178 24.094867706298828 160900
24.071598052978516 24.12744813006553 24.071598052978516 24.071598052978516 108200
24.14606475830078 24.154441293143215 24.080906040895677 24.14606475830078 43900
24.164680354605483 24.164680354605483 24.062288844927934 24.09952163696289 361700
24.090211782620504 24.201913703987145 24.090211782620504 24.136754989624023 361500
24.19633141823619 24.20191695891618 24.127449593137197 24.164682388305664 60200
24.155373400136064 24.155373400136064 24.08835224418715 24.14606475830078 140300
24.15537461716107 24.15537461716107 24.071598611864495 24.10883140563965 289700
24.08183758576661 24.126518358650383 24.08090725416878 24.10883140563965 26700
24.084629796813548 24.105107744142337 24.062289410890354 24.071598052978516 66100
24.071597423609155 24.08742193720109 24.0529801399196 24.06694221496582 110600
24.025054842537717 24.09672943363041 24.025054842537717 24.071598052978516 102200
24.10882906542191 24.140478091095943 24.0715962752609 24.136754989624023 49600
24.080906784376722 24.155374145916237 24.025054931640625 24.025054931640625 115600
24.03436235934476 24.10882971712156 24.03436235934476 24.062288284301758 56500
24.090213561712893 24.099522203801055 24.043672126714036 24.071598052978516 979900
24.066943279565887 24.08090713067169 24.043672561645508 24.043672561645508 109200
24.006383856657486 24.08096672566684 23.997060775756836 23.997060775756836 183700
24.034345626831055 24.034345626831055 23.9700176333539 24.034345626831055 50900
23.997057042393532 24.052993740899183 23.978410883493122 24.015703201293945 149300
24.052991954859348 24.052991954859348 24.025024496781022 24.043670654296875 91300
24.108934282860822 24.108934282860822 24.043674499314573 24.080965042114258 97900
24.124777735340395 24.124777735340395 24.09960560233757 24.108928680419922 108700
24.11825529705062 24.11825529705062 24.015703201293945 24.015703201293945 108000
24.10893062904984 24.118253707885742 24.062315234870326 24.118253707885742 399800
24.052992073631554 24.127574925867794 24.052992073631554 24.099607467651367 359500
24.09961024397824 24.113593974697412 24.09028716410024 24.094947814941406 47600
24.06231329000815 24.111725781664163 24.06231329000815 24.108928680419922 237200
24.183517416290304 24.225470388780035 24.118257632016437 24.1741943359375 45300
24.202159848682406 24.220806007885574 24.155546228870097 24.16486930847168 29400
24.183517416290304 24.192840496643104 24.148090422227956 24.1741943359375 34200
24.174190278430494 24.229195198542723 24.09028434753418 24.09028434753418 158100
24.127574806727306 24.127574806727306 24.043670654296875 24.043670654296875 60000
24.025030124481813 24.071643750994916 24.025030124481813 24.052997589111328 135700
24.034349360194355 24.071639899799592 24.015703201293945 24.015703201293945 187100
24.003581155173553 24.06977448066829 23.99239452761983 24.0250244140625 37700
24.034347570471414 24.080961186055763 24.006378334203532 24.071638107299805 52300
24.062318881616548 24.090288122363113 24.039943844658442 24.080965042114258 57900
24.05299580136769 24.108934282860822 24.05299580136769 24.080965042114258 107000
24.13689780238153 24.13689780238153 24.015701335336672 24.0250244140625 132400
23.967140096804094 24.027828717820682 23.967140096804094 24.013822555541992 92800
23.96713904229225 23.98394465546561 23.940063431114147 23.94846534729004 21200
24.074505386998627 24.125857147753972 24.047429781140522 24.1071834564209 24100
23.985810015270694 24.107185457367653 23.985810015270694 24.060503005981445 163200
24.13519399342051 24.13519399342051 24.051164163242895 24.1071834564209 36600
24.05116615953993 24.135195996692197 24.041829313098415 24.060503005981445 40100
24.03248956503497 24.095979400843124 24.03248956503497 24.08384132385254 31500
23.9951499159459 24.107188525862227 23.9951499159459 24.079179763793945 84700
24.172542416330064 24.172542416330064 24.097849423101916 24.13052749633789 98400
24.032492092354683 24.08851138930991 24.032492092354683 24.069839477539062 197200
24.07917644801298 24.088511513535874 24.044630294621406 24.065170288085938 20400
24.07917756864065 24.07917756864065 24.024091419220873 24.067039489746094 28300
24.032492092354683 24.09784823560601 24.032492092354683 24.069839477539062 52000
24.097854719689856 24.097854719689856 24.051172256469727 24.051172256469727 30900
24.032491626554794 24.13519515299989 24.032491626554794 24.125858306884766 140400
24.09317949100526 24.125857560987246 24.05116457519681 24.114652633666992 102600
24.11652183532715 24.15386922036771 24.08851129654673 24.11652183532715 62000
24.088514632214125 24.190285023967412 24.088514632214125 24.172544479370117 40800
24.11652289770041 24.1818790435791 24.11652289770041 24.1818790435791 503500
24.032493276629964 24.144533656882903 24.032493276629964 24.13052749633789 80800
24.09784814280687 24.11652183532715 24.08104253186715 24.11652183532715 35400
24.12870979309082 24.12870979309082 24.100587109792464 24.12870979309082 92300
24.08183899911399 24.128708347184823 24.063090544705247 24.09121322631836 39900
24.114649345417206 24.12870979309082 24.081840442211355 24.12870979309082 167100
24.128710529004717 24.128710529004717 24.099650958428786 24.100587844848633 145400
24.053718492539677 24.100587844848633 24.053718492539677 24.100587844848633 146900
24.10058566557171 24.10058566557171 24.044342090296507 24.09121322631836 22500
24.109959108905223 24.109959108905223 24.05371553545863 24.072463989257812 53200
24.01152899978077 24.023715671815353 23.988094329833984 23.988094329833984 83100
24.02559524852576 24.02559524852576 23.9318565460922 23.94123077392578 129500
23.95997283834744 23.95997283834744 23.913103496135403 23.92247772216797 31000
23.86622934301425 23.89435201754986 23.833420450031323 23.847482681274414 43200
23.847486901832625 23.847486901832625 23.763120651245117 23.763120651245117 339900
23.809994600002636 23.809994600002636 23.74437678973501 23.78187370300293 107600
23.875606271499215 23.875606271499215 23.772493362426758 23.772493362426758 29800
23.866238181953282 23.866238181953282 23.772499474685947 23.78187370300293 50600
23.78187213968487 23.821242823257386 23.72562677348032 23.744375228881836 87000
23.753746505639082 23.753746505639082 23.61501045603469 23.62251091003418 53900
23.69750293437282 23.706877160909016 23.62251091003418 23.62251091003418 302900
23.622512015730315 23.74437339050298 23.622512015730315 23.6975040435791 114800
23.77541393227488 23.77541393227488 23.719096832283082 23.766027450561523 67500
23.812955497663424 23.87865906733463 23.737865447998047 23.737865447998047 206800
23.83172953930524 23.83172953930524 23.73786830862838 23.75663948059082 44200
23.756641884834416 23.803574295210765 23.653394162583247 23.662778854370117 133800
23.67215955529601 23.747249603271484 23.67215955529601 23.747249603271484 60200
23.70689190729167 23.77822772910224 23.700321549764066 23.77541160583496 124100
23.75663703556577 23.7847964760436 23.709706425057423 23.728479385375977 212500
23.728479385375977 23.775409995884324 23.719092905216698 23.728479385375977 81300
23.728486283463408 23.79418987339094 23.728486283463408 23.78480339050293 69100
23.775412091845002 23.775412091845002 23.681549072265625 23.681549072265625 148400
23.615842209922572 23.657142362460483 23.588622672049826 23.61396598815918 125300
23.62992504202547 23.644005659078758 23.587686771442087 23.625232696533203 38200
23.521980105898827 23.59707015593832 23.521980105898827 23.568912506103516 73800
23.55013954602164 23.606456635979256 23.55013954602164 23.568912506103516 27000
23.540753366388337 23.540753366388337 23.35302734375 23.35302734375 520000
23.343643724856804 23.456277911376908 23.31548428308272 23.371801376342773 295500
23.39057475599858 23.40934771751716 23.277938777175226 23.362415313720703 54300
23.287324905395508 23.35115225747717 23.24790276097617 23.287324905395508 212200
23.343645933540003 23.343645933540003 23.287327044663165 23.324872970581055 219000
23.362415313720703 23.362415313720703 23.336133883709948 23.362415313720703 59900
23.41691834490482 23.41691834490482 23.37933013584553 23.38872718811035 48100
23.351139523554703 23.379328886538378 23.351139523554703 23.360536575317383 52100
23.30415893038433 23.313555984028355 23.30415893038433 23.306978225708008 50500
23.34174130718242 23.36523303926484 23.22897848396082 23.294757843017578 60000
23.26656768524234 23.313551151418675 23.26656768524234 23.275964736938477 46900
23.435708345524453 23.463897705078125 23.388723092428094 23.463897705078125 42600
23.586059200434462 23.590756829916597 23.527798557952117 23.539073944091797 29300
23.510884327552922 23.586058944581456 23.45544298028297 23.492090225219727 85900
23.445109412074988 23.474239736293242 23.38872709870159 23.426315307617188 85200
23.501490638224777 23.539077055963578 23.45450537567065 23.482696533203125 94500
23.52967925803854 23.52967925803854 23.44510758686682 23.468599319458008 67200
23.388724484735704 23.398121535914374 23.353016407178465 23.369932174682617 134300
23.304153102007128 23.322947204594772 23.277842075306133 23.294757843017578 44900
23.274086152275675 23.285363331980225 23.200791653413965 23.228981018066406 116300
23.22897993850948 23.24965416957217 23.181996471402634 23.205488204956055 18400
23.181997684204386 23.191394736578253 23.05983958795307 23.06923484802246 33400
23.088028246824422 23.1068223509975 23.012853622436523 23.012853622436523 77600
23.003457114261018 23.04104532349594 22.943318130250496 22.984663009643555 76200
23.003457774787503 23.012854827366063 22.94331878905014 22.95647430419922 18500
23.07205497293226 23.07863273060014 23.012855153921343 23.045743942260742 21500
22.984663305110267 23.031648567257914 22.909488677978516 22.909488677978516 78100
22.871898935661573 22.871898935661573 22.787327268394534 22.796724319458008 105000
22.900093338330443 22.900093338330443 22.816460826611195 22.867202758789062 145700
22.83431373824678 22.900093104352976 22.83431373824678 22.87002182006836 108600
22.77594313610304 22.77594313610304 22.691275850128914 22.719497680664062 29000
22.653648135281813 22.68187176490131 22.616018423491457 22.63483238220215 397800
22.66305233087067 22.6997417873586 22.59719900015677 22.68657112121582 56000
22.644240038819596 22.769361386283123 22.644240038819596 22.733613967895508 36100
22.72891402354747 22.813583135434715 22.710098266601562 22.710098266601562 62700
22.653652790133183 22.7561956150605 22.653652790133183 22.710098266601562 34200
22.653647543627752 22.691279048804244 22.634831791039506 22.663055419921875 288000
22.616012429602623 22.647056799024348 22.521935483506354 22.56427001953125 50000
22.46549165981813 22.517234077767792 22.457966077182505 22.493715286254883 44500
22.44668412557344 22.493721722057444 22.418460491061467 22.432571411132812 23800
22.308386478332775 22.36201119530549 22.26793422404357 22.347898483276367 85900
22.258522865325684 22.277338615508302 22.239707115143066 22.249114990234375 100600
22.267933467288312 22.305563177892882 22.25852559104494 22.28957176208496 150500
22.37141296383353 22.383641585094704 22.29615176624625 22.31026268005371 33200
22.324379410997043 22.324379410997043 22.145635141631583 22.192672729492188 114100
22.18326353619871 22.229360871988966 22.155039908536388 22.164447784423828 165200
22.060966602229982 22.10047860767411 21.9951114654541 21.9951114654541 28100
22.051556574395576 22.051556574395576 21.995109319808453 22.00922203063965 15800
21.993210104257965 21.993210104257965 21.880182111674213 21.936697006225586 29200
21.89902239363395 21.927279843469407 21.889603243688796 21.9084415435791 13200
21.95553970336914 22.021471969098375 21.95553970336914 21.95553970336914 51200
22.087397757550292 22.143910850360268 22.059140312885887 22.09681510925293 143100
22.11565201146273 22.181584248337618 22.08739636509847 22.143909454345703 41400
22.125073326735738 22.125073326735738 22.03088363774989 22.087398529052734 82300
22.030885964522064 22.030885964522064 21.97437286376953 21.97437286376953 27900
21.92727734927914 21.98284907007094 21.861343307162958 21.88960075378418 22600
21.833087998210214 21.9056134695004 21.80483055114746 21.80483055114746 29000
21.85192488399564 22.012046813964844 21.823667438759124 22.012046813964844 45200
21.89902141667062 21.908440566195566 21.81425086746521 21.84250831604004 32800
21.785988769899486 21.81330483664847 21.667310744944672 21.720056533813477 49200
21.75773727930365 21.84250782660959 21.75773727930365 21.809541702270508 55800
21.84250714723113 21.861343648753984 21.748317453540935 21.80483055114746 62300
21.814252580965494 21.939523866101 21.814252580965494 21.870765686035156 41800
21.936699885335642 22.00263214111328 21.92728073500752 22.00263214111328 40100
21.899022879913836 21.992271208878066 21.899022879913836 21.941408157348633 23300
21.983792667229284 22.012050116705616 21.917860414970306 21.938581466674805 57400
21.87076444086625 21.96495414163266 21.861345291137695 21.861345291137695 107000
21.814252580965494 21.908442287094413 21.814252580965494 21.870765686035156 28500
21.93669899341456 22.049725199718072 21.89902239363395 21.9084415435791 153000
21.955536080092376 21.97437438048317 21.905616200924058 21.92728042602539 52200
21.993212096566314 22.021467749882614 21.880184093743644 21.9084415435791 24800
21.925411918325 22.038576126098633 21.925411918325 22.038576126098633 38600
22.03858108283299 22.104592802762724 22.010289574855477 22.01972007751465 77300
22.095160474487766 22.095160474487766 22.000857254372335 22.04800796508789 8700
22.099874978994027 22.127223974240476 22.019718410486117 22.06215476989746 43000
22.08572997260779 22.08572997260779 21.963137045536754 22.04800796508789 86300
22.03857849145252 22.03857849145252 21.85563071848212 21.906553268432617 11000
21.934845299760934 21.934845299760934 21.842428900506974 21.882978439331055 22800
21.82168407671837 21.94427881798339 21.82168407671837 21.8499755859375 41500
21.821678069445955 21.878261072307524 21.79338836669922 21.79338836669922 15300
21.736806869506836 21.83111008212428 21.736806869506836 21.736806869506836 17900
21.793388609482218 21.821678312544105 21.751894766658292 21.770755767822266 13500
21.68022899247856 21.76510171700615 21.642508780846548 21.65193748474121 52900
21.623645098994153 21.64722045318143 21.510480880737305 21.510480880737305 58800
21.472761327264287 21.472761327264287 21.11440945744859 21.161561965942383 174400
21.161564262261184 21.161564262261184 20.944666297021907 21.001249313354492 131600
20.991813952307346 21.13326786303189 20.92580224721483 21.04839515686035 53400
21.010675153409906 21.142698564851813 20.97766930054943 21.07668685913086 20200
21.02953415578133 21.161559364650426 21.02953415578133 21.04839515686035 29100
21.14270162245184 21.161562626438045 21.057828903198242 21.057828903198242 37800
21.13327102841535 21.284155462279177 21.13327102841535 21.27472496032715 78100
21.37845648574241 21.435037692954594 21.340734481811523 21.340734481811523 28900
21.36717253203482 21.43326781999839 21.272754293911774 21.386056900024414 70500
21.26331376572765 21.348291627385724 21.253871580997572 21.30108070373535 20100
21.253869452812378 21.348289489746094 21.18116661867451 21.348289489746094 20600
21.272753820381602 21.357731673530708 21.22082271002244 21.348289489746094 25300
21.471035812389456 21.546571487155063 21.357733200697318 21.461593627929688 72400
21.65043496519004 21.763737583423193 21.60322404016569 21.688201904296875 16100
21.707084138080663 21.735410690307617 21.688199769929362 21.735410690307617 58400
21.735414325192615 21.848716951223462 21.58434295654297 21.58434295654297 90000
21.593785142197667 21.612667712594295 21.48048071525405 21.58434295654297 61500
21.518249223827453 21.527689608466705 21.367176055908203 21.367176055908203 49400
21.423826645740963 21.546571441633546 21.423826645740963 21.527687072753906 28700
21.59378213479262 21.59378213479262 21.48047772362911 21.57489776611328 65500
21.499362563656586 21.6126651763916 21.40683167637673 21.6126651763916 37400
21.546571213094275 21.58433995045295 21.465369868503135 21.57489776611328 15100
21.541851493660356 21.62210736093828 21.52957647365842 21.6126651763916 12600
21.546571441633546 21.61266493179975 21.508804504786806 21.527687072753906 48300
21.612659808102947 21.612659808102947 21.499357223510742 21.499357223510742 15100
21.527686598490305 21.584339703881135 21.489919662475586 21.489919662475586 16600
21.535298946258965 21.59202003479004 21.49748368515099 21.59202003479004 45100
21.79243709431559 21.828360872539733 21.743278334805236 21.78109359741211 29400
21.837809682641794 21.894530760419823 21.778252280505278 21.8094482421875 25400
21.894531330464737 21.960706223450458 21.828356437479016 21.87562370300293 70100
21.922895244703085 21.941801071166992 21.799997455468272 21.941801071166992 57800
22.00797760934004 22.083606324019662 21.932348894660414 21.979616165161133 44500
22.074153462839543 22.173415817057403 22.05619067314439 22.149782180786133 25100
22.16868672222332 22.22540780199742 22.121417653136056 22.178138732910156 84100
22.15923319730901 22.20650046388191 21.92289325818324 21.96070671081543 107900
21.93235144762632 21.989072539455783 21.83781509248989 21.91438865661621 24700
22.026881017008073 22.111963537071542 21.970159938009292 22.07415008544922 48300
21.89453558962922 21.93235085190907 21.799054396442834 21.799999237060547 78800
21.894531330464737 21.93234658538835 21.84726406494082 21.87562370300293 29400
21.885076276734292 21.885076276734292 21.799993761107505 21.8425350189209 19500
21.90398915222472 22.054301752728513 21.856721878051758 21.856721878051758 15300
22.055240396845758 22.055240396845758 21.799992860510137 21.932344436645508 46500
21.941798170095176 21.998521051379594 21.828356013787467 21.951251983642578 55400
22.064699131791617 22.064699131791617 21.903987884521484 21.903987884521484 67200
22.01743186035427 22.01743186035427 21.866172624866948 21.903987884521484 194000
21.83780860900879 21.932344936078096 21.815119818386936 21.83780860900879 28200
21.93234573927028 21.93234573927028 21.80944796864036 21.834028244018555 33600
21.866173061160037 21.885080691364564 21.752730886194573 21.828359603881836 132000
21.752731323242188 21.771638953826603 21.66292278266256 21.752731323242188 93900
21.69401985071592 21.73284406566096 21.61826603384582 21.703489303588867 15900
21.65614777327731 21.65614777327731 21.58039394266716 21.593650817871094 18300
21.599329885283346 21.627738247528548 21.570923329151835 21.607852935791016 21600
21.599326031026255 21.69401874883261 21.589856578634283 21.6135311126709 19100
21.570920411052665 21.60879641614207 21.45728878355756 21.561450958251953 53800
21.533042907714844 21.551981813587044 21.491377676018697 21.533042907714844 21600
21.523573763321426 21.53304321639327 21.466758851003846 21.504634857177734 31600
21.428881634858772 21.476228901535187 21.409944534301758 21.409944534301758 35300
21.409943160187517 21.44781916498417 21.399527304021273 21.41941261291504 36800
21.438350329729445 21.438350329729445 21.36259651184082 21.36259651184082 22900
21.337977695593686 21.373012685489762 21.315251369278485 21.367332458496094 31400
21.4099431177024 21.419412570411133 21.315250396728516 21.315250396728516 38500
21.362593407048713 21.362593407048713 21.30577850341797 21.30577850341797 24200
21.25843895428316 21.286845510929627 21.220561137269573 21.239500045776367 20600
21.15427524079778 21.15427524079778 21.083255242066617 21.106929779052734 47000
21.069049301617945 21.087988206367505 21.050110396868384 21.059579849243164 65700
21.087991493381704 21.087991493381704 21.040644224127718 21.050113677978516 23700
20.98382803006961 21.040642943603014 20.98382803006961 21.026439666748047 58200
20.964885711669922 20.97435516340334 20.945948614316325 20.964885711669922 24400
20.89860362285518 20.89860362285518 20.81338035412211 20.832319259643555 72100
20.84178840493861 20.88913386193033 20.76603459008381 20.860727310180664 61800
20.85125697020031 20.85125697020031 20.75656425413326 20.775503158569336 78700
20.678712043992377 20.678712043992377 20.6027903020069 20.60753631591797 16000
20.536353540551808 20.536353540551808 20.346554680941694 20.37027931213379 21400
20.261149429203755 20.261149429203755 20.157707333441262 20.175739288330078 29300
20.356048206766403 20.498397827148438 20.356048206766403 20.498397827148438 27900
20.545844334614372 20.545844334614372 20.327574825372647 20.409189224243164 186300
20.460436836597122 20.524969581208914 20.365536486904208 20.37502670288086 33100
20.403493077759254 20.54394571069602 20.403493077759254 20.44145393371582 97800
20.574315147192127 20.631254626139786 20.48890502373394 20.55059051513672 64300
20.536353613900314 20.54963955222121 20.3085938955107 20.431964874267578 835900
20.431963566390056 20.431963566390056 20.280123763849787 20.318082809448242 105300
20.270636818813028 20.270636818813028 20.118796991786777 20.213695526123047 71000
20.25165905035652 20.25165905035652 20.099819203368224 20.223188400268555 122500
20.232673369195616 20.242163583430116 19.976443015083937 20.095067977905273 187100
20.128285766620586 20.128285766620586 19.957467315635782 20.071346282958984 273700
19.910016013048153 19.976445711583317 19.838842111791987 19.87205696105957 68800
19.98593802937007 19.995428245883854 19.881549267865932 19.947978973388672 18900
19.900525575170196 19.94797665221763 19.748685748765418 19.857820510864258 70900
19.910014855325468 19.928995285252853 19.84453363912738 19.881546020507812 23900
19.82460569227758 19.82460569227758 19.715470930011886 19.7961368560791 43000
19.66327621355101 19.66327621355101 19.473477329854056 19.537059783935547 26900
19.487551587602116 19.573232226355454 19.38283221919743 19.5541934967041 88300
19.516116348825022 19.554197447434348 19.44947624206543 19.44947624206543 85500
19.57323339598861 19.658914039861944 19.53610560119189 19.610363006591797 16300
19.67795734931446 19.725556906679927 19.6703418559296 19.706518173217773 33200
19.81123536574456 19.877875464989277 19.81123536574456 19.863595962524414 8500
19.81123857689868 19.81123857689868 19.755070224744443 19.779823303222656 12800
19.763639949103972 19.763639949103972 19.516118231683354 19.577999114990234 117900
19.716035790003385 19.76458864382338 19.623692943187283 19.639875411987305 23400
19.677957929505354 19.777918092404114 19.63987682984481 19.673198699951172 20600
19.649397802141852 19.68747890315394 19.582757691177534 19.663679122924805 18800
19.601797988948825 19.630358814339644 19.563716888427734 19.563716888427734 4800
19.592272771813164 19.617025844069456 19.516112405788682 19.5541934967041 27200
19.563716701737196 19.611318076934317 19.544677967465145 19.59227752685547 25100
19.582753258194334 19.620834350585938 19.54467398160916 19.620834350585938 18900
19.773158796982806 19.98259939699779 19.75411824721596 19.877878189086914 22800
20.09683957628568 20.09683957628568 20.020679197964927 20.049238204956055 13700
20.011157293038178 20.044477342350422 19.963555925587475 20.02067756652832 21800
20.058758597616443 20.106359969227032 20.058758597616443 20.07303810119629 23900
20.201559764390346 20.201559764390346 20.17395223898672 20.192039489746094 9100
20.192039489746094 20.2110800390346 20.049239001695746 20.192039489746094 28300
20.201558829503725 20.22059937791107 20.134918725884646 20.153959274291992 17900
20.182519858735535 20.197750844636367 20.07779865953754 20.106359481811523 52600
20.17801789539995 20.197124481201172 20.15413147416176 20.197124481201172 266600
20.244891345883918 20.340431544391592 20.201898347669353 20.268775939941406 308900
20.30221540500618 20.349984594695083 20.30221540500618 20.331832885742188 26100
20.3786490518935 20.397757458414876 20.349986442111437 20.369094848632812 24600
20.29266189852688 20.311770303968853 20.206675896315836 20.225784301757812 50700
20.1971213805208 20.4168643951416 20.149352189934177 20.4168643951416 101000
20.407310900765996 20.541066096872527 20.407310900765996 20.51240348815918 40100
20.47418816341223 20.58405876159668 20.455079757916362 20.58405876159668 29900
20.55539613425465 20.588834932702422 20.44552553617228 20.46463394165039 18900
20.47418711543207 20.47418711543207 20.435970306396484 20.435970306396484 54100
20.53151020089213 20.627050399780273 20.53151020089213 20.627050399780273 72600
20.665266267265462 20.684374672313538 20.58883446935096 20.598388671875 72800
20.569726499511173 20.58883308099304 20.51240128823253 20.521955490112305 24000
20.54106460451334 20.550618806723655 20.31176921829908 20.44074821472168 70600
20.65571462215881 20.713038017065383 20.607943607838443 20.636606216430664 22800
20.703481089584407 20.77991288016056 20.665264283157516 20.72258949279785 22200
20.779913533819407 20.827682721078034 20.732144346560784 20.760805130004883 38500
20.703484958446694 20.856348568164634 20.703484958446694 20.779916763305664 31200
20.77991376071915 20.787556393417336 20.655712779123938 20.693927764892578 27100
20.665265614557455 20.665265614557455 20.493295441389822 20.56017303466797 106000
20.57928070139095 20.58883308099304 20.521955490112305 20.521955490112305 29600
20.512402315932402 20.5983883148807 20.512402315932402 20.55061912536621 18200
20.531431282724338 20.531431282724338 20.445083993881727 20.483461380004883 33400
20.483457639582305 20.483457639582305 20.358732987392134 20.387516021728516 26700
20.387519160204402 20.387519160204402 20.25320197249266 20.310766220092773 159700
20.3395461277687 20.425893400843695 20.310763093432318 20.387516021728516 30600
20.358735441047504 20.358735441047504 20.19563522001931 20.234012603759766 74000
20.358736881604038 20.387519921446028 20.28486242560421 20.339550018310547 32600
20.425893783569336 20.451796502029858 20.406705093652203 20.425893783569336 5800
20.397115619199603 20.48346291451087 20.397115619199603 20.445085525512695 25600
20.47386639613411 20.6849365234375 20.47386639613411 20.6849365234375 12200
20.77128372082548 20.80006675939884 20.76168937463436 20.7808780670166 39100
20.74250450336213 20.785678150399413 20.704127114913614 20.73291015625 21400
20.723313819804304 20.80006675939884 20.723313819804304 20.7808780670166 43900
20.95357470694164 21.01113895983618 20.905604801185294 20.987154006958008 41100
21.030324556973184 21.05430950631909 20.973719198148366 20.991947174072266 7700
20.95357318485045 21.001543087122208 20.92479014552671 20.977558135986328 28900
21.078296695953547 21.116674082933372 21.03992113890825 21.102283477783203 70500
21.155048830530305 21.19726358860596 21.09748458219766 21.145456314086914 19600
21.06869967974111 21.11667140738773 20.98235422984579 21.032243728637695 28100
20.991949116327557 21.0303265027793 20.982356599649126 21.01593589782715 17900
20.99185409236721 21.068923695638375 20.99185409236721 21.044837951660156 73300
21.107455847288797 21.136357635201552 21.07951873854536 21.111309051513672 14200
21.107454111277985 21.12672196830178 21.06892023471438 21.083370208740234 35900
21.049652466939218 21.10745420077169 21.049652466939218 21.09300422668457 11100
21.040019989013672 21.08626211426146 21.040019989013672 21.040019989013672 30300
21.10745412107082 21.10745412107082 21.01111667339114 21.088186264038086 100200
21.08818880764986 21.19994092193182 21.068922785777282 21.165258407592773 4400
21.36756259460504 21.36756259460504 21.27122515632105 21.29049301147461 6200
21.213428055984725 21.213428055984725 21.107456667006637 21.165258407592773 30300
21.059285849650777 21.059285849650777 20.98221626071041 20.987995147705078 6900
20.9725841353343 20.991851993596757 20.905148468899803 20.926342010498047 78800
20.943681538548102 20.943681538548102 20.876245874719732 20.924413681030273 12800
20.953315179503676 20.95813122507497 20.877208429592432 20.885879516601562 4800
20.943683084115737 20.9533170135856 20.866613485840997 20.88106346130371 7600
20.88587960587813 20.905147463213666 20.779908228016694 20.8955135345459 33500
20.83771104899598 20.83771104899598 20.770275382289594 20.799177169799805 32000
20.799178901203838 20.81844676114791 20.742340000607804 20.779911041259766 11100
20.741374880451854 20.789542687536628 20.72210702262432 20.731740951538086 10200
20.731737238042683 20.751005092418936 20.712469383666434 20.746187210083008 11500
20.664304546961016 20.664304546961016 20.577601027324672 20.59783172607422 66900
20.625886425423804 20.625886425423804 20.504956038928356 20.52430534362793 46000
20.587190731541757 20.641367311316035 20.55816677298353 20.616212844848633 10600
20.567839637796688 20.722630379481327 20.495280670334616 20.63072395324707 369800
20.616212303646506 20.616212303646506 20.500120162963867 20.500120162963867 28200
20.529143290400867 20.577516555786133 20.504957580333933 20.577516555786133 14600
20.548491466132525 20.548491466132525 20.422724673552363 20.485607147216797 19800
20.33565653857134 20.36467865365566 20.325981885126076 20.3453311920166 23200
20.374348786678517 20.446907748793716 20.30662807283823 20.382089614868164 51600
20.48077052443811 20.48077052443811 20.403375150158872 20.44207191467285 36400
20.451746567114167 20.451746567114167 20.355003733203574 20.44207191467285 204000
20.374349317226873 20.432397226531023 20.316303253173828 20.316303253173828 21200
20.413048995701505 20.461420410744747 20.36467573540706 20.449811935424805 16400
20.587189791894623 20.693607277914946 20.585254123311884 20.679096221923828 8500
20.925795826071937 21.003191209082896 20.84840044306098 20.906448364257812 78600
20.790351700405882 20.86678016183578 20.719728399401358 20.761327743530273 16500
20.98384036267611 21.138631103731022 20.935467102814457 20.993515014648438 35600
20.9935189773557 21.01286643970117 20.75165816814769 20.771005630493164 51100
21.019636723596893 21.138633294462867 21.00318999806457 21.051563262939453 13200
21.13863254475866 21.148307197390515 20.993516445783463 21.03221321105957 10400
20.800024611809285 20.896769281379544 20.761326005880743 20.79034996032715 34100
20.811635437129087 21.059301376342773 20.800026961189992 21.059301376342773 16500
21.051565015091015 21.186039565708356 21.051565015091015 21.1483097076416 47500
21.216307731016485 21.26487912260903 21.18230738632574 21.19687843322754 64900
20.992877621523412 21.051163665498894 20.9540190236198 20.963733673095703 30500
20.915161940228753 20.96858973216196 20.867561455582866 20.934589385986328 42800
20.876302378616806 20.886017027486798 20.7985870405367 20.847158432006836 19700
20.88602048644254 20.949164788114963 20.866591185484854 20.923906326293945 13300
20.886020416183133 21.109451817804562 20.886020416183133 21.0997371673584 23100
21.08030771416321 21.08030771416321 20.93458982421172 21.031734466552734 11300
21.12013348379896 21.225050948123275 21.119162574797368 21.206592559814453 17500
21.245452121187498 21.381453502789437 21.245452121187498 21.294023513793945 54700
21.332881020101173 21.332881020101173 21.23573823141475 21.245452880859375 19300
21.090017894924745 21.138591136510485 21.06087580285301 21.080305099487305 19400
21.012303783734854 21.041447730381854 20.983161689967673 21.022018432617188 113600
21.119162990923886 21.14830693746375 21.07059159957059 21.128877639770508 19300
21.15802043314478 21.206591821850814 21.06087580285301 21.080305099487305 13700
20.97344911510897 20.992878414794962 20.92487771877399 20.984134674072266 19100
20.91516165541203 20.927789031762526 20.89573235703914 20.905447006225586 8100
20.856874281921037 20.934589624476388 20.84715963249163 20.895732879638672 54700
20.818016595363204 20.895731934403038 20.808301946373245 20.878246307373047 42100
20.944304035305066 21.012304727656332 20.92487658954749 20.934589385986328 26600
21.002910799687847 21.061468578703238 20.954111099243164 20.954111099243164 16900
21.05170646830343 21.05170646830343 21.0126685734905 21.022428512573242 7800
21.02242595450657 21.237139003645915 21.02242595450657 21.17858123779297 26100
21.198103217480863 21.246902916085194 21.120025561232097 21.139545440673828 51200
21.061468235316774 21.10050799503602 21.032188415527344 21.032188415527344 57100
21.19810100795171 21.207860946655273 21.111240718070533 21.207860946655273 30500
21.11026408663636 21.11026408663636 21.002908480548715 21.051706314086914 29300
21.071227687514895 21.1737042621286 21.0419478684032 21.14930534362793 87300
21.159064572172724 21.334739757902124 21.159064572172724 21.31521987915039 80900
21.295700073242188 21.43233550193549 21.276180194423684 21.295700073242188 44500
21.22640752735926 21.227382962872507 21.139545367208136 21.15906524658203 41200
21.139543605163848 21.188341438012984 21.09074577231471 21.120023727416992 54900
21.08098793029785 21.10148324551525 21.01267021290652 21.08098793029785 82500
21.1493031403175 21.237140726983615 21.13954320163038 21.217620849609375 28200
21.324979927991947 21.354257884751743 21.27618023086212 21.285940170288086 29300
21.295700333892384 21.334740092007216 21.22738261870955 21.232261657714844 86200
21.188341069248146 21.220549053121704 21.188341069248146 21.207860946655273 14800
21.110265621511232 21.139545440673828 21.054636012772274 21.139545440673828 36700
21.071228175246585 21.071228175246585 21.012670397185925 21.032188415527344 27000
20.963867258249028 21.012666949892107 20.934589304781078 20.944347381591797 28200
20.866270029795906 20.954107614470274 20.866270029795906 20.87602996826172 120500
20.93458959905658 20.954107614470274 20.85651195284802 20.87602996826172 10100
20.836808749650157 20.93486469428906 20.836808749650157 20.87603187561035 12400
20.89564378739032 20.915255352453112 20.846616744995117 20.846616744995117 6900
20.768170241697426 20.777976023231016 20.709337422757486 20.725025177001953 13400
20.719140802548196 20.743656190884106 20.671093783449212 20.738752365112305 47900
20.817198743824132 20.90544891357422 20.79758717937706 20.90544891357422 49400
20.964282267448326 21.05253243943282 20.915255225351064 21.032922744750977 47800
21.104504941628008 21.104504941628008 21.03292440716179 21.052534103393555 21600
21.023115158081055 21.05057059854119 20.96428046829939 21.023115158081055 260800
20.91525543068942 21.062338428686992 20.91525543068942 21.0133113861084 67000
21.02311630842398 21.091754913330078 20.993698961923485 21.091754913330078 19400
21.003502540076358 21.032919883489924 20.88583503668361 20.944669723510742 12300
20.95447631623938 21.06233617241029 20.95447631623938 21.042724609375 33700
20.974088565431714 21.032923261708625 20.944673087555074 20.98389434814453 37400
20.974086249929666 21.03292093971133 20.944670775300445 21.023115158081055 43000
21.023116792057948 21.023116792057948 20.895643491218358 20.906429290771484 20000
20.926041333301765 21.00350570678711 20.880936229476323 21.00350570678711 28900
21.072142766834244 21.150587151739984 21.06233698493832 21.14568519592285 19500
21.02311546846252 21.09077405352721 21.02311546846252 21.064298629760742 42300
21.04272430321394 21.11136477283877 21.04272430321394 21.072141647338867 16400
21.013310628767844 21.140782057035064 21.003504846553177 21.08194923400879 16300
21.023113759014542 21.086848529977445 20.974084854125977 20.974084854125977 7100
21.06233545869718 21.111364364624023 21.042723896326446 21.111364364624023 5500
21.091753612268047 21.229030813612187 21.091753612268047 21.20941925048828 47900
21.17493413506667 21.23405394674655 21.13552155374173 21.18478775024414 16100
21.14537418498328 21.22420310974121 21.125668833178803 21.22420310974121 18800
21.017282485961914 21.0468433349191 20.99757525332379 21.017282485961914 10900
21.027133689499102 21.066546270867764 21.026148891795742 21.0369873046875 3900
21.066545354116347 21.076398968875946 20.943377988698632 20.94732093811035 22500
20.94830680977108 20.953232677711 20.810359954833984 20.810359954833984 22800
20.711826973500916 20.711826973500916 20.60343907821238 20.613292694091797 26100
20.652704660398058 20.662558275982708 20.534465032152312 20.56402587890625 161800
20.617231604994924 20.721678418868322 20.59653957763107 20.623144149780273 32100
20.6970457195564 20.73153431500947 20.682266235351562 20.682266235351562 20100
20.830064579773353 20.89903800483726 20.775870637398892 20.874404907226562 150800
20.958160513889425 21.02713394165039 20.958160513889425 21.02713394165039 50800
20.977868136278737 21.01728071885608 20.91874644333524 20.938453674316406 7100
20.928601712164134 20.997575146662054 20.928601712164134 20.94830894470215 43900
20.987719872384332 21.036987949837247 20.938453674316406 20.938453674316406 30200
20.9877215837865 21.03698966525688 20.95816261428941 20.98279571533203 29600
20.849772902181435 20.86948013305664 20.82021205586863 20.86948013305664 6900
20.864528410145166 20.909089652854835 20.854625701904297 20.854625701904297 7000
20.88433466806736 20.93384632251808 20.84967613220215 20.84967613220215 19400
20.795210724540805 20.81996655003462 20.780357606994198 20.790260314941406 6100
20.844722891420037 20.914041848766104 20.844722891420037 20.889284133911133 9800
20.83482262250396 20.864528859117325 20.696186592897053 20.724905014038086 36400
20.74569907355317 20.815016140435226 20.74569907355317 20.790260314941406 19300
20.844721533631464 20.844721533631464 20.795209884643555 20.795209884643555 8400
20.711040104806937 20.711040104806937 20.646673448877138 20.65657615661621 9900
20.626867832881928 20.626867832881928 20.522892235754966 20.59419059753418 17400
20.4317890328627 20.460507452458398 20.426838623276357 20.447633743286133 14100
20.537746960331297 20.63677215576172 20.537746960331297 20.63677215576172 9200
20.616964469376168 20.6664780060151 20.616964469376168 20.65261459350586 3400
20.66647890915603 20.77045450751915 20.66647890915603 20.735795974731445 68100
20.696186351592623 20.785308837890625 20.696186351592623 20.785308837890625 6000
20.765502367404565 20.80511319874839 20.58725929260254 20.58725929260254 16000
20.557550630571654 20.57735604572475 20.48823356628418 20.48823356628418 6900
20.45852519726795 20.527842260720963 20.45852519726795 20.478330612182617 7600
20.45852640156719 20.499126937907732 20.457536697387695 20.457536697387695 15000
20.48823424264227 20.52784318550768 20.428817995221547 20.438720703125 13900
20.418916702270508 20.418916702270508 20.369403163902135 20.418916702270508 16300
20.468429771189882 20.468429771189882 20.38920999305568 20.399112701416016 20300
20.349599365574957 20.349599365574957 20.29018500356009 20.329795837402344 9200
20.30989103131107 20.37656184183583 20.30989103131107 20.339744567871094 6300
20.439254246148625 20.55866459516204 20.439254246148625 20.546724319458008 30600
20.45915522927366 20.549708490824937 20.45915522927366 20.474082946777344 14600
20.459154679399663 20.518861751823025 20.439254219918485 20.484031677246094 11800
20.54871449335941 20.54871449335941 20.47905813645205 20.498960494995117 27800
20.449205178525858 20.697978973388672 20.449205178525858 20.697978973388672 13000
20.697978158084034 20.747734053892742 20.668126518592164 20.678077697753906 15800
20.77758625313824 20.77758625313824 20.744749069213867 20.744749069213867 8600
20.688029411709074 20.688029411709074 20.62434224302626 20.633298873901367 73600
20.588518123861043 20.598469302607388 20.49895941313719 20.518861770629883 14500
20.46910694198802 20.46910694198802 20.3934794979752 20.429304122924805 105800
20.434279044001205 20.49398422241211 20.429304403297543 20.49398422241211 45600
20.50891194763232 20.548714767255614 20.50891194763232 20.528812408447266 4500
20.469106416777247 20.5089111328125 20.469106416777247 20.5089111328125 11800
20.518863127036493 20.538763587851438 20.489009588823972 20.528812408447266 59200
20.49895997073986 20.588518683899846 20.49895997073986 20.578567504882812 14000
20.62832123504061 20.62832123504061 20.573590700151804 20.618370056152344 24400
20.508911936224795 20.55866593522459 20.4591560392316 20.473087310791016 37400
20.4691066902656 20.541748589806517 20.4691066902656 20.53876304626465 7800
20.47905702740882 20.51886174233933 20.44323430236598 20.449203491210938 51600
20.469106658013317 20.528811834776516 20.369596764745747 20.399450302124023 40700
20.324817381738395 20.329793920291767 20.288000106811523 20.288000106811523 119600
20.350000381469727 20.360000610351562 20.304000854492188 20.34000015258789 8100
20.239999771118164 20.239999771118164 20.1299991607666 20.1299991607666 6100
20.225000381469727 20.229999542236328 20.110000610351562 20.135000228881836 6800
20.174999237060547 20.174999237060547 19.95199966430664 20.010000228881836 21400
19.920000076293945 20.05699920654297 19.920000076293945 20.05699920654297 62700
20.139999389648438 20.139999389648438 19.974000930786133 19.974000930786133 2900
19.899999618530273 19.899999618530273 19.81999969482422 19.820999145507812 8500
19.725000381469727 19.81999969482422 19.68000030517578 19.770000457763672 167400
19.799999237060547 19.899999618530273 19.760000228881836 19.8700008392334 16400
19.920000076293945 19.969999313354492 19.920000076293945 19.940000534057617 5200
19.75 19.920000076293945 19.739999771118164 19.829999923706055 36900
19.979999542236328 20.079999923706055 19.940000534057617 20.075000762939453 6700
20.014999389648438 20.104999542236328 19.959999084472656 20.030000686645508 136800
20.100000381469727 20.200000762939453 20.051000595092773 20.059999465942383 23800
20.054000854492188 20.054000854492188 19.860000610351562 19.860000610351562 127300
20.030000686645508 20.030000686645508 19.950000762939453 19.969999313354492 6300
19.969999313354492 19.969999313354492 19.809999465942383 19.83300018310547 5700
19.69700050354004 19.714000701904297 19.6200008392334 19.665000915527344 4200
19.604999542236328 19.604999542236328 19.469999313354492 19.469999313354492 4900
19.520000457763672 19.530000686645508 19.360000610351562 19.43000030517578 12900
19.440000534057617 19.540000915527344 19.40999984741211 19.44700050354004 9500
19.350000381469727 19.52589988708496 19.350000381469727 19.52589988708496 2570
