56.3519615911157 56.3519615911157 55.856143797306146 56.12312316894531 37600
56.294752521923115 56.904993150238646 55.68451189360759 56.20703125 82100
56.447307954148826 56.447307954148826 55.6654367599 56.1002311706543 54000
56.18032546497253 56.18032546497253 54.5784457543781 55.02754211425781 49000
54.45449824209413 54.47356871802643 53.61541548768008 53.748905181884766 43500
54.23519426156074 55.46520906547375 54.14079485829324 54.9751091003418 85300
54.806105078397344 55.36466815230109 54.45282269391295 55.14983367919922 77300
54.97796875084611 55.9614220141465 54.97796875084611 55.20998764038086 65700
55.71317256234039 56.01775724295726 55.331250675615955 55.99961853027344 36500
56.31470418128373 56.61546807783012 56.104644775390625 56.104644775390625 54600
56.572499486957206 56.572499486957206 55.436276757860604 55.695030212402344 100900
56.00916627014823 56.123742474472415 55.40763482340047 55.531761169433594 51600
55.27395863589655 55.84684690750222 55.26441213707669 55.76091384887695 41500
56.161932475988095 56.48656807120295 55.799103600792286 56.1332893371582 89100
56.54385336463634 56.545761935785734 55.58904329710685 55.67497634887695 83700
55.3503497907305 55.47447249725114 54.09000058780371 54.81565475463867 100000
54.66288136650877 54.93022704433361 54.186430574734004 54.691524505615234 38800
54.11864055426763 54.58172406800959 53.182927027731324 53.93913650512695 58300
54.60559037885215 55.40285961074775 54.60559037885215 55.382808685302734 64000
55.43627753334171 56.02348372438434 54.23321472823458 55.55085372924805 64200
55.617695672290445 56.100830142068546 54.624692162956485 54.67243194580078 47400
55.04480735208134 55.21667347280068 54.1281868274743 54.218894958496094 69500
53.84173975878056 54.14727869260041 53.429262562354914 53.96586608886719 74300
54.37643913925727 54.37643913925727 53.10653988284657 53.1638298034668 81900
52.43816896584941 52.77235468637751 51.731611531245264 52.218563079833984 153600
52.2090206222131 53.964917202939674 52.2090206222131 53.60304260253906 92300
53.84174396952922 54.67242778317193 53.84174396952922 54.492923736572266 64500
54.405082714778885 54.405082714778885 53.569623821169294 53.70329666137695 67400
54.17593530297243 54.309608155487126 53.64887817898641 54.14251708984375 79300
54.57694998270825 54.74881610724771 54.24467644654844 54.452823638916016 41500
54.30959466674896 54.30959466674896 53.570569733807396 53.99641418457031 55000
54.13773615274182 54.968419962155984 53.734805425026295 54.58649444580078 81100
54.95505156346988 55.55085360858727 54.95505156346988 55.1784782409668 33200
54.76791708654894 55.55086120822357 54.76791708654894 55.054359436035156 70200
55.5317584617512 55.799104139576045 54.691524505615234 54.691524505615234 46400
54.968418156843335 55.24435967936691 54.349702337287404 55.14219284057617 53800
54.62469213934019 54.963649332393686 54.35830072741095 54.41176986694336 77400
54.64378107783951 55.268226236386546 54.64378107783951 55.07630920410156 48300
55.30260138898876 55.802923882214714 55.30260138898876 55.643470764160156 42300
55.66543401063408 55.66543401063408 55.173707339705274 55.283512115478516 47400
55.24531401394723 55.91845325318028 55.22621737450857 55.85639190673828 38100
56.14283380974053 56.26696014404297 55.58904583925005 56.26696014404297 54700
56.4674666294421 56.4674666294421 55.861163841126476 56.11609649658203 25800
56.27650574838189 56.27650574838189 55.646331230698955 55.67211151123047 48400
55.294961275309866 55.68452469911277 55.02284054270514 55.54130172729492 57000
55.159381113761654 55.159381113761654 54.128184435024224 54.701072692871094 48400
54.586490225144274 55.02475134210398 54.21411487876162 54.233211517333984 65100
53.450271636386056 54.03079783799995 53.295593587121786 53.624046325683594 106200
53.65078182517274 54.45282250894281 53.65078182517274 54.41749572753906 51900
54.796555003016984 55.188027026520764 54.75263600805603 55.10018539428711 47700
55.14028913254007 55.72272393818182 55.14028913254007 55.531761169433594 615300
55.50979827678966 56.14188139680579 55.50979827678966 55.822975158691406 72300
55.59859285261769 55.73226568665289 55.15938107155592 55.216670989990234 67200
55.45537426535893 56.83029954545855 55.45537426535893 56.687076568603516 75900
57.08809779188718 57.08809779188718 56.32425042645108 56.37199020385742 56000
56.23832383084465 56.44074167584096 56.07600419824198 56.324256896972656 68900
56.343349276217175 56.648891896441334 56.01871365689644 56.486572265625 150700
56.86849202751843 56.96301729691529 56.60114271729191 56.74436569213867 238200
56.71572573154467 56.71572573154467 56.249775715530696 56.410186767578125 96100
56.27651151768121 56.572503989024824 55.90700262424198 55.94232940673828 67200
56.02826147654239 56.02826147654239 55.312153843807764 55.503116607666016 276900
55.65588253070624 55.93277833847569 55.405721289628374 55.48401641845703 45700
55.885034152016495 55.885034152016495 54.968417327472224 55.02570724487305 69900
55.3407952049233 55.560401101493035 54.977969971796774 55.369441986083984 45000
55.43628304055734 55.43628304055734 54.49579438504569 54.67243194580078 96300
54.63424308326934 55.3169325503735 54.56740665787274 55.25486755371094 48300
55.159382397305826 55.39808493305201 54.71539553512546 55.12118911743164 350200
55.11164296137036 55.216672660521745 54.55880561234151 54.977970123291016 45700
54.06134421159569 54.06134421159569 53.202017348796346 53.93722152709961 113200
54.39851837430434 54.39851837430434 53.494109804202196 53.89128494262695 97600
54.14968867460485 55.15458669431814 54.14968867460485 54.771766662597656 187700
54.98232484600311 56.03986084215779 54.98232484600311 55.757530212402344 113300
55.59482501594806 56.01592411381153 55.59482501594806 55.767093658447266 52800
55.996783638465516 57.03996436759392 55.996783638465516 56.743282318115234 95800
56.38918003074063 56.62748514342742 55.69053649902344 55.69053649902344 71000
55.96807710814229 56.03985632353598 55.67139138824158 55.83409118652344 47500
56.10206532297889 56.10493853618391 55.01103288709419 55.030174255371094 70500
55.40341803474396 56.32218174437911 54.94020644619486 55.98721694946289 70600
56.0446440819537 56.17863000716777 55.41299354105692 55.728816986083984 79000
56.054212943901554 56.37482264366056 55.80346576907581 55.96807861328125 48200
55.68096470349202 55.68096470349202 54.790911181747326 55.56612014770508 97100
56.370039233016634 56.83133414765675 56.12120510330035 56.475311279296875 78300
56.45617676461355 56.71457611659007 56.17575917968654 56.216915130615234 38300
56.17863000716777 56.561446414801864 55.728816986083984 55.728816986083984 60600
55.79580693057829 56.16235516354159 55.727857450872776 55.98721694946289 82200
55.99678651781054 56.00061625159064 55.3823643288157 55.86280059814453 247100
56.68586127764431 56.77199560491078 56.50115055184768 56.676292419433594 96800
57.17395780599736 57.36440765884721 56.66193808984826 56.6954345703125 83900
56.638004389539475 56.87726598170521 56.47530460842885 56.78156280517578 79300
57.13567737074842 57.13567737074842 56.58920463138858 56.84856414794922 65500
56.982548486534114 57.45149921883523 56.78156960126221 57.33665466308594 75700
57.32707664902378 57.56920779344163 57.06388744783741 57.53762435913086 62900
57.595054626464844 57.84388509265888 57.288800059991075 57.595054626464844 59500
57.78646091088037 58.11185682309722 57.54719931809864 58.02572250366211 69000
58.131006616403155 58.131006616403155 57.55199026518496 57.566349029541016 88400
57.183528866987096 57.41322163533407 56.51359558105469 56.51359558105469 56400
56.886843200475695 57.614200592041016 56.886843200475695 57.614200592041016 66200
57.604632640907155 57.80561519841199 57.373030463235686 57.68119812011719 93000
57.85346148313641 59.04019709513565 57.85346148313641 58.9827766418457 100200
59.12632911213257 59.27945639965122 58.84878841345924 59.11676025390625 165000
59.08805299462322 60.418347056255655 58.944494558124205 60.15037155151367 73000
60.35135412563506 60.561901874880824 59.85368950323498 60.10251998901367 136100
60.4949066846126 61.3792210720963 60.4949066846126 61.09784698486328 129800
61.33710649177435 61.57636811603938 61.02128304618269 61.183982849121094 118300
61.155271149671414 61.155271149671414 60.71981325159175 61.00214385986328 99300
60.66717449711638 61.06913590863424 60.14079967444235 60.40877151489258 42600
60.791592396630506 61.05669467851783 60.60879470948893 60.858585357666016 76100
61.13612886294823 61.13612886294823 60.78297921586196 60.93514633178711 57200
61.250971215557676 61.250971215557676 60.63271931247086 60.877723693847656 86900
60.66717838594237 61.155274156155585 60.629855820540115 61.03085708618164 64100
60.89687031039166 60.89687031039166 60.10251995655437 60.38963317871094 82900
60.6576033334965 60.6576033334965 59.81157172507131 60.25564193725586 69600
59.84411402410545 60.14079974124957 59.71012810373149 59.78669357299805 108000
60.24607764085916 60.829876587432764 60.00681601690884 60.083377838134766 94100
60.18864822387695 60.26521368918699 59.623034174473524 60.18864822387695 91800
59.9015403823867 60.04509881724769 59.537861691356795 59.987674713134766 66500
58.62866745551707 58.62866745551707 57.059111767018926 57.757755279541016 67600
58.705227623365154 58.705227623365154 57.42278527290329 57.7194709777832 146200
57.317508593421934 57.413215424397436 56.05420763128369 56.3604621887207 147600
57.480213049679044 58.01902995643237 55.642681904955154 55.66182327270508 91600
55.872376907487926 57.3184720683491 55.78624257458076 57.059112548828125 135500
57.4323578892382 57.4323578892382 55.90587123007652 56.283905029296875 109700
56.752857273438465 57.796038114648084 56.437033823795886 57.37493896484375 114000
58.26498948241714 58.99234318533911 58.145358674967696 58.35112380981445 64300
58.485108930256445 58.77222213404044 58.27360102302984 58.61909484863281 118700
58.475540160318296 58.475540160318296 57.73861756212853 57.757755279541016 51300
58.22670596429319 58.22670596429319 57.31751110974359 57.805606842041016 82000
57.64290454185668 57.64290454185668 56.81697448727324 56.886837005615234 161000
56.66672134399414 57.43235779970903 56.551876788347556 56.66672134399414 539200
56.84856327559158 57.480213816394034 56.111637036181605 57.451499938964844 104500
57.905081490090126 57.92569867251402 56.32442334724391 56.56005096435547 228800
56.226247000315325 57.05093803719669 55.87280744948418 56.43241882324219 313600
55.83353605226206 55.83353605226206 54.68486124702546 55.63718032836914 303000
56.029892052943254 57.17857060902827 56.029892052943254 57.16875076293945 603800
57.04111441438057 57.74799346923828 56.99202642338738 57.74799346923828 206000
57.93453205902522 58.33705959638705 57.90017008919581 58.11125183105469 220900
58.366513986796264 59.00466537475586 58.02289055158073 59.00466537475586 131200
59.06358138782143 59.38265899855391 58.747451229225135 58.867225646972656 87700
58.84758191654705 59.21084129989197 58.837765816131075 59.13229751586914 110100
59.23047994665663 59.52991783766941 58.87998409949239 58.92612838745117 123100
58.7984953774081 59.14211882324045 58.7984953774081 58.89667510986328 67700
59.19120689318944 59.83917814753357 58.99583240874953 59.377742767333984 118100
59.564276316328275 60.055163724553196 59.47297272650653 59.711544036865234 120700
59.85880661188866 60.02668775408198 58.189788818359375 58.189788818359375 211000
58.34688380060146 59.02332591158631 58.05725825168418 58.63159942626953 115900
58.76904601755125 58.85740590821435 58.00326279525363 58.03271484375 88500
57.61054682485566 57.77744674682617 56.82512771669556 57.77744674682617 122000
57.9443522653441 58.30760791225441 57.2080211256975 58.23888397216797 130600
58.435237670749366 58.68559129821922 57.7185425023683 58.04252624511719 149100
58.170155596562495 58.7287856849362 57.74799214240815 57.895259857177734 363000
57.45346075688157 58.02288818359375 57.168745170938685 58.02288818359375 116900
57.482913269291736 57.482913269291736 56.47168643292447 56.481502532958984 137200
56.884030135238795 56.884030135238795 55.62735959916067 55.646995544433594 167600
55.853168424001616 56.589499532587 54.44923014401827 54.53759002685547 136700
54.34124124399976 55.1757521872336 53.71290588378906 53.71290588378906 391700
52.98638753096748 55.057932972915296 52.42677619060487 54.97938919067383 507800
54.2037901126112 54.84194528134631 53.07965742794103 54.1448860168457 414800
54.74376341279349 55.22483473211416 52.90980798230607 53.37909698486328 384000
53.88961879033929 54.43254163918501 52.191148816295915 52.47586441040039 681300
52.60349949280909 53.202379019390555 51.61190477378573 53.182743072509766 583900
52.9373023076684 54.41978454589844 52.9373023076684 54.41978454589844 191600
54.61613693817462 55.04419158944449 53.83071779305839 54.940120697021484 242000
55.21501913099186 55.21501913099186 54.282332275823386 54.64558792114258 262900
54.14488146402142 54.76241565310392 53.82089398385822 53.889617919921875 253600
53.830715890284836 54.39032724547274 53.12776175419143 53.997615814208984 278600
54.07615661621094 54.50126377714773 53.74235304159827 54.07615661621094 263200
54.144890234141656 55.30436621561643 54.144890234141656 55.234657287597656 147300
55.784446194902934 55.99061801277802 55.6175462695299 55.92189407348633 184300
55.165934765246746 56.37744622882104 54.802679071379124 55.08739471435547 147900
55.17574771216261 55.63717934823211 54.19397285516746 54.596500396728516 198900
54.70449757518104 55.07855431423633 54.09579445235339 54.44923400878906 126500
55.07756553633714 55.84335243754433 54.724129749441936 55.764808654785156 138600
55.52918638398718 56.08879774403316 55.39173476022999 55.92189407348633 166500
55.50955679407437 55.54391876765497 54.620066678399915 54.75358963012695 108100
54.61613598125787 55.17476611087628 54.30196832871584 54.468868255615234 159500
54.34123608596856 54.66522358198501 53.388917034556364 53.77180862426758 284800
54.11542495999611 54.282328620502874 52.78021065663632 52.888206481933594 229200
51.49409336611723 53.86017068451177 51.49409336611723 53.703086853027344 459300
53.9583478481727 55.107026433836545 53.654000024713376 55.048118591308594 163700
54.61613300054096 55.440823979749126 54.61613300054096 55.205196380615234 127500
55.107024582252244 55.21502041733784 53.66381432278827 54.01725387573242 197900
54.42960354479429 55.843361912954094 54.42960354479429 55.56846237182617 216000
55.921897662640454 55.921897662640454 54.758496797695166 55.09230041503906 93800
54.4570869626126 54.576865114539196 53.81598809303615 54.20280838012695 123700
54.26269325306974 54.26269325306974 52.62411238209599 52.66239929199219 192300
52.86857440405177 54.05652482404345 52.515138602462734 52.79985046386719 286700
53.80125916727454 54.429594450281016 53.66381129226358 54.09579086303711 141000
53.35945773190473 54.14488055111588 53.333934374064015 54.07615661621094 166400
54.44923292434028 54.65246103976055 53.580363819719196 53.58527374267578 146200
53.820900088876925 53.92889592784819 52.7900371858155 53.07475280761719 174500
53.398728514362546 53.791439915822934 53.07768849791567 53.693260192871094 169700
54.3117830862884 55.273921966552734 53.948527449239585 55.273921966552734 368100
55.18556303739136 55.87182494112747 54.93030322603602 55.84237289428711 129100
55.470281689559286 56.29497275298093 55.3819217990079 56.23606491088867 113700
56.30478660777697 56.54041422157157 55.49973152383736 55.8237190246582 125200
56.16288236953486 56.67408005893566 55.90728164977417 56.23169708251953 162200
55.87779233629105 55.90728328554145 55.071673889067156 55.120826721191406 137900
55.287945025810394 55.6025276184082 54.973358683092265 55.6025276184082 204300
55.641850643574 55.90728042360221 55.44523932514172 55.85812759399414 72600
55.700830412417815 55.700830412417815 55.012679620147125 55.66150665283203 107300
56.10389475987484 56.998489747499164 56.10389475987484 56.870689392089844 147000
56.811705306118455 56.821534371484454 55.60252775960252 55.838462829589844 132200
55.749986688936204 55.99575457638535 55.101159616075265 55.110992431640625 174900
55.40591244453219 55.68117127494905 54.93403855662317 55.44523620605469 117800
55.632020229492596 55.691005873665105 54.92814137623045 55.327266693115234 128800
55.33709528024817 55.49438656923493 54.108255913126584 54.17707061767578 92500
53.80350516620793 53.85265799339583 53.194001858813195 53.43976974487305 249600
53.54299749923966 53.63639050590966 52.741795455550886 53.40045166015625 268200
53.42010437471674 53.862487290753286 53.07799591968051 53.23332214355469 116700
52.948236984775605 53.73862739133332 52.93840416870648 53.017051696777344 121600
53.48892233992231 54.212463053344315 52.9826410968555 53.125186920166016 160500
53.38078455742665 54.15741198402803 53.38078455742665 54.06893539428711 207300
54.13775223128316 54.44250577462055 53.67472485177332 53.74452209472656 86400
53.646214462903956 53.91164423280088 53.40044657412389 53.62655258178711 93000
53.67570674248833 54.91437903276817 53.67570674248833 54.835731506347656 112400
55.219124384492346 55.57303072470096 55.175870498509575 55.248619079589844 95000
55.65167977060832 55.80897106500016 54.000119304433895 54.13774871826172 104800
53.96079740760671 53.96079740760671 52.65921312033469 52.741790771484375 147100
52.24042414829215 53.03671349318184 51.59159704323702 52.93840408325195 155900
52.50585142502333 52.636599371377976 51.3753176405475 51.434303283691406 472200
51.47362936752586 51.866855755860776 51.095144702991405 51.345829010009766 351600
51.81770409801282 52.555007811701515 50.89656572170238 52.31907272338867 481800
52.05364494759988 52.540264367401754 50.90344915974362 51.00175857543945 165700
51.011583678034164 51.650581704980304 50.33326563798586 51.44413757324219 279700
51.53261407335472 52.269917810574476 51.29667897751201 51.96516799926758 317400
52.1912735175723 53.480081247637564 51.5935642803986 53.3709602355957 353800
52.90891462103267 52.90891462103267 50.97127978580939 51.51295471191406 338800
51.32616250054258 51.47362472669841 50.34309099315757 50.92310333251953 386300
50.17597330796177 50.44140307909968 49.178156274868726 49.428836822509766 303800
50.06783566863504 50.215297905091894 48.29732505019632 49.25188446044922 555300
49.271547656544975 50.126822650620674 48.25308616659877 48.34746170043945 835400
48.042710303380375 49.0356147661848 47.85592804063176 48.78001403808594 685900
49.409172066404956 50.382414503948745 49.363953117364204 50.008846282958984 371500
49.79257911033705 50.22316421038377 49.468163675305895 49.763084411621094 203900
50.58885828344188 51.37531473020714 50.490552633891284 51.335994720458984 244900
50.64784634472864 50.82479952247601 49.20272997649857 49.52714538574219 343500
49.13391942357898 50.018685387137324 48.9658127654667 49.399349212646484 497800
49.949870569670914 49.9754276418073 48.12135674885832 49.24205780029297 267300
49.812237242653524 50.057022616332524 49.242057652460225 49.763084411621094 201500
49.389516583340814 49.389516583340814 48.313052030357426 49.114253997802734 198000
49.00611392876135 50.41485785150696 49.00611392876135 50.14647674560547 162200
50.49055585228157 51.49328929211898 50.49055585228157 51.30650329589844 152900
51.61125858951123 52.407547929221366 51.45396728476707 52.38788604736328 214500
52.23059348051351 52.260084427527765 51.601428276740066 51.935672760009766 241500
52.14211810928915 52.14211810928915 50.98799227096122 51.709564208984375 351200
51.768547854748164 52.86958694458008 51.64074750276578 52.86958694458008 246000
52.417376453069785 52.52551492711079 52.12147319692449 52.35839080810547 129300
52.8990815270561 52.961997296315154 52.51568047193669 52.71229553222656 152200
52.260084410878555 53.334580164778785 52.151945938366865 53.29230880737305 126800
53.02687892965917 53.08979844998904 52.230593361131135 52.45669937133789 120300
52.21093798704708 52.2994145890352 51.434310452942526 51.483463287353516 149400
50.736323310386446 50.862154848771326 49.84172834962912 50.07766342163086 182500
48.66204352745643 49.00611708265287 47.678971941043166 47.924739837646484 451500
48.12135291936932 48.249153270363486 47.374216444456124 47.80677032470703 560900
48.30814073451744 48.88815316346766 47.47253132422069 48.28847885131836 521400
47.28573737939426 47.28573737939426 45.63417696883448 45.860286712646484 1109800
46.04706826503866 46.69097888428604 45.7619766358604 46.19453048706055 673400
46.892512731870994 47.31719885281365 46.459958858586205 46.86301803588867 365300
46.24977098221005 47.018791767250065 46.24977098221005 46.72301483154297 421700
46.83146890074934 46.94287747745592 46.210334681194034 46.870906829833984 513900
47.28499573706888 48.423742479685025 47.28499573706888 48.4188117980957 233700
48.59627533726989 49.07937679111703 48.300498399668484 48.783599853515625 280100
49.049803222988615 49.404737074202686 48.04415856488477 48.054019927978516 388300
48.142753131359385 48.142753131359385 47.2455571450651 47.590633392333984 201600
46.999078883669426 47.8469756337945 46.58499187231064 47.32443618774414 354600
47.24555677593529 47.89627133524263 46.831469795657526 47.787818908691406 257100
47.21597957994413 47.71880377616225 46.41245151548791 47.70894241333008 144500
47.649793919790724 47.843034526827104 46.86105030077084 47.314579010009766 366300
47.718801844729235 48.458246064878914 47.718801844729235 48.320213317871094 158300
48.18218633924958 48.55683914614981 47.87655178923261 48.27091979980469 168200
47.906134584376545 48.19205396789614 47.55120069600854 47.64979553222656 156900
47.501903905369794 48.0934578630398 47.30767791270679 47.492042541503906 168700
46.93006458449285 47.64979369764431 46.82161591034111 47.413169860839844 470900
46.644148379904756 46.999078489086045 46.23991897463517 46.95964431762695 601800
47.590630810050776 47.984998807092076 47.156824885003005 47.93570327758789 182000
48.5075470461318 48.69487158232833 47.76415744525246 47.906131744384766 207500
48.54698446181658 49.64135885975371 48.54698446181658 49.51319122314453 368100
49.54276602925595 50.27235269627162 49.335722536551735 50.21319580078125 185300
49.94699404376393 50.36108477883203 49.513188105080715 50.341365814208984 206000
50.54840779407828 50.617422287697224 49.582201122405216 49.907554626464844 237200
49.824741869857256 50.370945565324575 49.77939163326415 50.26249313354492 168600
50.11460611641753 50.34037943538929 49.91248953868069 50.085025787353516 314400
50.38080343717143 51.27799570349887 50.25263579984479 51.10053253173828 149600
51.35687094930596 51.790676912515245 50.71601772635283 51.770957946777344 167500
51.889268826058995 52.43152718985849 51.75123983465635 52.31321716308594 141200
51.948425109547834 52.678011801077666 51.74138160988694 52.421669006347656 187900
52.21462265545752 52.47786688580152 51.84983121011647 51.92870330810547 155700
52.204770909692954 52.549843428993505 51.900117947503276 52.44139099121094 259700
52.3920892051755 52.3920892051755 52.03715536422535 52.12588882446289 142800
51.63292782346463 52.40195242646676 51.63292782346463 52.36251449584961 74700
52.65829043881117 53.111815349145395 52.53011904727916 52.668148040771484 90800
52.569560193516246 52.569560193516246 51.85378015175281 52.02730178833008 139400
52.885055942422326 53.35829984496428 52.885055942422326 53.249847412109375 172700
53.68365558048137 54.23577157020086 53.604779718516816 53.663936614990234 134000
53.91041513266599 54.62028280800427 53.831539274958224 54.58084487915039 91800
54.127325327542366 54.787893776566285 54.04844946204253 54.728736877441406 131100
54.66957818977024 55.241413112563535 54.561125766221195 55.0540885925293 237200
54.55126846696303 54.5907026349203 53.93111963336207 54.294925689697266 108300
54.31464529222093 54.88648022490182 54.22591183151087 54.748451232910156 109500
54.324506039371755 54.34915568694371 53.75464184186573 53.9202766418457 82200
53.25970431540631 53.25970431540631 52.720402109760016 52.79631805419922 97800
52.924494064246 53.42731453718398 52.75688473259452 52.77660369873047 129000
52.7963199053305 53.20054928746885 52.539980880977794 53.03294372558594 82400
53.249844283309955 53.89069747924805 53.249844283309955 53.89069747924805 106800
53.82168157151803 53.91041503076759 52.137720374920754 52.23434066772461 183700
51.70194609034234 52.234346909458885 51.6970191694121 51.800540924072266 96800
51.85968897131922 51.85968897131922 50.82446776535526 51.080810546875 141000
51.13996646257238 51.19912336022029 50.58785046189125 50.63714599609375 113300
50.173761273785885 50.18362263754054 49.52305042328573 50.03573226928711 221700
50.68643758368852 50.76531344107755 49.49346844823869 49.70051193237305 125300
49.94699838166416 49.994323148668045 49.05966370160167 49.296287536621094 140300
49.14839362577738 50.20333380211426 49.14839362577738 50.13431930541992 244000
49.80896442513082 50.48925177152286 49.55262164926746 50.44981384277344 164600
50.932921397925995 51.49391336067891 50.87376450209507 51.42588424682617 102900
51.77096216258163 52.14561502009404 51.66744040478382 51.948429107666016 100800
50.77517191120539 50.992076761727255 49.85826073891852 50.05544662475586 181000
50.15404330894969 50.29207231620515 49.66601110157979 50.1047477722168 116100
49.81882360266238 50.455731504181195 49.63149907668908 49.84840393066406 120300
49.16811471175423 49.3248772927248 48.714589782195965 49.23712921142578 173600
48.72444352522835 49.927274014530404 48.72444352522835 49.89769744873047 268400
49.37870907502942 49.37870907502942 48.81127277125269 49.20669937133789 170400
49.566530906114835 49.95701360727168 48.62739562988281 48.62739562988281 188800
48.53842389695 48.53842389695 47.47077821151375 47.648719787597656 303500
46.93694998212919 46.98637735600623 45.918731750208075 46.47232437133789 429100
46.284502495595035 47.04569618079943 45.773417300236176 45.938507080078125 326900
46.42290438435902 46.8282149483515 45.580651542171566 45.958282470703125 549200
46.25484898417988 47.56963539563849 46.075919379357615 47.29283905029297 413300
46.67004194649435 46.67004194649435 45.79022178863063 46.40312957763672 833500
46.23507860585055 47.10995494884065 45.978050188304124 45.987937927246094 483100
46.571188144170044 47.6487216089476 46.373474855289636 47.38180923461914 667000
48.21219731113981 49.20075988769531 48.21219731113981 49.20075988769531 326700
48.498886665178674 49.17110959240756 48.21714645090387 48.97339630126953 337200
48.65705849737553 49.2007672415336 48.52854428731607 48.68671417236328 200500
48.30117207273908 48.30117207273908 47.24341033037567 47.49055099487305 156800
47.599294011719444 47.75746388788666 47.139612219879226 47.41146469116211 127200
47.17421189182507 48.034260360151336 46.821292785619455 47.391693115234375 227900
47.42134990464564 47.54986032958004 46.99626767800512 47.223636627197266 201700
46.25484876013753 48.68572403127696 45.96816467752262 48.439571380615234 190100
48.775682989647215 48.98426826792516 47.27504329642455 47.3027229309082 292500
48.24185679789858 48.746025863622 48.17760158292362 48.62739562988281 250800
49.57641472268515 49.89967435336491 48.83993288798309 49.20075988769531 196400
48.83499726253665 49.05247848497008 48.113343197023745 48.53842544555664 164000
48.64717278819324 49.083130838255144 47.64872605424656 47.846439361572266 164500
47.87609196945545 48.97339717227337 47.72780605569778 48.84488296508789 269700
49.0524773224446 49.33916139416175 48.70648190559095 49.269962310791016 168700
49.27984690009538 50.411751593902444 49.27984690009538 50.29806900024414 171400
50.4166981942222 51.2174353466559 50.248644343687175 50.456241607666016 176000
50.782465516515856 51.20754778483817 50.36727098712242 50.42658233642578 140700
50.564984194163976 51.55354690551758 50.4068143111901 51.55354690551758 112800
51.26686264074824 51.78684759055456 51.187775813995096 51.57331466674805 112200
52.10714186927151 52.10714186927151 51.48435004928888 51.78091812133789 163300
51.632627255063106 52.05573346109749 50.22887008863358 50.268409729003906 153400
49.695046722206165 50.40681306350448 49.304564008358746 50.070701599121094 381800
50.89120877984004 51.13340559227699 50.053896028633325 50.871437072753906 145600
51.12846171241549 51.474457133164655 50.817062062674 51.42502975463867 477800
51.55354373888519 52.0181656203565 50.89120480200679 51.45468521118164 213100
50.99995158208169 51.2332524475704 50.154730897302 50.27830123901367 170300
52.07748197320361 53.016617267810815 52.02805459371214 52.94642639160156 188000
53.15500954031684 53.72837386671406 53.06603875867816 53.25386428833008 183200
53.05615410851452 53.60975053437577 52.739814371184416 52.799129486083984 104300
53.639412495327036 54.05461080617032 53.24992155212818 53.56032943725586 181100
53.18467236704279 53.22025993027355 52.63107966997011 52.76947784423828 256600
51.978626859449896 52.522335572279715 51.78091357176615 52.4432487487793 281100
52.90787150406135 53.195543586487304 52.49761711458098 52.86832809448242 574100
52.59153271274437 52.810993737456 52.37997961587693 52.72993087768555 161700
53.066045149398505 53.471355698771205 52.90391942122248 53.43181228637695 155500
53.293410052389916 53.696744531723596 53.174783595315446 53.471351623535156 135700
53.46147410473023 53.8272412579476 53.323072155205715 53.63941192626953 34100
53.19455726138904 53.31318372283749 52.474883022609646 52.62118911743164 219800
52.69039088802793 53.016618387482495 52.670619181600316 52.789249420166016 193800
52.82878801461901 54.05460739135742 52.235651917819105 54.05460739135742 156300
54.23254648739428 54.40060032438894 53.69872176211628 53.85689163208008 233600
53.164899134030186 54.311631679269595 53.164899134030186 54.104034423828125 369300
53.76792128153651 53.76792128153651 52.42347549038355 52.670616149902344 217500
52.551993297857685 52.744762723834 51.68304508038845 52.14668273925781 797700
51.939083446047064 52.369105792848174 51.81056924339663 51.88965606689453 530700
52.176334726224006 52.551989583837994 51.879766689609674 52.12690734863281 215200
51.91930999378915 52.126907241887345 51.54365513694443 51.58319854736328 163900
51.622742021071566 52.21587809381279 51.405257034568436 52.13679504394531 147100
53.609753352668434 53.763971151087766 52.11702537436021 52.393821716308594 158600
52.38393984234867 52.77936266506828 51.74137257021151 52.08736801147461 391000
51.40525786516408 51.40525786516408 50.645052190788654 50.891204833984375 289400
50.288179625987304 50.62429106898335 50.05092670802959 50.53532028198242 559300
50.515552098399574 50.59463892394336 49.764246111070634 50.021270751953125 809600
49.820880317067086 50.4954763544277 49.80103881192352 50.306983947753906 712300
50.69388082796951 51.318874957562315 50.67404310838364 51.18990707397461 204400
50.77324607848797 50.77324607848797 49.680003068045494 50.545074462890625 979700
50.445870172824335 50.92205872253915 50.2276211872835 50.91213607788086 229100
50.89229455160433 51.06094545130346 50.495475806181865 50.85261154174805 329700
50.89229696985727 51.01134222070268 49.86056137084961 49.86056137084961 1374500
50.24746209688244 51.130388242003264 50.21968474717652 51.04110336303711 1018100
50.57483741416047 50.89229392031261 50.40619030093343 50.74348831176758 566200
51.170073090007016 51.44784659704686 50.19785824660714 50.59468078613281 219200
50.991498964120744 51.49843557110784 50.85260843810056 51.14030456542969 172200
50.9319769214253 51.00439481834187 50.36650728340967 50.803009033203125 199000
51.30896132919197 52.21073752994918 51.17999343245479 52.12244415283203 162900
52.4696591011169 52.76529109594179 52.082759209631895 52.09267807006836 173700
52.06291467926503 52.777193689352764 51.95378829890385 52.737510681152344 139700
52.90616674175424 53.283144003341974 52.87640259050655 53.25338363647461 291500
53.550995579543034 54.01726148368702 53.11449382493554 53.95773696899414 178200
53.47163214450953 54.33967809630754 53.47163214450953 54.27519226074219 191800
54.324795361270304 54.44086608353933 53.93492095386266 54.0767822265625 163800
54.20574673997537 54.57479189628643 53.193852759268786 53.23353576660156 154100
52.9359232291004 52.97560623826885 52.34068944471375 52.77719497680664 572300
53.00536551343197 53.6303596496582 52.61548733590695 53.6303596496582 150400
53.69980376914226 54.4438431563977 53.65020190020123 54.27519226074219 201000
54.06686338770005 54.32479538277101 53.88829362788935 54.13630676269531 85700
53.7791660025719 54.28511490515841 53.40218877111609 54.27519226074219 111500
54.642255778568405 54.72161801397624 54.028171985942436 54.67201614379883 115900
54.51328854503696 54.98947331635842 54.42896498628194 54.78114318847656 168700
54.354560193515944 54.87836381949772 54.17599043153305 54.24543380737305 243400
54.36447862819558 55.56486129760742 54.36447862819558 55.56486129760742 157900
55.376370949336376 56.82377520188675 55.24740306307487 56.36842346191406 471800
56.73548453997361 57.51920697056892 56.58667892661235 57.34063720703125 145900
56.735481342660535 57.585672578960626 56.735481342660535 57.092620849609375 415300
56.64620142061384 56.735486305160556 56.13033740365537 56.29898452758789 230200
56.20969469348524 56.93687087390834 55.810889163252156 56.854530334472656 129700
56.43786680350134 56.71167426562104 55.95176319186276 56.130332946777344 252700
56.546994339371565 56.60651885368458 55.287087169263465 55.45573806762695 247900
55.22756264649711 55.63033800296467 55.15811927199927 55.5152587890625 128200
55.59462430731815 56.23945617675781 55.39323852308856 56.23945617675781 351100
55.95176226046759 56.44282718611823 55.614464260619286 56.2344970703125 120500
55.89224191730825 56.67596435546875 55.66307877282889 56.67596435546875 419500
56.03112292443484 56.79500377872847 55.91207768793111 56.289058685302734 118200
56.07080592679243 56.408103917175175 55.82279280987512 56.34857940673828 170100
55.72358554818142 55.78608836583588 54.69185385319971 54.79105758666992 129600
54.910109208234296 55.25732988451189 54.63233569471645 54.92995071411133 107500
55.34661100039467 55.54502226127549 54.662092339574826 55.287086486816406 91200
54.52320489900626 55.0281622894815 54.38431815346965 54.9993896484375 143800
55.39621414567228 55.723589516944294 54.969631249484415 55.207725524902344 113400
55.13828210724656 55.61446687333608 55.08867645263672 55.08867645263672 116000
55.00931299221128 55.43589587857203 54.870426244908714 55.287086486816406 206400
54.840667169306435 55.53411324678154 54.65217853544136 55.38629913330078 523700
55.624385277801956 56.10553136228561 55.27716840465916 56.050968170166016 413100
56.03112907830509 56.041051723325104 54.93987275767912 55.17796325683594 105500
55.14820089698583 55.24740463731835 54.461699206618825 54.55297088623047 163300
54.662092838276564 54.890268250218256 54.2156722276969 54.562889099121094 134500
54.632332858434665 54.78114225259669 53.21369742910909 53.24345779418945 187100
53.02520728907271 53.02520728907271 51.3684776334726 51.89426803588867 150000
50.92205675397236 51.61649047800217 50.18793623722375 50.64427947998047 115100
52.05299750482414 52.322835157440124 51.03614214694846 51.576812744140625 434300
50.33674878450727 50.59468078613281 49.76135648063306 50.59468078613281 278200
49.96968486363205 51.68593528596538 49.70183022647527 51.33871841430664 459800
51.01133772897777 51.01133772897777 49.86551830258088 50.049049377441406 431900
50.40619091389554 51.229592554121815 50.40619091389554 50.73356628417969 449500
51.67095893103192 51.99899877731427 51.452265700177016 51.77036666870117 199600
51.80019018988346 51.904565476661176 50.408512115478516 50.408512115478516 149200
50.75643325402661 51.253460593322544 49.672913502680785 50.05065155029297 176000
49.60332722774729 50.54767608642578 49.33493202436945 50.54767608642578 264300
51.01488756012763 51.33298476487838 50.686851476736216 51.09441375732422 229300
50.95523973761181 51.29321847060492 50.81607269320599 51.114288330078125 174700
51.63119441319692 51.63119441319692 51.19381175555725 51.61131286621094 308600
51.919473041712685 52.088464301221144 51.36280108194379 51.551673889160156 474100
51.9492979147402 52.4165048458307 51.85188097704366 52.38668441772461 176000
52.55567030253032 52.71969023616494 51.871760950084905 52.39662170410156 150900
52.49602739182286 52.49602739182286 51.10434936607103 51.402565002441406 177400
51.20375302856737 51.223634576483505 50.64708485498585 51.04470443725586 193000
51.054645820184874 51.13516551841275 50.70672442844965 51.00494384765625 174300
50.85583589814049 51.64113998413086 50.726607731479625 51.64113998413086 252500
51.830009937091305 52.253479714483504 51.72165682518339 52.018882751464844 194200
52.47614442727918 52.47614442727918 51.6192698281372 51.65107727050781 175200
51.869772835506595 52.34691862069885 51.71271125767574 52.187870025634766 356200
52.34692124347046 52.538774592583586 51.501976250860984 51.859832763671875 149800
51.959234481677484 52.28528351126055 51.81509610940061 52.257450103759766 134000
52.406562521808084 52.407556030410596 51.79223671589213 52.048702239990234 197800
51.87971171369039 52.28031562320927 51.720663118626305 52.187870025634766 153700
51.80019200910009 52.19781162145322 51.72066581141877 51.979122161865234 161900
52.12822481521698 52.12822481521698 51.51191199002895 51.87971115112305 157000
51.89959150188675 52.23061187683955 51.69084093894828 51.95923614501953 120400
51.50197444548095 51.50197444548095 50.67989155706977 50.6967887878418 162200
50.51785856992504 50.686849837493604 50.00790803334654 50.16994094848633 191300
50.37868854278534 50.91547894871186 50.09041179234139 50.83595275878906 183600
50.826017133863246 51.44232997713841 50.810109619650156 51.342926025390625 117200
51.27334250076364 51.868780286650704 51.163995878630466 51.342926025390625 165600
51.12423232735363 51.12423232735363 49.67291340941865 50.33892822265625 226200
50.53774151491018 51.26340099683023 50.259407410069 50.3289909362793 213700
49.98106700589342 50.03176628103028 49.11624051493709 49.55362319946289 183300
50.37868715105881 50.827999494061345 50.27928320841883 50.676902770996094 727900
50.99500463755797 50.99500463755797 50.30214991682194 50.527801513671875 194000
50.259407696286765 50.4979787040756 49.95124936987358 50.27928924560547 278200
50.87571707252907 50.88565595049879 49.84885768305537 50.34886932373047 413400
50.08047131925425 50.199756808321055 49.72261106003652 50.03076934814453 351100
50.31904481791458 50.3786894614443 49.69080231573477 49.99100875854492 275100
50.159996688208146 50.76637063093885 50.110294714152 50.587440490722656 136400
50.35880659431345 50.35880659431345 49.8816608346284 49.95124435424805 335300
50.28922395408281 51.1043484484674 50.02082874856337 51.02482604980469 170900
50.93536226273772 51.50793795718064 50.719649550700375 51.47214889526367 202900
51.77036766413325 51.77036766413325 50.828002011399846 51.04470443725586 369400
51.114287054424494 51.710722105301166 50.94529958815412 51.48208999633789 176000
51.4224474034264 52.00396847279712 51.25345993041992 51.25345993041992 172100
51.09441217749469 51.09441217749469 50.488038214681985 50.6967887878418 325500
50.64708541879604 50.77134225064194 50.110294995137494 50.53773880004883 519300
50.57750133328816 51.1391408418531 50.56755866332133 51.04470443725586 150000
51.20375509127606 51.36280368899473 50.61726267618513 50.81607437133789 144800
50.587440401060206 50.870745823897444 49.74249546755055 50.06059265136719 168300
50.110295361850156 50.75543510835531 49.85184281820702 50.607322692871094 215900
51.24351824204192 52.575551671328775 51.20375514456645 52.56561279296875 203600
52.25745131121942 52.32206349669134 51.43735548753099 51.77036666870117 265900
51.76042475810732 53.27138826468452 51.651078141076056 53.13222122192383 300500
53.39067523330223 54.3648483515336 53.39067523330223 54.22568130493164 389500
54.31514620503392 54.31514620503392 53.589486755746194 53.98711013793945 245000
54.02686850182297 54.02686850182297 53.48013920484016 53.60936737060547 126400
53.6888921840762 54.046752479503404 53.400619205664476 53.85788345336914 161700
54.056690773556085 54.67300357021914 54.056690773556085 54.364845275878906 122700
54.52389827606711 54.71277109421908 53.50400098452083 53.85788345336914 306000
53.71871703430159 54.35391792854002 53.659072387023954 54.28532791137695 156500
54.64318672568512 54.64318672568512 53.728654452375864 54.00699234008789 323800
53.79823713084039 53.80817980096902 53.40061754209969 53.74853515625 163700
53.481325391035156 53.96289831900958 53.321798843694914 53.62091064453125 126100
53.44144217378698 53.56108993544234 53.06555848795585 53.2619743347168 198200
52.67372290367665 53.04262732421933 52.41448989206396 52.49425506591797 214100
52.54410688407524 53.290891786347736 52.54410688407524 52.7734260559082 205500
52.86315950692961 53.75052614762843 52.72357425604389 53.590999603271484 338900
53.53117686793078 53.73058600349569 53.242037614945225 53.70067596435547 253000
53.85023126258953 54.5182513123358 53.74055984862531 54.45842742919922 201400
54.91706798648156 54.946978025468326 54.53320473689124 54.63789367675781 153400
54.63789409755747 55.026739821031725 54.5880427643913 54.8771858215332 65400
54.687746129461544 54.687746129461544 54.12441883100166 54.179256439208984 169200
53.6508260268443 53.6508260268443 52.89307205267009 53.40156555175781 131000
53.4115343758825 54.45543812947318 53.4115343758825 54.00975799560547 129800
53.9299968499132 54.83531184384518 53.9299968499132 54.69771957397461 114700
54.82733610304724 55.283981478714026 54.82733610304724 55.26603317260742 152700
56.023782287306986 56.08360616978342 55.61499526558375 55.76455307006836 187400
56.02378196829542 56.19328106597367 55.7645527525329 56.13345718383789 178100
56.123488552851676 56.123488552851676 55.303917720597504 55.6449089050293 166400
55.61499309540557 56.29098886838299 55.55517301867636 56.15339660644531 146600
56.093575826769055 56.93109117798534 56.093575826769055 56.8513298034668 322700
57.00088134041263 57.21524549256141 56.821417304658475 57.08064651489258 182300
57.18034949180649 57.18034949180649 56.43256809233171 56.71174240112305 856500
57.07067866617117 57.07067866617117 56.400665642984926 56.50236129760742 288600
56.4425416379915 56.92112128570019 56.4425416379915 56.74165344238281 283800
56.641950846963454 57.025810299124984 56.59209570999111 56.78153610229492 180200
56.761593423798516 57.250141805543166 56.62200817187148 57.08064651489258 190900
57.43958207617541 57.43958207617541 56.30295496604246 56.472450256347656 141200
57.040764796280754 57.20826710114397 56.78153558209907 57.03079605102539 145500
57.21026564501085 57.51934620176093 57.21026564501085 57.49940490722656 125600
57.250144099306674 57.33987802248543 56.8443503582908 57.29999923706055 138500
56.751620243468686 56.93108808063769 56.49239103612057 56.721710205078125 139100
56.51233493052919 56.841356778207235 56.153399239670975 56.57215881347656 246200
56.6918027759583 57.12152758941913 56.38271841918306 56.57215881347656 190400
56.711742606767906 56.85132785996329 56.39368600695289 56.83138656616211 155000
56.24313108530442 56.472450256347656 55.74959643030729 56.472450256347656 140100
56.42260017013191 56.42260017013191 55.924079229877485 56.09357452392578 179900
56.32289817333165 56.7815365310015 55.65487812767079 55.92407989501953 135800
55.70472852399952 56.13146384640602 55.6997460530789 55.93404769897461 133300
55.70473032903572 55.874229431152344 55.30591584792628 55.874229431152344 153600
55.51529162431057 55.51529162431057 55.11348387242109 55.206207275390625 142200
55.106503634662666 55.430542997352326 54.58903790920265 54.647865295410156 183500
54.77747984574465 54.90709635587586 54.044657254426504 54.05961227416992 150600
53.68073576575822 54.45344475555872 53.5212092147339 54.338783264160156 180600
54.37866370004066 54.51824895123445 53.900084065913596 54.199195861816406 171200
54.35872212462871 54.54815870692177 53.881138987142165 54.039669036865234 153600
54.04964047353371 54.56810271782195 53.953923781755414 54.49831008911133 191100
54.34875233420307 54.76751191027606 53.920027816037724 53.969879150390625 189800
54.11943155549032 54.388633317143004 53.471356621211996 54.14934539794922 156400
54.33878073372066 54.877184244635316 54.31883944034462 54.52821731567383 151800
54.53819204887828 55.25605962210958 54.31884161636743 55.236122131347656 266800
55.1065068902372 55.640920654829884 55.05665555535818 55.425559997558594 211800
55.50531942651611 55.794462483454566 55.38567546631889 55.405616760253906 243400
55.83434718315749 56.17932435479698 55.78449584814085 56.073638916015625 167000
55.75457869387232 55.75457869387232 54.717658055490915 54.72762680053711 202800
54.76751273399698 55.08955532542249 54.190226894886585 54.44845962524414 245500
54.16928626758543 54.2739752068395 53.72559913920453 53.91005325317383 156300
53.9997899208344 54.054627530388345 53.69369884428549 53.84026336669922 190600
54.179255886487276 54.28992759597112 53.80636167584684 53.86020278930664 123500
53.770470807359885 54.169289094926384 53.770470807359885 53.88014602661133 139200
53.94993622648122 53.9599049716855 53.39159140971896 53.581031799316406 2145600
53.98981918708809 54.40259218146383 53.984832912745055 54.348751068115234 182000
54.18922644426856 54.18922644426856 53.600971563526265 53.80038070678711 162100
53.85022881157171 53.87017010504293 53.590999603271484 53.590999603271484 164100
53.619998931884766 53.81999969482422 53.255001068115234 53.40999984741211 528500
53.59000015258789 53.96200180053711 53.02000045776367 53.029998779296875 210900
52.63999938964844 52.70000076293945 52.34000015258789 52.36000061035156 868800
52.4900016784668 52.630001068115234 52.20000076293945 52.220001220703125 293300
51.95000076293945 52.61800003051758 51.95000076293945 52.5099983215332 351700
52.18000030517578 52.55699920654297 51.77000045776367 51.84000015258789 244300
52.15999984741211 52.4900016784668 51.84000015258789 52.2599983215332 261700
52.2599983215332 53.02899932861328 52.2599983215332 52.790000915527344 835600
53.16999816894531 53.16999816894531 52.39099884033203 52.4900016784668 220800
52.40999984741211 52.46500015258789 51.58700180053711 51.83000183105469 313900
51.52000045776367 51.64699935913086 50.84000015258789 51.09000015258789 897700
51.0099983215332 51.27899932861328 50.560001373291016 51.16999816894531 729700
51.040000915527344 51.33000183105469 50.79999923706055 51.18000030517578 281500
50.83000183105469 51.85499954223633 50.7400016784668 51.56999969482422 272100
51.33000183105469 52.04399871826172 51.25 51.900001525878906 173900
52.060001373291016 52.72999954223633 52.060001373291016 52.40999984741211 279000
52.4900016784668 52.779998779296875 52.06999969482422 52.439998626708984 218600
52.52000045776367 52.52000045776367 51.119998931884766 51.45000076293945 289600
51.630001068115234 51.63999938964844 50.79999923706055 50.939998626708984 312600
51.34000015258789 51.880001068115234 51.25 51.79999923706055 299600
51.540000915527344 52.790000915527344 51.540000915527344 52.41999816894531 284300
52.0 52.0 51.25 51.33000183105469 255400
51.220001220703125 51.5099983215332 50.459999084472656 50.59000015258789 268000
50.529998779296875 50.630001068115234 49.91999816894531 49.9900016784668 450100
49.66999816894531 50.11000061035156 49.54199981689453 49.967498779296875 71930
