23.372328636649712 23.597703442268667 23.372328636649712 23.529151916503906 877500
23.8052355689878 23.853126525878906 23.532906574689367 23.853126525878906 73700
24.0400022841669 24.0400022841669 23.696304321289062 23.696304321289062 48300
23.551687846716362 23.683156025893435 23.363874626932304 23.65592384338379 31400
23.701937308766656 23.898201027567954 23.701937308766656 23.842796325683594 65800
23.716023353180518 24.218423453419252 23.608031377410203 24.203397750854492 544800
23.617424736477286 23.617424736477286 23.22301836106412 23.391111373901367 54400
23.157281965976548 23.306593281569715 23.07276619455097 23.211748123168945 27300
22.791049030166153 22.88495564549886 22.556283387394238 22.59760093688965 194100
22.706533391777395 22.75348580416573 22.42950985999888 22.578821182250977 224700
22.556282785639063 22.74315567347077 22.493364334106445 22.493364334106445 638700
22.208827802448372 22.273623344315755 22.002234696919587 22.26517105102539 270200
22.424811868288018 22.650188446044922 22.424811868288018 22.650188446044922 74600
22.55628266182872 22.734703254989945 22.528110140799217 22.659578323364258 39500
23.053985488266683 23.053985488266683 22.875564888712155 23.018301010131836 42900
22.922518588665092 22.969471003581265 22.57506641959783 22.60323715209961 174700
22.73470375805056 22.931907827381398 22.697142186966403 22.875564575195312 64200
23.119721314794738 23.166673726955104 22.819219787161384 23.07464599609375 59800
23.157284506889436 23.373268483733618 23.157284506889436 23.260581970214844 45100
23.091549828145137 23.091549828145137 22.795744603137106 22.973228454589844 58500
22.941299224396715 23.0915490946172 22.88495597084397 23.035205841064453 521800
23.044594980711533 23.33570385888435 23.044594980711533 23.326313018798828 137300
23.457781782361106 23.504735983958895 23.420220212202523 23.467172622680664 63300
23.983656746419324 23.983656746419324 23.608030319213867 23.608030319213867 75100
23.83340774840084 23.83340774840084 23.47656475225919 23.546995162963867 35800
23.673768535140184 23.88036346435547 23.5704728616524 23.88036346435547 463900
23.692547052525885 23.720719573051177 23.495344782207702 23.59864044189453 89800
23.917920867874685 23.917920867874685 23.55168707158087 23.608030319213867 54700
23.490650170942214 23.67376708984375 23.490650170942214 23.67376708984375 19200
23.692548350457308 23.692548350457308 23.46717354726729 23.495346069335938 40900
23.42022154963351 23.439001440225418 23.129110856462045 23.143198013305664 56200
23.03520433122618 23.03520433122618 22.82860942987444 22.866172790527344 46200
22.387251476958635 22.424813047814098 22.133704156985438 22.161876678466797 63600
22.30273626287741 22.434204450847638 22.227611328163032 22.321517944335938 61500
22.462375228287364 22.791047463803295 22.36846861940859 22.650188446044922 32100
22.021015167236328 22.124310818767054 21.89518006816936 22.021015167236328 62100
22.086749252152103 22.10553093101932 21.937437950060854 22.021015167236328 48900
22.14309768678905 22.283956729064016 22.105536111371684 22.208831787109375 203600
22.14273277633801 22.14273277633801 21.689489983816994 21.80280113220215 74700
21.812243499157617 21.83112899039708 21.613949443182406 21.72726058959961 187100
22.001093047908938 22.09551870325584 21.878340956671664 22.09268569946289 52900
22.256041023855474 22.289089731955528 22.059636243706862 22.1616153717041 95500
22.53931822774863 22.53931822774863 22.189943851258935 22.199386596679688 87000
22.18994400906609 22.2088295000419 21.9727662659029 22.133289337158203 89000
21.88778327292911 22.095518269801442 21.812243110337395 22.029420852661133 57200
21.75558714772072 21.878339229266096 21.642276010047006 21.868896484375 125400
21.49119621667117 21.566736376618262 21.311787661414527 21.500638961791992 69000
21.330673755466375 21.390161430493944 21.24569084799284 21.340116500854492 62500
21.689489607120684 21.765029771058963 21.689489607120684 21.72726058959961 40800
21.689488913880336 21.831128292629646 21.64983046415677 21.78391456604004 81600
21.51008337230552 21.51008337230552 21.35900304071412 21.379776000976562 23800
21.283462524414062 21.39677187073178 21.24569154162843 21.283462524414062 93100
21.03795605886822 21.311788473731475 21.000185076945264 21.20792007446289 34500
20.91520103289887 21.018125692336223 20.783006205386073 20.981298446655273 55900
20.915201811895297 21.028512954711914 20.81133521541787 21.028512954711914 46900
21.406213534500143 21.43454177015758 21.204142749053318 21.264575958251953 53000
21.53840836751533 21.65171950913603 21.51008193287478 21.642276763916016 95300
21.65171996106871 21.65171996106871 21.458148182566728 21.5478515625 95700
21.585623300767175 21.698932647705078 21.498751120496493 21.698932647705078 74600
21.6422772156516 21.68004639630052 21.50063963643397 21.5478515625 75000
21.623392482739945 21.71781813920126 21.623392482739945 21.698932647705078 26000
21.736703113813263 21.746145859336814 21.573347038193017 21.585622787475586 89000
21.68004585856887 21.934994575448815 21.65738543135329 21.916109085083008 331000
21.916109173170145 22.04830580524265 21.76502885167542 22.019977569580078 468600
21.963324106529587 22.081355726748885 21.90666943310981 22.07663345336914 48500
21.982209621970892 22.081355750818474 21.878341219738417 21.972766876220703 34300
21.78391348958054 21.96332203971649 21.708373331789524 21.76502799987793 66900
21.765029854505137 21.859455510044903 21.68948969027724 21.83112907409668 69400
21.859453125374024 21.92555053673535 21.812241203264332 21.892501831054688 34300
21.840570236737666 21.972766876220703 21.821686546256885 21.972766876220703 42200
22.133289337158203 22.180501263578183 22.09551835520658 22.133289337158203 56300
22.189944844070993 22.189944844070993 22.08607644081502 22.114404678344727 52800
22.492105105785107 22.492105105785107 22.306086798132572 22.41656494140625 81900
22.55820360518233 22.633743773180083 22.416566015314004 22.43545150756836 59100
22.539318442820175 22.728167949978626 22.52987569730932 22.718725204467773 56200
22.58653001050142 22.58653001050142 22.48266161255182 22.539318084716797 73400
22.577088611608545 22.661127789618252 22.567645865684565 22.633743286132812 101700
22.520432593995135 22.643184681646876 22.501547103273477 22.539318084716797 66800
22.482662360110304 22.482662360110304 22.357077264572602 22.41656494140625 54300
22.274928591167658 22.27964906375653 22.199388422607896 22.232437133789062 57200
22.07663345336914 22.114404436328723 22.0530274895292 22.07663345336914 78000
22.152171105956587 22.31269416329045 22.152171105956587 22.237154006958008 62900
22.104960253145446 22.33158073310745 22.104960253145446 22.256040573120117 109300
22.49210532418441 22.558202743530273 22.384460183669894 22.558202743530273 111300
22.65262850384388 22.65262850384388 22.260764458348813 22.28437042236328 265700
22.208827726371634 22.275868872656226 22.171056747436523 22.171056747436523 34500
22.284369438128227 22.284369438128227 21.934995062678276 21.99165153503418 97900
22.20882927600655 22.20882927600655 21.99165153503418 21.99165153503418 122300
21.916108791807908 21.95387977203408 21.78391396305522 21.94443702697754 71000
21.934994750519976 22.001092166308364 21.727259757896544 21.746145248413086 99100
21.831130125644197 21.831130125644197 21.65172155157897 21.6800479888916 45200
21.61394859736481 21.85473409869638 21.585622162633687 21.850011825561523 114200
21.642276851591618 21.746145248413086 21.613948615816806 21.746145248413086 491600
22.06719344804617 22.06719344804617 22.010536971194938 22.057750701904297 46100
22.2371553267193 22.336303251118252 22.2277143825094 22.293811798095703 85600
22.010535915471557 22.010535915471557 21.661163330078125 21.661163330078125 73900
21.812243182249432 21.868897854125116 21.760308982605245 21.859455108642578 51000
21.802801887311897 21.850013816846065 21.661164297689737 21.6800479888916 62900
21.44398209284813 21.566735976119762 21.425098403976637 21.52896499633789 62100
21.359003201871953 21.538409971353133 21.34011771002563 21.533689498901367 96200
21.353816504330766 21.427881218114194 21.3134175695398 21.368244171142578 121000
21.324960372873008 21.4307681603636 21.142201967565835 21.156631469726562 124500
21.132581359651063 21.132581359651063 21.01715635872334 21.084487915039062 97700
20.757447012418464 20.757447012418464 20.45637772434369 20.555452346801758 130200
20.286125601169825 20.286125601169825 20.026416584624602 20.09278678894043 214100
20.26688661841102 20.281314284939413 19.987941335860622 20.061044692993164 121500
19.81480091796969 20.122603351432588 19.81480091796969 20.093746185302734 261000
19.814804626674697 19.814804626674697 19.566637354662213 19.73785400390625 199300
19.718613451489386 19.920608123288556 19.718613451489386 19.75324058532715 164700
19.91099173106801 20.189937027736892 19.91099173106801 20.148576736450195 144800
20.536215466393525 20.747829200388008 20.526596410123677 20.69492530822754 213100
20.661258697509766 20.70935397692438 20.497738416794718 20.661258697509766 502200
20.56507120831356 20.66607038382585 20.56507120831356 20.621822357177734 38700
20.497739514404735 20.497739514404735 20.22841327385033 20.266887664794922 52500
20.218793690929395 20.247649024724556 20.08028148398209 20.10336685180664 75700
19.94946605948615 20.064892901135888 19.834041052483812 19.910991668701172 98200
19.862896232714498 19.959084960901333 19.862896232714498 19.913875579833984 57900
19.535856540517514 20.074512708847376 19.48391583581664 20.00621795654297 81500
20.064894609334043 20.064894609334043 19.718615889552247 19.73785400390625 93900
20.055274172275297 20.264965201152208 20.055274172275297 20.199556350708008 137400
20.406359738799967 20.406359738799967 20.084127794289415 20.194746017456055 60300
20.007177056426777 20.141842000652304 19.9879407798065 20.016796112060547 55400
20.257267291437504 20.391932237607325 20.155308602612532 20.188974380493164 46400
20.112985465373892 20.55545286518615 20.112985465373892 20.4775390625 116300
19.978323639696626 19.978323639696626 19.795565234426615 19.896562576293945 242400
19.88213460174676 20.06489300419446 19.88213460174676 20.026416778564453 201400
20.055273642066908 20.257268319603014 20.045654585806037 20.15627098083496 159200
20.10336631612031 20.238031263949722 20.060081481933594 20.060081481933594 80900
19.88213460174676 20.026416778564453 19.853277432524255 20.026416778564453 116700
19.660901777303458 19.766707728324246 19.63204460812647 19.728233337402344 143600
20.18031676677289 20.18031676677289 19.882133375126312 19.94561767578125 76500
20.026416903158502 20.132224689651885 19.78402328491211 19.78402328491211 103500
19.73785195703981 19.968703801405216 19.73785195703981 19.920608520507812 166600
20.593927140976625 20.690115865158532 20.478502139676188 20.661258697509766 133100
20.74782782638479 20.863254659331552 20.687229427080464 20.738208770751953 99800
20.8055418193587 20.969062107563026 20.738210259741756 20.872875213623047 172300
20.786306710373033 20.810353435210406 20.536216735839844 20.536216735839844 121500
21.036393798317903 21.228769405266846 20.959443188608876 21.22684669494629 39900
21.46924066844722 21.623141890578598 21.40479501327462 21.575048446655273 31100
21.738569675361855 21.738569675361855 21.54619222195926 21.603904724121094 86800
21.98385000880367 21.98385000880367 21.700094263464585 21.819368362426758 199900
21.555810393645096 21.555810393645096 21.392290115356445 21.392290115356445 65300
21.15182052403216 21.430767653676785 21.15182052403216 21.411529541015625 106600
21.37305313916539 21.37305313916539 21.22299916401301 21.29610252380371 84800
21.15182113647461 21.15182113647461 21.064290106373523 21.15182113647461 96400
21.180679118887028 21.32496130426387 21.180679118887028 21.305723190307617 257900
21.353817914040857 21.507719152351452 21.353817914040857 21.50290870666504 85800
21.613522537909173 21.64237970465506 21.55581003906466 21.584667205810547 35400
21.594287098313398 21.661618655349415 21.483668872157274 21.498098373413086 40700
21.902089828826412 21.96942138671875 21.873232660595114 21.96942138671875 151400
22.34455626476801 22.49364888775886 22.156027895377257 22.421506881713867 178600
22.488838092236314 22.527314317434183 22.31570058278809 22.3734130859375 72900
22.229130615639193 22.42631668054205 22.20989250329565 22.383031845092773 167400
22.383031912311683 22.383031912311683 22.16179912363869 22.200273513793945 252600
22.181035646594594 22.24836720609614 22.091580074122227 22.13294219970703 310900
22.075230786394137 22.075230786394137 21.950184882876965 21.979042053222656 573400
22.22913141261866 22.22913141261866 22.08965784509851 22.118515014648438 169000
22.229131824627796 22.257987160065106 22.10408592224121 22.10408592224121 980700
22.190654702901586 22.190654702901586 21.95018379916898 22.13294219970703 425700
22.613885093752092 22.613885093752092 22.190655769145582 22.219512939453125 132900
22.219510607778364 22.238748719297913 22.05599032915679 22.171415328979492 109700
22.132941736637132 22.132941736637132 21.75011137607705 21.786663055419922 125700
21.873233149065168 21.911709374232807 21.80590158966919 21.834758758544922 192300
22.046372493024762 22.046372493024762 21.78666347708537 21.834758758544922 86900
21.81533957279993 21.896893742829135 21.79980685605406 21.825048446655273 88100
21.844467192466396 21.970678854795914 21.78136043541242 21.96097183227539 90900
21.805633078411116 21.805633078411116 21.597869080925957 21.737672805786133 166300
21.757088206891122 21.78621482849121 21.660001320002507 21.78621482849121 130200
21.99009660550882 22.184270387949677 21.96097183438759 22.116310119628906 141800
22.02893137395416 22.06776501809059 21.815339849979495 21.83961296081543 159300
21.99980451623016 22.09980425053847 21.980386768480876 22.096891403198242 128500
22.087183967271553 22.111455227649124 21.858059713892615 21.951263427734375 198200
22.16485213669905 22.193978758938176 21.97067835866163 22.00951385498047 133900
22.271649369357597 22.456112433708427 22.17456247393276 22.4464054107666 296600
22.3104810864676 22.367762146117457 22.24737618391215 22.329898834228516 65200
22.611451142305455 22.839603202527716 22.481354451444425 22.825040817260742 81400
23.028921594169333 23.096883712827456 22.93183655678593 22.941543579101562 295700
22.951252455890607 23.02892159687348 22.84445854440065 23.01921272277832 82400
23.005621635686257 23.126009457388694 22.9852335547636 23.116300582885742 128600
23.164844954832827 23.22309635007064 22.97067116833549 23.1939697265625 116700
23.16484262011396 23.320180892944336 23.16484262011396 23.320180892944336 66700
23.22309543879202 23.252222061157227 23.14542629759653 23.252222061157227 47500
23.378433716159968 23.388142590279617 23.08717489968406 23.09688377380371 94900
23.135718330761513 23.310474368249167 23.135718330761513 23.271638870239258 98000
23.349306148458897 23.581343230722382 23.33959912651065 23.543479919433594 108400
23.621148601254937 23.815322368479414 23.601730854176836 23.708526611328125 127700
23.630859872399313 23.70076265790591 23.55319072798481 23.65998649597168 61900
23.533773417868478 23.689111709594727 23.441541885836802 23.689111709594727 63200
23.86386586328102 23.86386586328102 23.698818709903545 23.805614471435547 57300
23.74736191546776 23.78619741234155 23.659985751058564 23.732799530029297 75200
23.46581029225053 23.46581029225053 23.320180892944336 23.320180892944336 104500
23.300765492623587 23.426977157592773 23.25222297189201 23.426977157592773 77700
23.494938344837422 23.72794576828477 23.378433707224552 23.679401397705078 75200
23.601733195072004 23.601733195072004 23.397852385865214 23.426977157592773 103900
23.27163839743487 23.27163839743487 23.009506198307534 23.04833984375 87100
22.795914692336712 22.883292709401847 22.727954423903483 22.854167938232422 58000
22.747372146398224 23.01921321981879 22.747372146398224 22.970670700073242 91400
23.00950478160824 23.014358292572805 22.83474875843082 22.92212677001953 82100
23.164844482612303 23.164844482612303 22.9027104317181 22.970670700073242 43500
22.912418805889157 22.912418805889157 22.781351783302995 22.863874435424805 49300
22.980380541790392 23.033778426825464 22.88523616208787 22.990089416503906 68700
22.980379574378038 23.087175339952363 22.906593611084332 22.970670700073242 71700
22.757081486864628 22.88329315185547 22.742517249219883 22.88329315185547 69100
22.621157674068183 22.960960853229555 22.621157674068183 22.87358283996582 139000
22.776496915504005 22.815332412719727 22.674556512980377 22.815332412719727 68800
22.863875404003334 22.926982162391177 22.727954864501953 22.727954864501953 95500
22.669702971308052 22.71824549098416 22.562907205886503 22.621158599853516 65400
22.85416788154198 22.87358377834729 22.649314893073935 22.77649688720703 113500
22.34931715662674 22.363879541932672 22.25223026710425 22.302715301513672 64800
22.370675964097362 22.465820339764367 22.351258215493935 22.426986694335938 62900
22.31048105191493 22.349316547376617 22.213394165039062 22.213394165039062 32200
22.679412344338434 22.679412344338434 22.562907702063946 22.650285720825195 77800
22.611452568284697 22.757081985473633 22.56290819470271 22.757081985473633 222900
22.883291280955884 23.028920683047655 22.863873533536097 22.99979591369629 71600
22.9803781604859 23.01921180353737 22.918243590892214 22.92212677001953 74300
22.93183657532243 22.93183657532243 22.64057590760163 22.669702529907227 43100
22.71824574135105 22.83475038234745 22.684265606847614 22.752225875854492 69000
22.533780617637404 22.611451612084004 22.310482063938725 22.3211612701416 74400
22.184269420751594 22.378441342948445 22.174560546875 22.174560546875 86000
22.126018029270377 22.34931657309701 22.087182533763997 22.174560546875 44200
22.174562902518435 22.174562902518435 21.96097320987838 22.048349380493164 67800
21.698836785490446 21.747379302978516 21.543498507394613 21.747379302978516 89000
21.825050804571244 22.009515724195108 21.51825739435507 21.998836517333984 47200
22.14543391179434 22.14543391179434 21.912426494232633 21.941553115844727 204400
22.077475092164956 22.077475092164956 21.931845678125015 22.028932571411133 62700
22.17456148636885 22.21339513174219 22.087183469555807 22.15514373779297 99000
22.22310400718128 22.52407355478777 22.22310400718128 22.232812881469727 51600
22.514363738832984 22.640575395747085 22.342520559849586 22.407567977905273 114400
22.04834832449913 22.29106463023837 22.04834832449913 22.268735885620117 51700
22.184270361805932 22.232812881469727 22.126018967853692 22.232812881469727 81100
22.485238088367797 22.485238088367797 22.34931755170065 22.426986694335938 103600
22.475528717041016 22.532809777909513 22.42698619838434 22.475528717041016 33000
22.698826360910953 22.718244108310966 22.602711659304013 22.689119338989258 95500
22.76678833313026 22.776495354990693 22.639604495774627 22.69591522216797 74400
22.786204826702086 22.89300058775295 22.752224693963782 22.87358283996582 76000
22.825040322276344 22.902709461646513 22.791060189538044 22.87358283996582 75800
22.795915634848313 22.824071927062242 22.64057734292739 22.679412841796875 32700
22.67941184672592 22.78329291290909 22.592033829881846 22.698827743530273 38900
22.562907236152817 22.815332412719727 22.562907236152817 22.815332412719727 57200
23.05804874631133 23.11630014043563 23.019213249042842 23.087175369262695 60000
23.291056147065945 23.291056147065945 23.104650575021385 23.126008987426758 64100
23.426974805424404 23.426974805424404 23.323093747417786 23.397850036621094 25700
23.36872576348556 23.379404969904748 23.203678600500385 23.271638870239258 53400
23.397851474386947 23.417269222634538 23.281346836679816 23.407560348510742 321300
23.46581218505576 23.485229933670407 23.359016419453635 23.43668556213379 59200
23.271637957622303 23.310473454109243 23.22309543879202 23.252222061157227 43800
23.26192811409965 23.349306125775545 23.18425897614089 23.232803344726562 73600
23.056105233520146 23.058047749010925 22.90270947021249 23.028921127319336 31100
23.028921625968742 23.077465996505865 23.014359240696802 23.058048248291016 70700
22.834749187512564 22.84445806140245 22.703682167666653 22.718244552612305 27900
23.04834031544129 23.04834031544129 22.792031954228918 22.80562400817871 73100
22.96096042460348 23.096882804797694 22.931835655244825 23.077465057373047 79200
23.106590275244972 23.20367716247441 23.106590275244972 23.18425941467285 70400
23.135717418503916 23.25222205616131 23.08717489968406 23.09688377380371 32000
23.106591264268083 23.106591264268083 22.912419333276492 22.93183708190918 119400
22.931838022256084 23.062903201455136 22.91242027282715 22.91242027282715 58000
23.06775759437536 23.223095879715657 23.06775759437536 23.203678131103516 46500
23.29105711208685 23.463870637619387 23.281348237378932 23.456104278564453 48400
23.52406410514837 23.66775285562001 23.52406410514837 23.582317352294922 52500
23.43668415458414 23.494937396929533 23.43668415458414 23.465810775756836 39200
23.46581265560081 23.494939279106838 23.349308013355166 23.426977157592773 45000
23.203679098112804 23.29105711873049 23.10659220278443 23.22309684753418 106800
23.116299638546064 23.116299638546064 22.951252482295278 22.980379104614258 32100
23.22309588071975 23.32018277200624 23.164844486659227 23.281347274780273 65600
23.193967838364298 23.20367671207662 23.077465057373047 23.077465057373047 63400
23.106592205010926 23.18426135092541 23.02309921569228 23.145427703857422 110000
23.145426736038058 23.184260381482225 23.04833984475999 23.126008987426758 46400
23.203678130093525 23.203678130093525 23.106591238815458 23.126008987426758 59600
23.31532643892447 23.35804511374003 23.26192855834961 23.26192855834961 44500
23.106590262412062 23.155134631889 22.951251983642578 22.951251983642578 56700
22.951252477057416 22.951252477057416 22.825040817260742 22.825040817260742 33300
22.834749659470063 22.834749659470063 22.679411377578027 22.70853614807129 151400
22.902710679939865 23.066787509445867 22.883292931119822 23.02406883239746 24000
23.077466493097482 23.077466493097482 22.8784391990585 22.93183708190918 23700
22.776496414926758 22.776496414926758 22.582324488450904 22.70853614807129 50300
22.79591370912168 23.058047749010925 22.766788939208443 23.028921127319336 232200
23.31047299160998 23.436684649131607 23.31047299160998 23.417268753051758 104900
23.436686031535555 23.50464630126953 23.38620099519339 23.50464630126953 47800
23.485228146884207 23.707556351805135 23.475519273315545 23.6522159576416 58800
23.689110269284015 23.768721925959152 23.572607483462015 23.60173225402832 42000
23.650277153447096 23.82503318786621 23.650277153447096 23.82503318786621 197900
23.85415603220701 23.970660663001624 23.844447158659268 23.9415340423584 46900
23.873575184037676 23.92211770285437 23.815323791101964 23.91240882873535 35000
24.077457427978516 24.1327978285952 23.999788282150657 24.077457427978516 62400
24.12600179719925 24.27163121412832 24.058041526084253 24.23279571533203 50700
24.232792876901932 24.368715254989606 24.223085855118367 24.329879760742188 66000
24.291048963526464 24.339591485243318 24.23279571533203 24.23279571533203 59700
24.116292931118824 24.223088701068274 23.873576618890798 23.922119140625 66400
23.928972964699305 24.03667165262041 23.880017317947008 23.997509002685547 61600
23.83106343262653 23.899599470307823 23.81148117401274 23.841833114624023 48900
23.566708798431744 23.566708798431744 23.45900824235893 23.498172760009766 55600
23.63524342787853 23.67440794319464 23.566707393542213 23.596080780029297 76000
23.78210962097681 23.84085452927073 23.723362845215927 23.816377639770508 87400
23.69399106472222 23.752735972371315 23.64993191711866 23.740985870361328 56000
23.51775525926773 23.693991855564267 23.51775525926773 23.62545394897461 36400
23.821272875020966 23.919182302972732 23.81148174547909 23.860437393188477 144700
24.13458012169399 24.203116156962697 24.095417473311972 24.11499786376953 77100
24.046462770290667 24.046462770290667 23.909390694384765 23.91918182373047 85800
23.70378017403987 23.716508828646536 23.498172064856504 23.58629035949707 92300
23.68419933562699 23.859455501456605 23.65482594881298 23.80168914794922 131300
23.684200528161064 23.811481475830078 23.674409398730063 23.811481475830078 32400
23.87022618859655 23.997509002685547 23.87022618859655 23.997509002685547 27000
24.28144412387065 24.420475171783252 24.27165486205171 24.41851806640625 65400
24.47726229316928 24.614334364421612 24.438097777116088 24.584962844848633 26800
24.56244398857533 24.584963772902697 24.49684547592357 24.545799255371094 55100
24.54579834304286 24.66329002380371 24.487053436395893 24.66329002380371 73500
24.604544424217757 24.6241266831905 24.4870546053153 24.516427993774414 83900
24.53600740405018 24.5555896622398 24.418517589846306 24.477262496948242 163200
24.428309905014427 24.477263685398416 24.380332809880333 24.408727645874023 152600
24.467472555828213 24.49684594453882 24.38914538673362 24.408727645874023 96800
24.491948771016066 24.751409028808073 24.46747188149866 24.653499603271484 86700
24.947226279551685 24.985410377005074 24.899251052693096 24.937435150146484 52900
24.917854769939776 25.054926846739868 24.878690252301475 25.015762329101562 26100
24.986389565719865 24.986389565719865 24.729866843360497 24.77098846435547 102200
25.211580997015908 25.28011703491211 25.17241647966552 25.28011703491211 52200
25.14793866846132 25.338861014880308 25.14793866846132 25.31928062438965 76600
25.09408855318647 25.09408855318647 24.908062703801445 24.976598739624023 40800
24.653500282728007 24.653500282728007 24.379354257163417 24.408727645874023 41700
24.439077867969665 24.526215740320225 24.39893479979608 24.458660125732422 51600
24.64370773706582 24.71126521999127 24.477262278870825 24.506635665893555 72700
24.516428213551535 24.52621747565866 24.41851878527711 24.4870548248291 78400
24.271655287569992 24.316692989101128 24.139477841093555 24.281444549560547 51800
24.330399049991343 24.39404045473207 24.23836467838897 24.3499813079834 46800
24.359770671573656 24.585941457155617 24.261863116136983 24.296131134033203 38000
24.12479018078356 24.154163569116772 24.007300362384687 24.046463012695312 82700
23.80168942005793 23.89862029042547 23.691053209980783 23.850645065307617 50700
23.8310634919 23.8310634919 23.654826898871494 23.684200286865234 62900
23.615663566975993 23.674408473799907 23.507963014909716 23.509920120239258 86800
23.70378016049037 23.71357128960783 23.490339895117337 23.507963180541992 65300
23.390472422497876 23.47859072056865 23.331727512939693 23.468799591064453 63700
23.468797941099776 23.47858906991561 23.321934743795982 23.43942642211914 75600
23.556917437547575 23.556917437547575 23.390471974100993 23.44921875 69300
23.79189859166995 23.86337215391749 23.586290481423713 23.820293426513672 57200
23.811480027748427 23.84574804493944 23.674407958984375 23.674407958984375 40000
23.693991427934602 23.78112930433202 23.620558891647356 23.762527465820312 69200
23.860436439400445 23.99554953975657 23.860436439400445 23.97792625427246 70800
23.997508335527403 24.242280960083008 23.997508335527403 24.242280960083008 453200
24.134581227597014 24.23053168136988 24.11989546721418 24.152204513549805 375500
24.095417936611412 24.105209065761905 23.938763605137435 23.97792625427246 273500
24.261863739340924 24.261863739340924 24.114998667479625 24.18255615234375 132300
24.2197608894518 24.2197608894518 24.11499786376953 24.11499786376953 45700
24.06604482120859 24.17276495546154 24.006319492955527 24.02688217163086 80900
23.899598843090388 23.908411419475406 23.80168942005793 23.850645065307617 83400
23.889808435693357 23.985758888827487 23.8712065971634 23.91918182373047 46500
24.095418221319754 24.144372000183704 24.036671445722668 24.105209350585938 49100
23.919182054007397 24.007300351500096 23.919182054007397 23.968135833740234 104800
24.007298932527192 24.066043838227824 23.928971769104056 23.987716674804688 48400
24.12478998400779 24.25207279827987 24.114998854643247 24.23249053955078 49100
24.232489543849386 24.242280672811617 24.10814426024266 24.11499786376953 49600
24.066044086425283 24.154162379618448 24.036670699538593 24.11499786376953 46600
24.1200008392334 24.125 24.010000228881836 24.030000686645508 39000
24.100000381469727 24.260000228881836 23.959999084472656 24.059999465942383 33300
23.739999771118164 23.770000457763672 23.649999618530273 23.65999984741211 74400
24.049999237060547 24.049999237060547 23.8799991607666 23.90999984741211 36500
23.75 23.860000610351562 23.75 23.860000610351562 107000
23.610000610351562 23.649999618530273 23.479999542236328 23.530000686645508 53100
23.639999389648438 23.639999389648438 23.459999084472656 23.530000686645508 50300
23.489999771118164 23.68000030517578 23.489999771118164 23.65999984741211 86400
23.81999969482422 23.858999252319336 23.604999542236328 23.670000076293945 141300
23.6200008392334 23.6200008392334 23.465999603271484 23.540000915527344 75100
23.31999969482422 23.360000610351562 23.15999984741211 23.229999542236328 68800
23.149999618530273 23.149999618530273 23.020000457763672 23.06999969482422 92000
23.06999969482422 23.190000534057617 23.025999069213867 23.155000686645508 70600
23.190000534057617 23.509000778198242 23.110000610351562 23.469999313354492 81800
23.190000534057617 23.3700008392334 23.16900062561035 23.350000381469727 50400
23.479999542236328 23.68000030517578 23.479999542236328 23.639999389648438 54700
23.702999114990234 23.71500015258789 23.617000579833984 23.68000030517578 55300
23.700000762939453 23.760000228881836 23.479999542236328 23.56999969482422 105300
23.59000015258789 23.649999618530273 23.475000381469727 23.530000686645508 48400
23.530000686645508 23.729999542236328 23.530000686645508 23.709999084472656 54100
23.520000457763672 23.75 23.520000457763672 23.65999984741211 50700
23.389999389648438 23.459999084472656 23.270000457763672 23.280000686645508 63000
23.149999618530273 23.30900001525879 23.09000015258789 23.09000015258789 160400
22.889999389648438 22.979999542236328 22.809999465942383 22.81999969482422 38400
22.6200008392334 22.770000457763672 22.582000732421875 22.745899200439453 29177
