24.72461234409384 26.40235294696397 24.38808250427246 24.38808250427246 372800
24.145741038485223 24.33215540355652 24.081966718136027 24.11630630493164 806800
25.02876353002743 25.09253785310296 24.758951677370163 25.052310943603516 121300
25.156308599093087 25.30348039180647 25.156308599093087 25.18574333190918 52500
25.583103885008967 25.66649948786875 25.372159644241524 25.54385757446289 45700
25.480081600331506 25.59781865295449 25.13668576219565 25.166118621826172 83200
26.157067197250356 27.28537242871601 26.157067197250356 26.619182586669922 606400
26.853676073996915 27.314809027187426 26.853676073996915 27.20197868347168 78000
27.000845118778006 27.148015046119674 26.919410705566406 26.919410705566406 38000
27.255937771532977 27.378579677120815 26.804614585858914 26.99495506286621 71100
27.128391086057967 27.128391086057967 26.8340512400985 26.932165145874023 92500
26.63782358819153 26.902730573962934 26.628012010418466 26.850730895996094 152800
26.99103390761961 27.020468642034867 26.824240822000856 26.971410751342773 86800
26.73593831904511 26.804617494207395 26.64763598773155 26.775184631347656 55600
26.892919574187765 27.16763814363664 26.892919574187765 27.09895896911621 103400
27.186278639238893 27.530656977156585 27.186278639238893 27.449222564697266 33000
27.520847014565934 27.638584085082446 27.50122572895256 27.558130264282227 3500
27.599336231053908 27.599336231053908 27.157826451829937 27.19805335998535 46700
27.295183906658345 27.295183906658345 27.128390829825477 27.184316635131836 24500
27.344242031211248 27.7906585243348 27.128391064403967 27.658205032348633 90100
28.011412231615807 28.07028169734721 27.854430732399567 27.981979370117188 58700
27.775938713528422 28.099713274787437 27.775938713528422 27.987863540649414 126500
27.815188348946247 27.854432790967103 27.540469769331352 27.56009292602539 78900
27.55027986335704 27.55027986335704 27.324619187635122 27.43254280090332 54800
27.50122487145666 27.579715625564557 27.403110960979998 27.48160171508789 96500
27.373674736288187 27.67782615797831 27.373674736288187 27.542430877685547 73100
27.540469118209593 27.82499926944454 27.540469118209593 27.62582778930664 47800
27.5502806177828 27.736696858702967 27.491413020627494 27.67095947265625 115700
28.295945075259507 28.305756653819955 27.932924153991976 28.094812393188477 47100
28.168394200733044 28.246886823017647 27.98197983690845 28.069299697875977 33000
27.618960898520594 27.618960898520594 27.23631869464445 27.34326171875 37300
27.14801371628899 27.22650446511753 26.961597486058558 27.16763687133789 63800
27.177449046935656 27.177449046935656 26.932165217527814 27.030277252197266 42800
27.19836384044641 27.208193615034993 27.041091196704762 27.108915328979492 56200
27.22785587063871 27.473594635266 27.22785587063871 27.365468978881836 88300
27.306490265493498 27.306490265493498 26.94279609468636 27.195415496826172 48300
27.257341008259814 27.311403831861785 27.070580912882974 27.276018142700195 66700
27.398887886901488 27.3998703019366 27.22785392889994 27.31926727294922 81500
27.40478394978104 27.40478394978104 27.028312763321633 27.04305648803711 40000
27.43427261422591 27.601375031387683 27.43427261422591 27.512908935546875 123300
27.335976642874947 27.38512551529259 27.20819332426463 27.31238555908203 65200
27.581717744912268 27.640696396869426 27.378247207657683 27.463764190673828 45300
27.886432369738536 27.965068689654608 27.778306726789783 27.904125213623047 46800
27.76847749053741 27.76847749053741 27.56205784982193 27.621034622192383 56300
27.660351977196424 28.319916165299894 27.660351977196424 28.285511016845703 17200
28.495865023179963 28.696388306719427 28.41722869873047 28.41722869873047 45200
28.42705901706484 28.505695343017578 28.31893336581561 28.505695343017578 31800
28.603990208112183 28.66296698178263 28.505694335436218 28.65313720703125 36900
28.785836476998107 29.105297595851468 28.633477779957026 29.08563804626465 54100
28.78092134335978 29.203590393066406 28.78092134335978 29.203590393066406 8700
29.25273860885284 29.351034475701674 29.242908834684183 29.3018856048584 37000
29.655749811259977 29.685239133602547 29.272397994995117 29.272397994995117 48000
29.144614473162694 29.233080570412174 29.04631860123685 29.134784698486328 11700
29.262571371499238 29.47882080078125 29.24291182115417 29.47882080078125 24200
29.262570713476926 29.59677556247623 29.262570713476926 29.577116012573242 34100
29.498479181940215 29.636092279225508 29.38052375938294 29.59677505493164 30000
29.557456849447412 29.76387837645419 29.439503298161736 29.744218826293945 40400
29.86217011668053 29.86217011668053 29.61643138279632 29.793363571166992 16100
29.724558069755293 29.862171165616154 29.66558129650604 29.754047393798828 69700
29.724558377434008 29.793364926076652 29.592843519986037 29.59677505493164 40200
29.498477680189488 29.793363409313464 29.498477680189488 29.76387596130371 66100
29.714730076676762 30.16492365994272 29.655753299891447 30.048934936523438 19400
30.08825076993601 30.284840629482822 30.00961445114974 30.13739776611328 29800
29.832684070469703 29.98995671755946 29.754047746924826 29.813024520874023 15600
29.54762735215108 29.54762735215108 29.380524923893823 29.47882080078125 103300
29.31171617527347 29.6852401044782 29.22325008019013 29.636091232299805 25900
29.65575300421104 29.65575300421104 29.449331475263648 29.47882080078125 42700
30.02927334063382 30.02927334063382 29.488648861442496 29.50830841064453 47600
29.39035310219678 29.39035310219678 29.201626303716814 29.32154655456543 13400
29.37266119319306 29.611519287484533 29.37266119319306 29.577116012573242 28200
29.596774009394856 29.75404665069018 29.42967159366385 29.636091232299805 62600
29.23308034632946 29.527967959846563 29.23308034632946 29.50830841064453 18000
29.341206144181058 29.59677466061873 29.306802870318084 29.429672241210938 21200
29.301886893698775 29.527967959846563 29.26256967013251 29.50830841064453 22300
29.341206217014385 29.341206217014385 29.115127023971414 29.134784698486328 32700
29.095467620967348 29.095467620967348 28.889046101401004 28.94802474975586 36500
29.056148721884423 29.134785045393855 28.869388625323165 29.08563804626465 14600
28.662967681884766 28.692457006859193 28.574501581799368 28.662967681884766 56300
28.967680791702453 29.095465981097963 28.967680791702453 28.99225616455078 8100
28.967680468895527 28.98734001702002 28.83989715576172 28.83989715576172 14600
29.08465536305763 29.08465536305763 28.89887580839953 28.97947883605957 36100
28.800580354748696 29.026661426522296 28.72194403082157 29.007001876831055 648800
29.16427495621322 29.468990481584804 29.144615406231082 29.39035415649414 28700
29.341205596923828 29.44932936640316 29.2920567245807 29.341205596923828 48300
28.977510242957774 29.134782878278322 28.780920386225937 28.83989715576172 40600
28.957853157253957 29.026661581540786 28.86938893284661 28.92836570739746 42900
28.987340316622813 29.075806409259688 28.68262481689453 28.68262481689453 49200
28.702285676893315 28.76126244973385 28.368080839400616 28.377910614013672 141700
28.063363562295446 28.387738626462568 28.032891823325368 28.19114875793457 36900
28.466374776635384 28.564670647723652 28.328761682014484 28.517488479614258 19800
27.562057001430166 27.709499865236733 27.394954589159322 27.68984031677246 177600
27.581714819434854 28.141998829735297 27.581714819434854 28.12234115600586 144800
27.807795076564837 27.886431393728678 27.719328985400804 27.788135528564453 51400
28.083022606950134 28.289444121258644 28.083022606950134 28.21080780029297 55600
28.755387710575462 28.755387710575462 28.489498407761428 28.597824096679688 79700
28.577142756988742 29.011427877453013 28.4599552154541 28.4599552154541 68900
28.74553883372085 28.917873443955823 28.410715695287436 28.509193420410156 93600
28.27284680155099 28.45798583077418 28.1743709523914 28.43041229248047 111900
28.765234982791203 28.765234982791203 28.568281396427775 28.735692977905273 35100
28.814473235005455 28.814473235005455 28.617517780951456 28.666757583618164 62700
28.991733191529846 29.069528887758846 28.93264542746659 29.060667037963867 75100
29.533357028603113 29.533357028603113 29.36594545853321 29.434879302978516 33800
29.513661659874497 29.592443466186523 29.50381369929719 29.592443466186523 37500
29.621987259769774 29.769702911376953 29.572749335336187 29.769702911376953 18500
29.750007309731995 29.878028919924265 29.7007693847697 29.759855270385742 19100
29.52351061908645 29.588505658449996 29.391552075161172 29.503814697265625 25300
29.45457645174131 29.631835989594354 29.36594668281479 29.513662338256836 19200
29.287164557439684 29.543205900642022 29.287164557439684 29.523509979248047 10900
29.671224942635053 29.734251513967845 29.65153090000581 29.661378860473633 14500
29.849471418041347 29.96665895775685 29.848485307152572 29.868181228637695 24000
30.143917636166776 30.331023250028267 30.143917636166776 30.301481246948242 8200
30.340871901465267 30.350719862151685 30.06513651547138 30.163612365722656 34700
30.22269984900415 30.22269984900415 29.996200511934145 30.1143741607666 21100
30.42950303791314 30.42950303791314 30.23254945024609 30.296558380126953 18400
30.23254876092551 30.23254876092551 30.134071030184074 30.143918991088867 21400
30.124223389088314 30.252243125596745 30.099604425718216 30.134071350097656 16800
30.173460901474197 30.331024518846924 30.114375014536044 30.321178436279297 29800
30.340871800287523 30.4196536072097 30.321177757286808 30.399959564208984 67000
30.193155090738358 30.193155090738358 29.956809678240774 29.966657638549805 55600
30.107479902186814 30.124221246881525 29.89476921876963 29.966657638549805 25800
29.996201637808845 30.38026460219989 29.996201637808845 30.37041664123535 57400
30.03559222742428 30.399959254670808 30.03559222742428 30.350719451904297 13500
30.4393495391769 30.48858746415559 30.32117776790547 30.340871810913086 16200
30.153765722032013 30.153765722032013 29.88787642336761 30.065135955810547 46100
30.1862635446774 30.3605685083189 30.08483123779297 30.08483123779297 37600
30.039531202185586 30.104526239551852 29.966658547655662 30.055288314819336 62100
30.31132975715785 30.5358568735251 30.303450261661386 30.45904541015625 32300
30.665847551692906 30.665847551692906 30.498435974121094 30.498435974121094 27000
30.36056732124977 30.478740969227974 30.242393673271568 30.411775588989258 21800
30.380263653541185 30.42162396131683 30.17346023635653 30.340871810913086 38100
30.163612315233074 30.28178596496582 30.084830508180055 30.28178596496582 23300
30.380264698350352 30.380264698350352 30.094679464394353 30.193157196044922 29500
30.32117899225763 30.429502807246088 30.242395303820185 30.419654846191406 24100
30.321177254953493 30.321177254953493 30.124221801757812 30.124221801757812 65700
30.05528854402231 30.252242122760784 30.02574466197364 30.222700119018555 13000
30.130132221483453 30.173460995496757 30.025745338537845 30.143918991088867 55400
30.222700039641655 30.340871810913086 30.222700039641655 30.340871810913086 45700
30.35071977157011 30.414730576687557 30.271937964620346 30.340871810913086 58000
30.08483105223157 30.09172443699454 29.858333587646484 29.858333587646484 28300
29.572748587087453 29.572748587087453 29.38071617871986 29.38564109802246 60600
29.43488030229811 29.43488030229811 29.267468726544557 29.346250534057617 12000
29.498891324707266 29.618049208586765 29.44472847946145 29.572750091552734 14600
29.76970445732631 29.76970445732631 29.291104444016852 29.316709518432617 22200
29.080361652417174 29.100055694580078 28.883406204337252 29.100055694580078 21100
29.277316954212388 29.523510339723707 29.218231067615484 29.45457649230957 48900
29.87802981710279 29.91741978259414 29.814019010084536 29.907573699951172 60800
29.7893982312011 29.8534090343179 29.710616426713653 29.73031234741211 40100
29.78940019075994 30.222701083096815 29.774629188417645 29.960750579833984 89300
29.907572841830493 29.97650668819235 29.671225542437778 29.700769424438477 64100
29.828792805770483 29.962721697840234 29.818944844518896 29.937116622924805 41500
29.92726739442833 29.955827044340555 29.88787742939648 29.91741943359375 12300
30.025743794809387 30.119296601135307 30.006047874012438 30.074983596801758 25400
30.449197179130906 30.449197179130906 30.321177448550806 30.350719451904297 159400
30.56737206219149 30.587066105787194 30.34678186916119 30.429502487182617 22400
30.380262852083646 30.715085992363836 30.380262852083646 30.65599822998047 30900
30.892345561399033 30.892345561399033 30.596912384033203 30.596912384033203 21300
30.311329886858125 30.311329886858125 30.163612354921217 30.222700119018555 36600
30.18192698289831 30.348001981788446 30.102370085844438 30.221704483032227 68300
30.01286716410724 30.09242405804527 29.992977466426243 30.042699813842773 19700
29.580277670733913 29.69464059108251 29.51563709948087 29.615083694458008 39000
29.63497168518403 29.719501955329264 29.63497168518403 29.644916534423828 26900
29.649889831983607 29.933311395845347 29.649889831983607 29.92336654663086 56300
29.943256245059835 30.012868292775202 29.8935319989874 29.92336654663086 44700
29.90447069755044 29.923366480051733 29.833864734106534 29.913421630859375 31200
30.152090933547253 30.410651310291797 30.152090933547253 30.2813720703125 26800
30.28137195019268 30.30324947925068 30.223692586474556 30.29231071472168 5600
30.012866514415826 30.02281136304105 29.88358537907386 29.943254470825195 70500
29.555413349750996 29.555413349750996 29.306797821213028 29.42613410949707 46800
29.60513758740732 29.883585765369247 29.588231534204496 29.714527130126953 13400
29.77419701471214 29.87364360810946 29.734417618638812 29.833864212036133 31000
30.049661485894607 30.13220202544763 29.91839251401515 30.112314224243164 24400
30.48026400489018 30.698051075504303 30.445457981969156 30.669212341308594 46100
30.952633164583844 31.1664426699134 30.94766168862113 31.136608123779297 35900
31.116720991669133 31.116720991669133 30.88799325996545 30.947662353515625 47800
30.858160409824 30.98246817540159 30.858160409824 30.917827606201172 27600
31.01727366599032 31.196277148837414 31.01727366599032 31.126663208007812 37900
31.236054982860875 31.275834378048607 31.07694119568186 31.176387786865234 57600
31.042135371778762 31.042135371778762 30.917827606201172 30.917827606201172 39800
30.927772455061696 31.027219046880962 30.893960348293106 30.917827606201172 12000
30.897937707682612 30.98047824558118 30.86313168528996 30.88799285888672 15800
30.937717761001675 31.00732980726783 30.91782806298677 30.98744010925293 37000
30.927773300516684 31.07197076775717 30.84821640424366 31.047107696533203 44900
31.355391268363984 31.355391268363984 30.88799285888672 30.88799285888672 19100
31.22611152192472 31.246001220402597 31.096832275390625 31.096832275390625 28100
31.186334021755016 31.22611152192472 31.096832275390625 31.096832275390625 25000
30.927773250654045 30.927773250654045 30.67915771310343 30.748769760131836 20600
30.341040653920864 30.341040653920864 30.20181655883789 30.20181655883789 36100
30.047673454070186 30.201815767290793 30.002922582282654 30.08247947692871 16500
30.341040653920864 30.495182971181322 30.20181655883789 30.20181655883789 21600
30.370875315405563 30.52004426023769 30.370875315405563 30.510099411010742 32700
30.211758129169546 30.352971946344873 30.08247888919025 30.2813720703125 22200
30.38280688474613 30.397723209647765 30.271427612337185 30.341039657592773 21600
30.71694706116601 30.71694706116601 30.350984963353802 30.41065216064453 35000
30.25153864088244 30.307228278423896 30.152092046650118 30.162036895751953 23700
30.052644729614258 30.1680034589922 29.91342063910913 30.052644729614258 15000
29.938281620076427 29.951210113193213 29.734416961669922 29.734416961669922 41200
29.724472716286044 29.817952020747438 29.535526275634766 29.535526275634766 17900
29.49574648873372 29.50569133760241 29.276965503980417 29.331661224365234 38000
29.137739838883885 29.349561518236538 29.058182943840382 29.237186431884766 43500
29.3465784648374 29.436080210661952 29.18845858742829 29.326688766479492 31500
29.3465784648374 29.373429367941974 29.257076719012847 29.326688766479492 28000
29.416190570629446 29.714528459445468 29.416190570629446 29.625028610229492 72600
29.515636253524658 29.515636253524658 29.19740867614746 29.19740867614746 114500
29.41618886854708 29.495745760747095 29.207352737816773 29.366466522216797 22200
29.585249335771103 29.6946407806228 29.55541478805172 29.644916534423828 24600
29.843808726656448 30.120269077195957 29.843808726656448 30.072534561157227 42400
30.112313889809652 30.400706920324417 30.062589645385742 30.062589645385742 32200
30.082478558006457 30.122257952507347 29.92038112930859 29.943254470825195 25400
30.12524002659011 30.13220123102464 29.893530551789535 29.992977142333984 53000
29.8835858327457 29.8835858327457 29.64491515247481 29.724472045898438 20500
29.70458550703283 29.733424241958755 29.525582015028807 29.625028610229492 76100
29.53552620884128 29.56933641922328 29.396300219935295 29.52558135986328 47800
29.475856322141695 29.52558056569422 29.4062442779541 29.4062442779541 20200
29.684695004300888 29.794084548950195 29.654860457513266 29.794084548950195 29800
29.61508356117816 29.734417957184846 29.575304164651914 29.59519386291504 28000
29.654860075505248 29.654860075505248 29.44602394104004 29.44602394104004 69500
29.70458483535336 29.883586426523767 29.70458483535336 29.813974380493164 18400
29.93331073843546 29.953200436427608 29.74436240108206 29.82391929626465 46400
29.57530344027567 29.702594850541516 29.54546889361171 29.6299991607666 33400
29.690000534057617 29.690000534057617 29.559999465942383 29.6299991607666 20100
29.860000610351562 29.950000762939453 29.530000686645508 29.530000686645508 55200
29.5 29.5 29.059999465942383 29.059999465942383 61700
29.274999618530273 29.33099937438965 29.09000015258789 29.15999984741211 23500
28.733999252319336 29.020000457763672 28.733999252319336 28.940000534057617 38300
28.75 28.770000457763672 28.56399917602539 28.584999084472656 38900
28.639999389648438 28.639999389648438 28.31999969482422 28.540000915527344 43800
28.610000610351562 28.760000228881836 28.5 28.733999252319336 33300
29.059999465942383 29.059999465942383 28.660999298095703 28.709999084472656 38200
28.5 28.5 28.139999389648438 28.25 48200
28.020000457763672 28.020000457763672 27.6200008392334 27.906999588012695 58700
27.959999084472656 27.959999084472656 27.709999084472656 27.957000732421875 495400
28.040000915527344 28.209999084472656 27.969999313354492 28.209999084472656 53400
28.170000076293945 28.549999237060547 28.065000534057617 28.540000915527344 52600
28.229999542236328 28.459999084472656 28.209999084472656 28.350000381469727 20700
28.68000030517578 28.809999465942383 28.68000030517578 28.799999237060547 34600
28.889999389648438 28.937999725341797 28.649999618530273 28.899999618530273 51700
28.81999969482422 28.8439998626709 28.520999908447266 28.6200008392334 29600
28.530000686645508 28.559999465942383 28.239999771118164 28.31999969482422 20200
28.56999969482422 28.56999969482422 28.31999969482422 28.5 45400
28.264999389648438 28.638999938964844 28.264999389648438 28.43000030517578 34100
28.280000686645508 28.280000686645508 27.951000213623047 28.010000228881836 86900
27.90999984741211 28.027000427246094 27.639999389648438 27.790000915527344 91100
27.700000762939453 27.700000762939453 27.5 27.5 138100
27.40999984741211 27.610000610351562 27.34000015258789 27.610000610351562 11609
