9.869999885559082 9.899999618530273 9.869999885559082 9.899999618530273 664300
9.880000114440918 9.9399995803833 9.880000114440918 9.9399995803833 77800
9.859999656677246 10.050000190734863 9.859999656677246 9.949999809265137 18100
9.890000343322754 10.050000190734863 9.869999885559082 9.920000076293945 4300
9.899999618530273 9.975000381469727 9.880000114440918 9.890000343322754 103700
10.0 10.0 10.0 10.0 200
10.0 10.0 10.0 10.0 0
9.920000076293945 9.975000381469727 9.920000076293945 9.975000381469727 800
10.199999809265137 10.199999809265137 10.199999809265137 10.199999809265137 200
10.050000190734863 10.050000190734863 9.895000457763672 9.9399995803833 52700
9.9399995803833 9.970000267028809 9.930000305175781 9.930000305175781 804200
9.9399995803833 9.989999771118164 9.9399995803833 9.949999809265137 419200
9.90999984741211 9.9399995803833 9.90999984741211 9.930000305175781 32700
9.930000305175781 9.970000267028809 9.930000305175781 9.949999809265137 24700
9.970000267028809 9.979999542236328 9.9399995803833 9.9399995803833 9600
9.954999923706055 10.029999732971191 9.954999923706055 10.029999732971191 53200
10.029999732971191 10.029999732971191 10.029999732971191 10.029999732971191 100
9.96500015258789 9.96500015258789 9.930000305175781 9.930000305175781 1800
9.90999984741211 9.90999984741211 9.90999984741211 9.90999984741211 10600
9.90999984741211 9.90999984741211 9.890000343322754 9.899999618530273 66400
9.8100004196167 9.899999618530273 9.8100004196167 9.899999618530273 226500
9.899999618530273 9.899999618530273 9.899999618530273 9.899999618530273 7400
9.8100004196167 9.899999618530273 9.8100004196167 9.899999618530273 1500
9.899999618530273 9.989999771118164 9.899999618530273 9.899999618530273 108400
9.899999618530273 9.899999618530273 9.899999618530273 9.899999618530273 174400
9.899999618530273 9.899999618530273 9.899999618530273 9.899999618530273 0
9.930000305175781 9.930000305175781 9.930000305175781 9.930000305175781 100
9.944999694824219 9.944999694824219 9.944999694824219 9.944999694824219 100
9.930000305175781 10.039999961853027 9.90999984741211 10.039999961853027 17800
9.90999984741211 9.920000076293945 9.90999984741211 9.920000076293945 2200
9.920000076293945 9.920000076293945 9.920000076293945 9.920000076293945 0
9.920000076293945 9.920000076293945 9.920000076293945 9.920000076293945 0
9.920000076293945 9.920000076293945 9.920000076293945 9.920000076293945 0
9.920000076293945 9.920000076293945 9.920000076293945 9.920000076293945 0
9.930000305175781 9.949999809265137 9.920000076293945 9.949999809265137 6900
9.949999809265137 9.949999809265137 9.949999809265137 9.949999809265137 0
9.949999809265137 9.949999809265137 9.949999809265137 9.949999809265137 7500
9.949999809265137 9.949999809265137 9.949999809265137 9.949999809265137 0
9.949999809265137 9.949999809265137 9.949999809265137 9.949999809265137 0
9.949999809265137 9.949999809265137 9.949999809265137 9.949999809265137 0
9.92300033569336 9.92300033569336 9.92300033569336 9.92300033569336 200
9.92300033569336 9.92300033569336 9.92300033569336 9.92300033569336 0
9.92300033569336 9.92300033569336 9.92300033569336 9.92300033569336 0
9.92300033569336 9.92300033569336 9.92300033569336 9.92300033569336 0
9.92300033569336 9.92300033569336 9.92300033569336 9.92300033569336 0
9.92300033569336 9.92300033569336 9.92300033569336 9.92300033569336 0
9.930000305175781 9.930000305175781 9.930000305175781 9.930000305175781 1000
9.930000305175781 9.930000305175781 9.930000305175781 9.930000305175781 0
9.930000305175781 9.930000305175781 9.930000305175781 9.930000305175781 0
10.039999961853027 10.0600004196167 10.039999961853027 10.039999961853027 5200
10.039999961853027 10.039999961853027 10.039999961853027 10.039999961853027 0
10.039999961853027 10.039999961853027 10.039999961853027 10.039999961853027 0
10.0 10.0 10.0 10.0 500
10.0 10.0 10.0 10.0 500
10.020000457763672 10.0600004196167 10.020000457763672 10.050000190734863 5200
10.050000190734863 10.050000190734863 10.050000190734863 10.050000190734863 100
10.050000190734863 10.050000190734863 10.050000190734863 10.050000190734863 100
10.029999732971191 10.029999732971191 10.029999732971191 10.029999732971191 100
10.017000198364258 10.050000190734863 10.0 10.050000190734863 7400
10.050000190734863 10.050000190734863 10.050000190734863 10.050000190734863 0
10.050000190734863 10.050000190734863 10.050000190734863 10.050000190734863 0
10.050000190734863 10.050000190734863 10.050000190734863 10.050000190734863 0
10.0 10.0 9.989999771118164 10.0 50300
10.050000190734863 10.050000190734863 10.050000190734863 10.050000190734863 1600
10.050000190734863 10.079999923706055 10.050000190734863 10.079999923706055 700
10.0600004196167 10.069999694824219 10.0600004196167 10.069999694824219 1000
10.079999923706055 10.079999923706055 10.04800033569336 10.04800033569336 2200
10.050000190734863 10.050000190734863 10.050000190734863 10.050000190734863 3300
10.050000190734863 10.050000190734863 10.050000190734863 10.050000190734863 7500
10.050000190734863 10.050000190734863 10.050000190734863 10.050000190734863 2100
10.050000190734863 10.050000190734863 10.050000190734863 10.050000190734863 0
10.050000190734863 10.050000190734863 10.050000190734863 10.050000190734863 0
10.050000190734863 10.050000190734863 10.050000190734863 10.050000190734863 0
10.050000190734863 10.050000190734863 10.050000190734863 10.050000190734863 0
10.069999694824219 10.079999923706055 10.050000190734863 10.050000190734863 17100
10.050000190734863 10.050000190734863 10.050000190734863 10.050000190734863 0
10.050000190734863 10.050000190734863 10.050000190734863 10.050000190734863 0
10.0600004196167 10.0600004196167 10.0600004196167 10.0600004196167 500000
10.0600004196167 10.0600004196167 10.0600004196167 10.0600004196167 0
10.0600004196167 10.0600004196167 10.0600004196167 10.0600004196167 0
10.0600004196167 10.0600004196167 10.0600004196167 10.0600004196167 0
10.09000015258789 10.09000015258789 10.039999961853027 10.039999961853027 141500
10.050000190734863 10.0600004196167 10.029999732971191 10.050000190734863 107300
10.079999923706055 10.079999923706055 10.039999961853027 10.039999961853027 52400
10.050000190734863 10.055000305175781 10.029999732971191 10.050000190734863 57600
10.170000076293945 10.170000076293945 10.0600004196167 10.100000381469727 302100
10.100000381469727 10.100000381469727 10.100000381469727 10.100000381469727 0
10.050000190734863 10.050000190734863 10.050000190734863 10.050000190734863 600
10.050000190734863 10.079999923706055 10.050000190734863 10.079999923706055 51300
10.0600004196167 10.0600004196167 10.0600004196167 10.0600004196167 10400
10.0600004196167 10.0600004196167 10.0600004196167 10.0600004196167 0
10.050000190734863 10.079999923706055 10.050000190734863 10.079999923706055 42300
10.0600004196167 10.0600004196167 10.0600004196167 10.0600004196167 12500
10.0600004196167 10.0600004196167 10.0600004196167 10.0600004196167 0
10.079999923706055 10.079999923706055 10.079999923706055 10.079999923706055 28700
10.0600004196167 10.100000381469727 10.0600004196167 10.069999694824219 20300
10.0600004196167 10.0600004196167 10.0600004196167 10.0600004196167 400
10.0600004196167 10.069999694824219 10.0600004196167 10.069999694824219 420600
10.069999694824219 10.069999694824219 10.069999694824219 10.069999694824219 0
10.180000305175781 10.180000305175781 10.0600004196167 10.069999694824219 42000
10.109999656677246 10.170000076293945 10.109999656677246 10.140000343322754 17300
10.0600004196167 10.0600004196167 10.0600004196167 10.0600004196167 800
10.0600004196167 10.0600004196167 10.0600004196167 10.0600004196167 0
10.0600004196167 10.0600004196167 10.0600004196167 10.0600004196167 0
10.0600004196167 10.109999656677246 10.0600004196167 10.09000015258789 52000
10.09000015258789 10.09000015258789 10.09000015258789 10.09000015258789 57700
10.088000297546387 10.088000297546387 10.083999633789062 10.083999633789062 9900
10.095000267028809 10.095000267028809 10.069999694824219 10.09000015258789 58600
10.069999694824219 10.069999694824219 10.069999694824219 10.069999694824219 1000
10.069999694824219 10.069999694824219 10.069999694824219 10.069999694824219 0
10.09000015258789 10.095000267028809 10.069999694824219 10.069999694824219 11200
10.069999694824219 10.069999694824219 10.069999694824219 10.069999694824219 0
10.109999656677246 10.109999656677246 10.109999656677246 10.109999656677246 200
10.069999694824219 10.069999694824219 10.069999694824219 10.069999694824219 3600
10.100000381469727 10.100000381469727 10.069999694824219 10.069999694824219 1300
10.071999549865723 10.071999549865723 10.071999549865723 10.071999549865723 200
10.069999694824219 10.079999923706055 10.069999694824219 10.069999694824219 8100
10.119999885559082 10.119999885559082 10.069999694824219 10.09000015258789 86000
10.119999885559082 10.119999885559082 10.069999694824219 10.069999694824219 10400
10.109999656677246 10.109999656677246 10.069999694824219 10.069999694824219 11200
10.069999694824219 10.069999694824219 10.069999694824219 10.069999694824219 0
10.069999694824219 10.069999694824219 10.069999694824219 10.069999694824219 0
10.0600004196167 10.095000267028809 10.0600004196167 10.0600004196167 52900
10.0600004196167 10.09000015258789 10.0600004196167 10.09000015258789 8100
10.09000015258789 10.09000015258789 10.09000015258789 10.09000015258789 0
10.09000015258789 10.09000015258789 10.09000015258789 10.09000015258789 400
10.069999694824219 10.069999694824219 10.069999694824219 10.069999694824219 16400
10.109999656677246 10.109999656677246 10.0600004196167 10.095000267028809 60000
10.095000267028809 10.095000267028809 10.095000267028809 10.095000267028809 0
10.095000267028809 10.095000267028809 10.095000267028809 10.095000267028809 0
10.095000267028809 10.095000267028809 10.095000267028809 10.095000267028809 0
10.095000267028809 10.095000267028809 10.095000267028809 10.095000267028809 0
10.100000381469727 10.100000381469727 10.100000381469727 10.100000381469727 34100
10.067000389099121 10.067000389099121 10.067000389099121 10.067000389099121 200
10.067000389099121 10.067000389099121 10.067000389099121 10.067000389099121 0
10.109999656677246 10.109999656677246 10.109999656677246 10.109999656677246 100
10.109999656677246 10.109999656677246 10.109999656677246 10.109999656677246 0
10.109999656677246 10.109999656677246 10.109999656677246 10.109999656677246 0
10.109999656677246 10.109999656677246 10.109999656677246 10.109999656677246 0
10.109999656677246 10.109999656677246 10.109999656677246 10.109999656677246 0
10.109999656677246 10.114999771118164 10.109999656677246 10.109999656677246 300
10.069999694824219 10.074999809265137 10.069999694824219 10.074999809265137 3600
10.095000267028809 10.119999885559082 10.079999923706055 10.09000015258789 230500
10.100000381469727 10.109999656677246 10.100000381469727 10.109999656677246 42900
10.119999885559082 10.119999885559082 10.109999656677246 10.109999656677246 700
10.119999885559082 10.119999885559082 10.119999885559082 10.119999885559082 500
10.109999656677246 10.109999656677246 10.100000381469727 10.100000381469727 76300
10.100000381469727 10.130000114440918 10.100000381469727 10.114999771118164 3200
10.119999885559082 10.119999885559082 10.119999885559082 10.119999885559082 27400
10.119999885559082 10.119999885559082 10.119999885559082 10.119999885559082 0
10.114999771118164 10.135000228881836 10.079999923706055 10.085000038146973 55700
10.085000038146973 10.085000038146973 10.085000038146973 10.085000038146973 0
10.085000038146973 10.085000038146973 10.085000038146973 10.085000038146973 0
10.130000114440918 10.135000228881836 10.130000114440918 10.135000228881836 500
10.130000114440918 10.144000053405762 10.130000114440918 10.135000228881836 12000
10.140000343322754 10.140000343322754 10.140000343322754 10.140000343322754 47600
10.140000343322754 10.140000343322754 10.140000343322754 10.140000343322754 0
10.140000343322754 10.140000343322754 10.140000343322754 10.140000343322754 0
10.140000343322754 10.140000343322754 10.130000114440918 10.130000114440918 6300
10.130000114440918 10.130000114440918 10.130000114440918 10.130000114440918 0
10.130000114440918 10.130000114440918 10.130000114440918 10.130000114440918 0
10.130000114440918 10.130000114440918 10.130000114440918 10.130000114440918 0
10.149999618530273 10.149999618530273 10.149999618530273 10.149999618530273 100
10.149999618530273 10.149999618530273 10.149999618530273 10.149999618530273 0
10.149999618530273 10.149999618530273 10.149999618530273 10.149999618530273 0
10.149999618530273 10.149999618530273 10.149999618530273 10.149999618530273 0
10.149999618530273 10.149999618530273 10.149999618530273 10.149999618530273 0
10.149999618530273 10.149999618530273 10.149999618530273 10.149999618530273 0
10.1899995803833 10.1899995803833 10.149999618530273 10.149999618530273 1300
10.135000228881836 10.135000228881836 10.135000228881836 10.135000228881836 200
10.135000228881836 10.135000228881836 10.119999885559082 10.119999885559082 1000
10.140000343322754 10.149999618530273 10.130000114440918 10.149999618530273 19200
10.149999618530273 10.194999694824219 10.149999618530273 10.149999618530273 500
10.130000114440918 10.130000114440918 10.130000114440918 10.130000114440918 2500
10.149999618530273 10.149999618530273 10.149999618530273 10.149999618530273 800
10.149999618530273 10.149999618530273 10.149999618530273 10.149999618530273 0
10.164999961853027 10.164999961853027 10.149999618530273 10.149999618530273 500
10.149999618530273 10.149999618530273 10.149999618530273 10.149999618530273 0
10.149999618530273 10.149999618530273 10.149999618530273 10.149999618530273 0
10.149999618530273 10.149999618530273 10.149999618530273 10.149999618530273 0
10.149999618530273 10.149999618530273 10.149999618530273 10.149999618530273 0
10.170000076293945 10.170000076293945 10.15999984741211 10.15999984741211 800
10.149999618530273 10.149999618530273 10.149999618530273 10.149999618530273 24100
10.149999618530273 10.149999618530273 10.149999618530273 10.149999618530273 0
10.149999618530273 10.149999618530273 10.149999618530273 10.149999618530273 0
10.149999618530273 10.149999618530273 10.149999618530273 10.149999618530273 0
10.149999618530273 10.149999618530273 10.149999618530273 10.149999618530273 0
10.149999618530273 10.149999618530273 10.149999618530273 10.149999618530273 0
10.149999618530273 10.164999961853027 10.149999618530273 10.164999961853027 14200
10.15999984741211 10.15999984741211 10.15999984741211 10.15999984741211 100000
10.15999984741211 10.15999984741211 10.15999984741211 10.15999984741211 56100
10.170000076293945 10.170000076293945 10.170000076293945 10.170000076293945 12400
10.170000076293945 10.170000076293945 10.170000076293945 10.170000076293945 0
10.175000190734863 10.175000190734863 10.175000190734863 10.175000190734863 300
10.175000190734863 10.175000190734863 10.175000190734863 10.175000190734863 0
10.180000305175781 10.180000305175781 10.180000305175781 10.180000305175781 300
10.180000305175781 10.180000305175781 10.180000305175781 10.180000305175781 8500
10.180000305175781 10.180000305175781 10.180000305175781 10.180000305175781 2500
10.170000076293945 10.180000305175781 10.170000076293945 10.178000450134277 13300
10.180000305175781 10.180000305175781 10.180000305175781 10.180000305175781 35000
10.180000305175781 10.1899995803833 10.180000305175781 10.1899995803833 5400
10.1899995803833 10.1899995803833 10.1899995803833 10.1899995803833 2100
10.1899995803833 10.1899995803833 10.1899995803833 10.1899995803833 200
10.1899995803833 10.1899995803833 10.1899995803833 10.1899995803833 15300
10.1899995803833 10.199999809265137 10.1899995803833 10.194999694824219 10100
10.194999694824219 10.194999694824219 10.1899995803833 10.1899995803833 33500
10.1899995803833 10.199999809265137 10.1899995803833 10.199999809265137 5200
10.199999809265137 10.199999809265137 10.199999809265137 10.199999809265137 350100
10.199999809265137 10.199999809265137 10.199999809265137 10.199999809265137 0
10.199999809265137 10.199999809265137 10.199999809265137 10.199999809265137 2700
10.210000038146973 10.220000267028809 10.210000038146973 10.210000038146973 107600
10.210000038146973 10.234999656677246 10.210000038146973 10.210000038146973 85200
10.210000038146973 10.210000038146973 10.210000038146973 10.210000038146973 700
10.210000038146973 10.220000267028809 10.210000038146973 10.220000267028809 208300
10.210000038146973 10.229999542236328 10.210000038146973 10.210000038146973 10900
10.225000381469727 10.225000381469727 10.210000038146973 10.210000038146973 1200
10.210000038146973 10.210000038146973 10.210000038146973 10.210000038146973 700
10.210000038146973 10.210000038146973 10.210000038146973 10.210000038146973 0
10.220000267028809 10.220000267028809 10.220000267028809 10.220000267028809 700
10.220000267028809 10.220000267028809 10.220000267028809 10.220000267028809 7600
10.220000267028809 10.220000267028809 10.210000038146973 10.220000267028809 12600
10.210000038146973 10.229999542236328 10.210000038146973 10.229999542236328 22800
10.229999542236328 10.229999542236328 10.229999542236328 10.229999542236328 0
10.210000038146973 10.220000267028809 10.210000038146973 10.210000038146973 500
10.210000038146973 10.210000038146973 10.210000038146973 10.210000038146973 200
10.199999809265137 10.199999809265137 10.199999809265137 10.199999809265137 600
10.199999809265137 10.199999809265137 10.199999809265137 10.199999809265137 0
10.210000038146973 10.210000038146973 10.210000038146973 10.210000038146973 600
10.210000038146973 10.210000038146973 10.210000038146973 10.210000038146973 600
10.210000038146973 10.210000038146973 10.210000038146973 10.210000038146973 0
10.210000038146973 10.210000038146973 10.210000038146973 10.210000038146973 0
10.210000038146973 10.210000038146973 10.210000038146973 10.210000038146973 0
10.229999542236328 10.229999542236328 10.229999542236328 10.229999542236328 1000
10.229999542236328 10.229999542236328 10.229999542236328 10.229999542236328 0
10.239999771118164 10.239999771118164 10.239999771118164 10.239999771118164 1000
10.220000267028809 10.220000267028809 10.220000267028809 10.220000267028809 600
10.229999542236328 10.229999542236328 10.220000267028809 10.220000267028809 18900
10.239999771118164 10.239999771118164 10.229999542236328 10.239999771118164 11600
10.25 10.25 10.229999542236328 10.229999542236328 700
10.260000228881836 10.260000228881836 10.229999542236328 10.229999542236328 1000
10.229999542236328 10.229999542236328 10.229999542236328 10.229999542236328 0
10.239999771118164 10.239999771118164 10.239999771118164 10.239999771118164 2400
10.25 10.25 10.229999542236328 10.229999542236328 300
10.229999542236328 10.229999542236328 10.229999542236328 10.229999542236328 0
10.229999542236328 10.229999542236328 10.229999542236328 10.229999542236328 0
10.239999771118164 10.239999771118164 10.239999771118164 10.239999771118164 4300
10.239999771118164 10.239999771118164 10.239999771118164 10.239999771118164 400
10.244999885559082 10.244999885559082 10.244999885559082 10.244999885559082 400
10.244999885559082 10.244999885559082 10.244999885559082 10.244999885559082 0
10.239999771118164 10.239999771118164 10.239999771118164 10.239999771118164 6000
10.239999771118164 10.239999771118164 10.239999771118164 10.239999771118164 1100
10.239999771118164 10.239999771118164 10.239999771118164 10.239999771118164 0
10.239999771118164 10.239999771118164 10.239999771118164 10.239999771118164 0
10.239999771118164 10.239999771118164 10.239999771118164 10.239999771118164 0
10.25 10.25 10.25 10.25 900
10.25 10.25 10.25 10.25 0
10.25 10.25 10.25 10.25 0
10.260000228881836 10.260000228881836 10.260000228881836 10.260000228881836 10900
10.260000228881836 10.260000228881836 10.260000228881836 10.260000228881836 0
10.260000228881836 10.260000228881836 10.260000228881836 10.260000228881836 0
10.260000228881836 10.260000228881836 10.260000228881836 10.260000228881836 0
10.260000228881836 10.260000228881836 10.260000228881836 10.260000228881836 0
10.260000228881836 10.260000228881836 10.260000228881836 10.260000228881836 0
10.260000228881836 10.260000228881836 10.260000228881836 10.260000228881836 0
10.260000228881836 10.260000228881836 10.260000228881836 10.260000228881836 0
10.260000228881836 10.260000228881836 10.260000228881836 10.260000228881836 0
10.279000282287598 10.279999732971191 10.274999618530273 10.279999732971191 13000
10.279999732971191 10.279999732971191 10.279999732971191 10.279999732971191 0
10.289999961853027 10.289999961853027 10.289999961853027 10.289999961853027 400
10.289999961853027 10.289999961853027 10.289999961853027 10.289999961853027 0
10.289999961853027 10.289999961853027 10.289999961853027 10.289999961853027 0
10.289999961853027 10.289999961853027 10.289999961853027 10.289999961853027 0
10.289999961853027 10.289999961853027 10.289999961853027 10.289999961853027 300
10.300000190734863 10.300000190734863 10.289999961853027 10.289999961853027 16600
10.300000190734863 10.300000190734863 10.300000190734863 10.300000190734863 100
10.289999961853027 10.305000305175781 10.289999961853027 10.300000190734863 22800
10.300000190734863 10.300000190734863 10.300000190734863 10.300000190734863 3700
10.300000190734863 10.300000190734863 10.300000190734863 10.300000190734863 0
10.300000190734863 10.300000190734863 10.300000190734863 10.300000190734863 0
10.300000190734863 10.300000190734863 10.300000190734863 10.300000190734863 0
10.300000190734863 10.300000190734863 10.300000190734863 10.300000190734863 0
10.3100004196167 10.3100004196167 10.305000305175781 10.3100004196167 15500
10.300000190734863 10.300000190734863 10.300000190734863 10.300000190734863 2500
10.300000190734863 10.305000305175781 10.300000190734863 10.300000190734863 200
10.300000190734863 10.300000190734863 10.300000190734863 10.300000190734863 100
10.3100004196167 10.3100004196167 10.3100004196167 10.3100004196167 700
10.3100004196167 10.3100004196167 10.3100004196167 10.3100004196167 100
10.319999694824219 10.319999694824219 10.319999694824219 10.319999694824219 1100
10.319999694824219 10.319999694824219 10.319999694824219 10.319999694824219 0
10.329999923706055 10.329999923706055 10.329999923706055 10.329999923706055 11000
10.329999923706055 10.329999923706055 10.329999923706055 10.329999923706055 0
10.335000038146973 10.34000015258789 10.335000038146973 10.34000015258789 7500
10.333000183105469 10.333000183105469 10.333000183105469 10.333000183105469 600
10.333000183105469 10.333000183105469 10.333000183105469 10.333000183105469 0
10.333000183105469 10.333000183105469 10.333000183105469 10.333000183105469 0
10.329999923706055 10.329999923706055 10.329999923706055 10.329999923706055 1400
10.34000015258789 10.34000015258789 10.34000015258789 10.34000015258789 1000
10.34000015258789 10.34000015258789 10.34000015258789 10.34000015258789 0
10.34000015258789 10.34000015258789 10.34000015258789 10.34000015258789 200
10.34000015258789 10.34000015258789 10.34000015258789 10.34000015258789 400
10.34000015258789 10.34000015258789 10.34000015258789 10.34000015258789 0
10.350000381469727 10.350000381469727 10.329999923706055 10.350000381469727 4100
10.350000381469727 10.350000381469727 10.34000015258789 10.34000015258789 3000
10.350000381469727 10.350000381469727 10.350000381469727 10.350000381469727 500
10.350000381469727 10.350000381469727 10.34000015258789 10.34000015258789 3300
10.359999656677246 10.359999656677246 10.359999656677246 10.359999656677246 600
10.359999656677246 10.359999656677246 10.359999656677246 10.359999656677246 2700
10.359999656677246 10.359999656677246 10.34000015258789 10.350000381469727 42700
10.350000381469727 10.354999542236328 10.350000381469727 10.354999542236328 19400
10.359999656677246 10.359999656677246 10.359999656677246 10.359999656677246 400
10.359999656677246 10.359999656677246 10.359999656677246 10.359999656677246 0
10.359999656677246 10.359999656677246 10.359999656677246 10.359999656677246 9000
10.369999885559082 10.369999885559082 10.359999656677246 10.359999656677246 30600
10.359999656677246 10.359999656677246 10.359999656677246 10.359999656677246 0
10.359999656677246 10.359999656677246 10.359999656677246 10.359999656677246 0
10.359999656677246 10.359999656677246 10.359999656677246 10.359999656677246 0
10.359999656677246 10.359999656677246 10.359999656677246 10.359999656677246 300
10.359999656677246 10.359999656677246 10.359999656677246 10.359999656677246 11700
10.369999885559082 10.369999885559082 10.359999656677246 10.369999885559082 1700
10.359999656677246 10.359999656677246 10.359999656677246 10.359999656677246 11200
10.359999656677246 10.359999656677246 10.359999656677246 10.359999656677246 11900
10.369999885559082 10.369999885559082 10.369999885559082 10.369999885559082 4600
10.390000343322754 10.390000343322754 10.369999885559082 10.380000114440918 19200
10.380000114440918 10.380000114440918 10.380000114440918 10.380000114440918 0
10.390000343322754 10.399999618530273 10.390000343322754 10.399999618530273 11200
10.399999618530273 10.399999618530273 10.399999618530273 10.399999618530273 0
10.399999618530273 10.40999984741211 10.399999618530273 10.40999984741211 2000
10.399999618530273 10.40999984741211 10.399999618530273 10.399999618530273 5900
10.40999984741211 10.40999984741211 10.40999984741211 10.40999984741211 700
10.399999618530273 10.399999618530273 10.399999618530273 10.399999618530273 356800
10.420000076293945 10.420000076293945 10.399999618530273 10.399999618530273 6500
10.420000076293945 10.420000076293945 10.420000076293945 10.420000076293945 200
10.420000076293945 10.420000076293945 10.420000076293945 10.420000076293945 0
10.40999984741211 10.40999984741211 10.40999984741211 10.40999984741211 151000
10.40999984741211 10.40999984741211 10.40999984741211 10.40999984741211 0
10.413999557495117 10.420000076293945 10.399999618530273 10.420000076293945 41900
10.420000076293945 10.420000076293945 10.420000076293945 10.420000076293945 0
10.420000076293945 10.420000076293945 10.420000076293945 10.420000076293945 200
10.4399995803833 10.4399995803833 10.4399995803833 10.4399995803833 100
10.430000305175781 10.430000305175781 10.430000305175781 10.430000305175781 400
10.430000305175781 10.430000305175781 10.420000076293945 10.430000305175781 191100
10.430000305175781 10.430000305175781 10.430000305175781 10.430000305175781 17800
10.430000305175781 10.430000305175781 10.420000076293945 10.420000076293945 29700
10.420000076293945 10.420000076293945 10.40999984741211 10.420000076293945 43800
10.420000076293945 10.420000076293945 10.40999984741211 10.40999984741211 60700
10.420000076293945 10.4399995803833 10.40999984741211 10.4399995803833 35800
10.4399995803833 10.4399995803833 10.4399995803833 10.4399995803833 0
10.460000038146973 10.479999542236328 10.399999618530273 10.449999809265137 656200
10.449999809265137 10.460000038146973 10.449999809265137 10.449999809265137 118400
10.449999809265137 10.449999809265137 10.449999809265137 10.449999809265137 0
10.449999809265137 10.449999809265137 10.449999809265137 10.449999809265137 0
10.479999542236328 10.479999542236328 10.479999542236328 10.479999542236328 140000
10.550000190734863 10.5600004196167 10.460000038146973 10.460000038146973 1900
10.5 10.5 10.5 10.5 400
10.5 10.5 10.5 10.5 0
10.5 10.5 10.5 10.5 0
10.460000038146973 10.460000038146973 10.4399995803833 10.4399995803833 2500
10.4399995803833 10.4399995803833 10.4399995803833 10.4399995803833 100
10.4399995803833 10.4399995803833 10.4399995803833 10.4399995803833 1200
10.4399995803833 10.4399995803833 10.4399995803833 10.4399995803833 0
10.4399995803833 10.4399995803833 10.4399995803833 10.4399995803833 200
10.4399995803833 10.4399995803833 10.4399995803833 10.4399995803833 0
10.489999771118164 10.489999771118164 10.489999771118164 10.489999771118164 400
10.489999771118164 10.489999771118164 10.489999771118164 10.489999771118164 0
10.4399995803833 10.4399995803833 10.4399995803833 10.4399995803833 100
10.4399995803833 10.4399995803833 10.4399995803833 10.4399995803833 0
10.4399995803833 10.4399995803833 10.4399995803833 10.4399995803833 0
10.4399995803833 10.4399995803833 10.4399995803833 10.4399995803833 0
10.510000228881836 10.510000228881836 10.510000228881836 10.510000228881836 200
10.510000228881836 10.510000228881836 10.510000228881836 10.510000228881836 0
10.510000228881836 10.510000228881836 10.510000228881836 10.510000228881836 0
10.510000228881836 10.510000228881836 10.510000228881836 10.510000228881836 0
10.4399995803833 10.4399995803833 10.4399995803833 10.4399995803833 200
10.4399995803833 10.4399995803833 10.4399995803833 10.4399995803833 8500
10.4399995803833 10.4399995803833 10.4399995803833 10.4399995803833 0
10.4399995803833 10.4399995803833 10.4399995803833 10.4399995803833 0
10.4399995803833 10.4399995803833 10.4399995803833 10.4399995803833 0
10.4399995803833 10.4399995803833 10.4399995803833 10.4399995803833 0
10.4399995803833 10.4399995803833 10.4399995803833 10.4399995803833 100
10.4399995803833 10.4399995803833 10.4399995803833 10.4399995803833 100
10.4399995803833 10.4399995803833 10.4399995803833 10.4399995803833 600
10.4399995803833 10.4399995803833 10.4399995803833 10.4399995803833 200
10.4399995803833 10.4399995803833 10.4399995803833 10.4399995803833 0
10.4399995803833 10.4399995803833 10.4399995803833 10.4399995803833 0
10.4399995803833 10.4399995803833 10.4399995803833 10.4399995803833 300
10.4399995803833 10.4399995803833 10.4399995803833 10.4399995803833 500
10.449999809265137 10.449999809265137 10.449999809265137 10.449999809265137 200
10.449999809265137 10.449999809265137 10.449999809265137 10.449999809265137 0
10.449999809265137 10.449999809265137 10.449999809265137 10.449999809265137 0
10.449999809265137 10.449999809265137 10.449999809265137 10.449999809265137 100
10.479999542236328 10.479999542236328 10.470000267028809 10.479999542236328 1600
10.479999542236328 10.520000457763672 10.479999542236328 10.520000457763672 124100
10.520000457763672 10.520000457763672 10.520000457763672 10.520000457763672 0
10.520000457763672 10.520000457763672 10.520000457763672 10.520000457763672 0
10.529999732971191 10.569999694824219 10.529999732971191 10.550000190734863 10400
10.5600004196167 10.569999694824219 10.5600004196167 10.569999694824219 900
10.550000190734863 10.550000190734863 10.550000190734863 10.550000190734863 1000
10.569999694824219 10.585000038146973 10.569999694824219 10.585000038146973 1900
10.579999923706055 10.59000015258789 10.579999923706055 10.59000015258789 1600
10.59000015258789 10.59000015258789 10.59000015258789 10.59000015258789 0
10.579999923706055 10.579999923706055 10.579999923706055 10.579999923706055 400
10.59000015258789 10.600000381469727 10.59000015258789 10.600000381469727 2700
10.619999885559082 10.619999885559082 10.619999885559082 10.619999885559082 300
10.619999885559082 10.619999885559082 10.600000381469727 10.600000381469727 134900
10.59000015258789 10.59000015258789 10.579999923706055 10.59000015258789 2300
10.59000015258789 10.59000015258789 10.59000015258789 10.59000015258789 200
10.619999885559082 10.619999885559082 10.604999542236328 10.609999656677246 1000
10.609999656677246 10.609999656677246 10.609999656677246 10.609999656677246 0
10.619999885559082 10.619999885559082 10.614999771118164 10.619999885559082 120500
10.619999885559082 10.619999885559082 10.619999885559082 10.619999885559082 0
10.609999656677246 10.609999656677246 10.609999656677246 10.609999656677246 1500
10.609999656677246 10.609999656677246 10.609999656677246 10.609999656677246 1200
10.609999656677246 10.609999656677246 10.609999656677246 10.609999656677246 0
10.625 10.625 10.625 10.625 100
10.625 10.625 10.625 10.625 100
10.625 10.625 10.625 10.625 0
10.625 10.625 10.625 10.625 100
10.625 10.625 10.625 10.625 0
10.630000114440918 10.630000114440918 10.630000114440918 10.630000114440918 100
10.630000114440918 10.630000114440918 10.630000114440918 10.630000114440918 0
10.630000114440918 10.630000114440918 10.630000114440918 10.630000114440918 0
10.630000114440918 10.630000114440918 10.630000114440918 10.630000114440918 200
10.630000114440918 10.630000114440918 10.630000114440918 10.630000114440918 0
10.649999618530273 10.680000305175781 10.649999618530273 10.675000190734863 42700
10.670000076293945 10.670000076293945 10.670000076293945 10.670000076293945 2700
10.680000305175781 10.6899995803833 10.680000305175781 10.6899995803833 2100
10.699999809265137 10.699999809265137 10.6899995803833 10.6899995803833 1200
10.6899995803833 10.6899995803833 10.6899995803833 10.6899995803833 0
10.6899995803833 10.6899995803833 10.6899995803833 10.6899995803833 0
10.6899995803833 10.6899995803833 10.6899995803833 10.6899995803833 100
10.6899995803833 10.6899995803833 10.6899995803833 10.6899995803833 0
10.6899995803833 10.6899995803833 10.6899995803833 10.6899995803833 0
10.649999618530273 10.649999618530273 10.649999618530273 10.649999618530273 100
10.649999618530273 10.649999618530273 10.649999618530273 10.649999618530273 0
10.649999618530273 10.649999618530273 10.649999618530273 10.649999618530273 0
10.649999618530273 10.649999618530273 10.649999618530273 10.649999618530273 0
10.649999618530273 10.649999618530273 10.649999618530273 10.649999618530273 0
10.649999618530273 10.649999618530273 10.649999618530273 10.649999618530273 100
10.649999618530273 10.649999618530273 10.649999618530273 10.649999618530273 100
10.649999618530273 10.649999618530273 10.649999618530273 10.649999618530273 100
10.649999618530273 10.649999618530273 10.649999618530273 10.649999618530273 100
10.65999984741211 10.65999984741211 10.65999984741211 10.65999984741211 1400
10.729999542236328 10.729999542236328 10.729999542236328 10.729999542236328 600
10.65999984741211 10.65999984741211 10.649999618530273 10.65999984741211 6500
10.65999984741211 10.65999984741211 10.65999984741211 10.65999984741211 0
10.6899995803833 10.6899995803833 10.6899995803833 10.6899995803833 100
10.710000038146973 10.729999542236328 10.694999694824219 10.729999542236328 6000
10.729999542236328 10.729999542236328 10.729999542236328 10.729999542236328 0
10.680000305175781 10.729999542236328 10.680000305175781 10.729999542236328 7100
10.729999542236328 10.729999542236328 10.729999542236328 10.729999542236328 0
10.739999771118164 10.739999771118164 10.729999542236328 10.739999771118164 4000
10.699999809265137 10.739999771118164 10.699999809265137 10.739999771118164 1800
10.739999771118164 10.739999771118164 10.739999771118164 10.739999771118164 0
10.739999771118164 10.739999771118164 10.739999771118164 10.739999771118164 0
10.739999771118164 10.739999771118164 10.739999771118164 10.739999771118164 0
10.739999771118164 10.739999771118164 10.739999771118164 10.739999771118164 0
10.739999771118164 10.739999771118164 10.739999771118164 10.739999771118164 0
10.699999809265137 10.699999809265137 10.699999809265137 10.699999809265137 100
10.699999809265137 10.699999809265137 10.699999809265137 10.699999809265137 0
10.699999809265137 10.739999771118164 10.699999809265137 10.699999809265137 400
10.75 10.75 10.75 10.75 3400
10.75 10.75 10.75 10.75 0
10.699999809265137 10.699999809265137 10.699999809265137 10.699999809265137 100
10.744999885559082 10.744999885559082 10.739999771118164 10.739999771118164 1000
10.699999809265137 10.699999809265137 10.699999809265137 10.699999809265137 100
10.75 10.75 10.710000038146973 10.729999542236328 400
10.75 10.770000457763672 10.75 10.770000457763672 5700
10.739999771118164 10.739999771118164 10.739999771118164 10.739999771118164 700
10.789999961853027 10.789999961853027 10.789999961853027 10.789999961853027 500
10.739999771118164 10.739999771118164 10.739999771118164 10.739999771118164 300
10.739999771118164 10.739999771118164 10.739999771118164 10.739999771118164 0
10.739999771118164 10.739999771118164 10.739999771118164 10.739999771118164 0
10.795000076293945 10.800000190734863 10.795000076293945 10.800000190734863 300
10.850000381469727 10.850000381469727 10.850000381469727 10.850000381469727 2600
10.880000114440918 10.920000076293945 10.880000114440918 10.920000076293945 1400
10.88700008392334 10.88700008392334 10.88700008392334 10.88700008392334 300
10.88700008392334 10.88700008392334 10.88700008392334 10.88700008392334 0
10.920000076293945 10.970000267028809 10.920000076293945 10.9399995803833 118100
10.9399995803833 10.9399995803833 10.9399995803833 10.9399995803833 0
10.9399995803833 10.9399995803833 10.9399995803833 10.9399995803833 0
10.9399995803833 10.9399995803833 10.9399995803833 10.9399995803833 0
10.899999618530273 10.899999618530273 10.899999618530273 10.899999618530273 1800
10.899999618530273 10.899999618530273 10.899999618530273 10.899999618530273 0
10.899999618530273 10.930000305175781 10.899999618530273 10.930000305175781 800
10.920000076293945 10.979999542236328 10.920000076293945 10.920000076293945 70000
10.920000076293945 10.920000076293945 10.920000076293945 10.920000076293945 100
10.819999694824219 10.819999694824219 10.800000190734863 10.800000190734863 700
10.800000190734863 10.800000190734863 10.800000190734863 10.800000190734863 0
10.800000190734863 10.800000190734863 10.800000190734863 10.800000190734863 0
10.800000190734863 10.800000190734863 10.800000190734863 10.800000190734863 0
10.869999885559082 10.930000305175781 10.859999656677246 10.930000305175781 7900
10.930000305175781 10.930000305175781 10.930000305175781 10.930000305175781 0
10.930000305175781 10.930000305175781 10.930000305175781 10.930000305175781 100
10.904999732971191 10.904999732971191 10.904999732971191 10.904999732971191 800
10.904999732971191 10.904999732971191 10.904999732971191 10.904999732971191 0
10.904999732971191 10.904999732971191 10.904999732971191 10.904999732971191 0
10.904999732971191 10.904999732971191 10.904999732971191 10.904999732971191 0
10.904999732971191 10.904999732971191 10.904999732971191 10.904999732971191 0
10.904999732971191 10.904999732971191 10.904999732971191 10.904999732971191 0
10.9399995803833 10.9399995803833 10.9399995803833 10.9399995803833 2200
10.9399995803833 10.9399995803833 10.9399995803833 10.9399995803833 0
10.9399995803833 10.9399995803833 10.9399995803833 10.9399995803833 100
10.9399995803833 10.9399995803833 10.9399995803833 10.9399995803833 0
10.890000343322754 10.890000343322754 10.890000343322754 10.890000343322754 300
10.890000343322754 10.890000343322754 10.890000343322754 10.890000343322754 0
10.890000343322754 10.890000343322754 10.890000343322754 10.890000343322754 0
10.890000343322754 10.890000343322754 10.890000343322754 10.890000343322754 0
10.890000343322754 10.890000343322754 10.890000343322754 10.890000343322754 0
10.890000343322754 10.890000343322754 10.890000343322754 10.890000343322754 0
10.9399995803833 10.9399995803833 10.930000305175781 10.930000305175781 3900
10.9399995803833 10.949999809265137 10.9399995803833 10.949999809265137 9100
10.949999809265137 10.949999809265137 10.949999809265137 10.949999809265137 0
10.949999809265137 10.949999809265137 10.949999809265137 10.949999809265137 0
10.949999809265137 10.949999809265137 10.949999809265137 10.949999809265137 100
10.949999809265137 10.949999809265137 10.949999809265137 10.949999809265137 0
10.949999809265137 10.949999809265137 10.949999809265137 10.949999809265137 0
10.949999809265137 10.949999809265137 10.949999809265137 10.949999809265137 100
10.949999809265137 10.949999809265137 10.949999809265137 10.949999809265137 0
10.949999809265137 10.949999809265137 10.949999809265137 10.949999809265137 100
10.979999542236328 11.503000259399414 10.979999542236328 11.100000381469727 20500
11.100000381469727 11.100000381469727 11.100000381469727 11.100000381469727 0
11.100000381469727 11.100000381469727 11.100000381469727 11.100000381469727 0
11.050000190734863 11.050000190734863 11.050000190734863 11.050000190734863 1100
11.09000015258789 11.100000381469727 11.079999923706055 11.079999923706055 3600
11.0600004196167 11.09000015258789 11.0600004196167 11.079999923706055 22600
11.079999923706055 11.079999923706055 11.079999923706055 11.079999923706055 0
11.0 11.0 11.0 11.0 200
11.079999923706055 11.119999885559082 11.079999923706055 11.119999885559082 5700
11.0600004196167 11.069999694824219 11.050000190734863 11.050000190734863 10400
11.050000190734863 11.0600004196167 11.050000190734863 11.050000190734863 7400
11.050000190734863 11.050000190734863 11.050000190734863 11.050000190734863 100
11.050000190734863 11.050000190734863 11.050000190734863 11.050000190734863 0
11.09000015258789 11.09000015258789 11.09000015258789 11.09000015258789 100
11.09000015258789 11.09000015258789 11.09000015258789 11.09000015258789 0
11.140000343322754 11.869999885559082 11.0649995803833 11.199999809265137 17500
11.199999809265137 11.199999809265137 11.199999809265137 11.199999809265137 100
11.199999809265137 11.199999809265137 11.199999809265137 11.199999809265137 100
11.0600004196167 11.09000015258789 11.0600004196167 11.0600004196167 11800
11.0600004196167 11.0600004196167 11.0600004196167 11.0600004196167 0
11.09000015258789 11.09000015258789 11.09000015258789 11.09000015258789 200
11.09000015258789 11.09000015258789 11.09000015258789 11.09000015258789 0
11.239999771118164 11.25 11.229999542236328 11.25 53300
11.175000190734863 11.175000190734863 11.175000190734863 11.175000190734863 100
11.175000190734863 11.175000190734863 11.175000190734863 11.175000190734863 0
11.175000190734863 11.175000190734863 11.175000190734863 11.175000190734863 0
11.175000190734863 11.175000190734863 11.175000190734863 11.175000190734863 0
11.25 11.25 11.25 11.25 1200
11.25 11.25 11.25 11.25 0
11.25 11.25 11.25 11.25 0
11.15999984741211 11.15999984741211 11.15999984741211 11.15999984741211 100
11.300000190734863 11.300000190734863 11.270000457763672 11.270000457763672 107100
11.270000457763672 11.270000457763672 11.270000457763672 11.270000457763672 0
11.270000457763672 11.270000457763672 11.270000457763672 11.270000457763672 0
11.270000457763672 11.270000457763672 11.270000457763672 11.270000457763672 0
11.270000457763672 11.270000457763672 11.270000457763672 11.270000457763672 0
11.1899995803833 11.1899995803833 11.170000076293945 11.170000076293945 1900
11.170000076293945 11.170000076293945 11.170000076293945 11.170000076293945 0
11.170000076293945 11.170000076293945 11.170000076293945 11.170000076293945 0
11.170000076293945 11.170000076293945 11.170000076293945 11.170000076293945 0
11.170000076293945 11.170000076293945 11.170000076293945 11.170000076293945 0
11.170000076293945 11.170000076293945 11.170000076293945 11.170000076293945 0
11.170000076293945 11.170000076293945 11.170000076293945 11.170000076293945 500
11.260000228881836 11.593000411987305 11.239999771118164 11.25 188900
11.25 11.25 11.170000076293945 11.170000076293945 10400
11.170000076293945 11.170000076293945 11.170000076293945 11.170000076293945 0
11.170000076293945 11.170000076293945 11.170000076293945 11.170000076293945 200
11.170000076293945 11.170000076293945 11.170000076293945 11.170000076293945 0
11.170000076293945 11.170000076293945 11.170000076293945 11.170000076293945 0
11.25 11.25 11.25 11.25 3500
11.260000228881836 11.260000228881836 11.260000228881836 11.260000228881836 300
11.260000228881836 11.260000228881836 11.260000228881836 11.260000228881836 0
11.25 11.25 11.25 11.25 100
11.359999656677246 11.359999656677246 11.260000228881836 11.260000228881836 1600
11.260000228881836 11.260000228881836 11.260000228881836 11.260000228881836 0
11.510000228881836 11.739999771118164 11.291999816894531 11.34000015258789 178700
11.479999542236328 11.489999771118164 11.414999961853027 11.414999961853027 1200
11.479999542236328 11.489999771118164 11.470000267028809 11.470000267028809 800
11.470000267028809 11.470000267028809 11.25 11.25 602000
11.260000228881836 11.260000228881836 11.199999809265137 11.199999809265137 66700
11.029999732971191 11.029999732971191 10.092000007629395 10.729999542236328 24400
10.989999771118164 11.199999809265137 10.699999809265137 10.920000076293945 24600
11.010000228881836 11.510000228881836 10.75 10.930000305175781 4100
9.920000076293945 11.260000228881836 9.920000076293945 11.260000228881836 5800
10.989999771118164 11.149999618530273 10.699999809265137 10.960000038146973 31300
12.170000076293945 13.5 7.75 7.75 166800
7.03000020980835 7.03000020980835 5.769999980926514 6.690000057220459 33100
6.53000020980835 6.980000019073486 5.5 6.329999923706055 19373
