10.0 10.048999786376953 9.699999809265137 9.850000381469727 1053100
9.850000381469727 9.850000381469727 9.850000381469727 9.850000381469727 500
9.84000015258789 9.850000381469727 9.829999923706055 9.845000267028809 789700
9.84000015258789 9.859999656677246 9.84000015258789 9.850000381469727 146000
9.84000015258789 9.859999656677246 9.84000015258789 9.845000267028809 157200
9.850000381469727 9.859999656677246 9.850000381469727 9.859999656677246 137000
9.899999618530273 9.899999618530273 9.850000381469727 9.859999656677246 62600
9.859999656677246 9.861000061035156 9.829999923706055 9.850000381469727 17800
9.850000381469727 9.850000381469727 9.850000381469727 9.850000381469727 3200
9.84000015258789 9.859999656677246 9.829999923706055 9.835000038146973 6300
9.859999656677246 9.869999885559082 9.850000381469727 9.850000381469727 23400
9.850000381469727 9.869999885559082 9.824999809265137 9.84000015258789 67700
9.84000015258789 9.84000015258789 9.84000015258789 9.84000015258789 0
9.84000015258789 9.869999885559082 9.84000015258789 9.850000381469727 1000
9.829999923706055 9.869999885559082 9.800000190734863 9.850000381469727 34100
9.829999923706055 9.869999885559082 9.829999923706055 9.850000381469727 8400
9.850000381469727 9.850000381469727 9.850000381469727 9.850000381469727 0
9.850000381469727 9.859999656677246 9.850000381469727 9.859999656677246 3200
9.829999923706055 9.829999923706055 9.829999923706055 9.829999923706055 300
9.859999656677246 9.859999656677246 9.859999656677246 9.859999656677246 21200
9.829999923706055 9.84000015258789 9.8100004196167 9.819999694824219 2200
9.822999954223633 9.850000381469727 9.822999954223633 9.850000381469727 2500
9.859999656677246 9.869999885559082 9.859999656677246 9.869999885559082 17500
9.949999809265137 9.949999809265137 9.850000381469727 9.869999885559082 235100
9.880000114440918 9.880000114440918 9.859999656677246 9.880000114440918 317000
9.880000114440918 9.880000114440918 9.880000114440918 9.880000114440918 0
9.880000114440918 9.880000114440918 9.880000114440918 9.880000114440918 0
9.869999885559082 9.880000114440918 9.859999656677246 9.859999656677246 19400
9.880000114440918 9.895000457763672 9.869999885559082 9.880000114440918 329500
9.880000114440918 9.880000114440918 9.880000114440918 9.880000114440918 2200
9.869999885559082 9.869999885559082 9.859999656677246 9.859999656677246 2100
9.880000114440918 9.880000114440918 9.869999885559082 9.880000114440918 23300
9.880000114440918 9.880000114440918 9.880000114440918 9.880000114440918 0
9.880000114440918 9.880000114440918 9.880000114440918 9.880000114440918 8500
9.880000114440918 9.880000114440918 9.859999656677246 9.880000114440918 24000
9.880000114440918 9.880999565124512 9.850000381469727 9.850000381469727 48700
9.880999565124512 9.880999565124512 9.869999885559082 9.869999885559082 8600
9.84000015258789 9.890000343322754 9.84000015258789 9.880000114440918 10300
9.850000381469727 9.850000381469727 9.850000381469727 9.850000381469727 400
9.854999542236328 9.854999542236328 9.854999542236328 9.854999542236328 500
9.890000343322754 9.890000343322754 9.890000343322754 9.890000343322754 300
9.890000343322754 9.890000343322754 9.890000343322754 9.890000343322754 0
9.890000343322754 9.890000343322754 9.890000343322754 9.890000343322754 0
9.890000343322754 9.890000343322754 9.890000343322754 9.890000343322754 0
9.890000343322754 9.890000343322754 9.890000343322754 9.890000343322754 0
9.90999984741211 9.90999984741211 9.90999984741211 9.90999984741211 100
9.90999984741211 9.90999984741211 9.90999984741211 9.90999984741211 0
9.90999984741211 9.90999984741211 9.90999984741211 9.90999984741211 0
9.90999984741211 9.90999984741211 9.890000343322754 9.890000343322754 2600
9.890000343322754 9.890000343322754 9.890000343322754 9.890000343322754 0
9.890000343322754 9.890000343322754 9.890000343322754 9.890000343322754 0
9.899999618530273 9.904999732971191 9.899999618530273 9.899999618530273 49600
9.90999984741211 9.90999984741211 9.90999984741211 9.90999984741211 600
9.90999984741211 9.930000305175781 9.899999618530273 9.899999618530273 2600
9.899999618530273 9.899999618530273 9.899999618530273 9.899999618530273 0
9.899999618530273 9.899999618530273 9.899999618530273 9.899999618530273 200
9.890000343322754 9.890000343322754 9.890000343322754 9.890000343322754 10400
9.920000076293945 9.920000076293945 9.880000114440918 9.880000114440918 24800
9.880000114440918 9.880000114440918 9.880000114440918 9.880000114440918 0
9.890000343322754 9.890000343322754 9.890000343322754 9.890000343322754 100
9.899999618530273 9.920000076293945 9.895000457763672 9.914999961853027 33900
10.895000457763672 10.895000457763672 9.90999984741211 9.90999984741211 1600
9.930000305175781 9.930000305175781 9.90999984741211 9.920000076293945 10600
9.920000076293945 9.920000076293945 9.920000076293945 9.920000076293945 0
9.90999984741211 9.90999984741211 9.90999984741211 9.90999984741211 50600
9.90999984741211 9.90999984741211 9.90999984741211 9.90999984741211 0
9.90999984741211 9.90999984741211 9.90999984741211 9.90999984741211 0
9.90999984741211 9.90999984741211 9.90999984741211 9.90999984741211 400
9.920000076293945 9.920000076293945 9.920000076293945 9.920000076293945 200
9.920000076293945 9.920000076293945 9.920000076293945 9.920000076293945 0
9.920000076293945 9.920000076293945 9.920000076293945 9.920000076293945 0
9.920000076293945 9.920000076293945 9.920000076293945 9.920000076293945 0
9.920000076293945 9.920000076293945 9.920000076293945 9.920000076293945 0
9.920000076293945 9.920000076293945 9.920000076293945 9.920000076293945 0
9.920000076293945 9.920000076293945 9.920000076293945 9.920000076293945 0
9.920000076293945 9.920000076293945 9.920000076293945 9.920000076293945 0
9.920000076293945 9.920000076293945 9.920000076293945 9.920000076293945 0
9.920000076293945 9.920000076293945 9.920000076293945 9.920000076293945 0
9.920000076293945 9.920000076293945 9.920000076293945 9.920000076293945 0
9.920000076293945 9.920000076293945 9.920000076293945 9.920000076293945 0
9.920000076293945 9.920000076293945 9.920000076293945 9.920000076293945 0
9.920000076293945 9.920000076293945 9.920000076293945 9.920000076293945 0
9.920000076293945 9.920000076293945 9.920000076293945 9.920000076293945 0
9.920000076293945 9.920000076293945 9.920000076293945 9.920000076293945 0
9.9399995803833 9.9399995803833 9.9399995803833 9.9399995803833 315500
9.9399995803833 9.9399995803833 9.9399995803833 9.9399995803833 100
9.9399995803833 9.9399995803833 9.9399995803833 9.9399995803833 47300
9.989999771118164 9.989999771118164 9.949999809265137 9.949999809265137 400
9.949999809265137 9.949999809265137 9.949999809265137 9.949999809265137 0
9.949999809265137 9.949999809265137 9.949999809265137 9.949999809265137 0
9.949999809265137 9.960000038146973 9.949999809265137 9.960000038146973 700
9.970000267028809 9.970000267028809 9.960000038146973 9.970000267028809 6900
10.0 10.0 10.0 10.0 200
10.0 10.0 10.0 10.0 0
10.0 10.0 10.0 10.0 0
10.0 10.0 10.0 10.0 0
9.979999542236328 10.994999885559082 9.960000038146973 10.75 322500
9.960000038146973 9.960000038146973 9.960000038146973 9.960000038146973 700
9.970000267028809 9.970000267028809 9.970000267028809 9.970000267028809 15500
9.970000267028809 9.970000267028809 9.970000267028809 9.970000267028809 0
9.970000267028809 9.970000267028809 9.970000267028809 9.970000267028809 0
9.970000267028809 9.970000267028809 9.970000267028809 9.970000267028809 33700
9.970000267028809 9.970000267028809 9.970000267028809 9.970000267028809 0
9.970000267028809 9.970000267028809 9.970000267028809 9.970000267028809 0
9.979999542236328 9.979999542236328 9.970000267028809 9.979999542236328 100800
10.010000228881836 10.010000228881836 9.979999542236328 9.979999542236328 7800
9.979999542236328 9.989999771118164 9.970000267028809 9.989999771118164 91700
9.989999771118164 9.989999771118164 9.989999771118164 9.989999771118164 0
9.970000267028809 9.970000267028809 9.960000038146973 9.970000267028809 25300
9.960000038146973 9.970000267028809 9.960000038146973 9.960000038146973 6400
9.960000038146973 9.960000038146973 9.960000038146973 9.960000038146973 0
9.960000038146973 9.960000038146973 9.960000038146973 9.960000038146973 0
9.960000038146973 9.960000038146973 9.960000038146973 9.960000038146973 0
9.970000267028809 9.979999542236328 9.970000267028809 9.979999542236328 4000
9.979999542236328 9.979999542236328 9.979999542236328 9.979999542236328 2400
9.979999542236328 9.979999542236328 9.979999542236328 9.979999542236328 0
9.949999809265137 9.949999809265137 9.949999809265137 9.949999809265137 2800
9.949999809265137 9.949999809265137 9.949999809265137 9.949999809265137 0
9.949999809265137 9.949999809265137 9.949999809265137 9.949999809265137 2300
9.949999809265137 9.949999809265137 9.949999809265137 9.949999809265137 0
9.949999809265137 9.949999809265137 9.949999809265137 9.949999809265137 2300
9.95199966430664 9.970000267028809 9.949999809265137 9.949999809265137 9000
9.949999809265137 9.949999809265137 9.949999809265137 9.949999809265137 4600
9.970000267028809 9.970000267028809 9.970000267028809 9.970000267028809 314200
9.989999771118164 9.989999771118164 9.970000267028809 9.970000267028809 16600
9.984999656677246 9.984999656677246 9.970000267028809 9.979999542236328 19100
9.979999542236328 9.979999542236328 9.979999542236328 9.979999542236328 1200
9.979999542236328 9.979999542236328 9.979999542236328 9.979999542236328 2200
9.979999542236328 9.979999542236328 9.979999542236328 9.979999542236328 0
9.979999542236328 9.979999542236328 9.979999542236328 9.979999542236328 100
9.979999542236328 9.979999542236328 9.979999542236328 9.979999542236328 0
9.979999542236328 9.979999542236328 9.979999542236328 9.979999542236328 0
9.979999542236328 9.979999542236328 9.979999542236328 9.979999542236328 0
9.979999542236328 9.979999542236328 9.979999542236328 9.979999542236328 0
9.979999542236328 9.979999542236328 9.979999542236328 9.979999542236328 0
9.979999542236328 9.979999542236328 9.979999542236328 9.979999542236328 400
9.979999542236328 9.979999542236328 9.970000267028809 9.979999542236328 11600
9.979999542236328 9.979999542236328 9.979999542236328 9.979999542236328 0
9.979999542236328 9.979999542236328 9.979999542236328 9.979999542236328 0
9.979999542236328 9.979999542236328 9.979999542236328 9.979999542236328 0
9.979999542236328 9.979999542236328 9.979999542236328 9.979999542236328 0
9.979999542236328 9.989999771118164 9.979999542236328 9.989999771118164 600
9.989999771118164 9.989999771118164 9.989999771118164 9.989999771118164 0
9.970000267028809 9.970000267028809 9.970000267028809 9.970000267028809 500
9.970000267028809 9.970000267028809 9.970000267028809 9.970000267028809 0
9.979999542236328 9.979999542236328 9.979999542236328 9.979999542236328 200
9.970000267028809 9.984999656677246 9.970000267028809 9.984999656677246 98500
9.979999542236328 9.989999771118164 9.979999542236328 9.989999771118164 6500
9.989999771118164 9.989999771118164 9.989999771118164 9.989999771118164 0
9.989999771118164 9.989999771118164 9.989999771118164 9.989999771118164 100
9.989999771118164 9.989999771118164 9.989999771118164 9.989999771118164 0
9.989999771118164 9.989999771118164 9.989999771118164 9.989999771118164 5800
10.017999649047852 10.029999732971191 10.005000114440918 10.020000457763672 56900
10.015000343322754 10.020000457763672 10.015000343322754 10.020000457763672 1000
10.020000457763672 10.020000457763672 10.010000228881836 10.020000457763672 16100
10.008000373840332 10.008000373840332 10.008000373840332 10.008000373840332 200
10.003000259399414 10.003000259399414 10.003000259399414 10.003000259399414 200
10.010000228881836 10.010000228881836 10.0 10.0 238800
10.029999732971191 10.029999732971191 10.020000457763672 10.020000457763672 300
10.020000457763672 10.020000457763672 10.020000457763672 10.020000457763672 0
10.505000114440918 10.505000114440918 10.0600004196167 10.0600004196167 400
10.069999694824219 10.069999694824219 10.010000228881836 10.069999694824219 1000
10.079999923706055 10.079999923706055 10.079999923706055 10.079999923706055 500
10.050000190734863 10.050000190734863 10.039999961853027 10.039999961853027 100200
10.039999961853027 10.039999961853027 10.039999961853027 10.039999961853027 54800
10.050000190734863 10.050000190734863 10.032999992370605 10.039999961853027 1100
10.039999961853027 10.039999961853027 10.039999961853027 10.039999961853027 0
10.039999961853027 10.039999961853027 10.039999961853027 10.039999961853027 0
10.039999961853027 10.039999961853027 10.039999961853027 10.039999961853027 0
10.039999961853027 10.039999961853027 10.039999961853027 10.039999961853027 0
10.100000381469727 10.100000381469727 10.100000381469727 10.100000381469727 200
10.100000381469727 10.100000381469727 10.100000381469727 10.100000381469727 0
10.100000381469727 10.100000381469727 10.100000381469727 10.100000381469727 100
10.029999732971191 10.029999732971191 10.029999732971191 10.029999732971191 47100
10.029999732971191 10.029999732971191 10.029999732971191 10.029999732971191 0
10.039999961853027 10.039999961853027 10.039999961853027 10.039999961853027 600
10.039999961853027 10.039999961853027 10.039999961853027 10.039999961853027 300
10.050000190734863 10.050999641418457 10.050000190734863 10.050999641418457 2800
10.039999961853027 10.039999961853027 10.039999961853027 10.039999961853027 20900
10.039999961853027 10.039999961853027 10.039999961853027 10.039999961853027 0
10.09000015258789 10.09000015258789 10.09000015258789 10.09000015258789 500
10.09000015258789 10.09000015258789 10.09000015258789 10.09000015258789 0
10.09000015258789 10.09000015258789 10.09000015258789 10.09000015258789 0
10.069999694824219 10.069999694824219 10.029999732971191 10.029999732971191 1300
10.029999732971191 10.029999732971191 10.029999732971191 10.029999732971191 785400
10.029999732971191 10.029999732971191 10.029999732971191 10.029999732971191 0
10.029999732971191 10.029999732971191 10.029999732971191 10.029999732971191 0
10.029999732971191 10.029999732971191 10.029999732971191 10.029999732971191 0
10.029999732971191 10.029999732971191 10.029999732971191 10.029999732971191 0
10.029999732971191 10.029999732971191 10.029999732971191 10.029999732971191 0
10.029999732971191 10.029999732971191 10.029999732971191 10.029999732971191 0
10.029999732971191 10.029999732971191 10.029999732971191 10.029999732971191 0
10.029999732971191 10.029999732971191 10.029999732971191 10.029999732971191 0
10.029999732971191 10.029999732971191 10.029999732971191 10.029999732971191 0
10.029999732971191 10.029999732971191 10.029999732971191 10.029999732971191 0
10.069999694824219 10.069999694824219 10.069999694824219 10.069999694824219 400
10.069999694824219 10.069999694824219 10.069999694824219 10.069999694824219 0
10.048999786376953 10.0600004196167 10.048999786376953 10.0600004196167 400
10.0600004196167 10.0600004196167 10.0600004196167 10.0600004196167 0
10.0600004196167 10.0600004196167 10.0600004196167 10.0600004196167 0
10.0600004196167 10.0600004196167 10.0600004196167 10.0600004196167 0
10.0600004196167 10.0600004196167 10.0600004196167 10.0600004196167 0
10.0649995803833 10.069999694824219 10.0649995803833 10.069999694824219 9400
10.069999694824219 10.069999694824219 10.069999694824219 10.069999694824219 7400
10.069999694824219 10.069999694824219 10.069999694824219 10.069999694824219 0
10.069999694824219 10.069999694824219 10.069999694824219 10.069999694824219 0
10.062999725341797 10.062999725341797 10.062999725341797 10.062999725341797 1000
10.062999725341797 10.062999725341797 10.062999725341797 10.062999725341797 0
10.069999694824219 10.079999923706055 10.069999694824219 10.069999694824219 208400
10.079999923706055 10.079999923706055 10.079999923706055 10.079999923706055 23600
10.079999923706055 10.079999923706055 10.079999923706055 10.079999923706055 4100
10.079999923706055 10.079999923706055 10.069999694824219 10.079999923706055 4700
10.079999923706055 10.079999923706055 10.079999923706055 10.079999923706055 0
10.079999923706055 10.079999923706055 10.079999923706055 10.079999923706055 0
10.079999923706055 10.079999923706055 10.079999923706055 10.079999923706055 0
10.079999923706055 10.079999923706055 10.079999923706055 10.079999923706055 0
10.079999923706055 10.079999923706055 10.079999923706055 10.079999923706055 11100
10.079999923706055 10.079999923706055 10.079999923706055 10.079999923706055 100
10.079999923706055 10.079999923706055 10.079999923706055 10.079999923706055 0
10.09000015258789 10.09000015258789 10.079999923706055 10.09000015258789 7300
10.09000015258789 10.09000015258789 10.09000015258789 10.09000015258789 0
10.09000015258789 10.09000015258789 10.09000015258789 10.09000015258789 0
10.09000015258789 10.09000015258789 10.09000015258789 10.09000015258789 0
10.09000015258789 10.09000015258789 10.079999923706055 10.079999923706055 113300
10.079999923706055 10.079999923706055 10.079999923706055 10.079999923706055 0
10.079999923706055 10.079999923706055 10.079999923706055 10.079999923706055 0
10.079999923706055 10.09000015258789 10.069999694824219 10.079999923706055 72400
10.079999923706055 10.079999923706055 10.069999694824219 10.069999694824219 4500
10.069999694824219 10.069999694824219 10.069999694824219 10.069999694824219 0
10.079999923706055 10.09000015258789 10.069999694824219 10.069999694824219 45600
10.069999694824219 10.069999694824219 10.069999694824219 10.069999694824219 11300
10.079999923706055 10.079999923706055 10.079999923706055 10.079999923706055 29500
10.079999923706055 10.079999923706055 10.069999694824219 10.069999694824219 57600
10.069999694824219 10.069999694824219 10.069999694824219 10.069999694824219 0
10.079999923706055 10.09000015258789 10.079999923706055 10.09000015258789 10800
10.09000015258789 10.09000015258789 10.09000015258789 10.09000015258789 0
10.09000015258789 10.100000381469727 10.09000015258789 10.09000015258789 10600
10.100000381469727 10.100000381469727 10.100000381469727 10.100000381469727 1000
10.100000381469727 10.100000381469727 10.100000381469727 10.100000381469727 0
10.100000381469727 10.100000381469727 10.100000381469727 10.100000381469727 300
10.100000381469727 10.100000381469727 10.100000381469727 10.100000381469727 0
10.100000381469727 10.100000381469727 10.100000381469727 10.100000381469727 0
10.100000381469727 10.100000381469727 10.100000381469727 10.100000381469727 0
10.100000381469727 10.100000381469727 10.100000381469727 10.100000381469727 4000
10.149999618530273 10.170000076293945 10.149999618530273 10.170000076293945 10200
10.15999984741211 10.15999984741211 10.15999984741211 10.15999984741211 100
10.170000076293945 10.210000038146973 10.170000076293945 10.180000305175781 397300
10.180000305175781 10.199999809265137 10.180000305175781 10.194999694824219 8300
10.210000038146973 10.21500015258789 10.204999923706055 10.210000038146973 412300
10.210000038146973 10.210000038146973 10.210000038146973 10.210000038146973 105100
10.210000038146973 10.210000038146973 10.180000305175781 10.210000038146973 63700
10.210000038146973 10.210000038146973 10.210000038146973 10.210000038146973 0
10.210000038146973 10.210000038146973 10.210000038146973 10.210000038146973 0
10.210000038146973 10.210000038146973 10.210000038146973 10.210000038146973 0
10.210000038146973 10.210000038146973 10.210000038146973 10.210000038146973 0
10.180000305175781 10.180000305175781 10.180000305175781 10.180000305175781 600
10.180000305175781 10.180000305175781 10.180000305175781 10.180000305175781 0
10.180000305175781 10.180000305175781 10.180000305175781 10.180000305175781 800
10.180000305175781 10.180000305175781 10.180000305175781 10.180000305175781 0
10.229999542236328 10.239999771118164 10.229999542236328 10.239999771118164 9400
10.239999771118164 10.239999771118164 10.239999771118164 10.239999771118164 0
10.239999771118164 10.25 10.239999771118164 10.239999771118164 10300
10.199999809265137 10.210000038146973 10.1899995803833 10.1899995803833 9200
10.25 10.260000228881836 10.25 10.25 12200
10.180000305175781 10.180000305175781 10.180000305175781 10.180000305175781 1300
10.180000305175781 10.180000305175781 10.180000305175781 10.180000305175781 0
10.180000305175781 10.180000305175781 10.180000305175781 10.180000305175781 600
10.180000305175781 10.180000305175781 10.180000305175781 10.180000305175781 0
10.180000305175781 10.35200023651123 10.15999984741211 10.15999984741211 12900
10.15999984741211 10.15999984741211 10.15999984741211 10.15999984741211 0
10.15999984741211 10.15999984741211 10.15999984741211 10.15999984741211 0
10.9399995803833 10.9399995803833 10.619999885559082 10.619999885559082 600
10.619999885559082 10.619999885559082 10.619999885559082 10.619999885559082 0
10.619999885559082 10.619999885559082 10.619999885559082 10.619999885559082 0
10.619999885559082 10.619999885559082 10.619999885559082 10.619999885559082 0
10.619999885559082 10.619999885559082 10.619999885559082 10.619999885559082 400
10.239999771118164 10.25 10.15999984741211 10.210000038146973 1900
10.210000038146973 10.210000038146973 10.210000038146973 10.210000038146973 100
10.210000038146973 10.210000038146973 10.210000038146973 10.210000038146973 0
10.199999809265137 10.199999809265137 10.1899995803833 10.199999809265137 10400
10.279999732971191 10.279999732971191 10.279999732971191 10.279999732971191 100
10.279999732971191 10.279999732971191 10.279999732971191 10.279999732971191 0
10.279999732971191 10.279999732971191 10.279999732971191 10.279999732971191 0
10.279999732971191 10.279999732971191 10.279999732971191 10.279999732971191 0
10.279999732971191 10.279999732971191 10.279999732971191 10.279999732971191 0
10.279999732971191 10.279999732971191 10.279999732971191 10.279999732971191 0
10.229999542236328 10.300000190734863 10.229999542236328 10.300000190734863 900
10.300000190734863 10.300000190734863 10.300000190734863 10.300000190734863 0
10.300000190734863 10.300000190734863 10.300000190734863 10.300000190734863 0
10.300000190734863 10.300000190734863 10.300000190734863 10.300000190734863 0
10.300000190734863 10.300000190734863 10.300000190734863 10.300000190734863 0
10.300000190734863 10.300000190734863 10.300000190734863 10.300000190734863 0
10.25 10.25 10.25 10.25 100
10.25 10.25 10.25 10.25 0
10.270000457763672 10.270000457763672 10.270000457763672 10.270000457763672 100
10.300000190734863 10.300000190734863 10.289999961853027 10.300000190734863 3600
10.300000190734863 10.300000190734863 10.300000190734863 10.300000190734863 0
10.300000190734863 10.300000190734863 10.300000190734863 10.300000190734863 0
10.300000190734863 10.300000190734863 10.300000190734863 10.300000190734863 0
10.300000190734863 10.300000190734863 10.300000190734863 10.300000190734863 0
10.300000190734863 10.300000190734863 10.300000190734863 10.300000190734863 0
10.300000190734863 10.300000190734863 10.300000190734863 10.300000190734863 100
10.300000190734863 10.300000190734863 10.300000190734863 10.300000190734863 0
10.300000190734863 10.300000190734863 10.300000190734863 10.300000190734863 0
10.364999771118164 10.380000114440918 10.350000381469727 10.359999656677246 1600
10.449999809265137 10.449999809265137 10.449999809265137 10.449999809265137 200
10.350000381469727 10.449999809265137 10.350000381469727 10.449999809265137 300
10.449999809265137 10.449999809265137 10.449999809265137 10.449999809265137 0
10.350000381469727 10.350000381469727 10.350000381469727 10.350000381469727 200
10.350000381469727 10.350000381469727 10.350000381469727 10.350000381469727 0
10.399999618530273 10.399999618530273 10.399999618530273 10.399999618530273 100
10.399999618530273 10.399999618530273 10.399999618530273 10.399999618530273 0
10.399999618530273 10.399999618530273 10.399999618530273 10.399999618530273 0
10.399999618530273 10.399999618530273 10.399999618530273 10.399999618530273 0
10.399999618530273 10.399999618530273 10.399999618530273 10.399999618530273 0
10.399999618530273 10.399999618530273 10.399999618530273 10.399999618530273 0
10.449999809265137 10.449999809265137 10.449999809265137 10.449999809265137 200
10.449999809265137 10.449999809265137 10.449999809265137 10.449999809265137 100
10.449999809265137 10.449999809265137 10.449999809265137 10.449999809265137 0
10.5 10.5 10.5 10.5 200
10.5 10.5 10.5 10.5 0
10.449999809265137 10.470000267028809 10.449999809265137 10.470000267028809 200
10.470000267028809 10.470000267028809 10.470000267028809 10.470000267028809 0
10.470000267028809 10.470000267028809 10.470000267028809 10.470000267028809 0
10.470000267028809 10.470000267028809 10.470000267028809 10.470000267028809 0
10.470000267028809 10.470000267028809 10.470000267028809 10.470000267028809 0
10.59000015258789 10.649999618530273 10.59000015258789 10.649999618530273 11700
10.470000267028809 10.569999694824219 10.470000267028809 10.569999694824219 1000
10.569999694824219 10.569999694824219 10.569999694824219 10.569999694824219 0
10.569999694824219 10.569999694824219 10.569999694824219 10.569999694824219 0
10.649999618530273 10.649999618530273 10.649999618530273 10.649999618530273 200
10.640000343322754 10.640000343322754 10.619999885559082 10.619999885559082 200
10.619999885559082 10.619999885559082 10.619999885559082 10.619999885559082 0
10.619999885559082 10.619999885559082 10.619999885559082 10.619999885559082 0
10.619999885559082 10.619999885559082 10.619999885559082 10.619999885559082 0
10.619999885559082 10.619999885559082 10.619999885559082 10.619999885559082 0
10.619999885559082 10.619999885559082 10.619999885559082 10.619999885559082 0
10.880000114440918 10.880000114440918 10.880000114440918 10.880000114440918 400
10.880000114440918 10.880000114440918 10.880000114440918 10.880000114440918 0
10.880000114440918 10.880000114440918 10.880000114440918 10.880000114440918 0
10.880000114440918 10.880000114440918 10.880000114440918 10.880000114440918 0
10.880000114440918 10.880000114440918 10.880000114440918 10.880000114440918 0
10.880000114440918 10.880000114440918 10.880000114440918 10.880000114440918 0
10.880000114440918 10.880000114440918 10.880000114440918 10.880000114440918 0
10.880000114440918 10.880000114440918 10.880000114440918 10.880000114440918 0
10.59000015258789 10.59000015258789 10.59000015258789 10.59000015258789 100
10.670000076293945 10.670000076293945 10.670000076293945 10.670000076293945 100
10.670000076293945 10.670000076293945 10.670000076293945 10.670000076293945 0
10.670000076293945 10.670000076293945 10.670000076293945 10.670000076293945 0
10.670000076293945 10.670000076293945 10.670000076293945 10.670000076293945 0
11.420000076293945 11.899999618530273 11.0 11.199999809265137 8000
11.760000228881836 11.760000228881836 10.649999618530273 11.0 1400
11.0 11.0 11.0 11.0 0
10.899999618530273 11.449999809265137 10.899999618530273 10.899999618530273 2700
10.899999618530273 10.899999618530273 10.899999618530273 10.899999618530273 0
10.899999618530273 10.899999618530273 10.899999618530273 10.899999618530273 0
10.899999618530273 10.899999618530273 10.899999618530273 10.899999618530273 0
10.720000267028809 10.720000267028809 10.720000267028809 10.720000267028809 500
10.720000267028809 10.720000267028809 10.720000267028809 10.720000267028809 100
10.5600004196167 10.5600004196167 10.5600004196167 10.5600004196167 200
10.5600004196167 10.5600004196167 10.5600004196167 10.5600004196167 0
10.5600004196167 10.5600004196167 10.5600004196167 10.5600004196167 0
10.5600004196167 10.5600004196167 10.5600004196167 10.5600004196167 0
10.5600004196167 10.5600004196167 10.5600004196167 10.5600004196167 0
10.5600004196167 10.5600004196167 10.5600004196167 10.5600004196167 0
10.649999618530273 10.649999618530273 10.649999618530273 10.649999618530273 100
10.649999618530273 10.649999618530273 10.649999618530273 10.649999618530273 100
10.649999618530273 10.649999618530273 10.649999618530273 10.649999618530273 100
10.649999618530273 10.649999618530273 10.649999618530273 10.649999618530273 100
10.65999984741211 10.65999984741211 10.65999984741211 10.65999984741211 100
10.569999694824219 10.569999694824219 10.569999694824219 10.569999694824219 100
10.649999618530273 10.649999618530273 10.649999618530273 10.649999618530273 100
10.649999618530273 10.649999618530273 10.649999618530273 10.649999618530273 0
10.569999694824219 10.569999694824219 10.569999694824219 10.569999694824219 100
10.649999618530273 10.649999618530273 10.649999618530273 10.649999618530273 100
10.649999618530273 10.649999618530273 10.649999618530273 10.649999618530273 0
10.649999618530273 10.649999618530273 10.649999618530273 10.649999618530273 0
10.649999618530273 10.649999618530273 10.649999618530273 10.649999618530273 0
10.649999618530273 10.649999618530273 10.649999618530273 10.649999618530273 0
10.75 11.0 10.75 10.949999809265137 17900
10.949999809265137 10.949999809265137 10.949999809265137 10.949999809265137 0
10.949999809265137 10.949999809265137 10.949999809265137 10.949999809265137 0
10.949999809265137 10.949999809265137 10.949999809265137 10.949999809265137 0
10.930000305175781 10.949999809265137 10.930000305175781 10.949999809265137 300
10.949999809265137 10.949999809265137 10.949999809265137 10.949999809265137 0
11.5 11.5 10.960000038146973 10.960000038146973 400
10.960000038146973 10.960000038146973 10.960000038146973 10.960000038146973 0
10.960000038146973 10.960000038146973 10.960000038146973 10.960000038146973 0
10.960000038146973 10.960000038146973 10.960000038146973 10.960000038146973 0
10.960000038146973 10.960000038146973 10.960000038146973 10.960000038146973 400
11.399999618530273 11.5 11.3100004196167 11.3100004196167 3000
11.430000305175781 11.430000305175781 11.329999923706055 11.329999923706055 800
11.329999923706055 11.430000305175781 11.329999923706055 11.430000305175781 800
11.34000015258789 11.399999618530273 11.34000015258789 11.399999618530273 4600
11.479999542236328 11.479999542236328 11.479999542236328 11.479999542236328 100
11.479999542236328 11.479999542236328 11.369999885559082 11.369999885559082 1200
11.460000038146973 11.529999732971191 11.449999809265137 11.451000213623047 3200
11.5600004196167 11.5600004196167 11.5600004196167 11.5600004196167 400
11.600000381469727 11.600000381469727 11.600000381469727 11.600000381469727 100
11.75 11.760000228881836 11.600000381469727 11.600000381469727 1700
11.850000381469727 11.850000381469727 11.699999809265137 11.699999809265137 700
11.600000381469727 11.600000381469727 11.399999618530273 11.569999694824219 2200
11.40999984741211 11.449999809265137 11.359999656677246 11.359999656677246 8900
11.470000267028809 11.470000267028809 11.149999618530273 11.380000114440918 2000
19.0 19.90999984741211 11.600000381469727 12.25 371500
11.65999984741211 11.989999771118164 11.430000305175781 11.789999961853027 33300
11.510000228881836 11.729999542236328 11.4399995803833 11.680000305175781 154400
12.989999771118164 14.399999618530273 12.0 12.550000190734863 848700
11.760000228881836 12.199999809265137 11.630000114440918 11.779999732971191 209700
11.710000038146973 11.75 11.550000190734863 11.649999618530273 75600
11.710000038146973 11.960000038146973 11.550000190734863 11.59000015258789 55200
11.649999618530273 11.84000015258789 11.5600004196167 11.640000343322754 81000
11.699999809265137 11.704999923706055 11.609999656677246 11.619999885559082 15300
11.600000381469727 11.649999618530273 11.569999694824219 11.649999618530273 20200
11.649999618530273 11.850000381469727 11.569999694824219 11.75 25400
11.595000267028809 11.6899995803833 11.569999694824219 11.670000076293945 8700
11.59000015258789 11.630000114440918 11.520000457763672 11.619999885559082 11500
11.579999923706055 11.6899995803833 11.5 11.555000305175781 18100
11.579999923706055 11.640000343322754 11.550000190734863 11.600000381469727 5200
11.5 11.550000190734863 11.5 11.550000190734863 6500
11.550000190734863 11.550000190734863 11.449999809265137 11.460000038146973 4100
11.529999732971191 11.600000381469727 11.529999732971191 11.59000015258789 5300
11.489999771118164 11.550000190734863 11.479999542236328 11.539999961853027 2400
11.539999961853027 11.539999961853027 11.460000038146973 11.539999961853027 2500
11.460000038146973 11.550000190734863 11.449999809265137 11.449999809265137 3800
11.449999809265137 11.5 11.449999809265137 11.449999809265137 4100
11.5 12.199999809265137 11.489999771118164 11.869999885559082 115800
11.699999809265137 11.699999809265137 11.5 11.600000381469727 24500
11.640000343322754 11.649999618530273 11.529999732971191 11.550000190734863 4100
11.640000343322754 11.640000343322754 11.5600004196167 11.630000114440918 1000
11.649999618530273 11.649999618530273 11.550000190734863 11.600000381469727 2100
11.550000190734863 11.60099983215332 11.550000190734863 11.59000015258789 8300
11.5600004196167 11.63599967956543 11.550999641418457 11.604999542236328 1100
11.649999618530273 11.699999809265137 11.600000381469727 11.609999656677246 7600
11.642000198364258 11.642000198364258 11.600000381469727 11.600000381469727 1400
11.600000381469727 11.631999969482422 11.600000381469727 11.631999969482422 2000
11.550000190734863 11.550000190734863 11.550000190734863 11.550000190734863 1100
11.550000190734863 11.550000190734863 11.550000190734863 11.550000190734863 0
11.569999694824219 11.569999694824219 11.569999694824219 11.569999694824219 200
11.640000343322754 11.800000190734863 11.600000381469727 11.649999618530273 16700
11.699999809265137 11.699999809265137 11.600000381469727 11.600000381469727 700
11.600000381469727 11.619999885559082 11.600000381469727 11.600000381469727 1600
11.680000305175781 11.680000305175781 11.619999885559082 11.619999885559082 1600
11.600000381469727 11.600000381469727 11.600000381469727 11.600000381469727 200
11.619999885559082 11.619999885559082 11.600000381469727 11.600000381469727 700
11.65999984741211 11.65999984741211 11.600000381469727 11.600000381469727 400
11.630000114440918 11.630000114440918 11.630000114440918 11.630000114440918 200
11.609999656677246 11.609999656677246 11.600000381469727 11.609999656677246 1200
11.609999656677246 11.609999656677246 11.609999656677246 11.609999656677246 0
11.600000381469727 11.800000190734863 11.569999694824219 11.609999656677246 10100
11.649999618530273 12.0 11.5600004196167 11.84000015258789 30300
11.770000457763672 11.899999618530273 11.720000267028809 11.720000267028809 5200
11.739999771118164 11.75 11.550000190734863 11.600000381469727 12900
11.5600004196167 11.649999618530273 11.5600004196167 11.649999618530273 1400
11.550000190734863 11.550000190734863 11.550000190734863 11.550000190734863 200
11.550000190734863 11.550000190734863 11.550000190734863 11.550000190734863 400
11.5600004196167 11.569999694824219 11.5600004196167 11.569999694824219 500
11.569999694824219 11.569999694824219 11.5600004196167 11.5600004196167 600
11.630000114440918 11.75 11.5600004196167 11.699999809265137 14600
11.600000381469727 11.699999809265137 11.600000381469727 11.699999809265137 1900
11.609999656677246 11.630000114440918 11.600000381469727 11.630000114440918 2800
11.619999885559082 11.630000114440918 11.619999885559082 11.619999885559082 2100
11.630000114440918 11.630000114440918 11.630000114440918 11.630000114440918 700
11.640000343322754 11.640000343322754 11.640000343322754 11.640000343322754 200
11.619999885559082 11.619999885559082 11.619999885559082 11.619999885559082 400
11.619999885559082 11.619999885559082 11.619999885559082 11.619999885559082 7600
11.680000305175781 11.680000305175781 11.600000381469727 11.600000381469727 400
11.649999618530273 11.649999618530273 11.649999618530273 11.649999618530273 200
11.569999694824219 11.649999618530273 11.569999694824219 11.59000015258789 4700
11.649999618530273 11.649999618530273 11.600000381469727 11.600000381469727 1700
11.609999656677246 11.609999656677246 11.600000381469727 11.600000381469727 1800
11.600000381469727 11.600000381469727 11.600000381469727 11.600000381469727 100
11.600000381469727 11.600000381469727 11.600000381469727 11.600000381469727 2000
11.600000381469727 11.644000053405762 11.644000053405762 11.644000053405762 408
