15.980258602394315 21.264529683672404 15.195952142987933 20.588064193725586 40888200
19.464542788676976 20.048852273757657 17.96063343931248 18.74494171142578 8631400
18.52925588570703 18.74494154686331 16.666526794433594 16.666526794433594 3973000
16.94985711974227 17.80377179631168 16.666526601344092 17.43122673034668 3213500
16.9116234502007 17.990046189127842 16.666527458168808 17.842988967895508 5448300
18.009654412086498 19.607679465776293 18.009654412086498 18.91160774230957 3951200
19.313565260557848 19.66650222375042 17.470442320823288 17.705734252929688 2665200
17.892008063099425 18.27926019324932 17.1567200605063 17.254758834838867 2567600
17.30377514635557 17.61749768946131 16.81358320526938 16.88220977783203 1456100
16.990053992013127 17.186131532448478 16.656723295233434 16.774370193481445 828600
16.686133756327948 16.990052229534882 16.666525630331677 16.70574188232422 1209800
16.284176935243615 16.666526052179485 15.715554356496021 16.627309799194336 1425400
16.676331579018893 16.764566286045504 15.93123953631309 16.264570236206055 1181000
16.1763332606557 16.460645470077857 15.764571975587113 15.960649490356445 1988900
15.735160245547421 15.960649955077798 15.480261151865857 15.754768371582031 1695500
15.646928445731568 16.411627692618723 15.244971161277642 16.38221549987793 2008900
16.40182335530436 17.61749925267377 16.357706001894687 16.833192825317383 3109600
17.097893928450592 17.126324400322304 15.931236687449761 16.10770606994629 1076700
16.17633542956332 16.51947019144995 15.588104676319668 15.637124061584473 1198800
15.646924985945894 16.205744369885732 15.49006373254763 16.18613624572754 818600
15.980256616217643 16.157707730414614 15.578300306956072 15.646926879882812 735700
15.754768593529251 15.760651405409273 15.401830734636404 15.431241989135742 995100
15.686142255529687 15.686142255529687 15.382222837943347 15.392026901245117 687100
15.382221840901927 15.519475913329405 14.597915526935983 14.823403358459473 1453900
14.823405123341693 15.333205223083496 14.627328521505227 15.333205223083496 537400
15.264576674655007 15.343007310063662 14.872423497611734 15.01948070526123 341200
14.999873528244814 15.715554245742226 14.70575817769748 15.588103294372559 1152300
15.519478489183236 15.646928520098008 15.078305880611811 15.372421264648438 563500
15.45085157603571 15.58810473331863 14.691053439070489 14.78419017791748 930500
14.784189899701518 15.0194818234447 14.460663270812894 14.509682655334473 911400
14.509681567761536 14.970462251779372 14.411642806066874 14.735169410705566 763800
14.823403828044468 14.85281508200818 14.039096554265875 14.333211898803711 978300
14.274391341915551 14.38223324450038 13.35282986540144 13.764591217041016 2476400
13.959686098447156 13.970470006759633 12.754794244598571 12.813616752624512 3209300
12.744990171589741 14.990069172109566 12.573422809209575 14.617523193359375 4320700
14.323409733883784 15.32340185083232 14.215567831748306 14.774386405944824 2257100
15.04889401484296 16.58809651800819 14.728307857156336 16.401823043823242 2366000
16.421430080823903 17.005739534752326 15.77437686603988 16.627309799194336 1984900
16.666525432871772 17.244952053372025 16.019472242131453 16.205745697021484 1576300
16.460646045624916 16.882209538231564 16.2057460154857 16.637113571166992 964500
16.59790021858712 16.960641225185313 16.480253324326068 16.666526794433594 1064200
16.872406239802977 17.323383812005382 16.39201834697762 16.548879623413086 1159000
16.588097109195385 16.764566525772047 16.225354211795132 16.38221549987793 705800
16.529272370423378 16.686133637407984 16.42142954814629 16.519468307495117 474200
16.656723253012146 17.048876462954812 16.28417817105011 16.460647583007812 1235600
16.519469926989256 16.568488376502316 15.42143908051725 15.803790092468262 1474700
15.793985039462898 15.931238185451022 14.63713175203765 14.666543006896973 2465500
14.676346362425878 15.122420935309822 14.509681034648702 14.911638259887695 1961000
15.048892663740444 15.970454018095102 14.999873283620829 15.754768371582031 1200400
15.931236903027207 16.127314412884107 15.352810305876446 15.656729698181152 1109900
15.695946491869982 15.823395576330308 14.973403099995169 15.03908920288086 674600
15.146930317915253 15.441045660343752 15.068499684596574 15.254773139953613 562000
15.254774157766565 15.441046690584985 14.754778135774599 14.999874114990234 780200
14.931247890000078 16.3528054397621 14.931247890000078 16.05868911743164 1512700
15.999863986873764 16.17633337745357 14.892030134282432 14.911638259887695 5721100
14.52928738756335 15.460652730841481 14.274388314160028 14.686148643493652 2744000
14.705759738237461 14.892032283536311 13.754787013374004 13.990079879760742 2259700
14.009685543045503 14.176350876672494 13.74498238285182 13.882235527038574 1577800
13.970469600124929 14.509680894491549 13.921450221552169 14.44105339050293 1224500
14.382231679235074 14.441054188800576 13.941059117626077 14.225370407104492 520900
14.225371633316186 14.558702332809888 13.970471576648412 14.058706283569336 838800
13.980274722865754 14.088116615929271 13.744982809836104 13.931255340576172 747000
13.99988241719484 14.04890180124351 13.686159855230537 13.725375175476074 685800
13.735179239279205 13.80380581596715 13.480279190199717 13.725375175476074 848700
13.784197840475374 13.970470367320868 13.548904997398258 13.941059112548828 638600
13.779295803624928 13.941059107260179 13.555767649534813 13.656747817993164 560200
13.676355240618303 13.74498274950929 13.529298029361945 13.617532730102539 635700
13.548905020233077 13.617532528106075 13.450867192505404 13.529297828674316 819000
13.617533054899766 13.81360965290726 13.411652393250154 13.480278968811035 1045800
13.480278511400833 14.019489838850253 13.323417238317424 13.84302043914795 862600
13.794001692262722 13.813609819783833 13.578317899332376 13.695963859558105 488500
13.705767627253142 14.048902395132158 13.695964498002589 13.990079879760742 400600
14.039096188056986 14.053802282138689 13.828313514387007 14.029293060302734 211600
14.097920537339338 14.37242776644151 13.852824563327806 13.872431755065918 468300
14.068507757798214 14.07831088512154 13.607727114795555 13.637138366699219 446500
13.627335948609813 13.901844116054153 13.441063417456183 13.803805351257324 301700
13.866549956884297 13.866549956884297 13.558709284619827 13.617532730102539 510900
13.627335919116797 13.70086546003876 13.5292980894991 13.646944046020508 413800
13.392043527962272 13.578316987029531 12.813616894490654 12.872440338134766 1918700
12.852833060851692 12.852833060851692 12.460679860545888 12.68616771697998 1378400
12.656755879396695 12.970478425232624 12.509698669777837 12.705775260925293 694000
12.77950302205433 13.064584205815592 12.68119877765441 13.035093307495117 479300
13.025262940023223 13.133396860893669 12.553404808044434 12.553404808044434 523800
12.709707628038732 12.709707628038732 12.41577925810683 12.671369552612305 572400
12.612387841714629 12.652692792874387 12.484592684072684 12.533744812011719 413800
12.602555355734726 12.818824124027001 12.543573560972385 12.730350494384766 689900
12.7795037523547 13.998471577579588 12.73035162734588 13.909997940063477 2343800
13.831354241647375 13.9099972628331 13.173701672294651 13.624916076660156 1024000
13.605255790113105 13.831354241647375 13.221870358708625 13.624916076660156 525600
13.713390146923379 13.998471342182043 13.63474712323125 13.860846519470215 435100
13.408648807872849 13.939489692220521 13.143227896949613 13.320175170898438 1094100
13.271023486545257 13.388988027259133 12.681199845477046 12.759842872619629 1256400
13.546273302511151 14.598125370675167 13.074415166791756 13.143227577209473 2652100
13.202210521560831 14.204909544559778 13.202210521560831 14.057454109191895 1208700
14.096775402883548 14.48015990390418 13.923760003065095 14.204909324645996 905900
14.440836919509357 14.48015842682087 13.939487935662239 14.10660457611084 842600
14.598125053814913 14.912697137466552 14.096775092371047 14.29338264465332 2104200
14.342533361167733 14.824222051416326 14.273720958988983 14.72591781616211 916500
14.54897247974207 14.686597293318146 13.408647774403953 13.457798957824707 1342500
13.664238155375905 13.83135481671853 13.46763059423717 13.58559513092041 1089300
13.76254310978116 14.21474099231678 13.585595826941486 13.801864624023438 1119300
13.782203495778086 14.696428880573782 13.762542271105657 13.860846519470215 1278100
13.742880008795957 15.423876153916796 13.742880008795957 15.266590118408203 2186200
14.50965295721186 15.443539632557721 14.48016111812282 15.178118705749512 803500
15.24692956425387 15.807261290261692 14.744596195632301 14.952017784118652 1574600
14.745580342275346 14.901883883902945 13.68389863263142 14.303213119506836 2925600
13.733051851220631 14.450669701848705 12.779503983777559 12.966280937194824 3052500
13.221870741128656 14.096775548998428 13.153058329975556 13.929658889770508 1657200
13.86084675306895 15.607706094706442 13.86084675306895 15.433708190917969 2761900
15.148626570463877 16.14149590563025 15.089644772086958 15.4631986618042 1969100
15.728619542561066 16.662507077899654 15.468113943887838 15.532011985778809 1462700
15.62048526714486 16.406916413972255 15.62048526714486 15.689297676086426 1408400
15.728618845296229 16.053021533980566 14.558803231176766 14.647275924682617 1216600
14.68659715934623 15.340317830365516 14.68659715934623 15.266590118408203 1323400
15.207609580554474 15.807262874859266 15.04049291964188 15.708958625793457 998000
15.187947301366597 16.0825132807664 15.138795180245923 15.718788146972656 987700
15.561502917510893 15.728619575500488 15.011001757367694 15.728619575500488 671400
15.738450262008879 16.02353051816146 15.0896448514574 15.325573921203613 843800
15.217440425803487 17.262161088637562 15.181068282101279 16.87877655029297 2514100
16.465898906103302 16.593693117390533 15.178117743335452 15.708958625793457 2080700
15.728621721030112 16.21031053623692 15.433709876261016 15.58116626739502 1169900
15.532011520269835 15.753194663458766 15.256760949024194 15.630314826965332 947400
15.581161923256735 16.78046832011095 15.551670090753118 16.62318229675293 1569000
16.31844389613459 17.07046795238042 15.885906313948533 15.9448881149292 1393900
15.964551770872253 18.284524212636242 15.949806787131562 17.547245025634766 3131900
17.28182022024519 18.009268631109048 17.055721769908626 17.419445037841797 1176500
17.276906678776143 18.981495126166813 17.276906678776143 18.15672492980957 1721500
17.82249100198198 19.218406046331737 17.797915409211246 18.599092483520508 1625700
18.59909348283139 19.08274912453538 18.117404713653652 18.264860153198242 1143000
18.01909996915398 18.495874356464427 17.262159691876953 18.166555404663086 1142800
17.84215136828251 18.677734607292454 17.793000185104408 17.861812591552734 1369000
17.91096400745501 18.461467016189435 17.696663046016425 17.979778289794922 1539800
17.97977889308156 18.235367307501523 17.173685576458265 17.271989822387695 982000
17.19334765647693 17.203178269058967 16.259461961155164 16.947587966918945 929800
17.05572421163558 17.684868467858024 16.878776920823572 17.380126953125 1190400
17.399786198510203 17.43910677254765 16.080547283347475 16.72148895263672 1491000
16.878774990881155 16.93284242078021 16.347933179142316 16.45606803894043 862600
16.239799238856612 16.564201924166817 15.72861868170191 15.925227165222168 1143300
15.679467781147771 15.916380290979466 15.207609633971597 15.374726295471191 1172800
15.32557435082042 15.590994327350643 14.96185012372415 15.030662536621094 1765000
15.237100553778456 15.482860240129721 14.008302122022128 14.047623634338379 1529400
13.851014961683628 14.70625848908193 13.762541331694369 14.126265525817871 1700700
13.860845898032602 14.745580343652236 13.664237410118238 14.568633079528809 1377100
14.258243730351257 14.445462823355864 13.834536125501252 14.02175521850586 822800
14.337072685617938 14.681950154377205 13.795121303604162 13.972487449645996 1163100
14.041462699489848 14.312437919557693 13.795121248621607 13.883804321289062 891500
13.962633345914822 14.317364692687988 13.602975057416163 14.317364692687988 766500
14.090730772463901 14.80019439368667 14.04146229576323 14.77063274383545 1411700
14.701657804902254 14.869170066008198 14.031608760478477 14.494730949401855 1501800
14.41590222117399 14.455316816827668 14.100585455944579 14.199121475219727 1063900
14.002047871053609 14.484876881158 13.942925510356847 14.031608581542969 1265400
14.02175607713307 14.317366030253037 13.834536972664033 14.238536834716797 946200
14.337072300053864 14.583413745279126 14.258243112759223 14.553853034973145 1044100
14.652391195032385 14.95292810292973 14.49473279735449 14.800196647644043 1295900
14.938145832036744 15.18448728953001 14.790341333428017 15.095804214477539 951700
15.081023505069373 15.351998717630307 14.908584306295129 14.967705726623535 1346000
14.888876986436209 14.957853231846306 13.726145974671033 13.775413513183594 1879400
13.696584701538086 14.228682213719843 13.627609393944294 13.696584701538086 2055300
14.040478519605973 14.243464221289793 13.873952003290816 14.051318168640137 1439800
14.071023102625118 14.356779141791746 13.864096250834246 14.24838924407959 934100
14.090730810516115 14.218828474396576 13.627608631827997 13.657169342041016 889100
13.706437423469854 13.854242849707108 13.065950062262443 13.538925170898438 1398700
13.469949782788843 15.066242173777656 13.469949782788843 14.672096252441406 3359300
14.770633179056288 14.770633179056288 14.061170476647032 14.080877304077148 1200600
13.61775498540376 14.228681665502313 13.056096782995974 14.208974838256836 1411500
14.18926798409957 14.765707048812759 14.140000442957438 14.711512565612793 1566500
14.534145554496058 14.800194771643026 14.34692646591409 14.691803932189941 1963600
14.583412747592423 14.672095812161379 14.071022125513107 14.356778144836426 1242500
14.376487558597395 15.27317031033302 14.366633674800324 15.007121086120605 1299000
15.036681663219316 15.085950138966611 14.24838887041663 14.327218055725098 835800
14.208975036189956 14.42575577721828 13.88873133631602 14.366633415222168 947800
14.40604916537965 14.898732109228687 13.676878634015429 13.736000061035156 1249000
13.745853668103663 14.307512851767681 13.558634566694405 13.59804916381836 1467300
13.903512717609647 14.287805762627123 13.795122805295154 14.051318168640137 1109500
13.795122668150373 14.110439456998286 13.558635076514438 13.785268783569336 1020900
13.90351180838011 14.011902653324476 13.341853574461496 13.351707458496094 1101000
13.391121757414899 13.607902502769457 12.957560266705782 13.21375560760498 1218300
13.460096778733172 14.159706539576105 13.381267589318593 13.972487449645996 1946500
14.130145277223823 14.494730498972409 13.90351066170993 14.287803649902344 2145400
14.120292851586548 14.5637073054464 14.05131754134914 14.27795124053955 2155400
14.268096885214987 14.553853880405207 14.169560865231757 14.179414749145508 9698100
14.189267223640444 14.603120937137446 14.110438034376068 14.47502326965332 2138300
14.60312190268465 14.60312190268465 14.179415217302987 14.27795124053955 1682000
14.179414518284158 14.65238966182637 14.130146039235658 14.5242919921875 1204700
14.534146682959921 15.007121852764422 14.484878201175754 14.84946346282959 1122600
14.82975501077328 14.898730313890626 14.243462115121757 14.287803649902344 1872300
14.287802917857874 14.445461282458671 13.972486188656282 14.139998435974121 727000
14.238535571883867 14.6425353981054 14.238535571883867 14.603120803833008 1203600
14.573561375660306 15.361854270202935 14.386342271319023 15.026829719543457 2140000
14.938146651779324 15.353970987186944 14.603122100848854 14.632683753967285 907800
14.63268301364481 14.652389841675253 13.125072610733369 13.893658638000488 3100000
13.87395040289818 14.248389520044228 13.716292025093118 14.1892671585083 896500
14.090730185449216 14.248388552548946 13.647315793051728 13.68673038482666 867200
13.538927307352365 13.883805749943388 13.164488150736391 13.785268783569336 1033900
13.795120801608604 13.804974684856365 13.302437915836869 13.67687702178955 443600
13.637463760942316 13.770488378629961 13.351707696864107 13.59804916381836 727600
13.479803979941732 13.686730828395856 13.361560200784806 13.391120910644531 551700
13.21375482457369 13.558633219940768 12.868877368924641 12.977267265319824 1486700
13.144780213037496 13.282730826668569 12.918145585372327 13.233463287353516 704900
13.174340930822204 13.479804749198113 13.144780219275528 13.430536270141602 623700
13.292583958154749 13.51921857299404 13.174340178997825 13.391120910644531 392000
13.450243083729251 14.253316754263492 13.391121660698333 14.130146026611328 814300
14.228682187030463 14.376487625520314 14.05131697644796 14.199121475219727 645400
14.297657413972512 14.415901192496 13.967559846533518 14.110437393188477 752600
13.992193014372392 14.337071391725118 13.962632305939236 14.139998435974121 599300
14.002049059871798 14.327219722016896 14.002049059871798 14.27795124053955 561500
14.164359513039889 14.189052928715185 13.423545738859923 13.512443542480469 522200
13.46305617247976 13.571708523497 13.11734269070775 13.156852722167969 478800
13.186484745055827 13.551952738103187 12.988933663846773 13.492687225341797 517500
13.443298995629918 13.670482354459248 13.087708757193582 13.117341041564941 521800
13.137097822031327 13.285260200500488 12.764715573644441 13.285260200500488 621300
13.235872862191501 13.40379073237397 12.969180383779817 13.364280700683594 696500
13.43342361019384 13.90754397803922 13.09758787863998 13.858156204223633 769100
13.680362408813627 13.729749243782067 13.077833225466318 13.216118812561035 817100
13.107465265971914 13.384035473040301 12.771629543535024 12.959301948547363 768500
12.870404305486227 12.964240980148315 12.228366081361964 12.346896171569824 795800
12.544446767587717 12.544446767587717 11.833265259080713 12.06044864654541 898900
12.406162026669936 13.058078011623538 12.18391751271146 12.514814376831055 1113900
12.406162179204433 12.949424878682915 12.198734277623998 12.929670333862305 930200
13.611219343152438 14.460686481728077 13.423546918347071 14.2730131149292 1627900
14.065583852896381 14.46068509446813 13.898654141173386 14.263134002685547 1197700
14.470562056094954 14.66811315007048 14.253257359911363 14.312521934509277 845900
14.174237004171836 14.322399379576993 13.798891252219574 13.917421340942383 653800
13.7791360531609 14.598969890381674 13.7791360531609 14.312521934509277 687500
14.421174960922071 14.544643921402592 13.354403217729853 13.690237998962402 614600
13.808768390434327 14.184114151555416 13.670483754543117 14.085339546203613 811300
13.956932742781873 14.154482910076629 13.744565959692448 13.927300453186035 480200
13.87791277744763 14.401420960109087 13.852231208411652 14.2730131149292 483900
14.371787230316587 14.6779897256865 14.366848358843729 14.421175003051758 480300
14.500195548561821 14.687867960852657 14.450807774171565 14.638480186462402 428300
14.440930030894824 14.78664350963317 14.322399937554279 14.638480186462402 859800
14.697745189103378 14.845907565088918 14.18411386063247 14.717499732971191 937300
14.717499644788527 14.82121406095171 14.322399349865464 14.510071754455566 398900
14.361909759979467 14.361909759979467 14.045829515664206 14.085339546203613 429400
14.164360429915801 14.20387046274986 13.98656481116579 14.105094909667969 325800
13.97668694480966 14.322400435569065 13.907544623455172 14.124850273132324 338800
14.016196302984099 14.193991911620238 13.749503832023326 13.789013862609863 397600
13.739625134859747 13.927298473609675 13.463054939957786 13.492687225341797 358700
13.275382995605469 13.41564393887878 13.039310954793764 13.275382995605469 579900
12.998812839691716 13.17660845558813 12.62741872541108 12.682732582092285 482900
12.672854838543934 12.8210172237953 12.459500853063014 12.682732582092285 561400
12.7815067311794 13.107465662578948 12.732119899203608 12.90003776550293 541500
12.603711649163083 12.613589392030752 12.149345839177787 12.228365898132324 542400
12.356774580944505 12.741997159395442 12.178978965048088 12.682732582092285 664900
12.89015963227862 13.067954294397307 12.643221711897777 12.959301948547363 344700
12.69260979415071 13.117342387016338 12.69260979415071 13.058077812194824 372300
13.127219899508548 13.848279121786618 13.117342156547368 13.828523635864258 522000
13.907543207876758 14.569336891174316 13.787037762355007 14.569336891174316 3863000
14.50019605275887 14.549582886872946 13.856181487022273 14.124850273132324 639300
14.213746580503505 14.233501123664011 13.51244287142808 13.542075157165527 404800
13.206240728211089 13.502566440347636 13.206240728211089 13.413668632507324 564400
13.393913964183259 13.655667571534002 13.12722054311632 13.43342399597168 552200
13.354403932394838 13.621096411468315 13.30007728543821 13.43342399597168 352200
13.255627672548073 13.709993484796122 13.176607613200014 13.690237998962402 470300
13.73962562293292 13.818645681426226 13.463055418206348 13.640851020812988 435300
13.690238648424453 14.033976770689447 13.601341783935696 13.956932067871094 504800
13.937176581100177 14.095217649287143 13.750491375886218 13.956932067871094 406000
13.877911248525626 13.951992435892748 13.744564546068766 13.779135704040527 273000
13.729748580323633 13.907544191997637 13.621096229852547 13.6803617477417 201100
13.43342370716091 13.85815630425657 13.374158189755722 13.769258499145508 317600
13.709993801436788 13.808768406906415 13.586524838104676 13.789013862609863 293400
14.01619594388135 14.07546145923946 13.749503479753386 13.917421340942383 470300
13.947055170762379 14.144605340491179 13.90754513681662 14.045830726623535 364100
14.184113725310512 14.381664814064402 14.045829093574875 14.371787071228027 521500
14.332277779756762 14.727378093619018 14.332277779756762 14.549582481384277 367200
14.519949729963393 14.519949729963393 14.273011806181724 14.401419639587402 393100
14.361909168316021 14.450806968865749 14.179174695853424 14.322399139404297 269600
14.322399203499568 14.480439319853723 14.124849058056874 14.460684776306152 245000
14.376524742369762 14.554745475764276 14.188401650577276 14.228006362915039 295800
14.396326414177476 14.494348146587177 14.020081180390072 14.20820426940918 451500
14.178499377935076 14.317116334849525 14.09928995805561 14.148796081542969 273900
14.18840211657522 14.18840211657522 13.9309710057994 14.138895988464355 571300
14.079489507467963 14.386425804661748 13.96661564774462 14.237908363342285 402200
14.218105217686189 14.381474777200745 14.059686365338843 14.297314643859863 385900
14.356720924377441 14.445831757057148 14.171568458442975 14.356720924377441 654400
14.346821576997355 14.53989539035818 14.148798000442184 14.327019691467285 703900
14.277512278915793 14.346820288422405 14.099290603897861 14.20820426940918 493300
14.267610310280173 14.723064949870173 14.242857720490267 14.376523971557617 1919300
14.346821576997355 14.554746568443008 14.21810601617377 14.327019691467285 436100
14.544843058950674 14.554744472415255 14.32701762823446 14.356720924377441 334700
14.485437207685658 14.544843803010641 14.287413649517697 14.336918830871582 466500
14.41613013168489 14.673560301843773 14.317117874065486 14.6438570022583 787800
14.604252700786205 15.495359267540598 14.32701969356831 14.505240440368652 2535500
14.336918317092529 14.465633861351744 13.723044836645274 14.376523971557617 1514600
13.079469164806776 13.376504988638855 12.237867821324357 12.633915901184082 5707600
12.515100877039657 12.673519720100158 12.2873730819521 12.376483917236328 1632700
12.09034195674031 12.44579389069049 11.891327852406858 12.069548606872559 1822200
11.960634585475244 12.024992833872101 11.742808193152612 11.772512435913086 1486400
12.059647502418601 12.138856932298946 11.891327227860147 12.010141372680664 1441000
12.00023957151808 12.138856541471155 11.831919302378935 11.84182071685791 970600
11.861622726967413 12.138856669804513 11.861622726967413 12.119053840637207 787500
12.119053488808005 12.226976638434625 11.802215785336164 11.822017669677734 848100
11.732907232735439 11.879444569408937 11.663598280108825 11.683401107788086 898300
11.723006546781631 11.822017858573192 11.222996447844057 11.48537826538086 1415400
11.58438879566769 11.812116591501956 11.475476076769175 11.633894920349121 1093200
11.485377645799403 11.628944370640225 11.34180997670778 11.604191780090332 822900
11.693303358109967 11.767562078717708 11.495278844154837 11.584389686584473 705400
11.554686093436079 12.08935019017023 11.554686093436079 11.822017669677734 1077800
11.792314705828785 12.104202655257994 11.782413291251475 11.94083309173584 1434100
11.802215320294314 12.21806526184082 11.782412492482194 12.21806526184082 858700
12.247769256217714 12.396287640507044 12.237867841748253 12.32697868347168 858800
12.376485030334413 12.594311431258543 12.30717701632482 12.346781730651855 771700
12.039844184557777 12.138856440018298 11.846771325085697 11.921030044555664 1109300
12.079449387763244 12.138856932298946 11.851722512919974 12.010141372680664 790600
11.970535518546207 12.262620617527338 11.921029393519596 12.168559074401855 832200
12.010141637017476 12.32202865600444 11.960635506189934 12.079449653625488 3621400
11.970535904031642 12.356681614322452 11.953703688785438 12.33687973022461 971900
12.168559819242558 12.485397528005313 12.02004237932273 12.148757934570312 1068500
12.158659085249191 12.356682664308446 12.059647767845016 12.079449653625488 715300
12.010140786567979 12.198262937290437 11.841820520223804 12.000239372253418 1184400
11.812117662612069 11.94083322075526 11.346761559209892 11.554686546325684 887100
11.544783428961273 11.772511211859264 11.247747641996853 11.267550468444824 893300
11.406168878439795 11.554686318775902 11.138836352733772 11.35666275024414 935700
11.356662516258536 11.72795705369974 11.247748847621914 11.643796920776367 741400
11.49527914864061 11.6338961232307 11.237848973331712 11.346761703491211 675400
11.30715725174096 11.693303940070443 11.257651120788323 11.416069984436035 760100
11.49527882142074 11.925980910895229 11.42102010095986 11.891326904296875 760400
11.980437191071886 12.346781013377282 11.6834013787497 11.75270938873291 1351200
11.623994299118431 12.173510526473333 11.557656899577927 12.148757934570312 732900
12.23786760956059 12.876494666961317 12.227967139529827 12.614112854003906 1572300
12.475496528618688 12.752729512026646 12.247768726916897 12.6735200881958 1143300
12.653718360937095 12.873524861677788 12.401237946417405 12.465596199035645 1088900
12.406188653868877 12.693323076297975 12.099252345884787 12.465596199035645 1043400
12.455694218034663 12.683422029197905 12.366583376459955 12.633915901184082 633700
12.416088650859484 12.92600012911865 12.287373104573165 12.861641883850098 805700
12.901247380762113 12.965605629952018 12.673520515630681 12.713125228881836 403700
12.91114928652997 13.010161545551641 12.742829012743655 12.802236557006836 581600
12.950753540312542 13.891366190534237 12.816097703776856 13.069567680358887 5267800
12.970556962386883 13.29234539109572 12.90124800266818 13.257691383361816 802300
13.128975214786351 13.6240346034804 13.128975214786351 13.554725646972656 944100
13.57452809764526 13.9260198005869 13.465615375096615 13.871563911437988 742400
13.812157380785795 14.153748638833708 13.683441820590192 14.099291801452637 651900
14.104254190134377 14.406984789762774 14.014923787189774 14.243212699890137 562700
14.38217062138939 14.501277512757182 14.004998325435997 14.044700622558594 709600
14.183658326710349 14.322616832001666 14.02981205245818 14.094327926635742 553400
14.183658925145863 14.441724325899134 14.109217237468647 14.292840003967285 720300
14.312691481479314 14.421872559201937 14.153882296945534 14.243212699890137 441300
14.372244747786485 14.411947991313365 14.243212992633827 14.34246826171875 449700
14.243212601683938 14.282914897543638 13.895816802978516 13.895816802978516 634600
13.816412148179248 14.054625922249864 13.737007556822375 13.875965118408203 688100
13.995073019046187 14.213435173034668 13.786635729091799 14.213435173034668 835600
14.223361488078567 14.4119481100756 14.134031082561807 14.382170677185059 487600
14.411948172762058 14.48638986215734 14.317654861353402 14.402022361755371 502300
14.342467383063424 14.43179778237145 14.054625511169434 14.054625511169434 729800
14.272989755760905 14.43179894664144 13.866040967485176 14.114180564880371 933900
14.21343595413358 14.352394470598764 14.004998652724527 14.15388298034668 1001700
14.193585009997122 14.25313798265788 13.905743117930312 14.064552307128906 1060500
13.905743109865584 14.392096488148573 13.83626337969842 14.382170677185059 1153100
14.431798013115024 14.65016110973958 14.148919041835029 14.441723823547363 1595400
14.382169442179116 14.7047506981736 14.272988370688207 14.600532531738281 1785600
14.81889623605664 15.310212498013914 14.759342319496337 15.116662979125977 1713700
15.07696086793238 15.761826657150305 15.07696086793238 15.49383544921875 1518500
15.662569974853682 15.920636310990664 15.473984311146198 15.652645111083984 1129300
15.65264547031664 15.796565937342692 15.364802643109742 15.77175235748291 613200
15.801529105740316 15.92063694146724 15.722124512973977 15.861082077026367 308200
15.801528243935486 15.940485800409222 15.191105115369787 15.265546798706055 1106400
15.235770723186588 15.285397882356456 14.650161157839234 15.086886405944824 1218200
15.156365846320371 15.354877318982151 14.952890521942509 15.305249214172363 882100
15.22584417330095 15.344951053363681 14.784156041412832 14.848671913146973 918500
14.868523299965265 15.712198257446289 14.789118709446743 15.712198257446289 803400
15.682421722904161 15.702272397182137 14.938002979221155 15.067035675048828 867000
15.096812143289162 15.205993218142401 14.575719401910339 14.74941635131836 670100
14.709714687929905 14.724603404194573 14.322617530822754 14.322617530822754 1499400
14.3722443666019 14.53601740207437 14.183658697738068 14.531054496765137 685000
14.471500422162627 14.491352043183545 14.16380786895752 14.16380786895752 537500
14.143955944113397 14.6997890152533 14.074477165187423 14.689863204956055 669700
15.007481982023283 15.086886573469643 14.511202812194824 14.511202812194824 805300
14.521129341378733 14.60549684228777 14.243213257563204 14.431798934936523 752700
14.392095768116889 14.392095768116889 12.962812191087606 13.20102596282959 1891600
12.913185216766971 12.962813326872581 11.454124080495847 11.65263557434082 4583600
11.573230168515195 11.662560571150864 10.91814181129017 11.067025184631348 2700200
10.987620296977951 11.111690086949526 10.312681283205198 10.967769622802734 2507800
10.987619615697437 10.987619615697437 10.362307799423482 10.749405860900879 1512200
10.570745804145867 10.81888538590119 10.431788244172411 10.679927825927734 883100
10.610447233517688 10.6253359479759 10.193573641038135 10.402009963989258 987600
10.441713827308265 10.51119260578246 10.183648440722159 10.292829513549805 689400
10.23327651341055 10.476453183889602 10.138983209648513 10.282903671264648 926900
10.33253091662153 10.441712926608524 10.291836612701509 10.3126802444458 746800
10.223350582207122 10.337494558444337 10.134020184603264 10.24320125579834 645500
10.41193663976305 10.471490555972686 10.203499352895404 10.372234344482422 1064400
10.392085618627394 10.699778160140216 10.292829410449311 10.570745468139648 730400
10.521118676390554 10.749406637928193 10.392085979904216 10.68985366821289 815000
10.789109057784271 11.06702512834376 10.662061332611833 11.047174453735352 910100
11.12657855616273 11.186132470524562 10.860573280693714 10.888364791870117 1149200
10.878439546368742 11.156355619135608 10.868513735697004 11.076951026916504 533000
11.126578573703553 11.300276465407256 11.076950469420014 11.20598316192627 706900
11.235759456121418 11.56330361365306 11.235759456121418 11.454122543334961 836400
11.325091228742817 11.761817456221976 11.325091228742817 11.603007316589355 802000
11.255612244994875 11.60300711203429 11.176207649867154 11.533528327941895 786100
11.603007056201658 11.682412597524726 11.414421380325141 11.513677597045898 671300
11.483900567928226 11.791594093321036 11.434273404400084 11.65263557434082 777700
11.791593678655612 11.960328679134438 11.513677597045898 11.513677597045898 987900
11.523602597696225 11.92062652269572 11.523602597696225 11.880924224853516 860900
11.885900303324087 11.95060632464933 11.627079066082981 11.686806678771973 513500
11.627078363392108 11.96056052037015 11.517576164491324 11.925718307495117 725500
12.005357192931296 12.094948610214967 11.741557552206224 11.935673713684082 974200
11.826172159280897 12.134767026133074 11.806262323043597 12.104903221130371 485400
12.06508452036466 12.234314331282292 11.965538187053447 12.124813079833984 492100
12.214406421719872 12.303997844062813 12.055130566841333 12.144722938537598 678000
12.13476747933972 12.652411848603428 12.07503986710362 12.562819480895996 654800
12.602638419802402 12.826619342879601 12.48318224394566 12.78182315826416 674400
12.64245664482856 12.871415018175783 12.562819197408636 12.751958847045898 475600
12.622547592847436 12.801731372526172 12.513045392059782 12.592682838439941 445200
12.503092316165128 12.552865011692228 12.274133929456546 12.53295612335205 351900
12.483182343394335 12.572774713338962 12.274133796641305 12.393589973449707 412300
12.513045453875506 12.572774013632314 12.10988076091512 12.184540748596191 483700
12.204451523690718 12.239292790664873 12.075040425391487 12.164632797241211 396300
12.194495509713837 12.53295512881874 12.124812982022794 12.493136405944824 682600
12.373680396698372 12.398566742807647 12.075039496620835 12.184540748596191 1003900
12.941097803936815 13.189965069397138 12.453318191479367 13.010780334472656 1699700
12.941096916485797 13.608061218129862 12.911233112497422 13.518468856811523 1269200
13.528424742989555 13.528424742989555 12.866437852849128 13.050599098205566 833000
12.90127911822179 13.314398742153736 12.90127911822179 13.050599098205566 646900
13.01078018613651 13.40399091677039 13.01078018613651 13.339284896850586 696600
13.289512912828707 13.379104334696105 12.87141581336758 13.080464363098145 635600
12.970961433689341 13.029694122729413 12.771867813897549 12.831596374511719 435900
12.951052546386794 13.538379436787528 12.79675416036405 12.831596374511719 1357100
12.9012790229656 13.0306901143609 12.74698158487451 12.95105266571045 664300
12.94109770779199 13.319376062403686 12.89132406519906 12.911233901977539 1604700
12.8415502947327 13.358198782009042 12.673316352784166 13.259647369384766 1070200
13.279557385636306 13.74245064950352 13.279557385636306 13.43883228302002 990400
13.468696266375954 13.787247014693198 13.458742297173293 13.618017196655273 743100
13.618017017253333 13.712585894229118 13.388063718018774 13.43883228302002 601000
13.369150123460297 13.448787574360386 13.21485173165724 13.329331398010254 474900
13.339284472287092 13.558287922243778 13.339284472287092 13.389058113098145 640800
13.359194635616399 13.578198090938068 13.150146098571456 13.239738464355469 762700
13.040644923872513 13.652858161267478 13.010780168863054 13.319375991821289 786100
13.538379240104536 14.080909939501176 13.498560516724655 14.056022644042969 960500
13.866884636592554 14.40443790369464 13.83303829282345 14.284981727600098 937300
14.145615676046543 14.543802928622535 14.135660757393818 14.245162963867188 829400
14.135661146033879 14.42932460889002 14.07095607171879 14.155570983886719 1192900
14.155570983886719 14.41439223050039 14.135661146033879 14.155570983886719 582200
14.294934801760489 14.533848088341836 14.28498083305758 14.344708442687988 744400
14.85239784421338 15.808048140735398 14.832488008137412 15.240631103515625 2139600
15.330223205262898 15.618909195837547 15.11122069472577 15.44968032836914 1000900
15.449680039938556 15.688592382984222 15.31031403181862 15.638818740844727 789900
15.658727778073986 15.6985474516496 15.275472913441405 15.310314178466797 723200
15.280449988781072 15.469588686747569 15.230676347415178 15.399906158447266 676000
15.459634801968917 15.539272253736236 15.200813558401784 15.479544639587402 730300
15.479544134469062 15.509407940568984 15.250585756094255 15.44968032836914 678400
15.50940844666182 15.519363365471062 15.404884647224703 15.479544639587402 861800
15.39990613600229 15.48949850045967 15.32026868967423 15.379996299743652 603600
15.429770994894499 15.489499558396645 15.290404979625034 15.479544639587402 702700
15.449679840350123 15.479543645506716 15.300358915860654 15.439724922180176 574700
15.429770483011621 15.439725401490609 14.882262308259907 14.961899757385254 1060800
14.892217590087082 15.429770859475315 14.824525851614286 15.340178489685059 898200
15.300359785328064 15.449680718302933 15.230677252885108 15.360088348388672 611400
15.439724736030637 15.494474886598754 15.185880021876953 15.260540008544922 659300
15.320268549113024 15.409859963395169 15.170947626602974 15.240631103515625 500900
15.230677200570847 15.370042264978071 14.772761383190042 14.812580108642578 576500
14.882262485332172 14.991764691197362 14.553757766443182 14.653305053710938 935900
14.782715592142479 14.96189937339925 14.5736670562152 14.58362102508545 638600
14.623440315048054 14.703078714567518 14.464165414715707 14.673213958740234 699000
14.653305185732421 14.95692261086332 14.613486460337223 14.792670249938965 590800
14.822534492501196 15.34017790470598 14.822534492501196 15.230676651000977 940000
15.250584966948583 15.270494802887145 15.04153643635985 15.141083717346191 850100
14.976452866975007 15.520234867684684 14.916586548341703 15.4354248046875 904600
15.515245683550884 15.515245683550884 15.031329057571664 15.086206436157227 806700
15.176005386544139 15.415468753416183 15.1061621424255 15.40549087524414 504800
15.375558561071639 15.504269957332662 15.265804753175086 15.345625877380371 623700
15.33564822878518 15.854486495437571 15.026341605740223 15.076229095458984 1044700
15.046296396992856 15.071240141828488 14.63222395253844 14.8467435836792 841400
14.8367653162296 14.976452757659139 14.647190386436442 14.677123069763184 754200
14.627234799632003 14.841754427639703 14.557391553878002 14.727011680603027 642900
14.826787750569302 15.011374696652476 14.786877188111166 14.936542510986328 610500
14.906609199756296 15.01636396256087 14.736990019276558 14.806833267211914 884500
14.80683296027504 15.295737588773607 14.756944519265563 15.166028022766113 938100
15.215916321980304 15.28575956781699 14.732000637246523 14.956497192382812 1180000
15.265804315056975 15.510256619862904 14.18023572486017 15.106162071228027 1962300
15.365581039658583 15.754709742857365 15.001397033067793 15.0562744140625 1071900
15.066251876424959 15.195960489031155 14.836765431686528 15.046296119689941 814300
15.006385461492249 15.036318144859894 14.228129033133548 14.906608581542969 1227100
14.94651916512411 15.20593829213824 14.866698041664817 15.13609504699707 772200
15.146073028935401 15.23587203132717 14.617256892971179 14.886653900146484 821000
15.026341807381263 15.026341807381263 14.826788039656883 14.966475486755371 750300
14.986431267699944 15.485313784709243 14.916587068269479 15.425447463989258 787300
15.365580945125403 15.465357827857765 14.85672150751041 14.916586875915527 679900
14.876675898175325 14.966474899821106 14.642201467300218 14.906608581542969 626200
14.906608608977896 15.00638548911081 14.712044739415846 14.746966361999512 793600
14.727011850382224 14.886654100542 14.692090227102632 14.776900291442871 636300
14.786876653944681 15.056273654462458 14.786876653944681 14.946518898010254 1353300
14.926564338149964 15.076228706531037 14.79685477483304 14.906608581542969 1220300
15.01636340183701 15.595067024230957 14.876675959639458 15.595067024230957 855700
15.61502198073111 15.674888299836862 15.315693239830926 15.4154691696167 1136800
15.295737313546049 15.585089124343053 15.295737313546049 15.365580558776855 1077900
15.415469461038434 15.525224222883365 15.395514655321188 15.445402145385742 1272100
15.54517831502425 15.734754194121747 15.365580314098798 15.40549087524414 1131500
15.355603709106651 15.43542483306926 15.21591626640066 15.275782585144043 1077100
15.275782986498445 15.310704610206756 15.026341729675787 15.0562744140625 812300
15.076228784340026 15.180994603981755 14.806832729555163 14.816810607910156 1136500
14.88665348388131 14.906608288553244 14.68011635508121 14.876675605773926 1382600
14.746966066953837 14.746966066953837 13.938776969909668 13.938776969909668 1689200
14.00862042721018 14.527458678960818 13.938777182375613 14.447636604309082 1482300
14.617256680609946 14.697077803455677 14.367815433831328 14.377793312072754 1334000
14.278017437399567 14.278017437399567 13.9038555658398 14.05850887298584 1281800
14.048531379144764 14.35783895344388 14.028576573584461 14.228129386901855 1076400
14.188218530656222 14.322916082144012 14.018598404960493 14.198195457458496 896300
14.46759263680602 14.592313262985382 14.173251882899295 14.24808406829834 4020000
14.148308063493776 14.402738253739921 13.983676875868959 14.337882995605469 1089600
14.367816030197723 14.876676423117708 14.347861224429444 14.667145729064941 1454600
14.627235089159448 14.82678790350853 14.56736972062616 14.75694465637207 1230300
14.746966902120011 14.826788028532722 14.697078460226347 14.736989974975586 858400
14.846743069619997 14.85672094782592 14.567369140654023 14.697077751159668 694300
14.697078214820115 14.906608906040537 14.697078214820115 14.776900291442871 420500
14.776899976980175 14.79685478205406 14.46759241022074 14.517480850219727 741500
14.467592513243234 14.467592513243234 14.153296956634394 14.26803970336914 664800
14.30794987469611 14.507502679121844 14.297971996589116 14.487547874450684 667600
14.437659438569144 15.365580217234433 14.437659438569144 15.265804290771484 1326100
15.43542517321204 15.555156861794421 15.05128541096261 15.375558853149414 1310800
15.545178510005888 15.734754391481216 15.262811024686615 15.684865951538086 1531400
15.754709849091963 15.8445088544005 15.425447463989258 15.425447463989258 775600
15.445401512314165 15.475335146977441 15.215916022486086 15.315692901611328 543700
15.235871704033567 15.535200436852207 15.126116947226754 15.40549087524414 821300
15.395514382988894 15.844508446427751 15.395514382988894 15.6449556350708 1430100
15.674888093138291 16.18374751688419 15.674888093138291 15.914351463317871 1399800
15.914351910832085 16.02410572069831 15.74473178096609 15.764687538146973 703900
15.91435169251697 15.95426225478836 15.60504507279941 15.6449556350708 577100
15.654932684051229 15.744731687747782 15.455379871138259 15.625 519000
15.579999923706055 15.654999732971191 15.5 15.600000381469727 616800
15.699999809265137 15.720000267028809 15.460000038146973 15.520000457763672 575000
15.510000228881836 15.6899995803833 15.510000228881836 15.550000190734863 790400
15.5600004196167 15.699999809265137 15.479999542236328 15.579999923706055 703700
15.65999984741211 15.65999984741211 15.319999694824219 15.399999618530273 762800
15.390000343322754 15.390000343322754 15.020000457763672 15.289999961853027 643800
15.119999885559082 15.119999885559082 14.739999771118164 14.859999656677246 732600
14.8100004196167 14.970000267028809 14.604999542236328 14.890000343322754 914100
14.899999618530273 15.079999923706055 14.819999694824219 14.84000015258789 587800
14.930000305175781 15.050000190734863 14.779999732971191 14.789999961853027 536100
14.680000305175781 14.699999809265137 14.369999885559082 14.380000114440918 529600
14.460000038146973 14.510000228881836 14.3149995803833 14.399999618530273 702700
13.770000457763672 13.770000457763672 12.329999923706055 12.430000305175781 3846600
12.5600004196167 13.170000076293945 12.510000228881836 12.949999809265137 2618500
12.9399995803833 13.069999694824219 12.864999771118164 12.989999771118164 1042400
12.960000038146973 13.4399995803833 12.899999618530273 13.270000457763672 1361900
13.199999809265137 13.359999656677246 13.149999618530273 13.25 926700
13.289999961853027 13.380000114440918 12.90999984741211 12.920000076293945 1145900
12.8100004196167 13.1850004196167 12.8100004196167 13.010000228881836 1278600
13.050000190734863 13.199999809265137 13.020000457763672 13.180000305175781 1100300
13.220000267028809 13.404999732971191 13.170000076293945 13.34000015258789 724900
13.350000381469727 13.449999809265137 13.149999618530273 13.369999885559082 509300
13.329999923706055 13.34000015258789 13.135000228881836 13.1899995803833 716600
13.239999771118164 13.279999732971191 13.109999656677246 13.130000114440918 612900
13.220000267028809 13.3100004196167 13.199999809265137 13.239999771118164 564400
13.1899995803833 13.34000015258789 13.170000076293945 13.34000015258789 422000
13.350000381469727 13.614999771118164 13.319999694824219 13.529999732971191 448700
13.550000190734863 13.770000457763672 13.369999885559082 13.390000343322754 814100
13.449999809265137 13.59000015258789 13.34000015258789 13.350000381469727 552700
13.359999656677246 13.359999656677246 13.149999618530273 13.239999771118164 838000
13.239999771118164 13.239999771118164 13.029999732971191 13.140000343322754 637800
13.119999885559082 13.170000076293945 13.020000457763672 13.079999923706055 539400
13.0600004196167 13.220000267028809 12.989999771118164 13.119999885559082 944600
13.170000076293945 13.3149995803833 13.069999694824219 13.1899995803833 990100
13.180000305175781 13.319999694824219 12.869999885559082 12.869999885559082 989500
12.880000114440918 13.095000267028809 12.84000015258789 13.0600004196167 1197900
13.079999923706055 13.289999961853027 13.015000343322754 13.289999961853027 901900
13.289999961853027 13.289999961853027 12.994999885559082 13.130000114440918 2174700
13.119999885559082 13.180000305175781 13.029999732971191 13.180000305175781 761300
13.149999618530273 13.25 13.045000076293945 13.100000381469727 871300
13.100000381469727 13.3100004196167 13.029999732971191 13.050000190734863 438200
12.960000038146973 13.005000114440918 12.850000381469727 12.880000114440918 659800
12.869999885559082 13.020000457763672 12.774999618530273 12.789999961853027 700400
12.619999885559082 12.920000076293945 12.600000381469727 12.739999771118164 854100
12.680000305175781 12.720000267028809 12.529999732971191 12.529999732971191 761300
12.5 12.574999809265137 12.270000457763672 12.350000381469727 1050600
12.170000076293945 12.4350004196167 12.050000190734863 12.390000343322754 948000
12.479999542236328 12.630000114440918 12.4399995803833 12.470000267028809 683000
12.399999618530273 12.550000190734863 12.300000190734863 12.430000305175781 950900
12.510000228881836 12.734999656677246 12.430000305175781 12.510000228881836 1398800
12.5600004196167 12.795000076293945 12.430000305175781 12.710000038146973 738400
12.720000267028809 12.8100004196167 12.40999984741211 12.4399995803833 859500
12.380000114440918 12.630000114440918 12.229999542236328 12.350000381469727 1150200
12.3100004196167 12.430000305175781 12.0600004196167 12.420000076293945 757100
12.449999809265137 12.6899995803833 12.425000190734863 12.449999809265137 890000
12.449999809265137 12.550000190734863 12.050000190734863 12.0600004196167 1373000
12.0600004196167 12.079999923706055 11.725000381469727 11.800000190734863 1188800
11.770000457763672 11.779999732971191 11.609999656677246 11.699999809265137 1241600
11.8100004196167 12.324999809265137 11.784000396728516 12.279999732971191 1062300
12.25 12.619999885559082 12.25 12.4399995803833 1125200
12.359999656677246 12.65999984741211 12.359999656677246 12.579999923706055 814300
12.550000190734863 13.0 12.430000305175781 12.729999542236328 990000
12.710000038146973 12.880000114440918 12.399999618530273 12.479999542236328 1701600
12.710000038146973 13.020000457763672 12.5 13.008299827575684 472886
