2925.0 3168.0 2868.75 2925.0 3684
3015.0 3015.0 2484.0 2927.25 793
2922.75 2936.25 2682.0 2925.0 313
2920.5 2981.25 2767.5 2925.0 414
2922.75 2927.25 2839.5 2925.0 245
2934.0 2956.5 2868.75 2925.0 151
2886.75 2947.5 2868.75 2909.25 68
2922.75 2927.25 2839.5 2925.0 79
2907.0 2992.5 2862.0 2925.0 254
2857.5 2947.5 2857.5 2925.0 54
2925.0 2947.5 2850.75 2927.25 25
2868.75 2927.25 2704.5 2925.0 80
2875.5 2936.25 2875.5 2925.0 95
2880.0 2925.0 2862.0 2920.5 36
2882.25 2992.5 2882.25 2956.5 36
2936.25 3006.675048828125 2925.0 2938.72509765625 44
2938.5 2972.25 2925.0 2945.25 29
2925.0 2949.75 2898.0 2941.199951171875 23
2880.0 2936.25 2835.0 2853.0 46
2774.25 2940.75 2774.25 2894.625 16
2781.0 3091.5 2749.5 2958.75 213
2862.0 2958.75 2844.0 2882.25 40
2855.925048828125 2958.75 2754.0 2952.22509765625 65
2871.0 2988.0 2852.550048828125 2891.25 80
2893.5 3087.449951171875 2893.5 3037.5 43
3003.75 3341.25 3003.75 3267.0 95
3267.0 3580.425048828125 3267.0 3580.425048828125 44
3550.5 3555.0 3264.75 3555.0 42
3550.5 3582.0 3300.074951171875 3404.25 38
3415.5 3415.5 3291.75 3291.75 16
3291.75 3352.5 2927.25 2927.25 56
3195.0 3492.0 2972.25 3492.0 148
3177.0 3429.0 3163.72509765625 3188.25 30
3190.5 3299.39990234375 3042.0 3078.0 60
3220.199951171875 3372.75 3158.77490234375 3341.25 42
3321.0 3372.75 3321.0 3352.5 12
3180.60009765625 3460.5 3180.60009765625 3460.5 21
3444.75 3492.0 3433.5 3476.25 48
3276.675048828125 3476.25 3276.675048828125 3468.375 12
3270.14990234375 3465.0 3270.14990234375 3465.0 5
3492.0 3492.0 3420.0 3492.0 4
3366.0 3722.85009765625 3366.0 3690.0 48
3685.5 3685.5 3501.0 3501.0 7
3453.75 3735.0 3330.0 3735.0 70
3712.5 3712.5 3348.0 3420.0 71
3487.5 3487.5 3372.75 3375.0 10
3487.5 3487.5 3386.25 3386.25 8
3379.5 3379.5 3379.5 3379.5 2
3236.39990234375 3381.75 3236.39990234375 3336.75 30
3381.75 3528.0 3156.75 3273.75 27
3237.75 3420.0 3237.75 3420.0 15
3615.75 3615.75 3237.074951171875 3442.5 13
3487.5 3487.5 3250.125 3352.5 27
3253.5 3440.25 3238.425048828125 3434.625 26
3429.0 3528.0 3321.0 3395.25 12
3458.25 3465.0 3368.02490234375 3368.02490234375 8
3368.25 3412.35009765625 3159.449951171875 3287.25 15
3273.75 3432.824951171875 2947.5 2947.5 45
3098.25 3161.25 2974.5 3022.64990234375 16
3022.64990234375 3022.64990234375 3022.64990234375 3022.64990234375 0
3003.75 3015.0 2925.0 3015.0 20
2963.25 2965.5 2902.5 2965.5 10
2991.824951171875 2991.824951171875 2837.25 2837.25 10
2927.25 2936.02490234375 2925.0 2925.0 116
2922.75 3082.27490234375 2922.75 2927.25 5
2927.25 2927.25 2927.25 2927.25 0
2935.574951171875 2935.574951171875 2771.550048828125 2803.5 7
2904.75 2927.25 2857.5 2927.25 25
2925.0 2956.5 2918.25 2920.5 22
2927.25 3093.75 2927.25 3093.75 3
3048.75 3048.75 3048.75 3048.75 2
2947.5 2975.625 2931.75 2970.0 20
2972.25 3060.0 2970.0 3060.0 5
2976.75 3102.75 2925.0 2970.0 35
2970.0 2970.0 2970.0 2970.0 1
2974.5 2981.25 2929.5 2970.0 24
2745.0 2972.25 2745.0 2880.0 18
2897.550048828125 2897.550048828125 2880.0 2880.0 7
2947.5 2987.324951171875 2835.0 2836.35009765625 9
2812.5 2812.5 2592.0 2722.5 72
2592.0 2722.5 2592.0 2634.75 5
2610.449951171875 2616.75 2610.449951171875 2616.75 3
2632.5 2632.5 2632.5 2632.5 3
2632.5 2632.5 2632.5 2632.5 0
2286.0 2493.0 2286.0 2493.0 3
2700.0 2700.0 2448.0 2472.75 70
2448.0 2450.25 2403.0 2448.0 83
2686.5 2686.5 2443.5 2654.324951171875 10
2587.5 2587.5 2503.125 2535.75 28
2328.75 2460.14990234375 2328.75 2331.0 20
2403.0 2403.0 2328.75 2328.75 16
1363.5 2290.5 1273.5 2137.949951171875 44
2290.5 2290.5 2207.25 2290.5 10
2380.5 2392.425048828125 1649.25 1678.5 10
1680.75 2247.75 1680.75 2065.5 20
2097.0 2236.5 2067.75 2236.5 14
2231.10009765625 2236.5 2178.0 2178.0 9
2331.0 2495.25 2128.5 2472.75 8
2250.0 2585.25 2250.0 2583.0 19
2700.0 2700.0 2256.75 2261.25 5
2229.75 2484.0 2207.25 2448.0 22
2587.5 2691.0 2560.5 2561.175048828125 10
2673.0 3323.25 2673.0 3314.25 39
3352.5 3397.5 2675.25 2677.5 80
2655.0 2655.0 1939.5 2508.75 23
2479.5 2479.5 2403.0 2403.0 4
2400.75 2438.77490234375 2198.25 2407.5 8
2409.75 2409.75 2002.5 2407.5 31
2202.75 2272.5 2202.75 2272.5 8
2272.5 2441.25 2039.8499755859375 2250.0 45
2214.0 2214.0 2214.0 2214.0 3
2238.300048828125 2238.300048828125 2238.300048828125 2238.300048828125 1
2238.300048828125 2238.300048828125 2238.300048828125 2238.300048828125 0
2247.75 2252.25 2238.75 2252.25 19
2252.25 2362.5 2223.0 2340.0 10
2328.75 2340.0 2227.5 2227.5 10
2016.0 2180.25 1984.5 2099.25 16
2196.0 2202.75 2155.5 2155.5 9
2179.35009765625 2179.35009765625 1971.0 2155.5 8
2155.5 2155.5 2155.5 2155.5 0
2745.0 2745.0 2745.0 2745.0 5
2745.0 2745.0 2745.0 2745.0 0
2314.574951171875 2520.0 2256.75 2520.0 37
2236.5 2265.074951171875 2236.5 2265.074951171875 6
2521.800048828125 2535.75 2264.85009765625 2264.85009765625 12
2264.85009765625 2264.85009765625 2264.85009765625 2264.85009765625 0
2290.5 2317.5 2250.0 2292.75 7
2185.199951171875 2292.75 2171.25 2292.75 7
2306.25 2306.25 2144.25 2225.25 15
2225.25 2225.25 2225.25 2225.25 0
2225.25 2225.25 2225.25 2225.25 0
2139.75 2250.0 2139.75 2250.0 11
2151.0 2151.0 1955.25 2065.5 11
2193.75 2452.5 2108.47509765625 2174.85009765625 33
2174.85009765625 2174.85009765625 2174.85009765625 2174.85009765625 0
2252.25 2252.25 2151.0 2151.0 5
2029.5 2137.5 2029.5 2137.5 3
2029.5 2161.125 2029.5 2161.125 2
2061.0 2061.0 2061.0 2061.0 1
2061.0 2061.0 2061.0 2061.0 0
2083.5 2162.25 2061.0 2162.25 6
2162.25 2238.75 2081.25 2081.25 6
2081.25 2081.25 2081.25 2081.25 0
2081.25 2081.25 2081.25 2081.25 0
2225.25 2227.5 2225.25 2227.5 8
2227.5 2227.5 2227.5 2227.5 0
2173.949951171875 2173.949951171875 2173.949951171875 2173.949951171875 2
2367.0 2603.25 2090.925048828125 2090.925048828125 8
2139.75 2139.75 2139.75 2139.75 3
2139.75 2139.75 2139.75 2139.75 0
2250.0 29034.0 2250.0 10588.5 1143
14062.5 16875.0 3487.5 3559.5 16304
3343.5 3600.0 2700.0 2846.25 5860
2700.0 2913.75 2497.5 2643.75 2424
2448.0 2643.75 2261.25 2358.0 2301
2639.25 2880.0 2479.5 2533.5 2239
2497.5 2898.0 2324.25 2486.25 1668
2486.25 2587.5 2301.75 2385.0 973
2556.0 2556.0 2339.10009765625 2407.5 945
2362.5 2403.0 2252.25 2355.75 1072
2324.25 2587.5 2182.5 2425.5 3176
2434.5 3600.0 2279.25 2625.75 11151
2544.75 2686.5 2373.75 2394.0 1305
2448.0 2466.0 2297.25 2313.0 735
2319.75 2371.5 2261.25 2295.0 474
2290.5 2327.625 2223.0 2274.75 652
2254.5 2272.5 2126.25 2169.0 812
2169.0 2223.0 2092.5 2128.5 438
2238.75 2247.75 2107.125 2148.75 527
2112.75 2155.949951171875 2070.0 2115.0 350
2223.0 2247.75 2108.25 2220.75 839
2238.75 2520.0 2160.0 2281.5 1240
2283.75 2337.75 2182.5 2261.25 672
2252.25 2252.25 2115.0 2117.25 709
2119.5 2128.5 2002.5 2040.75 464
2182.5 2182.5 2047.5 2083.5 476
2047.5 2081.25 2027.25 2049.75 224
2049.75 2067.75 1998.0 2022.75 484
2016.0 2023.425048828125 1930.5 1944.0 333
1948.5 2025.0 1935.0 2025.0 303
2009.25 2092.5 1980.0 1998.0 302
1998.0 2029.5 1923.75 1991.25 256
1986.75 1986.75 1856.25 1879.875 307
1932.75 2160.0 1851.074951171875 1894.5 672
1869.75 1966.5 1860.75 1953.0 189
1953.0 2022.75 1919.25 1989.0 263
1930.5 1979.324951171875 1930.5 1953.0 96
1937.25 2070.0 1919.25 1941.75 270
1935.0 2001.375 1910.25 1929.375 123
1896.75 1941.75 1883.25 1921.5 145
1930.5 2047.5 1903.5 1919.25 316
1926.0 2000.25 1921.5 1926.0 99
1941.75 1958.625 1878.75 1910.25 143
1957.5 1959.074951171875 1908.0 1932.75 130
1924.875 2108.25 1914.75 1964.25 508
1939.5 2067.75 1939.5 2011.5 341
2038.5 2047.5 1939.5 1984.5 462
1941.75 1946.4749755859375 1867.5 1872.0 485
1883.25 1883.25 1811.25 1822.5 245
1836.0 1842.75 1813.5 1829.25 257
1815.75 1838.25 1728.0 1741.5 499
1712.25 1782.0 1620.0 1696.5 499
1696.5 1773.0 1696.5 1739.25 157
1712.25 1784.25 1703.25 1716.75 338
1680.75 1858.5 1680.75 1833.75 711
2025.0 2034.0 1847.25 1928.25 866
1899.0 1901.25 1797.75 1806.75 262
1806.75 1815.75 1750.5 1766.25 196
1770.75 1804.5 1730.25 1757.25 92
1732.5 1857.375 1730.4749755859375 1750.5 156
1703.25 1796.8499755859375 1701.0 1719.0 84
1701.0 1701.0 1530.0 1581.75 239
1554.75 1619.550048828125 1553.4000244140625 1588.5 180
1563.75 1590.75 1525.5 1525.5 96
1530.0 1595.25 1530.0 1542.375 90
1545.75 1575.0 1489.5 1525.5 165
1608.75 1656.449951171875 1484.7750244140625 1489.5 75
1550.25 1563.75 1525.5 1530.0 83
1503.0 1570.5 1503.0 1530.0 58
1580.175048828125 1580.175048828125 1507.5 1566.0 78
1516.5 1563.75 1516.5 1541.25 24
1556.7750244140625 1575.0 1496.25 1575.0 159
1539.0 1572.75 1507.5 1572.75 74
1575.0 1575.0 1494.0 1525.5 63
1552.5 1552.5 1478.25 1505.25 36
1473.75 1620.0 1462.5 1525.5 116
1541.25 1563.9749755859375 1471.050048828125 1500.75 28
1500.75 1686.824951171875 1500.75 1532.25 211
1541.25 1597.5 1541.25 1572.75 80
1615.5 1685.25 1545.75 1545.75 105
1575.0 1656.449951171875 1575.0 1626.75 83
1581.75 1633.5 1548.0 1633.5 37
1626.75 1748.25 1608.75 1651.5 80
1732.5 1732.5 1548.0 1577.25 88
1608.75 1608.75 1568.925048828125 1572.75 28
1554.75 1656.0 1554.75 1575.0 48
1575.0 1599.75 1575.0 1575.0 47
1579.5 1626.75 1566.0 1602.0 75
1579.5 1593.0 1575.0 1586.25 68
1543.949951171875 1575.0 1543.949951171875 1564.875 32
1566.0 1577.4749755859375 1545.75 1566.0 57
1568.25 1579.5 1548.0 1568.25 49
1558.574951171875 1570.5 1530.0 1544.625 92
1567.3499755859375 1602.0 1539.0 1597.5 98
1597.5 1626.75 1543.5 1548.675048828125 106
1575.0 1594.125 1554.75 1580.625 56
1586.25 1661.625 1586.25 1623.824951171875 136
1588.5 1615.5 1577.25 1600.875 99
1588.5 1602.0 1554.75 1554.75 121
1539.0 1539.0 1507.5 1514.25 114
1471.5 1539.0 1471.5 1510.6500244140625 48
1561.5 1561.5 1428.75 1483.199951171875 124
1480.5 1507.5 1464.75 1496.25 27
1480.5 1554.75 1467.0 1507.5 30
1518.75 1575.0 1509.75 1509.75 22
1519.6500244140625 1552.5 1489.5 1512.449951171875 42
1494.675048828125 1552.5 1494.675048828125 1518.75 39
1516.5 1552.5 1485.0 1509.75 36
1487.25 1566.0 1486.125 1503.675048828125 83
1515.375 1516.5 1489.5 1516.5 20
1519.6500244140625 1530.0 1464.074951171875 1476.0 44
1509.75 1552.5 1476.0 1526.625 86
1572.75 1572.75 1525.5 1550.25 60
1500.75 1741.5 1500.75 1626.5250244140625 418
1662.75 1680.5250244140625 1561.5 1588.5 248
1732.5 1820.25 1620.0 1800.0 977
1684.3499755859375 1800.0 1563.75 1647.0 593
1687.5 1702.3499755859375 1615.5 1656.0 212
1624.5 1773.0 1613.25 1660.5 227
1660.5 1728.0 1609.875 1656.0 208
1680.75 1737.0 1640.25 1687.5 80
1687.5 1687.5 1588.5 1617.75 198
1615.5 1629.0 1530.0 1545.75 144
1539.0 1568.25 1512.0 1543.5 63
1568.25 1624.5 1485.0 1543.5 138
1755.0 3143.25 1746.0 2272.5 42808
2056.5 2360.25 1890.0 2117.25 5792
2137.5 2193.75 2065.5 2067.75 1517
2081.25 2091.60009765625 1838.25 1923.75 1110
1838.25 1901.25 1800.0 1863.0 423
1824.75 1842.300048828125 1755.0 1770.75 902
1755.0 2029.5 1755.0 1811.25 984
1899.0 1899.0 1775.25 1840.5 342
1869.75 1903.5 1782.0 1804.5 527
1784.25 2340.0 1782.0 1800.0 1872
1782.0 1845.0 1773.0 1773.0 692
1755.0 1822.5 1732.5 1804.5 700
1831.5 1860.75 1732.5 1732.5 430
1755.0 1771.425048828125 1710.0 1719.0 204
1710.0 1716.75 1656.0 1680.75 220
1649.25 1683.0 1577.25 1626.75 800
1613.25 1662.75 1597.5 1635.75 454
1698.75 1766.25 1646.7750244140625 1737.0 724
1732.5 1841.4000244140625 1694.25 1696.5 565
1710.0 1786.5 1710.0 1728.0 363
1728.0 1777.5 1721.25 1777.5 228
1779.75 1791.0 1705.5 1748.25 216
1748.25 1782.0 1707.75 1741.5 443
1728.0 1746.0 1698.75 1746.0 285
1746.0 1746.0 1698.75 1730.25 136
1737.0 1768.5 1721.25 1743.75 230
1820.25 1840.5 1734.75 1833.75 468
1833.75 1964.25 1818.0 1851.75 731
1841.625 1912.5 1777.5 1863.0 197
1910.25 1910.25 1834.875 1863.0 316
1876.5 1948.5 1807.875 1930.5 460
1932.75 1966.5 1923.75 1937.25 276
1937.25 2025.0 1888.6500244140625 1998.0 276
2025.0 2117.25 1995.75 2022.75 459
2013.75 2025.0 1856.25 1919.25 375
1910.25 1980.0 1777.5 1804.5 836
1757.25 1827.0 1732.5 1739.25 413
1746.0 1843.875 1746.0 1752.75 371
1784.25 1827.0 1714.5 1802.25 308
1842.75 2025.0 1788.75 1901.25 919
1905.75 2070.0 1845.0 1975.5 1716
2011.5 2056.5 1935.0 2013.75 433
2058.75 2058.75 1971.0 2016.0 403
1982.25 2002.5 1881.0 1939.5 752
1939.5 2038.5 1899.0 1991.25 1066
2016.0 2016.0 1874.25 1950.75 834
2002.5 2002.5 1935.0 1964.25 438
1901.25 2205.0 1887.75 2013.75 3427
2107.800048828125 2166.75 1980.0 2025.0 2080
2047.5 2094.75 1941.75 1989.0 1178
1919.25 1984.5 1912.5 1941.75 528
1977.75 2034.0 1935.0 1986.75 603
1957.5 1964.25 1867.5 1901.25 569
1813.5 1819.800048828125 1667.25 1716.75 819
1779.75 1822.5 1696.949951171875 1775.25 418
1831.5 1831.5 1631.25 1631.25 570
1647.0 1658.25 1534.5 1586.25 606
1683.0 1707.75 1644.75 1703.25 379
1674.0 1714.5 1590.75 1629.0 379
1638.0 1669.5 1568.25 1568.25 376
1552.5 1615.5 1431.0 1464.75 806
1471.5 1545.75 1372.5 1525.5 516
1525.5 1554.75 1471.5 1518.75 320
1557.0 1635.75 1525.5 1563.75 411
1604.25 1604.25 1543.5 1579.5 160
1615.5 1674.0 1577.25 1631.25 268
1628.0999755859375 1707.75 1620.0 1674.0 294
1705.5 1707.75 1642.5 1671.75 178
1665.0 1696.5 1584.0 1586.25 256
1617.75 1631.25 1575.0 1613.25 136
1579.5 1723.5 1577.25 1597.5 362
1617.75 1667.0250244140625 1586.25 1658.25 288
1658.25 1694.25 1611.0 1653.75 140
1626.75 1636.425048828125 1575.0 1608.75 159
1620.0 1620.0 1503.0 1523.25 184
1503.0 1575.0 1435.5 1557.0 257
1444.5 1525.5 1400.4000244140625 1525.5 401
1478.25 1478.25 1382.625 1390.5 308
1381.5 1426.5 1329.75 1419.75 185
1417.5 1471.5 1374.75 1415.25 123
1415.25 1568.25 1381.7249755859375 1458.0 702
1424.25 1444.5 1388.25 1399.5 108
1388.25 1428.75 1377.0 1415.25 158
1415.25 1415.25 1354.5 1377.0 212
1365.75 1383.75 1350.0 1379.25 92
1368.0 1377.0 1335.824951171875 1361.25 108
1332.0 1363.5 1179.0 1242.0 535
1242.0 1291.5 1219.5 1287.0 131
1273.5 1278.0 1192.5 1192.5 156
1190.25 1219.5 1111.5 1134.0 402
1129.5 1152.0 1101.1500244140625 1152.0 243
1158.75 1158.75 1080.0 1154.25 359
1167.75 1170.0 1068.75 1086.75 254
1089.0 1125.0 1089.0 1125.0 106
1125.0 1152.0 972.0 1001.25 1472
1012.5 1030.5 1001.25 1010.25 804
1035.0 1035.0 981.0 1005.75 663
1012.5 1012.5 992.25 1005.75 344
1008.0 1012.5 996.75 1012.5 448
1012.5 1012.5 949.5 969.75 856
969.75 976.5 945.0 956.25 309
967.5 974.25 913.5 931.5 446
924.75 927.0 861.75 913.5 472
913.5 922.5 888.75 897.75 211
893.25 915.9749755859375 819.0 837.0 558
859.5 918.0 855.0 868.5 525
855.0 855.0 760.5 776.25 916
742.5 799.2000122070312 713.25 789.75 614
776.25 787.5 711.0 733.5 1018
731.25 769.5 704.25 706.5 646
722.25 735.75 697.5 704.25 516
704.25 765.0 697.5 758.25 444
749.25 776.25 742.5 744.75 236
690.75 713.25 621.0 661.5 2010
677.25 677.25 641.25 661.5 500
650.25 693.0 634.5 693.0 1001
675.0 706.5 634.5 690.75 868
690.75 733.5 657.0 677.25 921
688.5 728.0999755859375 652.5 713.25 707
717.75 1165.5 712.125 787.5 34029
765.0 767.25 675.0 702.0 4102
711.9000244140625 762.5250244140625 686.25 742.5 2104
749.25 794.25 724.5 740.25 2092
742.5 749.25 713.25 729.0 1636
722.25 729.0 697.5 713.25 1232
720.0 738.0 706.9500122070312 735.75 1164
735.75 780.75 722.25 771.75 1199
780.75 805.5 771.75 787.5 1747
801.0 801.0 765.0 771.75 1083
769.5 792.0 749.25 767.25 493
771.75 783.0 724.5 738.0 815
738.0 741.8250122070312 675.0 695.25 1240
687.375 701.5499877929688 666.0 684.0 963
679.5 697.5 666.0 675.0 494
668.25 684.0 645.75 648.0 1097
672.2999877929688 672.2999877929688 643.5 648.0 448
648.0 650.25 625.5 650.25 437
648.0 670.5 648.0 670.5 265
679.5 681.75 659.25 659.25 316
661.5 684.0 661.5 675.0 714
686.25 703.5750122070312 666.0 670.5 540
675.0 675.0 648.0 657.0 381
650.25 693.0 643.5 684.0 762
668.25 803.25 668.25 722.25 3460
731.25 731.25 670.5 677.25 772
677.25 684.6749877929688 634.5 641.25 1402
641.25 654.0750122070312 576.0 580.5 1691
562.5 582.75 540.0 555.75 872
560.25 594.0 544.5 582.75 1060
578.25 578.4749755859375 562.5 571.5 444
573.75 695.25 573.75 587.25 9192
585.0 589.5 531.0 537.75 4563
537.75 547.2000122070312 519.75 535.5 930
546.75 558.0 524.25 535.5 795
528.75 533.25 501.75 524.25 522
519.75 571.5 508.5 562.5 588
555.75 585.0 552.8250122070312 571.5 300
583.6500244140625 585.0 540.0 549.0 611
546.75 546.75 477.0 481.5 1583
468.0 468.0 405.0 427.5 2572
418.5 420.75 375.75 407.25 1980
425.25 443.25 412.875 427.5 1017
432.0 441.0 400.5 402.75 650
396.0 402.75 382.5 387.0 630
411.75 411.75 393.75 400.5 405
396.0 402.75 382.5 396.0 760
382.5 411.75 382.5 393.75 305
391.5 405.0 375.75 396.0 888
405.0 405.0 382.5 384.75 364
400.5 425.25 387.0 409.5 964
416.25 425.25 395.54998779296875 409.5 732
416.25 432.0 400.5 409.5 918
411.75 416.25 378.0 382.5 2022
366.75 396.0 360.0 371.25 2026
364.5 367.42498779296875 343.125 351.0 1101
348.75 348.75 328.5 337.5 1057
342.0 357.75 319.5 335.25 729
326.25 326.25 297.0 312.75 1401
317.25 319.5 306.0 310.5 411
317.25 317.25 303.75 310.5 674
315.0 360.2250061035156 294.75 346.5 2958
342.0 355.5 335.92498779296875 346.5 616
348.75 364.5 333.0 353.25 1223
348.75 369.0 337.5 369.0 487
369.0 369.0 335.25 344.25 692
348.75 364.5 333.0 348.75 1076
351.0 366.75 339.75 362.25 1103
357.75 362.25 346.5 355.5 703
351.0 362.25 346.5 357.75 402
353.25 427.5 351.0 389.25 6750
396.0 401.8500061035156 351.0 353.25 2364
351.0 353.25 333.0 335.25 1485
339.75 342.0 319.5 330.75 951
330.75 333.0 310.5 312.75 1243
315.0 319.5 263.25 274.5 4272
267.75 281.25 258.75 267.75 1472
263.25 274.5 261.0 268.875 518
265.5 270.0 255.8249969482422 258.75 1579
263.25 263.25 229.5 234.0 2020
231.75 246.375 227.25 236.25 683
234.0 265.5 231.75 258.75 2144
258.75 258.75 240.75 253.125 871
247.5 279.0 238.5 272.25 4124
258.75 267.75 243.0 254.25 2478
263.25 263.25 245.25 247.5 871
252.0 254.25 227.25 231.75 1454
236.25 249.75 231.75 249.75 931
252.0 258.75 236.25 247.5 435
245.25 245.25 227.25 227.25 977
231.75 236.25 227.25 236.25 1028
231.75 240.75 229.5 236.25 681
231.75 270.0 231.75 245.25 4490
249.75 249.75 234.0 236.25 888
234.0 247.5 234.0 237.375 538
238.5 245.9250030517578 200.47500610351562 212.39999389648438 3702
216.0 218.25 212.39999389648438 216.0 893
220.5 220.5 194.39999389648438 206.10000610351562 3228
211.0500030517578 211.0500030517578 199.8000030517578 207.4499969482422 880
209.25 209.25 191.25 198.0 2485
198.0 210.14999389648438 198.0 207.0 1831
202.5 283.5 198.4499969482422 236.25 28029
288.0 324.0 256.5 303.75 151716
265.5 306.8999938964844 258.75 303.75 28574
299.25 344.25 276.75 306.0 30004
297.0 312.75 265.5 265.5 12464
263.25 274.5 238.5 249.75 11304
247.5 286.875 247.5 258.75 6515
265.5 268.6499938964844 236.25 240.75 4520
236.25 243.0 227.25 236.25 2954
236.25 261.0 227.25 254.25 4360
254.25 261.0 244.125 254.25 1772
252.0 254.25 243.0 247.5 1353
247.5 254.25 238.5 240.75 1203
247.5 292.5 243.4499969482422 279.0 5816
283.5 290.25 247.5 258.75 3434
256.5 265.5 231.75 243.0 2468
247.5 258.75 243.0 249.75 1481
254.25 254.25 236.25 240.75 1447
243.0 245.25 234.0 245.25 1177
245.25 245.25 234.0 234.0 1236
236.25 247.5 225.0 227.25 2637
222.75 234.0 211.72500610351562 225.0 2391
180.0 207.0 180.0 193.5 6187
191.25 200.25 163.5749969482422 168.75 3516
171.0 180.0 164.25 168.75 1472
172.125 177.75 162.4499969482422 171.0 1175
167.39999389648438 169.1999969482422 157.72500610351562 162.4499969482422 1214
168.75 170.77499389648438 146.47500610351562 146.9250030517578 2253
153.89999389648438 153.89999389648438 132.75 146.25 2478
146.25 175.5 142.875 154.8000030517578 7489
150.75 163.5749969482422 137.25 141.0749969482422 3821
137.9250030517578 139.5 115.42500305175781 117.0 4324
119.69999694824219 123.75 117.0 123.75 1521
131.39999389648438 141.0749969482422 126.0 131.85000610351562 3762
132.75 141.75 126.0 139.5 1621
139.9499969482422 143.5500030517578 135.0 141.75 3560
143.10000610351562 143.10000610351562 127.80000305175781 130.5 1579
126.0 129.375 117.0 119.4749984741211 2290
117.0 126.0 114.75 115.19999694824219 1988
115.19999694824219 127.57499694824219 101.25 108.67500305175781 5396
112.7249984741211 114.75 103.7249984741211 105.9749984741211 1473
103.7249984741211 112.05000305175781 103.5 111.5999984741211 3233
110.0250015258789 110.25 103.7249984741211 106.875 728
108.2249984741211 114.75 106.875 114.5250015258789 1863
115.19999694824219 123.75 106.875 119.25 2976
114.75 119.25 109.125 117.0 1613
113.4000015258789 113.4000015258789 104.625 105.5250015258789 3512
114.75 119.4749984741211 108.67500305175781 110.25 2784
112.5 117.0 99.0 108.0 6497
110.25 119.25 108.0 110.69999694824219 3517
105.75 112.5 103.7249984741211 104.625 5227
117.0 123.75 90.0 98.32499694824219 17157
99.0 99.0 90.0 92.0250015258789 5739
92.25 92.69999694824219 82.125 86.625 5719
87.30000305175781 87.75 78.75 86.4000015258789 6401
85.5 90.0 79.6500015258789 83.69999694824219 22840
81.0 82.80000305175781 74.25 78.5250015258789 11697
78.75 90.0 74.69999694824219 83.25 4674
86.4000015258789 94.5 82.125 93.375 6209
92.25 94.2750015258789 86.4000015258789 88.6500015258789 3243
88.42500305175781 90.0 83.92500305175781 87.75 1536
87.75 87.75 81.0 81.0 1802
82.57499694824219 86.4000015258789 81.0 81.2249984741211 1132
85.7249984741211 88.875 85.05000305175781 85.94999694824219 2045
79.6500015258789 83.25 67.94999694824219 73.57499694824219 15366
67.5 77.625 63.0 69.75 5142
67.5 85.5 67.5 79.6500015258789 3718
84.1500015258789 84.1500015258789 73.125 78.30000305175781 1208
76.7249984741211 81.0 72.0 77.17500305175781 1715
81.0 81.0 74.25 76.7249984741211 629
75.82499694824219 94.5 74.25 91.125 4659
91.125 104.625 87.75 93.375 3788
96.75 96.75 86.8499984741211 87.75 1017
86.8499984741211 91.125 82.3499984741211 84.375 685
85.5 92.25 81.2249984741211 87.75 2153
90.0 97.875 87.75 95.17500305175781 4484
96.75 101.0250015258789 90.44999694824219 95.17500305175781 2069
95.17500305175781 99.0 87.75 92.25 2732
92.25 96.30000305175781 87.75 90.44999694824219 671
91.80000305175781 92.25 85.5 86.625 529
86.625 92.0250015258789 84.1500015258789 85.7249984741211 428
83.0250015258789 90.0 83.0250015258789 85.05000305175781 819
85.05000305175781 89.7750015258789 81.44999694824219 84.1500015258789 687
81.2249984741211 89.7750015258789 81.0 81.0 535
81.0 83.25 76.5 78.75 914
78.75 81.0 74.25 78.5250015258789 1162
75.82499694824219 78.5250015258789 72.0 75.1500015258789 886
67.94999694824219 76.5 67.94999694824219 74.25 1055
78.75 78.75 72.0 74.0250015258789 610
68.625 94.5 68.625 90.0 4607
94.05000305175781 106.875 85.5 86.17500305175781 2222
86.8499984741211 92.25 81.0 82.80000305175781 1316
83.69999694824219 85.7249984741211 78.75 81.2249984741211 906
81.0 81.2249984741211 74.4749984741211 75.375 551
78.75 78.75 74.25 75.375 588
75.5999984741211 81.0 72.44999694824219 74.25 1000
76.5 82.3499984741211 74.25 76.5 750
78.75 78.75 70.42500305175781 75.375 950
79.19999694824219 80.32499694824219 67.5 70.875 1351
67.94999694824219 70.875 56.25 60.75 2957
67.5 67.5 57.150001525878906 60.07500076293945 1685
96.9749984741211 129.375 85.2750015258789 92.25 385310
80.7750015258789 87.75 76.5 86.625 32108
85.2750015258789 105.75 76.7249984741211 81.0 48374
81.0 87.75 78.75 85.5 16647
92.0250015258789 108.0 87.75 96.75 29860
90.0 100.3499984741211 86.625 92.25 10138
93.1500015258789 93.82499694824219 83.69999694824219 89.55000305175781 9922
85.5 88.6500015258789 78.75 79.875 6180
85.05000305175781 85.05000305175781 78.9749984741211 80.32499694824219 5054
83.25 87.07499694824219 80.32499694824219 82.3499984741211 4956
86.8499984741211 91.57499694824219 82.80000305175781 84.1500015258789 9212
81.0 85.5 75.375 82.80000305175781 4772
84.1500015258789 87.75 79.6500015258789 83.69999694824219 7053
85.5 94.5 82.3499984741211 86.4000015258789 10334
85.5 85.5 72.67500305175781 73.125 7201
76.5 78.75 70.875 74.25 4604
72.44999694824219 74.4749984741211 69.75 73.125 2975
74.92500305175781 75.375 68.625 71.32499694824219 3576
72.0 72.0 63.0 63.45000076293945 4631
66.375 67.2750015258789 63.0 64.57499694824219 1736
65.0250015258789 74.0250015258789 61.875 69.9749984741211 3851
71.0999984741211 72.67500305175781 65.4749984741211 70.6500015258789 2784
72.0 72.0 63.224998474121094 69.30000305175781 1466
67.05000305175781 73.125 67.05000305175781 71.7750015258789 2336
67.5 73.80000305175781 66.375 69.75 1759
67.5 72.0 63.224998474121094 65.0250015258789 1707
66.1500015258789 67.2750015258789 61.875 65.69999694824219 2709
57.599998474121094 63.0 57.599998474121094 62.54999923706055 2048
61.875 61.875 51.974998474121094 54.0 2530
56.25 58.5 54.0 55.125 1226
56.25 56.70000076293945 50.625 55.79999923706055 1460
80.55000305175781 96.30000305175781 63.0 63.0 249249
72.44999694824219 74.25 63.0 63.45000076293945 43019
66.5999984741211 70.19999694824219 60.75 64.125 21800
60.29999923706055 63.0 58.724998474121094 60.29999923706055 8368
56.92499923706055 65.0250015258789 55.349998474121094 61.650001525878906 7276
58.5 62.775001525878906 55.349998474121094 58.5 4486
54.0 54.0 47.70000076293945 50.17499923706055 4940
51.75 51.75 47.025001525878906 49.04999923706055 3046
46.125 51.525001525878906 45.0 45.0 2497
43.650001525878906 50.17499923706055 40.5 48.375 3444
55.349998474121094 55.79999923706055 49.5 52.650001525878906 8529
49.95000076293945 55.79999923706055 48.599998474121094 52.875 1672
52.875 55.349998474121094 50.625 53.54999923706055 2344
54.0 54.67499923706055 47.70000076293945 50.17499923706055 3617
49.5 53.54999923706055 48.150001525878906 52.42499923706055 1632
53.54999923706055 55.349998474121094 47.25 49.275001525878906 2992
45.224998474121094 51.75 45.224998474121094 49.5 2020
47.025001525878906 49.5 45.224998474121094 46.125 2762
47.025001525878906 49.275001525878906 42.75 45.0 1562
45.45000076293945 49.5 43.875 46.349998474121094 2482
42.75 45.0 40.95000076293945 42.29999923706055 6048
45.224998474121094 46.349998474121094 43.20000076293945 44.099998474121094 3789
46.125 46.125 41.17499923706055 43.20000076293945 1779
41.400001525878906 46.79999923706055 41.400001525878906 45.0 2997
45.0 45.0 41.849998474121094 42.75 2573
45.0 45.67499923706055 40.5 40.5 4247
36.150001525878906 47.099998474121094 34.349998474121094 38.54999923706055 8360
38.70000076293945 57.75 37.79999923706055 46.04999923706055 21607
45.0 54.0 41.400001525878906 47.26499938964844 32073
47.54999923706055 47.70000076293945 42.150001525878906 46.5 7000
43.349998474121094 44.564998626708984 30.0 32.849998474121094 13780
31.950000762939453 33.599998474121094 30.149999618530273 32.54999923706055 5147
31.649999618530273 32.849998474121094 30.149999618530273 30.75 4400
30.0 30.149999618530273 28.950000762939453 29.850000381469727 2207
30.899999618530273 31.950000762939453 29.100000381469727 31.799999237060547 3187
32.099998474121094 38.70000076293945 32.099998474121094 37.04999923706055 10167
35.099998474121094 38.54999923706055 33.75 34.5 4627
35.400001525878906 38.70000076293945 34.20000076293945 34.650001525878906 20367
35.849998474121094 37.20000076293945 33.0 33.29999923706055 4573
34.95000076293945 34.95000076293945 31.5 32.099998474121094 2073
32.849998474121094 34.95000076293945 30.450000762939453 30.450000762939453 2513
31.200000762939453 31.200000762939453 29.399999618530273 29.700000762939453 1227
29.399999618530273 30.0 28.799999237060547 29.34000015258789 1340
28.649999618530273 31.200000762939453 28.649999618530273 29.399999618530273 1213
28.799999237060547 30.975000381469727 28.799999237060547 30.75 687
30.899999618530273 30.899999618530273 29.25 30.0 2287
31.5 31.649999618530273 24.149999618530273 30.75 2760
29.790000915527344 32.54999923706055 29.399999618530273 31.200000762939453 1347
30.75 33.29999923706055 30.56999969482422 32.849998474121094 307
33.0 33.599998474121094 31.5 31.5 1067
31.649999618530273 32.54999923706055 26.850000381469727 27.600000381469727 4227
31.350000381469727 31.350000381469727 28.200000762939453 31.049999237060547 2507
29.700000762939453 30.450000762939453 28.5 29.850000381469727 1293
27.149999618530273 30.0 27.149999618530273 28.200000762939453 4527
28.799999237060547 29.25 28.274999618530273 28.649999618530273 707
28.350000381469727 30.600000381469727 28.334999084472656 30.600000381469727 1320
31.350000381469727 36.584999084472656 30.149999618530273 33.29999923706055 13460
32.70000076293945 32.849998474121094 30.225000381469727 32.25 2587
31.350000381469727 31.799999237060547 30.75 31.049999237060547 900
31.200000762939453 31.709999084472656 30.75 31.3799991607666 420
31.094999313354492 31.094999313354492 29.100000381469727 29.700000762939453 727
28.9950008392334 30.674999237060547 28.649999618530273 29.399999618530273 1767
28.5 33.900001525878906 28.5 29.700000762939453 2087
28.815000534057617 32.58000183105469 28.649999618530273 31.5 880
31.5 62.400001525878906 30.75 51.0 129707
47.400001525878906 48.150001525878906 36.45000076293945 43.79999923706055 57287
39.45000076293945 42.0 34.650001525878906 37.95000076293945 18787
36.79499816894531 40.95000076293945 34.650001525878906 37.349998474121094 13647
36.45000076293945 44.849998474121094 36.29999923706055 41.54999923706055 14620
41.54999923706055 42.45000076293945 37.3650016784668 37.79999923706055 9073
38.25 39.900001525878906 36.150001525878906 38.099998474121094 2787
36.29999923706055 42.0 36.29999923706055 39.599998474121094 5020
37.650001525878906 40.16999816894531 37.650001525878906 38.849998474121094 1347
41.099998474121094 41.099998474121094 33.599998474121094 37.04999923706055 6620
38.400001525878906 38.54999923706055 35.400001525878906 37.20000076293945 1847
38.26499938964844 38.26499938964844 34.79999923706055 34.79999923706055 2313
34.97999954223633 35.70000076293945 32.70000076293945 33.75 2160
34.5 34.5 31.5 31.649999618530273 1840
32.66999816894531 37.95000076293945 28.649999618530273 29.549999237060547 2760
29.399999618530273 30.94499969482422 29.34000015258789 30.299999237060547 1233
29.100000381469727 31.469999313354492 29.100000381469727 30.299999237060547 720
30.825000762939453 31.350000381469727 30.0 30.299999237060547 1127
31.799999237060547 33.29999923706055 30.0 30.600000381469727 3787
29.700000762939453 31.950000762939453 29.549999237060547 30.899999618530273 1687
32.099998474121094 32.099998474121094 30.600000381469727 30.600000381469727 840
33.45000076293945 33.599998474121094 26.850000381469727 27.75 6387
31.200000762939453 31.200000762939453 27.450000762939453 28.200000762939453 1440
28.5 30.0 26.700000762939453 26.700000762939453 3120
27.450000762939453 27.450000762939453 24.149999618530273 24.75 3727
24.450000762939453 24.450000762939453 21.299999237060547 21.450000762939453 7120
22.9950008392334 23.700000762939453 19.5 21.299999237060547 3047
21.149999618530273 22.350000381469727 19.469999313354492 20.549999237060547 4680
21.299999237060547 21.75 20.850000381469727 21.299999237060547 1173
21.149999618530273 21.299999237060547 19.799999237060547 20.25 1313
22.200000762939453 22.200000762939453 19.200000762939453 19.950000762939453 3660
19.350000381469727 21.0 19.350000381469727 19.350000381469727 1013
18.899999618530273 19.079999923706055 16.200000762939453 16.200000762939453 7387
15.149999618530273 17.700000762939453 15.149999618530273 16.049999237060547 1853
16.950000762939453 18.149999618530273 16.200000762939453 17.100000381469727 1493
15.449999809265137 17.235000610351562 15.449999809265137 16.049999237060547 2087
16.5 16.5 15.600000381469727 16.049999237060547 1053
15.449999809265137 15.75 14.25 15.539999961853027 1507
15.164999961853027 15.704999923706055 15.0 15.449999809265137 613
15.0 15.449999809265137 14.699999809265137 15.300000190734863 1613
14.699999809265137 14.819999694824219 12.899999618530273 14.399999618530273 2853
13.800000190734863 14.234999656677246 13.199999809265137 14.234999656677246 1240
13.109999656677246 14.670000076293945 12.0 13.649999618530273 2107
13.050000190734863 15.75 11.444999694824219 14.53499984741211 1953
15.149999618530273 15.449999809265137 13.949999809265137 14.295000076293945 733
14.550000190734863 15.149999618530273 13.649999618530273 14.954999923706055 413
15.300000190734863 15.300000190734863 13.770000457763672 14.414999961853027 833
14.399999618530273 14.850000381469727 12.899999618530273 14.399999618530273 4087
14.25 14.25 12.8100004196167 13.904999732971191 107
12.930000305175781 13.425000190734863 12.75 12.899999618530273 907
12.899999618530273 14.399999618530273 12.614999771118164 13.380000114440918 2547
12.390000343322754 13.350000381469727 11.850000381469727 12.0 2027
12.0 12.75 10.5 10.529999732971191 1933
10.574999809265137 11.279999732971191 9.899999618530273 10.40999984741211 1793
10.199999809265137 11.25 10.199999809265137 10.8149995803833 840
11.819999694824219 11.819999694824219 10.319999694824219 10.770000457763672 687
10.21500015258789 11.444999694824219 10.21500015258789 10.904999732971191 520
10.979999542236328 10.979999542236328 10.244999885559082 10.244999885559082 693
10.755000114440918 10.755000114440918 9.0 9.960000038146973 1687
10.244999885559082 22.799999237060547 10.244999885559082 18.899999618530273 769040
17.100000381469727 20.700000762939453 12.765000343322754 20.100000381469727 286273
19.649999618530273 27.450000762939453 16.799999237060547 21.299999237060547 365260
20.399999618530273 32.70000076293945 18.299999237060547 29.100000381469727 282927
28.049999237060547 31.200000762939453 24.0 25.200000762939453 109433
28.950000762939453 28.950000762939453 21.0 22.799999237060547 46367
20.700000762939453 21.450000762939453 18.344999313354492 18.75 15567
19.200000762939453 19.200000762939453 15.75 16.200000762939453 10967
19.950000762939453 22.934999465942383 16.799999237060547 19.950000762939453 1056207
19.5 21.0 17.850000381469727 20.25 150907
18.600000381469727 24.0 17.25 23.399999618530273 66513
22.5 26.100000381469727 21.149999618530273 24.899999618530273 71847
24.450000762939453 25.5 20.25 21.600000381469727 22900
22.799999237060547 22.799999237060547 18.299999237060547 18.75 23000
19.350000381469727 20.25 18.0 18.149999618530273 30880
18.149999618530273 19.799999237060547 17.850000381469727 18.0 17867
17.850000381469727 18.0 17.25 17.399999618530273 4833
17.100000381469727 19.799999237060547 17.100000381469727 17.700000762939453 18807
18.600000381469727 18.600000381469727 16.950000762939453 18.450000762939453 8487
16.5 18.149999618530273 16.5 16.950000762939453 3600
16.5 17.100000381469727 15.75 16.350000381469727 7200
15.75 16.649999618530273 15.75 16.200000762939453 3787
15.600000381469727 16.649999618530273 15.600000381469727 16.5 2413
16.5 17.25 16.469999313354492 16.950000762939453 3193
18.0 19.649999618530273 18.0 18.299999237060547 13260
18.75 18.854999542236328 16.649999618530273 17.700000762939453 8747
17.399999618530273 18.75 17.100000381469727 18.75 3680
18.299999237060547 19.200000762939453 17.549999237060547 18.450000762939453 8093
22.200000762939453 22.200000762939453 19.649999618530273 20.399999618530273 44720
20.700000762939453 21.299999237060547 18.0 18.899999618530273 10580
15.899999618530273 18.600000381469727 12.180000305175781 18.149999618530273 31973
18.75 19.799999237060547 16.950000762939453 17.700000762939453 12840
19.200000762939453 20.100000381469727 17.700000762939453 18.299999237060547 12127
18.0 18.0 11.699999809265137 12.899999618530273 51627
13.350000381469727 13.5 11.399999618530273 12.149999618530273 26753
12.149999618530273 12.75 11.699999809265137 12.300000190734863 4853
12.300000190734863 12.300000190734863 10.949999809265137 11.25 8993
11.25 12.300000190734863 11.25 11.90999984741211 4667
11.5649995803833 12.149999618530273 11.399999618530273 11.699999809265137 5160
11.175000190734863 12.449999809265137 11.175000190734863 11.444999694824219 4987
11.430000305175781 12.899999618530273 11.25 11.550000190734863 2760
11.850000381469727 11.864999771118164 11.295000076293945 11.550000190734863 2453
11.550000190734863 12.255000114440918 11.550000190734863 12.0 3247
11.699999809265137 12.255000114440918 10.649999618530273 11.520000457763672 3880
11.550000190734863 12.0 10.949999809265137 11.25 1553
11.399999618530273 11.984999656677246 11.25 11.984999656677246 2220
11.354999542236328 11.895000457763672 10.649999618530273 11.53499984741211 4033
12.255000114440918 12.869999885559082 11.71500015258789 12.210000038146973 3667
12.300000190734863 13.5 12.0 12.3149995803833 11160
12.449999809265137 13.199999809265137 12.149999618530273 12.180000305175781 7433
11.850000381469727 12.734999656677246 11.550000190734863 12.270000457763672 4833
12.675000190734863 13.649999618530273 12.270000457763672 13.050000190734863 10493
13.5 13.5 12.375 13.350000381469727 2780
13.5 16.200000762939453 13.274999618530273 15.75 15173
16.200000762939453 16.200000762939453 15.149999618530273 15.300000190734863 3467
13.800000190734863 15.149999618530273 11.039999961853027 12.899999618530273 41720
13.545000076293945 13.875 13.199999809265137 13.604999542236328 7480
13.755000114440918 15.75 13.199999809265137 13.199999809265137 9227
14.010000228881836 14.925000190734863 13.199999809265137 13.515000343322754 2380
13.199999809265137 14.550000190734863 13.199999809265137 13.350000381469727 3620
14.024999618530273 14.399999618530273 13.350000381469727 14.25 3273
13.800000190734863 15.149999618530273 13.800000190734863 14.954999923706055 2567
14.90999984741211 15.149999618530273 14.399999618530273 14.984999656677246 2540
15.300000190734863 16.065000534057617 14.729999542236328 15.300000190734863 7720
16.649999618530273 19.049999237060547 15.899999618530273 17.25 15753
17.25 18.0 15.300000190734863 15.300000190734863 4967
15.899999618530273 17.25 15.75 16.799999237060547 3060
17.100000381469727 17.700000762939453 16.649999618530273 17.100000381469727 3233
17.684999465942383 18.75 17.100000381469727 18.75 7880
18.75 21.600000381469727 18.75 19.049999237060547 13773
19.5 19.5 17.100000381469727 17.399999618530273 3747
17.549999237060547 17.549999237060547 16.575000762939453 16.799999237060547 1593
16.649999618530273 17.100000381469727 16.5 16.799999237060547 3147
17.100000381469727 17.700000762939453 16.5 16.530000686645508 5287
16.649999618530273 16.649999618530273 15.75 15.899999618530273 2713
15.899999618530273 17.549999237060547 12.149999618530273 12.600000381469727 25160
12.600000381469727 15.0 12.600000381469727 14.100000381469727 27273
14.25 14.774999618530273 13.5 14.699999809265137 2907
14.25 14.895000457763672 14.25 14.850000381469727 1867
13.800000190734863 14.654999732971191 13.800000190734863 14.550000190734863 1127
14.460000038146973 14.760000228881836 12.899999618530273 14.399999618530273 3760
14.25 14.550000190734863 13.5 14.550000190734863 313
14.550000190734863 14.850000381469727 13.470000267028809 14.1899995803833 807
13.5 14.085000038146973 13.5 14.085000038146973 413
13.770000457763672 15.899999618530273 13.5 14.324999809265137 2820
13.5 15.600000381469727 13.5 14.399999618530273 2727
15.75 15.75 14.699999809265137 14.699999809265137 1533
13.800000190734863 15.75 13.800000190734863 15.449999809265137 5880
15.149999618530273 16.200000762939453 11.850000381469727 12.944999694824219 44547
12.944999694824219 14.25 12.0 12.0 9213
12.449999809265137 12.734999656677246 12.149999618530273 12.149999618530273 1773
12.225000381469727 12.300000190734863 12.0 12.239999771118164 1053
12.0 12.600000381469727 12.0 12.0 6707
12.0 12.449999809265137 12.0 12.270000457763672 620
12.0 12.300000190734863 11.699999809265137 12.300000190734863 2353
12.28499984741211 13.095000267028809 11.984999656677246 12.180000305175781 3233
12.149999618530273 12.524999618530273 12.149999618530273 12.149999618530273 1567
12.524999618530273 17.850000381469727 12.015000343322754 15.149999618530273 42053
16.049999237060547 16.6200008392334 12.899999618530273 14.175000190734863 26827
13.335000038146973 20.625 12.899999618530273 19.799999237060547 173967
18.600000381469727 20.100000381469727 16.5 18.75 170687
19.200000762939453 24.600000381469727 18.614999771118164 24.299999237060547 65280
24.299999237060547 24.75 19.200000762939453 20.100000381469727 93047
20.100000381469727 26.549999237060547 19.799999237060547 20.100000381469727 237907
19.649999618530273 19.799999237060547 16.200000762939453 16.649999618530273 65787
16.5 17.399999618530273 14.579999923706055 15.074999809265137 203727
14.850000381469727 15.824999809265137 13.949999809265137 14.925000190734863 72767
14.699999809265137 15.899999618530273 13.949999809265137 14.625 70233
14.850000381469727 15.300000190734863 14.53499984741211 14.774999618530273 3147
14.609999656677246 15.449999809265137 14.550000190734863 14.850000381469727 1820
14.699999809265137 15.300000190734863 14.25 14.774999618530273 2013
14.670000076293945 15.300000190734863 14.670000076293945 14.9399995803833 540
15.300000190734863 17.25 15.149999618530273 16.200000762939453 4147
15.899999618530273 17.25 13.319999694824219 14.399999618530273 18387
14.399999618530273 15.300000190734863 13.994999885559082 14.550000190734863 2893
14.010000228881836 15.0 13.949999809265137 14.835000038146973 2493
14.399999618530273 15.0 13.949999809265137 14.744999885559082 2947
13.5 15.75 13.5 15.449999809265137 9813
15.449999809265137 15.449999809265137 14.25 15.300000190734863 1973
15.300000190734863 15.300000190734863 14.100000381469727 14.850000381469727 2207
14.25 15.0 14.220000267028809 14.699999809265137 567
14.25 14.699999809265137 13.649999618530273 14.399999618530273 940
13.649999618530273 14.399999618530273 13.515000343322754 13.649999618530273 2020
13.725000381469727 13.979999542236328 13.050000190734863 13.425000190734863 2713
12.75 13.425000190734863 12.149999618530273 12.149999618530273 2287
12.600000381469727 13.229999542236328 12.225000381469727 12.239999771118164 1940
12.300000190734863 12.390000343322754 11.9399995803833 12.359999656677246 5227
12.600000381469727 14.100000381469727 12.0600004196167 13.199999809265137 4960
13.050000190734863 15.600000381469727 13.050000190734863 15.0 21380
16.200000762939453 17.25 12.75 14.550000190734863 28500
13.5 14.835000038146973 13.050000190734863 14.100000381469727 14680
16.049999237060547 17.25 14.15999984741211 15.149999618530273 19013
14.550000190734863 15.600000381469727 14.550000190734863 15.300000190734863 1907
14.550000190734863 15.600000381469727 14.279999732971191 15.600000381469727 5013
14.399999618530273 15.600000381469727 13.350000381469727 13.350000381469727 10280
14.399999618530273 14.399999618530273 13.5 13.800000190734863 1487
13.800000190734863 14.100000381469727 13.350000381469727 13.350000381469727 1620
13.875 13.875 10.875 12.0 24613
12.300000190734863 13.395000457763672 12.029999732971191 12.734999656677246 7713
13.050000190734863 13.050000190734863 12.164999961853027 12.899999618530273 1387
12.479999542236328 13.335000038146973 12.449999809265137 12.449999809265137 3393
12.539999961853027 12.824999809265137 10.800000190734863 11.369999885559082 14813
11.789999961853027 12.420000076293945 11.699999809265137 11.925000190734863 4007
11.925000190734863 12.449999809265137 11.399999618530273 12.449999809265137 3413
11.925000190734863 12.210000038146973 11.925000190734863 12.0 767
12.0 12.300000190734863 10.800000190734863 11.550000190734863 2447
11.25 11.595000267028809 10.859999656677246 11.100000381469727 2547
11.6850004196167 14.699999809265137 10.949999809265137 11.100000381469727 19620
10.949999809265137 11.489999771118164 10.664999961853027 10.800000190734863 1240
11.055000305175781 11.055000305175781 10.21500015258789 10.5 2533
10.5 11.234999656677246 10.5 10.725000381469727 553
11.100000381469727 11.100000381469727 11.055000305175781 11.100000381469727 340
10.8149995803833 12.300000190734863 10.515000343322754 12.300000190734863 5493
12.899999618530273 13.5 12.345000267028809 12.345000267028809 19620
12.614999771118164 13.199999809265137 12.614999771118164 12.765000343322754 3340
13.545000076293945 13.545000076293945 12.449999809265137 12.75 1880
13.03499984741211 13.199999809265137 11.850000381469727 12.449999809265137 3300
12.449999809265137 13.649999618530273 12.449999809265137 13.199999809265137 5007
13.199999809265137 14.385000228881836 13.199999809265137 13.274999618530273 4733
13.199999809265137 14.25 13.199999809265137 13.904999732971191 2847
13.725000381469727 14.204999923706055 13.5 14.100000381469727 3287
13.649999618530273 14.399999618530273 13.050000190734863 13.949999809265137 1633
13.949999809265137 14.024999618530273 12.180000305175781 13.005000114440918 1873
13.170000076293945 13.170000076293945 12.449999809265137 12.449999809265137 1140
12.449999809265137 13.199999809265137 12.029999732971191 12.300000190734863 3167
12.449999809265137 13.199999809265137 12.0 12.300000190734863 7067
12.149999618530273 13.050000190734863 11.850000381469727 12.375 1340
12.449999809265137 13.050000190734863 12.210000038146973 12.210000038146973 41660
12.300000190734863 12.300000190734863 10.829999923706055 11.25 122907
16.049999237060547 19.649999618530273 12.6899995803833 15.149999618530273 1229347
13.710000038146973 14.100000381469727 12.015000343322754 13.199999809265137 74567
13.199999809265137 14.699999809265137 12.899999618530273 14.399999618530273 24027
14.399999618530273 16.200000762939453 13.649999618530273 15.300000190734863 119467
15.300000190734863 15.899999618530273 12.899999618530273 13.454999923706055 34753
13.229999542236328 13.78499984741211 12.944999694824219 13.305000305175781 6373
13.5 14.475000381469727 12.899999618530273 13.949999809265137 26580
13.229999542236328 14.25 13.199999809265137 13.319999694824219 3467
13.725000381469727 13.949999809265137 13.199999809265137 13.5 4933
13.350000381469727 13.5 13.199999809265137 13.21500015258789 6687
13.350000381469727 13.78499984741211 12.375 12.46500015258789 12240
10.5 11.25 5.894999980926514 5.925000190734863 207447
6.0 6.150000095367432 3.134999990463257 3.134999990463257 501320
3.359999895095825 3.390000104904175 3.194999933242798 3.299999952316284 381080
3.299999952316284 3.299999952316284 2.924999952316284 3.015000104904175 204973
3.0450000762939453 3.075000047683716 2.5950000286102295 2.924999952316284 195167
2.924999952316284 3.075000047683716 2.7750000953674316 2.880000114440918 92540
2.700000047683716 2.700000047683716 2.4749999046325684 2.549999952316284 82093
2.490000009536743 2.549999952316284 2.369999885559082 2.4749999046325684 61000
2.549999952316284 2.549999952316284 2.265000104904175 2.4000000953674316 73513
2.4600000381469727 2.4749999046325684 2.325000047683716 2.430000066757202 37967
2.549999952316284 2.865000009536743 2.5199999809265137 2.684999942779541 284627
2.8499999046325684 2.8499999046325684 2.4149999618530273 2.430000066757202 170093
2.549999952316284 2.819999933242798 2.4600000381469727 2.759999990463257 622553
3.630000114440918 3.75 2.759999990463257 2.8499999046325684 2394233
2.690000057220459 2.890000104904175 2.1500000953674316 2.619999885559082 1358600
2.690000057220459 2.690000057220459 2.119999885559082 2.3399999141693115 563500
2.4000000953674316 2.4000000953674316 2.1600000858306885 2.1700000762939453 287700
2.1700000762939453 2.180000066757202 1.9299999475479126 2.0999999046325684 340300
2.009999990463257 2.0989999771118164 1.9800000190734863 2.009999990463257 119300
1.9199999570846558 2.009999990463257 1.850000023841858 1.8700000047683716 169700
1.809999942779541 1.899999976158142 1.7200000286102295 1.7799999713897705 198100
1.7799999713897705 1.7799999713897705 1.5700000524520874 1.600000023841858 168500
1.5700000524520874 1.6399999856948853 1.5 1.5499999523162842 91900
1.5499999523162842 1.5499999523162842 1.3700000047683716 1.409999966621399 118100
1.3899999856948853 1.409999966621399 1.340000033378601 1.340000033378601 75000
1.399999976158142 1.5 1.3600000143051147 1.4600000381469727 100500
1.5 1.559999942779541 1.3700000047683716 1.4199999570846558 117200
1.4600000381469727 1.5199999809265137 1.3680000305175781 1.409999966621399 92000
1.4700000286102295 1.5 1.3799999952316284 1.3899999856948853 119300
1.4800000190734863 1.4800000190734863 1.350000023841858 1.3899999856948853 91200
1.4199999570846558 1.4199999570846558 1.3600000143051147 1.3799999952316284 23000
1.3899999856948853 1.600000023841858 1.3639999628067017 1.4600000381469727 168800
1.4500000476837158 1.5299999713897705 1.3600000143051147 1.4500000476837158 32200
1.4700000286102295 1.5199999809265137 1.399999976158142 1.4299999475479126 59800
1.5 1.5299999713897705 1.440000057220459 1.5199999809265137 25600
1.600000023841858 1.7200000286102295 1.5399999618530273 1.6699999570846558 227800
1.7300000190734863 1.809999942779541 1.5299999713897705 1.6799999475479126 1538600
1.5499999523162842 1.684999942779541 1.4900000095367432 1.5099999904632568 162900
1.4600000381469727 1.5499999523162842 1.4600000381469727 1.5099999904632568 58700
1.5299999713897705 1.600000023841858 1.4800000190734863 1.5700000524520874 78500
1.5800000429153442 1.6059999465942383 1.4600000381469727 1.559999942779541 50400
1.5700000524520874 1.5700000524520874 1.3899999856948853 1.440000057220459 87900
1.440000057220459 1.4600000381469727 1.2699999809265137 1.3200000524520874 149900
1.309999942779541 1.350000023841858 1.2200000286102295 1.25 63500
1.340000033378601 1.340000033378601 1.100000023841858 1.1100000143051147 185400
1.1399999856948853 1.1399999856948853 1.0199999809265137 1.0199999809265137 166400
1.059999942779541 1.0700000524520874 0.9399999976158142 0.949999988079071 238300
0.949999988079071 0.949999988079071 0.8399999737739563 0.9010000228881836 148600
0.8820000290870667 0.8820000290870667 0.7950000166893005 0.8199999928474426 135600
0.8460000157356262 0.8460000157356262 0.800000011920929 0.8199999928474426 18700
0.800000011920929 0.8119999766349792 0.7699999809265137 0.8119999766349792 38900
0.8209999799728394 0.8209999799728394 0.7599999904632568 0.7799999713897705 32300
0.7649999856948853 0.800000011920929 0.7649999856948853 0.7699999809265137 13700
0.800000011920929 0.8220000267028809 0.7599999904632568 0.7699999809265137 55000
0.8009999990463257 0.8009999990463257 0.7009999752044678 0.7620000243186951 25400
0.7540000081062317 0.7620000243186951 0.7110000252723694 0.7200000286102295 18400
0.7490000128746033 0.7490000128746033 0.699999988079071 0.7400000095367432 25100
0.7820000052452087 0.7820000052452087 0.7160000205039978 0.7820000052452087 38000
0.7200000286102295 0.7699999809265137 0.7200000286102295 0.7609999775886536 10300
0.7670000195503235 0.7670000195503235 0.7149999737739563 0.7260000109672546 13700
0.7300000190734863 0.7490000128746033 0.7300000190734863 0.7490000128746033 17300
0.7300000190734863 0.7490000128746033 0.7009999752044678 0.7239999771118164 98600
0.7649999856948853 0.8199999928474426 0.7200000286102295 0.7200000286102295 192800
0.777999997138977 0.777999997138977 0.6549999713897705 0.699999988079071 34200
0.7390000224113464 0.7400000095367432 0.699999988079071 0.7350000143051147 8200
0.7570000290870667 0.7649999856948853 0.7300000190734863 0.7300000190734863 16600
0.7850000262260437 0.8790000081062317 0.7300000190734863 0.7749999761581421 48500
0.8140000104904175 0.8259999752044678 0.7699999809265137 0.7900000214576721 35300
0.824999988079071 0.824999988079071 0.75 0.7599999904632568 10300
0.75 0.75 0.699999988079071 0.699999988079071 23043
