720.0 876.0 673.5999755859375 673.5999755859375 327210
682.0 770.0 665.0 701.4000244140625 51015
705.5999755859375 734.0 651.5999755859375 677.0 30645
676.0 708.1400146484375 676.0 691.0 18455
696.0 719.7999877929688 680.0 714.0 12065
721.0 765.0 719.7999877929688 765.0 14820
742.2000122070312 771.4000244140625 707.2000122070312 720.2000122070312 13180
727.2000122070312 751.6199951171875 719.5999755859375 731.5999755859375 8805
716.4000244140625 765.0 715.5599975585938 739.2000122070312 11515
738.4000244140625 750.0 675.5999755859375 701.4000244140625 20320
692.0 707.5999755859375 677.4000244140625 693.0 5735
694.0 706.0 660.0 670.0 17480
672.0 698.2000122070312 669.2999877929688 695.5999755859375 8430
690.2000122070312 709.7999877929688 678.0 700.0 13205
700.0 709.280029296875 677.5999755859375 700.0 11795
692.2000122070312 703.7999877929688 677.2000122070312 695.0 12880
700.0 717.4000244140625 673.7999877929688 686.0 15320
695.7999877929688 699.7999877929688 671.7999877929688 678.0 16785
681.7999877929688 697.0 666.5999755859375 690.4000244140625 13450
692.2000122070312 729.7999877929688 686.0 702.4000244140625 15090
700.0 702.5999755859375 680.0 688.0 4910
693.0 701.7999877929688 664.5999755859375 696.5999755859375 13430
696.0 700.0 668.2000122070312 669.7999877929688 12635
672.4000244140625 713.5999755859375 672.4000244140625 711.7999877929688 14755
713.2000122070312 793.2000122070312 712.4000244140625 720.0 30700
682.7999877929688 722.2000122070312 677.9400024414062 715.2000122070312 28350
717.0 739.2000122070312 700.0 731.0 16410
711.8599853515625 848.5999755859375 711.8599853515625 837.0 21845
822.2000122070312 919.5999755859375 804.7999877929688 919.0 14780
927.2000122070312 999.7999877929688 920.0 995.0 6575
985.4000244140625 1065.800048828125 880.2000122070312 1002.2000122070312 32725
1007.4000244140625 1099.4000244140625 982.2999877929688 1036.0 19510
1021.2000122070312 1021.2000122070312 930.5999755859375 947.2000122070312 12685
940.2000122070312 960.0 898.7999877929688 931.5999755859375 11590
938.7999877929688 1008.2000122070312 912.4000244140625 989.0 17940
975.0 1016.2000122070312 954.5999755859375 959.2000122070312 13690
954.7999877929688 999.7999877929688 948.5999755859375 973.0 12030
969.7999877929688 998.0 935.2000122070312 937.7999877929688 12800
930.0 997.5999755859375 920.2000122070312 959.7999877929688 6810
958.4000244140625 1169.6800537109375 951.7999877929688 1139.5999755859375 33045
1149.4000244140625 1196.0 940.0 949.4000244140625 31975
957.0 996.0 911.7999877929688 967.0 21145
967.0 1059.4000244140625 955.9000244140625 1014.0 27225
1023.0 1070.0 998.5 1013.5999755859375 32680
1000.0 1029.4000244140625 940.4000244140625 950.7999877929688 102710
940.0 987.2000122070312 927.2000122070312 950.0 19395
949.7999877929688 1170.4000244140625 940.0 1158.800048828125 36405
1149.4000244140625 1161.800048828125 1091.300048828125 1106.0 14550
1103.5999755859375 1247.0 1063.199951171875 1075.0 14595
1086.199951171875 1100.0 1010.4000244140625 1026.4000244140625 9530
1022.5999755859375 1037.9000244140625 967.5999755859375 1000.0 5845
1003.4000244140625 1016.2000122070312 938.0 958.2000122070312 12480
961.5999755859375 982.2000122070312 880.2999877929688 896.4000244140625 9815
903.7999877929688 928.3800048828125 830.7999877929688 850.0 20270
851.2000122070312 948.239990234375 840.0 927.0 18490
908.0 929.2000122070312 871.4000244140625 913.0 13645
922.0 983.5999755859375 880.4000244140625 946.5999755859375 12105
953.4000244140625 1010.0 916.4000244140625 997.7999877929688 13340
996.0 1039.0 967.4000244140625 1026.0 9510
1080.5999755859375 1115.199951171875 1010.5999755859375 1078.4000244140625 25045
1075.5999755859375 1259.800048828125 1070.0 1195.5999755859375 30075
1208.4000244140625 1225.800048828125 1094.5999755859375 1126.4000244140625 16175
1126.199951171875 1136.800048828125 1056.9000244140625 1095.5999755859375 9610
1016.0 1151.199951171875 1016.0 1098.199951171875 24250
1101.5999755859375 1200.800048828125 1078.0999755859375 1116.0 13130
1121.800048828125 1178.800048828125 1090.199951171875 1133.4000244140625 13005
1125.5999755859375 1273.4000244140625 1118.800048828125 1260.0 25535
1261.0 1274.0 1131.4000244140625 1248.0 15500
1249.0 1258.0 1087.800048828125 1139.800048828125 26340
1100.4000244140625 1159.199951171875 1024.9000244140625 1140.199951171875 15725
1137.199951171875 1137.199951171875 1060.0 1091.5999755859375 12570
1088.5999755859375 1095.4000244140625 1010.5 1051.5999755859375 13370
1064.4000244140625 1134.4000244140625 1037.800048828125 1123.0 13930
1125.199951171875 1246.4000244140625 1125.199951171875 1201.800048828125 13775
1216.0 1287.4000244140625 1194.0 1260.4000244140625 8675
1255.0 1351.0 1255.0 1291.4000244140625 8470
1306.4000244140625 1313.0999755859375 1224.4000244140625 1287.5999755859375 6170
1289.4000244140625 1426.4000244140625 1245.199951171875 1406.199951171875 11105
1426.0 1535.0 1360.0 1458.800048828125 24285
1470.0 1523.300048828125 1460.199951171875 1507.4000244140625 16950
1511.199951171875 1535.0 1367.199951171875 1373.0 12060
1370.4000244140625 1444.780029296875 1338.800048828125 1436.5999755859375 11140
1446.800048828125 1498.0 1378.800048828125 1416.0 9925
1396.800048828125 1461.800048828125 1355.0 1375.5999755859375 19790
1360.4000244140625 1428.4000244140625 1303.5999755859375 1378.199951171875 7885
1375.5999755859375 1439.5 1358.800048828125 1380.5999755859375 5065
1367.800048828125 1402.3399658203125 1265.4000244140625 1272.199951171875 7745
1220.0 1313.9599609375 1140.800048828125 1292.5999755859375 12645
1287.199951171875 1318.4000244140625 1250.4000244140625 1279.199951171875 4370
1274.0 1279.800048828125 1180.5999755859375 1223.199951171875 9875
1188.4000244140625 1220.0 1126.199951171875 1168.199951171875 11765
1197.800048828125 1252.5999755859375 1123.800048828125 1134.199951171875 11495
1138.800048828125 1230.9000244140625 1117.5999755859375 1207.800048828125 8700
1229.0 1237.5999755859375 1112.5999755859375 1115.0 6335
1123.800048828125 1148.8599853515625 1002.8200073242188 1081.199951171875 12800
1095.5999755859375 1133.4000244140625 1009.2000122070312 1113.4000244140625 13300
1094.5999755859375 1114.199951171875 975.5999755859375 985.7999877929688 7925
1008.2000122070312 1055.5999755859375 977.5999755859375 1026.5999755859375 16430
1046.4000244140625 1122.9000244140625 1042.9599609375 1091.4000244140625 10710
1109.0 1191.0 1094.0 1146.800048828125 9425
1129.800048828125 1249.4000244140625 1110.4000244140625 1172.0 8725
1175.199951171875 1202.4000244140625 1078.4000244140625 1093.0 9640
1097.5999755859375 1114.699951171875 1028.5999755859375 1050.5999755859375 9175
1038.800048828125 1104.5999755859375 1005.0 1102.800048828125 8205
1076.4000244140625 1088.5 930.7999877929688 934.7999877929688 17770
940.0 1023.2000122070312 940.0 947.7999877929688 30015
946.4000244140625 1025.800048828125 926.9600219726562 1015.2000122070312 10455
1039.0 1100.0 1007.97998046875 1062.199951171875 13825
1080.0 1080.5400390625 998.4000244140625 1011.4000244140625 12020
981.5999755859375 1050.4000244140625 956.4000244140625 1047.4000244140625 12675
1064.199951171875 1078.9200439453125 855.4000244140625 953.5999755859375 27655
964.4000244140625 964.4000244140625 870.0 876.0 15300
870.5999755859375 942.7999877929688 868.0 894.4000244140625 17945
900.0 1010.0 888.5999755859375 999.0 15700
1014.4000244140625 1054.0 991.0 1035.5999755859375 15530
1052.800048828125 1052.97998046875 992.0 1036.5999755859375 12775
1024.800048828125 1134.4000244140625 1003.7000122070312 1099.0 14470
1084.5999755859375 1093.0 984.5999755859375 1023.5999755859375 20100
1026.0 1050.5999755859375 1020.0 1045.199951171875 19455
1039.4000244140625 1080.0 1002.4000244140625 1057.800048828125 25055
1049.800048828125 1060.0 971.4000244140625 982.5999755859375 25660
990.0 1013.2000122070312 960.0 989.7999877929688 17855
990.4000244140625 1002.4000244140625 900.0 960.0 54530
967.5999755859375 979.4000244140625 911.4000244140625 959.2000122070312 29875
958.7999877929688 959.0 913.0 940.2000122070312 31855
920.7999877929688 947.4000244140625 913.4000244140625 945.5999755859375 25885
958.7999877929688 964.4000244140625 914.2999877929688 925.0 19405
917.4000244140625 961.0 914.5999755859375 960.7999877929688 21755
970.5999755859375 986.0 950.2000122070312 980.5999755859375 22800
974.2000122070312 1023.7999877929688 970.5999755859375 1014.4000244140625 41230
1019.7999877929688 1093.199951171875 991.0 1088.800048828125 59300
1090.199951171875 1126.5999755859375 1058.4000244140625 1102.0 35815
1103.4000244140625 1120.800048828125 1068.4000244140625 1117.4000244140625 24440
1118.800048828125 1156.800048828125 1081.5999755859375 1155.5999755859375 24960
1129.5999755859375 1162.4000244140625 1090.4000244140625 1144.800048828125 34795
1142.800048828125 1151.06005859375 1030.5999755859375 1037.4000244140625 15115
1024.800048828125 1024.800048828125 933.0 955.0 23150
964.7999877929688 999.5999755859375 894.5999755859375 900.0 33795
903.5999755859375 917.7999877929688 830.2000122070312 850.0 23700
891.2000122070312 891.2000122070312 805.7999877929688 825.4000244140625 21410
818.7999877929688 825.5 733.2000122070312 733.4000244140625 23345
680.2000122070312 783.0 680.2000122070312 764.7999877929688 31550
760.2000122070312 784.4000244140625 752.5999755859375 780.0 60315
763.5999755859375 785.0 640.2000122070312 653.2000122070312 86730
676.2000122070312 702.5999755859375 646.0 689.5999755859375 92475
676.2000122070312 688.2000122070312 655.5999755859375 670.5999755859375 32465
671.2000122070312 690.4000244140625 644.7999877929688 658.4000244140625 35505
647.0 662.2999877929688 614.2000122070312 642.5999755859375 25330
646.0 670.0 638.5999755859375 667.7999877929688 43965
677.0 682.4000244140625 640.2000122070312 643.2000122070312 23610
652.0 679.7999877929688 640.0 664.0 24585
648.2000122070312 664.0 614.4000244140625 642.0 44805
635.2000122070312 664.7999877929688 620.2000122070312 662.7999877929688 64065
657.7999877929688 678.4199829101562 641.5999755859375 670.5999755859375 64620
673.4000244140625 689.7999877929688 657.5999755859375 680.4000244140625 27590
682.7999877929688 690.0 668.1199951171875 678.7999877929688 24680
681.7999877929688 695.5999755859375 675.0 692.4000244140625 20275
688.0 727.4000244140625 680.0 709.5999755859375 30115
711.2000122070312 738.3800048828125 705.5999755859375 720.4000244140625 21940
720.0 755.7999877929688 713.2000122070312 738.0 23590
751.5999755859375 781.0999755859375 726.7999877929688 747.7999877929688 17285
752.2000122070312 774.5999755859375 745.4000244140625 748.7999877929688 12455
746.2000122070312 765.2000122070312 734.0 759.7999877929688 11955
761.4000244140625 784.5 757.7000122070312 780.4000244140625 29475
782.2000122070312 802.5999755859375 761.0 769.7999877929688 26905
767.4000244140625 768.4000244140625 724.7999877929688 740.2000122070312 25270
737.0 755.0 724.7999877929688 745.2000122070312 23935
738.2000122070312 763.5999755859375 726.0 753.5999755859375 24795
746.0 760.0 722.4000244140625 737.2000122070312 30815
730.0 759.7999877929688 696.4000244140625 743.0 27390
742.4000244140625 758.2000122070312 734.2000122070312 750.4000244140625 16615
751.7999877929688 769.0 737.2000122070312 758.7999877929688 14560
768.2000122070312 777.0 746.2000122070312 749.5999755859375 14060
754.0 777.4000244140625 734.0 760.5999755859375 74255
767.4000244140625 802.3400268554688 762.0 779.0 15415
768.5999755859375 802.4000244140625 768.5999755859375 795.2000122070312 20605
792.5999755859375 804.2000122070312 778.7999877929688 798.2000122070312 19075
794.5999755859375 797.0999755859375 741.0 772.5999755859375 25185
775.2000122070312 775.2000122070312 742.0 755.2000122070312 9040
760.0 780.5999755859375 745.4000244140625 774.2000122070312 13320
781.4000244140625 781.7999877929688 720.9000244140625 735.2000122070312 11220
721.7999877929688 729.7999877929688 693.4000244140625 710.7999877929688 12660
707.5999755859375 707.5999755859375 624.5999755859375 692.2000122070312 61255
692.8200073242188 709.5999755859375 655.0 687.4000244140625 15155
700.0 719.2000122070312 686.0 700.0 14675
706.2000122070312 706.2000122070312 660.0 666.4000244140625 16500
658.0 698.2000122070312 651.2000122070312 696.0 22515
700.5999755859375 725.9000244140625 693.0 698.7999877929688 21470
693.4000244140625 703.2999877929688 669.2999877929688 679.7999877929688 10385
683.5999755859375 699.9000244140625 662.5999755859375 684.2000122070312 17200
686.0 710.0 678.2000122070312 703.2000122070312 17700
707.5999755859375 719.4000244140625 685.5 691.2000122070312 10995
691.4000244140625 698.0 672.0 688.0 7870
684.0 703.2000122070312 676.5999755859375 697.7999877929688 18620
697.2000122070312 722.2000122070312 689.0 700.0 26065
700.7999877929688 708.0 677.0 696.5999755859375 9795
697.5999755859375 724.7999877929688 693.5999755859375 695.5999755859375 11085
696.0 745.2000122070312 688.4000244140625 720.0 13920
722.0 737.2000122070312 713.4000244140625 718.2000122070312 8890
716.7999877929688 731.4000244140625 688.5999755859375 715.5999755859375 6125
713.2000122070312 746.7999877929688 705.2000122070312 713.2000122070312 9940
711.5999755859375 743.0 704.7999877929688 742.7999877929688 7205
745.5999755859375 751.7000122070312 710.0 715.0 8840
719.2000122070312 739.2000122070312 704.8400268554688 729.5999755859375 6600
734.4000244140625 734.4000244140625 701.5 706.5999755859375 14240
707.4000244140625 715.0 684.2000122070312 697.4000244140625 17650
692.4000244140625 696.0 621.7999877929688 654.0 22855
611.0 612.5999755859375 488.20001220703125 494.0 71560
491.79998779296875 521.0999755859375 483.4800109863281 500.0 38115
490.20001220703125 507.3999938964844 478.0 487.3999938964844 39210
493.3999938964844 499.0 464.6000061035156 472.20001220703125 28605
472.20001220703125 475.79998779296875 422.20001220703125 430.6000061035156 50345
427.3999938964844 450.3999938964844 426.5 429.6000061035156 52935
432.0 446.6000061035156 423.3999938964844 438.6000061035156 66345
434.3999938964844 445.79998779296875 423.6000061035156 431.20001220703125 48020
435.3999938964844 451.79998779296875 422.79998779296875 432.79998779296875 53130
433.20001220703125 441.79998779296875 415.0 429.0 14830
429.20001220703125 446.79998779296875 423.2200012207031 439.79998779296875 12130
444.3999938964844 446.0 408.20001220703125 409.3999938964844 16245
409.20001220703125 412.3999938964844 396.79998779296875 400.20001220703125 41275
406.0 412.20001220703125 393.6000061035156 405.20001220703125 47535
405.79998779296875 418.6000061035156 397.20001220703125 398.0 28605
402.0 406.20001220703125 387.6000061035156 401.20001220703125 93120
402.79998779296875 450.6000061035156 395.0 448.3999938964844 53230
445.6000061035156 446.0 427.20001220703125 440.20001220703125 32125
438.0 462.79998779296875 416.3999938964844 418.79998779296875 36885
417.0 425.0400085449219 404.3999938964844 405.3999938964844 16525
408.6000061035156 418.79998779296875 385.0 406.20001220703125 17025
406.3999938964844 414.0 399.20001220703125 413.0 29685
413.0 429.79998779296875 408.79998779296875 425.0 36575
427.0 442.79998779296875 415.5 435.3999938964844 28085
430.6000061035156 454.3999938964844 430.6000061035156 439.3999938964844 51645
429.6000061035156 433.20001220703125 412.79998779296875 421.0 23710
424.20001220703125 442.70001220703125 420.0 441.20001220703125 16455
437.20001220703125 445.6000061035156 428.79998779296875 433.3999938964844 76395
167.39999389648438 173.60000610351562 126.5999984741211 137.1999969482422 2602245
141.3800048828125 151.8000030517578 133.39999389648438 140.8000030517578 869600
138.39999389648438 145.8000030517578 135.0 143.8000030517578 292985
141.8000030517578 143.0 136.0 136.8000030517578 170380
136.60000610351562 138.60000610351562 127.19999694824219 131.8000030517578 243640
132.0 138.60000610351562 131.39999389648438 134.60000610351562 155345
135.60000610351562 137.39999389648438 128.8000030517578 131.60000610351562 104025
130.60000610351562 132.39999389648438 124.0 127.4000015258789 153115
126.4000015258789 131.39999389648438 125.0 130.60000610351562 80515
126.4000015258789 135.0 126.19999694824219 133.0 74040
134.1999969482422 136.8000030517578 131.60000610351562 133.60000610351562 68805
132.1999969482422 136.60000610351562 129.60000610351562 131.0 59755
132.8000030517578 135.39999389648438 130.0 130.39999389648438 60075
131.27999877929688 133.1999969482422 128.8000030517578 130.1999969482422 47650
131.1999969482422 149.5800018310547 131.0 145.8000030517578 197620
146.0 155.0 140.60000610351562 145.8000030517578 121790
146.39999389648438 152.60000610351562 142.67999267578125 144.0 93345
143.0 145.1999969482422 135.0 142.0 94640
144.1999969482422 149.0 141.8000030517578 143.8000030517578 60680
144.39999389648438 156.0 143.39999389648438 151.39999389648438 91790
150.0 212.60000610351562 149.39999389648438 204.1999969482422 615445
190.0800018310547 191.8000030517578 154.25999450683594 155.60000610351562 359420
158.1999969482422 177.0 156.39999389648438 172.39999389648438 151615
170.8000030517578 177.8000030517578 161.39999389648438 165.39999389648438 73650
165.0 169.8000030517578 161.02000427246094 161.60000610351562 48380
163.0 183.0 161.39999389648438 174.39999389648438 111350
172.60000610351562 187.3000030517578 172.0 176.0 109095
176.1999969482422 185.0 173.1999969482422 177.39999389648438 104600
178.39999389648438 179.0 165.8000030517578 171.8000030517578 57635
173.0 180.1999969482422 170.8000030517578 179.60000610351562 52265
178.32000732421875 183.32000732421875 170.60000610351562 174.39999389648438 42405
173.8000030517578 177.24000549316406 166.39999389648438 169.1999969482422 43345
170.0 172.8000030517578 165.60000610351562 169.0 54370
172.1999969482422 172.1999969482422 162.47999572753906 165.60000610351562 35965
162.5 166.60000610351562 143.0 153.1999969482422 112400
154.47999572753906 154.47999572753906 143.8000030517578 144.0 100010
146.89999389648438 146.89999389648438 140.60000610351562 142.60000610351562 79860
144.0 144.60000610351562 137.8000030517578 137.8000030517578 56945
139.0 147.0 134.8000030517578 143.60000610351562 84015
142.39999389648438 143.13999938964844 134.0 135.8000030517578 68715
136.8000030517578 138.60000610351562 123.4000015258789 125.19999694824219 62635
124.19999694824219 128.8000030517578 121.19999694824219 125.4000015258789 33830
124.80000305175781 125.19999694824219 115.26000213623047 117.5999984741211 50590
117.19999694824219 117.19999694824219 105.80000305175781 111.19999694824219 80415
111.80000305175781 118.19999694824219 107.80000305175781 117.4000015258789 43230
115.19999694824219 116.5999984741211 108.5999984741211 113.4000015258789 18420
113.4000015258789 115.19999694824219 103.19999694824219 107.5999984741211 53805
107.80000305175781 109.5999984741211 102.4000015258789 103.5999984741211 66815
106.0 109.4000015258789 95.19999694824219 96.19999694824219 103570
97.0 104.5999984741211 95.4000015258789 100.5999984741211 79290
100.19999694824219 100.69999694824219 91.19999694824219 94.0 70900
93.19999694824219 102.4000015258789 89.80000305175781 99.5999984741211 126630
103.80000305175781 113.95999908447266 103.19999694824219 109.4000015258789 99550
112.19999694824219 116.19999694824219 104.4000015258789 112.5999984741211 115890
112.5999984741211 114.4000015258789 102.5999984741211 107.80000305175781 114935
106.80000305175781 109.5999984741211 100.19999694824219 102.4000015258789 45725
101.19999694824219 103.80000305175781 96.83999633789062 100.0 44760
97.80000305175781 101.19999694824219 94.19999694824219 99.4000015258789 55385
97.80000305175781 102.0 93.5999984741211 101.0 46400
101.30000305175781 105.0 95.0 95.80000305175781 56400
100.4000015258789 104.19999694824219 95.19999694824219 99.80000305175781 95870
98.69999694824219 98.69999694824219 90.80000305175781 92.0 40375
92.0 98.80000305175781 92.0 96.5999984741211 52630
98.0 102.19999694824219 95.19999694824219 100.0 29465
101.0 106.4000015258789 97.19999694824219 105.4000015258789 52145
105.0 105.80000305175781 101.5999984741211 102.19999694824219 32305
101.80000305175781 103.4000015258789 96.80000305175781 97.0 59885
97.0 97.76000213623047 93.0 94.0 36420
93.5999984741211 104.30000305175781 93.5999984741211 101.0 42380
100.4000015258789 105.19999694824219 100.23999786376953 102.0 26300
105.9000015258789 105.9000015258789 97.4000015258789 104.0 29655
104.5999984741211 104.5999984741211 96.19999694824219 97.5999984741211 53430
97.80000305175781 101.5999984741211 90.80000305175781 91.19999694824219 34350
168.6999969482422 171.0 130.8000030517578 145.60000610351562 6883160
140.0 147.0 126.5999984741211 127.4000015258789 712870
122.5999984741211 123.4000015258789 112.19999694824219 115.80000305175781 179405
115.4000015258789 121.4000015258789 112.19999694824219 117.5999984741211 117700
119.80000305175781 123.80000305175781 112.19999694824219 112.5999984741211 94425
112.0 115.0 107.80000305175781 109.19999694824219 64525
107.0 111.4000015258789 107.0 110.19999694824219 47265
106.4000015258789 109.69999694824219 101.19999694824219 104.19999694824219 72735
105.80000305175781 108.5 101.5999984741211 103.0 54325
104.4000015258789 106.4000015258789 97.5 98.4000015258789 71695
95.5999984741211 98.87999725341797 92.0 92.19999694824219 97680
90.19999694824219 98.80000305175781 82.4000015258789 97.80000305175781 138240
95.19999694824219 98.80000305175781 93.30000305175781 95.80000305175781 55680
98.19999694824219 100.0 90.0999984741211 91.5999984741211 39250
92.5999984741211 93.19999694824219 85.4000015258789 86.19999694824219 43260
85.5999984741211 91.4000015258789 83.5999984741211 91.0 37915
91.4000015258789 98.5999984741211 90.5999984741211 96.19999694824219 40600
99.19999694824219 104.19999694824219 95.91999816894531 103.0 50215
103.0 104.4000015258789 98.80000305175781 99.80000305175781 37970
96.4000015258789 102.0 95.5999984741211 96.4000015258789 33370
96.80000305175781 103.0 95.4000015258789 101.4000015258789 27795
100.0 105.19999694824219 97.80000305175781 102.4000015258789 37720
101.19999694824219 105.0 99.0 102.80000305175781 45780
104.0 109.80000305175781 103.45999908447266 109.5999984741211 35210
105.19999694824219 115.19999694824219 105.19999694824219 106.19999694824219 46565
107.0 110.4800033569336 99.80000305175781 100.4000015258789 27445
99.44000244140625 103.0 98.80000305175781 102.4000015258789 23310
103.5999984741211 108.19999694824219 102.80000305175781 107.4000015258789 25785
105.4000015258789 108.19999694824219 104.19999694824219 107.80000305175781 19155
105.0 106.4000015258789 96.5999984741211 99.4000015258789 23295
99.19999694824219 99.80000305175781 96.0 96.19999694824219 24225
94.5999984741211 98.69999694824219 94.0199966430664 95.80000305175781 26595
96.5999984741211 97.22000122070312 94.4000015258789 94.80000305175781 23690
87.4000015258789 97.5999984741211 86.80000305175781 96.5999984741211 39310
96.4000015258789 99.80000305175781 94.80000305175781 98.0 20040
96.4000015258789 100.9000015258789 95.5999984741211 96.19999694824219 26205
95.19999694824219 99.69999694824219 95.0 96.19999694824219 20060
96.80000305175781 99.0 95.0 95.4000015258789 25905
97.0 97.5999984741211 79.69999694824219 80.30000305175781 108500
79.4000015258789 80.5999984741211 76.19999694824219 77.4000015258789 39795
76.5999984741211 78.5999984741211 73.80000305175781 76.4000015258789 41625
75.80000305175781 76.5999984741211 69.9000015258789 73.4000015258789 47440
75.80000305175781 80.55999755859375 73.5999984741211 80.19999694824219 26610
78.19999694824219 80.4000015258789 75.80000305175781 79.0 20710
79.80000305175781 79.80000305175781 70.80000305175781 70.80000305175781 23250
70.4000015258789 71.4000015258789 65.5999984741211 66.0 41920
67.0 72.0 66.44000244140625 71.5999984741211 26590
73.0 80.19999694824219 72.19999694824219 79.80000305175781 36440
77.80000305175781 92.5999984741211 75.19999694824219 91.80000305175781 37265
91.19999694824219 106.5999984741211 91.0 105.4000015258789 70455
104.19999694824219 104.4000015258789 98.19999694824219 101.4000015258789 51265
101.4000015258789 111.4000015258789 101.4000015258789 109.5999984741211 36385
108.19999694824219 116.0 105.83999633789062 107.19999694824219 32920
108.0 115.5999984741211 107.5999984741211 114.4000015258789 29815
114.0 115.0 109.19999694824219 111.0 13660
112.4000015258789 114.5999984741211 107.41999816894531 111.0 19840
112.0 116.80000305175781 108.5 109.4000015258789 26240
108.19999694824219 115.19999694824219 105.0 106.19999694824219 25785
106.80000305175781 107.80000305175781 103.55999755859375 105.80000305175781 19140
107.80000305175781 112.5999984741211 105.5999984741211 112.0 14695
112.0 112.5999984741211 107.4000015258789 107.5999984741211 11395
107.5999984741211 108.16000366210938 99.5999984741211 100.0 17180
98.0 98.0 90.5999984741211 95.4000015258789 14630
94.80000305175781 97.0 91.4000015258789 92.80000305175781 10280
91.80000305175781 93.0 88.4000015258789 90.80000305175781 9675
89.0 90.0 82.80000305175781 82.80000305175781 13435
84.19999694824219 85.19999694824219 78.0 78.80000305175781 18175
80.80000305175781 84.0 76.19999694824219 78.0 21015
80.19999694824219 81.80000305175781 76.0999984741211 78.19999694824219 19465
77.5999984741211 77.5999984741211 72.69999694824219 74.19999694824219 20570
73.80000305175781 78.4000015258789 72.5999984741211 76.80000305175781 27805
77.4000015258789 83.4000015258789 74.5999984741211 79.19999694824219 30360
80.19999694824219 80.9800033569336 70.0999984741211 72.0 20625
73.4000015258789 74.5999984741211 70.0 71.4000015258789 17320
70.0 74.0 69.4000015258789 70.0 23380
70.80000305175781 84.5999984741211 67.5999984741211 81.4000015258789 54285
80.5999984741211 99.0 80.5999984741211 86.80000305175781 128095
85.0 86.0 75.5 79.80000305175781 28315
78.4000015258789 79.80000305175781 75.5999984741211 75.5999984741211 27475
76.4000015258789 80.0 69.4000015258789 72.80000305175781 91050
71.0 71.19999694824219 66.69999694824219 67.80000305175781 47835
67.4000015258789 67.80000305175781 58.81999969482422 61.20000076293945 45270
60.0 60.0 49.79999923706055 51.0 54495
48.79999923706055 50.599998474121094 45.099998474121094 45.79999923706055 68975
46.0 46.599998474121094 35.400001525878906 36.0 75695
36.400001525878906 37.599998474121094 34.400001525878906 35.20000076293945 77620
34.79999923706055 36.0 33.400001525878906 34.0 36755
24.0 27.799999237060547 23.399999618530273 25.600000381469727 133950
25.0 29.0 25.0 25.600000381469727 98825
24.600000381469727 31.799999237060547 24.600000381469727 30.799999237060547 61405
30.799999237060547 34.79999923706055 29.200000762939453 29.799999237060547 42100
29.799999237060547 30.600000381469727 27.0 27.0 22525
27.600000381469727 29.399999618530273 25.600000381469727 25.600000381469727 33625
25.600000381469727 26.399999618530273 23.5 25.0 35970
25.399999618530273 26.0 23.200000762939453 23.399999618530273 27150
23.0 23.200000762939453 20.600000381469727 20.799999237060547 29310
21.0 21.799999237060547 20.600000381469727 21.200000762939453 24780
21.600000381469727 30.799999237060547 21.399999618530273 25.600000381469727 207835
25.200000762939453 27.200000762939453 25.0 25.799999237060547 71500
26.0 31.0 25.600000381469727 31.0 83555
30.600000381469727 30.799999237060547 27.200000762939453 27.399999618530273 33740
27.200000762939453 29.600000381469727 25.600000381469727 28.399999618530273 30245
28.0 28.5 25.5 25.799999237060547 36605
26.600000381469727 31.0 26.399999618530273 31.0 41570
30.0 33.900001525878906 29.479999542236328 32.0 62510
31.799999237060547 33.599998474121094 30.399999618530273 32.599998474121094 41455
33.0 33.0 27.600000381469727 27.799999237060547 41650
28.200000762939453 28.200000762939453 24.799999237060547 25.0 28955
24.600000381469727 26.0 23.799999237060547 24.399999618530273 30470
24.0 24.399999618530273 21.799999237060547 22.200000762939453 46175
22.399999618530273 23.399999618530273 21.799999237060547 22.399999618530273 24100
22.799999237060547 23.18000030517578 20.600000381469727 21.200000762939453 36290
21.200000762939453 22.399999618530273 20.200000762939453 21.0 44765
21.0 21.200000762939453 20.200000762939453 20.600000381469727 51765
20.600000381469727 22.899999618530273 20.600000381469727 22.600000381469727 53180
22.600000381469727 23.600000381469727 21.399999618530273 23.600000381469727 33525
23.799999237060547 26.200000762939453 22.799999237060547 25.0 242590
23.600000381469727 23.84000015258789 20.600000381469727 21.0 114825
21.0 21.200000762939453 19.079999923706055 19.440000534057617 73830
20.200000762939453 20.200000762939453 16.020000457763672 16.3799991607666 69610
15.800000190734863 16.200000762939453 14.600000381469727 15.039999961853027 72040
15.140000343322754 15.600000381469727 14.479999542236328 15.140000343322754 39705
15.600000381469727 16.860000610351562 15.600000381469727 16.860000610351562 68805
17.940000534057617 18.0 15.800000190734863 17.020000457763672 234210
16.600000381469727 16.940000534057617 16.100000381469727 16.420000076293945 61030
16.1200008392334 18.479999542236328 16.1200008392334 17.920000076293945 63685
17.959999084472656 17.959999084472656 16.200000762939453 16.200000762939453 46275
16.8799991607666 17.0 16.040000915527344 16.600000381469727 21690
15.640000343322754 16.360000610351562 15.600000381469727 15.84000015258789 21505
15.600000381469727 16.18000030517578 15.0 16.0 22900
15.520000457763672 16.5 15.399999618530273 15.699999809265137 14260
16.0 16.739999771118164 15.680000305175781 16.200000762939453 13945
16.600000381469727 17.0 15.699999809265137 16.559999465942383 21050
16.18000030517578 16.799999237060547 16.0 16.780000686645508 16040
16.68000030517578 17.200000762939453 16.040000915527344 16.799999237060547 18980
16.639999389648438 17.139999389648438 15.619999885559082 16.0 19180
15.899999618530273 16.0 14.420000076293945 15.140000343322754 39075
15.0 15.0 14.020000457763672 14.5600004196167 25405
14.600000381469727 14.920000076293945 14.0 14.420000076293945 22445
14.0 14.380000114440918 13.399999618530273 14.100000381469727 20245
13.699999809265137 14.199999809265137 13.5 14.199999809265137 21130
14.0 15.0 13.899999618530273 14.600000381469727 27790
14.800000190734863 15.399999618530273 14.0 14.0 40280
29.0 33.0 22.600000381469727 24.600000381469727 7438545
23.600000381469727 27.0 21.600000381469727 26.200000762939453 568230
24.600000381469727 27.399999618530273 24.399999618530273 24.600000381469727 215040
29.799999237060547 30.0 25.799999237060547 27.399999618530273 1089730
20.399999618530273 21.799999237060547 20.0 20.0 236000
21.600000381469727 21.600000381469727 19.799999237060547 20.200000762939453 150375
20.399999618530273 20.399999618530273 18.799999237060547 18.84000015258789 132395
19.3799991607666 23.5 19.020000457763672 22.600000381469727 305540
21.799999237060547 23.899999618530273 21.100000381469727 22.799999237060547 128380
24.399999618530273 43.400001525878906 23.100000381469727 40.400001525878906 2380010
47.400001525878906 68.80000305175781 45.79999923706055 62.599998474121094 8875240
55.400001525878906 56.79999923706055 44.599998474121094 52.79999923706055 1075085
49.0 52.599998474121094 44.599998474121094 48.20000076293945 434655
44.0 47.0 42.400001525878906 44.20000076293945 284340
45.599998474121094 57.599998474121094 45.599998474121094 49.599998474121094 1429250
49.79999923706055 52.0 46.400001525878906 47.599998474121094 206125
46.599998474121094 49.599998474121094 45.02000045776367 46.0 218125
40.900001525878906 42.79999923706055 37.0 37.79999923706055 320935
37.599998474121094 40.599998474121094 36.400001525878906 39.0 213950
39.79999923706055 40.0 35.20000076293945 36.400001525878906 162585
35.400001525878906 37.79999923706055 35.400001525878906 36.400001525878906 66215
35.79999923706055 36.599998474121094 33.79999923706055 35.79999923706055 96595
36.400001525878906 37.0 34.20000076293945 35.20000076293945 59265
35.599998474121094 37.0 34.20000076293945 35.20000076293945 60370
35.20000076293945 36.20000076293945 34.79999923706055 35.0 60985
35.400001525878906 37.20000076293945 34.599998474121094 36.0 83370
36.79999923706055 38.400001525878906 35.099998474121094 35.20000076293945 154815
36.0 36.0 34.20000076293945 34.79999923706055 49840
34.0 34.400001525878906 32.29999923706055 33.400001525878906 54550
33.599998474121094 34.5 32.599998474121094 33.400001525878906 29650
33.0 34.52000045776367 32.599998474121094 32.79999923706055 42320
33.0 33.0 30.799999237060547 31.200000762939453 43945
30.0 30.799999237060547 29.0 29.799999237060547 78405
29.600000381469727 30.299999237060547 28.200000762939453 28.799999237060547 60370
28.799999237060547 30.399999618530273 28.200000762939453 29.200000762939453 34105
29.200000762939453 29.600000381469727 26.399999618530273 26.600000381469727 47035
25.0 26.600000381469727 23.799999237060547 24.600000381469727 60765
23.600000381469727 27.600000381469727 23.600000381469727 25.799999237060547 71675
26.0 27.200000762939453 23.200000762939453 23.799999237060547 80750
23.0 24.200000762939453 22.799999237060547 22.799999237060547 26420
22.200000762939453 22.799999237060547 21.0 22.200000762939453 46640
22.200000762939453 23.0 21.0 21.0 33035
21.399999618530273 21.799999237060547 20.0 21.0 35120
21.0 22.799999237060547 21.0 22.0 56700
21.200000762939453 21.5 19.799999237060547 20.799999237060547 37270
20.200000762939453 25.200000762939453 19.139999389648438 19.5 401165
19.0 19.399999618530273 14.0600004196167 14.420000076293945 137765
14.800000190734863 15.0 13.699999809265137 14.180000305175781 55630
14.0 14.5600004196167 13.399999618530273 13.9399995803833 49840
14.319999694824219 14.800000190734863 13.800000190734863 14.0 44220
14.0 14.640000343322754 12.800000190734863 14.199999809265137 48045
14.880000114440918 15.180000305175781 13.020000457763672 13.720000267028809 198290
13.9399995803833 14.880000114440918 13.5 13.640000343322754 70880
13.979999542236328 18.0 13.800000190734863 17.799999237060547 209255
17.600000381469727 17.600000381469727 13.600000381469727 15.399999618530273 161920
14.399999618530273 15.199999809265137 14.0 14.300000190734863 54815
13.199999809265137 14.0 13.020000457763672 14.0 50950
14.399999618530273 14.399999618530273 12.5600004196167 12.699999809265137 43760
13.5600004196167 13.739999771118164 13.199999809265137 13.5 32460
13.239999771118164 13.5600004196167 12.319999694824219 13.0 59570
13.0 13.399999618530273 12.800000190734863 12.880000114440918 38870
12.800000190734863 13.199999809265137 12.800000190734863 12.899999618530273 21065
13.199999809265137 13.300000190734863 12.800000190734863 13.180000305175781 18425
13.199999809265137 13.300000190734863 12.399999618530273 12.5 30620
12.800000190734863 12.800000190734863 11.199999809265137 11.65999984741211 48915
11.65999984741211 11.800000190734863 11.319999694824219 11.4399995803833 24630
11.4399995803833 12.100000381469727 10.800000190734863 11.220000267028809 39255
11.399999618530273 11.399999618530273 10.9399995803833 11.300000190734863 26915
11.199999809265137 11.239999771118164 10.739999771118164 10.739999771118164 23050
10.600000381469727 10.84000015258789 9.979999542236328 9.979999542236328 80235
10.5 11.460000038146973 9.819999694824219 11.460000038146973 59375
11.199999809265137 11.800000190734863 10.800000190734863 11.5600004196167 31340
11.600000381469727 11.800000190734863 10.800000190734863 11.180000305175781 29680
11.399999618530273 11.600000381469727 10.600000381469727 10.800000190734863 35380
10.9399995803833 11.300000190734863 10.520000457763672 10.600000381469727 17820
10.899999618530273 10.899999618530273 10.079999923706055 10.420000076293945 26115
10.65999984741211 10.65999984741211 10.199999809265137 10.4399995803833 13920
10.0 10.600000381469727 9.9399995803833 9.979999542236328 38535
9.619999885559082 10.199999809265137 9.619999885559082 9.800000190734863 34610
9.800000190734863 10.399999618530273 9.800000190734863 10.0 25385
9.600000381469727 11.600000381469727 9.600000381469727 11.15999984741211 67655
10.800000190734863 11.399999618530273 10.420000076293945 11.0 28255
10.600000381469727 10.800000190734863 9.899999618530273 10.699999809265137 71710
11.4399995803833 14.199999809265137 11.4399995803833 12.699999809265137 172825
13.0 13.600000381469727 12.0 12.020000457763672 89570
11.819999694824219 12.199999809265137 11.420000076293945 11.600000381469727 44625
12.0 12.760000228881836 11.800000190734863 12.239999771118164 40665
12.600000381469727 12.600000381469727 11.4399995803833 11.460000038146973 29170
11.600000381469727 14.800000190734863 11.600000381469727 14.600000381469727 156980
15.300000190734863 16.0 13.819999694824219 14.140000343322754 125445
14.800000190734863 14.800000190734863 12.640000343322754 13.359999656677246 53270
13.680000305175781 14.0 11.84000015258789 12.300000190734863 142700
14.0 14.0 12.399999618530273 12.920000076293945 124715
12.600000381469727 13.779999732971191 12.600000381469727 13.300000190734863 46930
13.399999618530273 13.960000038146973 12.399999618530273 12.600000381469727 24270
12.300000190734863 12.600000381469727 12.079999923706055 12.140000343322754 26015
12.100000381469727 12.579999923706055 12.0 12.279999732971191 14755
11.880000114440918 12.279999732971191 11.800000190734863 11.800000190734863 21975
11.600000381469727 12.119999885559082 11.600000381469727 11.640000343322754 16310
11.760000228881836 11.800000190734863 10.800000190734863 11.279999732971191 21515
11.100000381469727 11.199999809265137 10.699999809265137 11.180000305175781 14740
11.579999923706055 13.399999618530273 11.579999923706055 11.899999618530273 59785
12.399999618530273 12.520000457763672 11.220000267028809 11.760000228881836 79455
11.600000381469727 12.180000305175781 10.819999694824219 11.960000038146973 74405
11.600000381469727 11.800000190734863 11.300000190734863 11.5 24160
11.600000381469727 11.899999618530273 11.199999809265137 11.199999809265137 24360
11.600000381469727 12.920000076293945 11.359999656677246 12.039999961853027 97160
12.520000457763672 12.520000457763672 11.699999809265137 12.260000228881836 63665
12.399999618530273 12.399999618530273 11.819999694824219 12.180000305175781 10420
13.0 13.300000190734863 12.199999809265137 12.5600004196167 39555
12.5600004196167 13.0 12.399999618530273 12.640000343322754 20570
12.600000381469727 12.720000267028809 11.359999656677246 11.579999923706055 101115
11.579999923706055 11.600000381469727 11.199999809265137 11.239999771118164 39475
11.199999809265137 11.399999618530273 10.720000267028809 11.100000381469727 34740
11.079999923706055 11.079999923706055 10.0 10.800000190734863 60575
10.579999923706055 11.100000381469727 10.062000274658203 10.670000076293945 116800
10.239999771118164 11.630000114440918 10.239999771118164 11.550000190734863 81600
11.649999618530273 16.799999237060547 11.633999824523926 14.5600004196167 2025500
15.180000305175781 15.640000343322754 12.069999694824219 12.069999694824219 401700
12.100000381469727 12.399999618530273 11.279999732971191 11.289999961853027 142100
11.420000076293945 11.420000076293945 10.760000228881836 10.760000228881836 111100
10.859999656677246 11.32699966430664 10.76200008392334 10.869999885559082 87400
10.75 10.869999885559082 10.609999656677246 10.720000267028809 64900
10.670000076293945 10.779999732971191 10.449999809265137 10.5600004196167 60700
10.1899995803833 11.199999809265137 10.100000381469727 10.949999809265137 118100
10.829999923706055 11.729999542236328 10.800000190734863 11.579999923706055 101600
11.800000190734863 12.447999954223633 11.770000457763672 11.970000267028809 99500
11.819999694824219 12.449999809265137 11.550000190734863 11.760000228881836 49100
11.970000267028809 12.40999984741211 11.824999809265137 11.970000267028809 38700
11.899999618530273 12.350000381469727 11.800000190734863 12.3100004196167 66100
12.020000457763672 12.289999961853027 10.489999771118164 10.539999961853027 96200
10.880000114440918 10.880000114440918 10.0 10.050000190734863 68200
10.0 10.229999542236328 9.850000381469727 9.989999771118164 90400
10.09000015258789 10.09000015258789 9.279999732971191 9.4399995803833 65000
9.279999732971191 9.5600004196167 8.539999961853027 8.600000381469727 146800
8.630000114440918 9.670000076293945 8.369999885559082 8.529999732971191 262300
8.399999618530273 8.479999542236328 7.901000022888184 8.069999694824219 70400
8.069999694824219 8.069999694824219 7.25 7.590000152587891 120000
7.329999923706055 7.519999980926514 7.170000076293945 7.199999809265137 54400
7.079999923706055 7.289999961853027 6.519999980926514 7.070000171661377 137400
7.289999961853027 7.409999847412109 6.78000020980835 7.260000228881836 49900
7.019999980926514 7.03000020980835 6.210000038146973 6.340000152587891 147100
6.400000095367432 6.510000228881836 6.239999771118164 6.25 32800
6.179999828338623 6.329999923706055 5.920000076293945 6.050000190734863 54000
6.059999942779541 6.110000133514404 5.71999979019165 6.010000228881836 66000
5.900000095367432 6.0 5.635000228881836 5.860000133514404 58200
5.960000038146973 6.170000076293945 5.820000171661377 5.920000076293945 43100
5.920000076293945 6.090000152587891 5.599999904632568 5.659999847412109 74800
5.900000095367432 5.900000095367432 5.349999904632568 5.429999828338623 67800
5.409999847412109 5.507999897003174 5.119999885559082 5.360000133514404 77700
5.449999809265137 5.630000114440918 5.091000080108643 5.179999828338623 79200
5.139999866485596 5.210000038146973 4.71999979019165 4.840000152587891 106800
4.769999980926514 4.989999771118164 4.610000133514404 4.78000020980835 50500
4.739999771118164 4.989999771118164 4.639999866485596 4.659999847412109 23900
4.510000228881836 4.710000038146973 4.409999847412109 4.599999904632568 87700
4.539999961853027 4.860000133514404 4.484000205993652 4.730000019073486 42900
4.659999847412109 4.875 4.139999866485596 4.139999866485596 93800
4.150000095367432 4.25 4.0 4.0 65300
4.119999885559082 5.630000114440918 4.054999828338623 4.920000076293945 283100
5.0 5.079999923706055 4.25 4.275000095367432 89800
4.269999980926514 5.099999904632568 4.269999980926514 4.800000190734863 111300
5.0 5.050000190734863 4.142000198364258 4.28000020980835 191700
4.199999809265137 4.389999866485596 4.079999923706055 4.230000019073486 80300
4.159999847412109 4.300000190734863 3.9200000762939453 4.269999980926514 42200
4.199999809265137 4.53000020980835 4.199999809265137 4.480000019073486 30200
4.449999809265137 4.690000057220459 4.449999809265137 4.510000228881836 26800
4.53000020980835 4.769999980926514 4.53000020980835 4.679999828338623 56400
4.690000057220459 4.690000057220459 4.519999980926514 4.539999961853027 22300
4.510000228881836 4.789999961853027 4.349999904632568 4.739999771118164 34000
4.619999885559082 4.659999847412109 4.434999942779541 4.449999809265137 15300
4.360000133514404 4.849999904632568 4.320000171661377 4.659999847412109 19000
4.71999979019165 5.289999961853027 4.659999847412109 5.289999961853027 57300
5.130000114440918 5.840000152587891 5.070000171661377 5.610000133514404 76500
5.599999904632568 5.800000190734863 5.449999809265137 5.46999979019165 15600
5.380000114440918 5.869999885559082 5.309999942779541 5.789999961853027 26500
5.690000057220459 5.760000228881836 5.460000038146973 5.75 25700
5.75 5.75 5.519999980926514 5.579999923706055 34600
5.550000190734863 5.550000190734863 5.150000095367432 5.190000057220459 29500
5.269999980926514 5.519999980926514 5.260000228881836 5.380000114440918 17500
5.400000095367432 5.420000076293945 5.010000228881836 5.360000133514404 29400
5.260000228881836 5.341000080108643 5.039999961853027 5.260000228881836 9500
5.179999828338623 5.380000114440918 5.03000020980835 5.039999961853027 27100
5.110000133514404 5.1579999923706055 4.690000057220459 4.78000020980835 31400
4.869999885559082 4.949999809265137 4.550000190734863 4.670000076293945 20300
4.670000076293945 4.760000228881836 4.624000072479248 4.755000114440918 5700
4.739999771118164 4.960000038146973 4.5 4.849999904632568 9800
4.949999809265137 5.34499979019165 4.813000202178955 5.190000057220459 41300
5.300000190734863 5.46999979019165 5.0 5.400000095367432 55700
5.300000190734863 5.860000133514404 5.300000190734863 5.409999847412109 46000
5.400000095367432 5.429999828338623 5.050000190734863 5.199999809265137 28800
5.329999923706055 5.436999797821045 5.119999885559082 5.300000190734863 13800
5.21999979019165 5.46999979019165 5.210000038146973 5.320000171661377 22400
5.320000171661377 5.619999885559082 5.15500020980835 5.309999942779541 62100
5.309999942779541 5.829999923706055 5.309999942779541 5.5 30800
5.5 5.650000095367432 5.110000133514404 5.300000190734863 43300
5.550000190734863 5.550000190734863 4.800000190734863 4.920000076293945 101300
4.940000057220459 5.005000114440918 4.75 4.909999847412109 26600
4.789999961853027 4.949999809265137 4.650000095367432 4.880000114440918 19800
4.71999979019165 5.059999942779541 4.690000057220459 4.829999923706055 9800
4.789999961853027 5.0 4.789999961853027 4.900000095367432 5700
4.874000072479248 4.98799991607666 4.78000020980835 4.873000144958496 5400
4.929999828338623 5.269999980926514 4.860000133514404 5.110000133514404 32900
5.059999942779541 5.090000152587891 4.889999866485596 5.050000190734863 25400
5.019999980926514 5.110000133514404 4.752999782562256 5.050000190734863 6600
4.769999980926514 4.960000038146973 4.679999828338623 4.699999809265137 13400
4.889999866485596 4.889999866485596 4.611999988555908 4.860000133514404 19700
4.96999979019165 4.989999771118164 4.599999904632568 4.730000019073486 19900
4.690000057220459 4.889999866485596 4.589000225067139 4.760000228881836 12300
4.769999980926514 4.980000019073486 4.619999885559082 4.869999885559082 14100
4.9029998779296875 4.989999771118164 4.829999923706055 4.989999771118164 27600
4.940000057220459 5.5 4.940000057220459 5.110000133514404 64700
5.170000076293945 5.559999942779541 5.0 5.309999942779541 13700
5.25 5.300000190734863 5.043000221252441 5.269999980926514 9200
5.210000038146973 5.289999961853027 5.025000095367432 5.050000190734863 5200
5.090000152587891 5.25 4.989999771118164 5.010000228881836 11800
5.050000190734863 5.369999885559082 5.0 5.340000152587891 26200
5.199999809265137 5.480000019073486 5.199999809265137 5.25 18100
5.373000144958496 5.373000144958496 5.03000020980835 5.099999904632568 8100
5.199999809265137 5.309999942779541 5.053999900817871 5.289999961853027 11700
5.389999866485596 5.5 5.010000228881836 5.010000228881836 43000
5.03000020980835 5.179999828338623 4.809999942779541 4.809999942779541 20400
4.809999942779541 4.934000015258789 4.690000057220459 4.800000190734863 16900
4.949999809265137 4.949999809265137 4.710000038146973 4.869999885559082 24200
4.869999885559082 4.869999885559082 4.630000114440918 4.699999809265137 61700
4.699999809265137 4.954999923706055 4.699999809265137 4.809999942779541 22200
4.849999904632568 4.960000038146973 4.849999904632568 4.960000038146973 5800
4.75 4.849999904632568 4.699999809265137 4.849999904632568 12900
4.78000020980835 4.877999782562256 4.710000038146973 4.760000228881836 6400
4.78000020980835 4.980000019073486 4.78000020980835 4.929999828338623 12700
4.889999866485596 4.943999767303467 4.769999980926514 4.820000171661377 5700
4.949999809265137 4.980000019073486 4.800000190734863 4.900000095367432 18100
4.900000095367432 4.900000095367432 4.510000228881836 4.519999980926514 28400
4.570000171661377 4.590000152587891 4.409999847412109 4.409999847412109 49500
4.480000019073486 4.710000038146973 4.409999847412109 4.570000171661377 15100
4.559999942779541 4.590000152587891 4.409999847412109 4.449999809265137 68700
4.559999942779541 4.559999942779541 4.400000095367432 4.5 12300
4.46999979019165 4.590000152587891 4.46999979019165 4.579999923706055 8900
4.579999923706055 4.630000114440918 4.420000076293945 4.440000057220459 20200
4.429999828338623 4.559999942779541 4.429999828338623 4.489999771118164 7200
4.440000057220459 4.551000118255615 4.309999942779541 4.420000076293945 21900
4.460000038146973 4.46999979019165 4.329999923706055 4.349999904632568 13500
4.199999809265137 4.410999774932861 4.019999980926514 4.170000076293945 79900
4.170000076293945 4.170000076293945 4.019999980926514 4.050000190734863 12200
4.099999904632568 4.197000026702881 4.0 4.0 7200
4.013000011444092 4.059999942779541 3.884999990463257 3.9800000190734863 24100
4.0 4.0 3.8929998874664307 3.9800000190734863 11900
4.070000171661377 4.070000171661377 3.890000104904175 3.890000104904175 10100
3.9839999675750732 3.990000009536743 3.880000114440918 3.924999952316284 13100
4.0 4.059999942779541 3.930000066757202 4.0 21600
4.0 4.281000137329102 4.0 4.210000038146973 29000
4.230000019073486 4.559999942779541 4.021999835968018 4.139999866485596 12600
4.090000152587891 4.179999828338623 3.8399999141693115 3.880000114440918 18200
4.010000228881836 4.010000228881836 3.799999952316284 3.809999942779541 14200
3.880000114440918 3.9130001068115234 3.697000026702881 3.7100000381469727 20400
3.7799999713897705 3.9030001163482666 3.5 3.740000009536743 60000
3.759999990463257 3.799999952316284 3.5199999809265137 3.5899999141693115 24400
3.5899999141693115 3.5899999141693115 3.4189999103546143 3.4800000190734863 20500
3.5799999237060547 3.5799999237060547 3.319999933242798 3.3399999141693115 31600
3.365000009536743 3.4000000953674316 3.2950000762939453 3.4000000953674316 17600
3.3299999237060547 3.4790000915527344 3.299999952316284 3.305000066757202 15100
3.3399999141693115 3.490000009536743 3.25 3.259999990463257 17200
3.259999990463257 3.380000114440918 3.0199999809265137 3.184999942779541 25400
3.119999885559082 3.1600000858306885 3.0 3.0299999713897705 29800
3.049999952316284 3.0899999141693115 2.799999952316284 2.930000066757202 37000
2.9100000858306885 3.0 2.809999942779541 2.8550000190734863 18800
2.7899999618530273 3.140000104904175 2.7899999618530273 2.869999885559082 62100
2.7799999713897705 3.0199999809265137 2.619999885559082 2.7200000286102295 12700
2.7799999713897705 2.8399999141693115 2.509999990463257 2.7200000286102295 23200
2.740000009536743 2.880000114440918 2.680000066757202 2.7049999237060547 7200
2.6630001068115234 2.8450000286102295 2.6630001068115234 2.7899999618530273 20700
2.869999885559082 2.9049999713897705 2.7699999809265137 2.7799999713897705 11500
2.8399999141693115 2.9000000953674316 2.759999990463257 2.7699999809265137 9600
2.890000104904175 3.1700000762939453 2.890000104904175 2.9700000286102295 24000
2.9200000762939453 2.9839999675750732 2.759999990463257 2.9049999713897705 9400
2.9200000762939453 2.931999921798706 2.759999990463257 2.8299999237060547 14800
2.809999942779541 2.809999942779541 2.549999952316284 2.609999895095825 13200
2.6700000762939453 2.759999990463257 2.619999885559082 2.640000104904175 6100
2.630000114440918 2.690000057220459 2.5399999618530273 2.569999933242798 26700
2.5999999046325684 2.640000104904175 2.4800000190734863 2.549999952316284 31200
2.5 2.627000093460083 2.4700000286102295 2.549999952316284 13300
2.559999942779541 2.559999942779541 2.4600000381469727 2.4800000190734863 9500
2.440000057220459 2.7899999618530273 2.4200000762939453 2.4200000762939453 47500
2.369999885559082 2.4000000953674316 2.309999942779541 2.369999885559082 18600
2.3399999141693115 2.384999990463257 2.200000047683716 2.3499999046325684 30800
2.390000104904175 2.450000047683716 2.299999952316284 2.450000047683716 18000
2.319999933242798 2.3259999752044678 2.200000047683716 2.200000047683716 20200
2.259999990463257 2.380000114440918 2.2190001010894775 2.2300000190734863 15100
2.309999942779541 2.4200000762939453 2.130000114440918 2.1500000953674316 26000
2.1700000762939453 2.190000057220459 2.109999895095825 2.1500000953674316 19200
2.190000057220459 2.2300000190734863 2.127000093460083 2.140000104904175 14900
2.1700000762939453 2.259999990463257 2.131999969482422 2.180000066757202 27100
2.190000057220459 2.25 2.1500000953674316 2.1710000038146973 16300
2.2799999713897705 2.2799999713897705 2.1489999294281006 2.1600000858306885 10300
2.2200000286102295 2.2200000286102295 2.130000114440918 2.130000114440918 9100
2.130000114440918 2.2690000534057617 2.119999885559082 2.119999885559082 10200
2.119999885559082 2.119999885559082 1.9500000476837158 1.9800000190734863 33200
1.9800000190734863 2.0 1.940000057220459 1.9600000381469727 16900
1.9930000305175781 2.180000066757202 1.850000023841858 1.9700000286102295 19900
2.0299999713897705 2.0299999713897705 1.8899999856948853 1.9299999475479126 16400
1.899999976158142 2.0399999618530273 1.899999976158142 1.9800000190734863 23100
1.9500000476837158 2.009999990463257 1.8600000143051147 1.9149999618530273 40000
1.9900000095367432 1.9900000095367432 1.7999999523162842 1.940000057220459 28800
2.0 2.0 1.8600000143051147 1.8799999952316284 31200
1.9600000381469727 1.9900000095367432 1.909999966621399 1.909999966621399 8400
1.8899999856948853 1.9299999475479126 1.8899999856948853 1.9199999570846558 8400
1.8799999952316284 1.9739999771118164 1.840000033378601 1.899999976158142 23600
1.8600000143051147 1.940000057220459 1.8600000143051147 1.8899999856948853 10800
1.8700000047683716 1.8799999952316284 1.7949999570846558 1.8200000524520874 15273
