11.55381370446519 11.780173920352011 11.270862984868893 11.45949649810791 39485500
11.44063251813072 11.44063251813072 11.233135223388672 11.233135223388672 6006800
11.242566342896655 11.261429241395858 11.072795759026866 11.214271545410156 5884300
11.223704515580682 11.261431218678537 11.134104157895496 11.204841613769531 2929400
11.204840608210008 11.789604903485849 11.129387208785737 11.695287704467773 20829300
11.629266559343202 11.78960526287636 11.582107958396598 11.77074146270752 4070800
11.780173120263715 11.780173120263715 11.421769019713977 11.563244819641113 2034700
11.365179777769798 11.553813284146475 11.365179777769798 11.393474578857422 2336600
11.478358553683089 11.478358553683089 11.31801986694336 11.31801986694336 1562900
11.318020399197026 11.318020399197026 11.148249805376928 11.251998901367188 2149500
11.270863995782786 11.365181210599628 11.214274386473178 11.336886405944824 1256600
11.318019265498386 11.34631406180903 11.214271079375779 11.27086067199707 690200
11.280292570592405 11.318019265498386 11.223702078495755 11.27086067199707 680000
11.308590461654859 11.459497282576514 11.270863756424445 11.365180969238281 1792800
11.318020403094238 11.459495298342738 11.280293704396275 11.374610900878906 1281200
11.365179419323507 11.591539619836349 11.318020819347796 11.563244819641113 2224900
11.544381611447921 11.695288419522976 11.487792008157541 11.610404014587402 1227700
11.742445782803587 12.053691266483348 11.64812948744709 12.006532669067383 4309600
11.987670363986846 12.214030563433099 11.968806564295253 12.17630386352539 1337300
12.232895959254218 12.43567733502006 12.18573735334753 12.336644172668457 1867100
12.30834829517991 12.43567625017767 12.232894892101722 12.355506896972656 1320100
12.4026654470291 12.911976402356727 12.4026654470291 12.845954895019531 2064000
12.949701667477823 13.161914916730932 12.949701667477823 13.147767066955566 2327900
13.100610350391538 13.525035981292769 13.025156944874677 13.506172180175781 2429500
13.54389852114121 13.836281134315401 13.506171819390559 13.553330421447754 1490400
13.543900101813088 13.543900101813088 13.091179627969488 13.355266571044922 1186100
13.326969799834236 13.50617140275295 13.176062997486794 13.487308502197266 664000
13.48730803162947 13.67594152798241 13.392990833715269 13.666509628295898 1117300
13.675942825472342 13.940029745421414 13.652363973494506 13.86457633972168 1548200
13.807987623021768 13.911735837660903 13.69480750719482 13.874009132385254 643300
13.920224009992252 13.940030462546682 13.789123643384023 13.892871856689453 610600
13.874007520389185 14.07207292494238 13.525035312266981 13.958892822265625 1825200
14.024914613136701 14.175821419817243 13.977756011180153 14.166390419006348 2590500
14.166391133164 14.23241263954614 14.0909368265444 14.194685935974121 1474600
14.204116118733554 14.732289904858643 14.156957520103521 14.534224510192871 2512500
14.609679689111466 14.760586503542548 14.449340973909552 14.675702095031738 1633100
14.685131965617016 14.760585367022877 14.50593036214697 14.694563865661621 1618700
14.656836572691745 14.854901968247395 14.61910987351331 14.77001667022705 1436000
14.770017552639004 15.081263064324844 14.685132249547317 15.024673461914062 1503300
14.920923420357997 15.13785171508789 14.911492420199426 15.13785171508789 1664300
14.95865104998048 15.317055163090355 14.949220049235217 15.2698974609375 3208500
15.31705373450901 15.722616411421487 15.31705373450901 15.326485633850098 3702500
15.401940614494919 15.46796211772532 14.666269480222326 14.76058578491211 2777500
14.817176220212712 15.128422632758648 14.430477303941919 14.892629623413086 3581200
14.94922095876886 15.090695872786002 14.883198552682035 14.911494255065918 3424600
14.902062238413823 15.17558106300255 14.685133019201766 14.92092514038086 31548800
14.826608831594559 14.930357041102159 14.166391072188208 14.92092514038086 2206400
14.91149363346221 15.49625796621899 14.760585925465646 15.467962265014648 2142000
15.467962129935493 15.74148184233568 15.222738118492547 15.732049942016602 2347400
15.590573159343979 15.892386737437493 15.590573159343979 15.845227241516113 775100
15.892387506217007 15.930113305828234 15.524550616039795 15.628299713134766 1263200
15.647164882678087 15.717903236701382 15.317055562154497 15.69432258605957 1152100
15.722618661887335 15.75091436396072 15.44909893869797 15.524552345275879 858900
15.562280138886793 15.600007742113974 15.317056114763531 15.383077621459961 844400
15.430235629121572 15.444382579484273 14.604962378070596 14.845470428466797 2042900
14.873768565116528 15.298193336095533 14.817178055967284 15.260467529296875 1401700
15.392508966935512 15.854661296088109 15.35478316402054 15.69432258605957 2296800
15.779208345227332 16.081021973033657 15.779208345227332 15.996136665344238 1572700
15.958408326187527 15.958408326187527 15.307621670269807 15.600005149841309 810100
15.392508907076351 15.65659672225844 15.364215004737922 15.590575218200684 536800
15.637731903158796 15.750912901996008 15.197273155367322 15.354782104492188 851500
15.326489385886536 15.378363945486358 15.0435386327135 15.335921287536621 2071500
15.392509028543357 15.647164945305182 15.175580713798578 15.571711540222168 640300
15.430236523659705 15.562279531902414 15.274612864844169 15.45853042602539 493600
15.515121767021883 15.628300973937131 15.317055456493613 15.467962265014648 576900
15.515121410222944 15.5528472120101 15.232169801539705 15.392508506774902 453200
15.354784933573118 15.37364693772881 15.175582401959474 15.232172012329102 585000
15.109559347669089 15.307623863220215 14.977515437826126 15.307623863220215 926700
15.203876964119159 15.496258694500929 15.052969249030342 15.373645782470703 810800
15.458530192629139 15.505689694111702 15.203876080427461 15.251033782958984 557700
15.052967727400528 15.26989692752295 14.977514327221115 15.090694427490234 1081200
15.090695610029906 15.335919629567025 15.043537006353452 15.185012817382812 876200
15.185013977769247 15.401942311992077 14.968084744070795 15.034106254577637 1255800
15.081263709399504 15.27933002473572 15.052968906983853 15.185012817382812 565000
15.279328177353936 15.566993016520437 15.199157931164244 15.288758277893066 909200
15.232169801539705 15.392508506774902 15.147284498829833 15.392508506774902 502900
15.364215680577125 15.50569059534565 15.317056176353521 15.373645782470703 788600
15.43967005870646 15.449100161192682 15.213308022109482 15.260467529296875 1165600
15.279327230710768 15.430234015299698 15.156714343888028 15.420802116394043 1184600
15.420804871357355 15.458530674769005 15.185012753443484 15.307623863220215 1029500
15.213306656264448 15.477394475950378 15.213306656264448 15.307623863220215 598800
15.288760224851025 15.548132996479255 15.260466321728755 15.524552345275879 582300
15.524550445838 15.82636583417346 15.439666947905623 15.769774436950684 954100
15.845229318693779 15.996136127523162 15.812218566696792 15.835799217224121 742700
15.741481547259363 15.901820251776064 15.628300544503043 15.647164344787598 391300
15.666030213804975 15.930116256857836 15.647166411029414 15.75091552734375 519700
15.722619626208985 15.901822152429286 15.703755823669749 15.892390251159668 509200
15.892386356733093 16.316811016153384 15.892386356733093 16.2696533203125 1097800
16.307381036501653 16.580898912508864 15.958407968270881 16.250789642333984 1279700
16.30738322277218 16.986463853268866 16.222497919091214 16.93930435180664 1117000
16.863850826493653 17.259981641157147 16.703512120583405 16.958168029785156 1487200
16.86384980403958 17.024188500228504 16.429993213734797 16.609195709228516 902800
16.778964768341403 16.925154702187232 16.562034694105982 16.797826766967773 509900
16.722119508348445 17.19529776064463 16.599093956965422 17.091197967529297 541300
17.185837331734437 17.30886471215033 16.665341874679264 17.081737518310547 721100
16.883003147623405 17.44135372767061 16.826222252797347 16.920856475830078 1112600
17.147987537715615 17.289940709353992 16.6842710759804 16.958715438842773 848100
16.987098059530243 17.384567818737487 16.968170498369997 17.20475959777832 653100
17.147982323375427 17.46501091679833 16.812024359782246 17.431888580322266 675500
17.39403336613301 17.77257744694523 17.2426164558209 17.469741821289062 1035100
17.517059112433977 17.895601353174357 17.1385168716936 17.85774803161621 1222400
17.886139200144054 18.274145257861694 17.6684776175282 18.12272834777832 1049300
18.29307372366228 18.4539544241769 18.09433969627883 18.217365264892578 1317300
18.132193233254966 18.198437909817063 17.744187151935215 17.9902400970459 1375800
18.065948753487817 18.30253791809082 17.784879988404565 18.30253791809082 745800
18.453952471371895 19.069083859411258 18.094337781528406 18.179508209228516 1747100
18.075412642512894 18.766252573991043 17.687406554694643 18.65268898010254 7884300
18.52966410714432 18.68108103468737 18.113266653884853 18.435028076171875 994000
18.274146369464038 18.624299123476334 17.914531637398923 17.9902400970459 847400
18.07540957237594 18.311998698179206 17.791501538392946 17.81989288330078 631600
17.71579390470296 18.028091492917802 17.554913219560046 17.952383041381836 555200
18.113263833066092 18.425561423117855 17.914529823502185 18.41609764099121 591700
18.330930367854048 18.482347297885255 18.04702227027139 18.13219451904297 538400
18.122731149973514 18.472883936828037 18.122731149973514 18.25522232055664 472300
18.25522232055664 18.453956368882988 18.04702268322554 18.25522232055664 673900
18.217366408963763 18.54859161376953 18.07541326548476 18.54859161376953 455300
18.61483700768594 18.73786258874441 18.151122425185203 18.330930709838867 451800
18.359319971526535 18.614836718640646 18.293075290059658 18.345125198364258 439500
18.302539029974575 18.520200641424637 18.094341202287413 18.1700496673584 504600
17.98077426393339 18.34985273700394 17.62115957286874 18.10379981994629 2218800
18.245754601651353 18.453952389049682 18.151118587367808 18.406635284423828 1094400
18.567517667940514 18.76152070272771 18.463417862190116 18.59590721130371 836600
18.64322441761677 18.67161395837955 18.33092683400336 18.406635284423828 499600
18.491806834280116 18.7757130616205 18.491806834280116 18.586441040039062 519600
18.56752114826094 18.927135936846796 18.56752114826094 18.898744583129883 800800
18.927130983658273 19.277283701069976 18.88927585527566 19.144792556762695 1161800
19.163722744617452 19.419239481086727 18.927133574930817 18.964988708496094 528600
18.84196009765416 19.220502383399275 18.681079400583485 18.709470748901367 846600
18.652686779067363 19.106939295987058 18.47288033375669 19.06908416748047 728200
19.13533219669732 19.457093625363644 19.007573823106377 19.09747886657715 605100
19.069084429659153 19.968123888700813 19.069084429659153 19.920804977416992 1249400
19.920806743859032 20.38452309040018 19.89241719960325 20.072223663330078 1138900
20.147934410503883 20.176323955439404 19.854562542601414 20.081687927246094 1276800
20.15739401029423 20.252030027320828 19.98705134568462 20.110076904296875 531900
20.034370546833237 20.62111246973284 20.034370546833237 20.42237663269043 842700
20.630578073796382 20.753605471928985 20.166863445907307 20.185791015625 880600
20.469694225247185 20.64003871671081 20.31827730061999 20.431840896606445 726000
20.2520381079792 20.583263397216797 20.14794007224304 20.583263397216797 772300
20.621113069146467 21.00438637203082 20.450768576739144 20.819847106933594 720500
20.97126390016959 21.04697236242524 20.76306608022457 21.009119033813477 753500
20.857704944976973 21.028047654436765 20.602188173238734 20.99019432067871 729400
21.09429182316534 21.330880999441135 20.87662840916716 20.905019760131836 938200
20.668429775773273 20.85770183140672 20.3277407976459 20.73467445373535 856000
20.744137895973275 21.056435519111623 19.93973438030417 19.99651527404785 1109300
19.93027133502644 20.41291346229611 19.826173326814487 20.242568969726562 1043800
20.375056617472396 20.57379062115507 20.18578459060448 20.517009735107422 560300
20.488619268664422 20.583255286158888 20.15739410994974 20.57379150390625 946600
20.611648403098517 20.957068362341765 20.517012377476462 20.725210189819336 804000
20.56432695625841 21.056432784888155 20.469690942286256 20.980724334716797 659800
20.93341324288902 21.25517289476149 20.819849632497526 21.103755950927734 928500
21.28356290047737 21.69522757763528 21.25517154841977 21.501224517822266 1290300
21.60532236491592 21.690494608282155 21.416050311872716 21.61478614807129 667700
21.69995923016792 21.79459526034732 21.17946196669728 21.207853317260742 959500
21.302485876222505 21.510683664665866 21.169996538579625 21.368730545043945 758100
21.59585768803477 21.633712819089638 21.38765988232899 21.52014923095703 2865500
21.57693136045172 21.57693136045172 21.103753025309953 21.198389053344727 717600
21.33087696208878 21.359266502647923 20.92394336711068 21.018577575683594 1099900
21.009084609662658 21.132554919975057 20.800132345439273 20.88561248779297 915000
20.895113539421697 20.895113539421697 20.62917507857743 20.657669067382812 1038700
20.638667859543744 20.785884047167677 20.56268572015396 20.695655822753906 652100
20.610173522776158 21.056568318317613 20.562683558426915 20.876110076904297 1057400
20.80013253904641 21.05657296849444 20.572186094500598 20.9805908203125 972400
20.923603258171706 21.10405971577255 20.59118070284602 20.743144989013672 528200
20.942595166266205 20.961591152868355 20.372730060657673 20.401222229003906 618100
20.467710113584914 20.6291724061166 20.021315216141947 20.15428352355957 850400
20.059305498717492 20.306246102578644 19.888345225615797 20.24925994873047 1079500
20.344239672769334 20.72415041410506 20.102047141279467 20.581684112548828 825200
20.486706452554657 20.95684725137795 20.087799711950982 20.86661720275879 1062200
20.8951107194514 20.96824328813539 20.239763557832557 20.30624771118164 1039500
20.059305292223804 20.40122402335026 19.703138664114096 20.030811309814453 4068700
20.078301266174503 20.44871582442375 19.96432894944959 20.30624771118164 1430700
20.287252123584516 20.553188718508522 20.116291848814978 20.220767974853516 1003300
20.277756174199414 20.277756174199414 19.916839599609375 19.916839599609375 683300
19.983323547501378 20.011815718919355 19.56542085498496 19.821861267089844 882400
19.84085474818329 20.216017358855193 19.73638043738694 19.964326858520508 1622900
19.88834623849154 19.96432838467779 19.27573916586394 19.375465393066406 857700
19.489439414742755 19.64140370630916 19.289985149838564 19.403959274291992 525300
19.318479727485055 19.641404309876236 19.289985742606785 19.536928176879883 610800
19.650902723425165 19.650902723425165 19.27099197474216 19.327978134155273 502800
19.28998454889023 19.470442818837423 19.08103410738525 19.2709903717041 583800
19.308981267797304 19.308981267797304 18.549159804903848 18.577651977539062 750700
18.53966120556798 18.758109642581275 18.292718785291438 18.321212768554688 637200
18.112263018541785 18.178747177124023 17.703858259756668 18.178747177124023 763300
18.444682087871424 18.805596798811813 18.245227838795 18.796100616455078 724500
18.65363301640052 18.77710512901371 18.430436493927246 18.682126998901367 324800
18.63464015998317 18.65363433810575 18.121759307970592 18.273723602294922 692500
18.349703525872933 18.687825217283823 17.969792836099003 18.207237243652344 604300
18.0647727513202 18.49217164032938 18.045776762060083 18.359203338623047 538500
18.482673760704177 18.482673760704177 17.89381258243441 17.93180274963379 499100
17.808331119879877 17.808331119879877 17.228966167748172 17.418922424316406 990100
17.418920941607787 18.05527199192054 17.390426962080838 17.608877182006836 1018700
17.770338070433823 18.093262600157615 17.770338070433823 17.922304153442383 438200
18.463679487589925 18.463679487589925 17.361937471135363 17.43791961669922 486000
17.59938028676927 17.722850582641474 17.323943902163236 17.50440216064453 334500
17.52339945523164 17.751345887999033 17.409425333069333 17.494905471801758 237500
17.342939067204266 17.513899323809525 17.200472790552215 17.27645492553711 280600
17.371436059696762 17.732350810575284 17.33344407983728 17.57088851928711 523400
17.998291831039662 17.998291831039662 17.523402883640806 17.950801849365234 608400
18.264224381117494 18.264224381117494 17.247962551725685 17.33344268798828 859200
17.817827543186283 17.836823529479993 17.19097448794945 17.209970474243164 649200
17.26695843930368 17.428420716683856 17.03901201445351 17.361936569213867 573500
17.171979007509705 17.428419395358194 17.095996871653526 17.219467163085938 455600
17.333443091686895 17.79883394909053 17.32774393272141 17.770339965820312 386500
18.01253290192089 18.311713362674073 17.936550763966103 18.207237243652344 455600
18.112262430961557 18.44468502464607 18.017284288257784 18.045778274536133 365400
17.98879001610755 18.4446828740613 17.98879001610755 18.34970474243164 373200
18.42568698700875 18.62514124568639 18.159750390848156 18.596647262573242 496700
18.587147460894062 18.767605713282872 18.53016131176597 18.568151473999023 395000
18.539660903066736 18.634639034170657 18.340206646592787 18.378198623657227 321700
18.245227232812944 18.577649762528107 17.998286645483216 18.511165618896484 726400
18.349704638505692 18.416188786802756 17.941299942901235 18.10276222229004 463200
18.045776667974906 18.387697226645376 17.88431438322021 18.112260818481445 709600
17.903312457024967 18.145505006579054 17.722854162096812 18.083770751953125 581500
17.98879157233306 18.587150773717266 17.98879157233306 18.558658599853516 469200
18.63463954115867 18.705871782756727 18.178744861767875 18.539661407470703 399500
18.577649762528107 18.672627886954874 18.45417946886324 18.511165618896484 222600
18.59664527228809 18.891075820050734 18.45417899508404 18.74860954284668 471800
18.796102953480688 18.900577276408594 18.41619039591884 18.4351863861084 364800
18.444684643478013 18.900577545166016 18.444684643478013 18.900577545166016 468100
18.95756301376007 18.99555499329416 18.58715027108917 18.644136428833008 464600
18.5966476592538 19.005052368134518 18.5966476592538 18.786603927612305 543400
18.767606622009247 18.87208274343366 18.397193917405765 18.52066421508789 401900
18.596958713468194 18.644642495382037 18.387147526419742 18.396684646606445 279900
18.425296335396958 18.492054365464067 18.034283457272565 18.062894821166992 458900
18.08196691969578 18.225021917576427 17.72910253310717 17.977062225341797 687600
17.910305139754747 17.967526050508738 17.6146598263159 17.719566345214844 331300
17.719566287246145 17.98660023492443 17.65280825508156 17.8149356842041 455100
17.86261784695719 17.86261784695719 17.41438408678801 17.43345832824707 402300
17.59558732948144 17.78632430421444 17.338090503620943 17.767250061035156 482600
17.8530786302256 17.88645763935027 17.59558367683808 17.671878814697266 523400
17.767248806880705 17.99613607083553 17.65757464487142 17.938913345336914 506900
18.02474599432672 18.129652507597964 17.78155577240322 17.92937660217285 384500
18.062895896622216 18.310855608077645 17.967526496982437 18.129653930664062 3653400
17.79586054456935 18.005671752091974 17.738639636884972 17.92937660217285 777700
17.986597481500358 18.120113525390625 17.8244700771966 17.881690979003906 558900
18.024745462785617 18.349000295134736 17.795860019777965 18.225021362304688 504000
18.18210385998335 18.778160224743967 18.18210385998335 18.49205207824707 453000
18.444370521694225 18.749551126223704 18.444370521694225 18.5778865814209 299800
18.68279232161363 19.255006840887486 18.68279232161363 19.159637451171875 450700
19.197784185486064 19.359911602886463 19.07380525171861 19.111953735351562 466400
19.388523356087504 19.57449266999393 18.88783632195024 19.52203941345215 414200
19.598335453594288 19.712779092977378 19.302691962132876 19.359912872314453 354900
19.41713349995552 19.893978610905155 19.178710944480702 19.74138832092285 737700
19.770001466220815 19.998886942905536 19.75092722174207 19.93212890625 558900
20.017960983810788 20.265920702452615 19.78907550945373 20.170551300048828 393700
20.07517847655312 20.275454369373257 19.789072137118342 20.1610107421875 375500
20.380362367248917 20.48526706257356 20.180086459774827 20.265918731689453 468600
20.246847009528263 20.504343857324606 20.04657289614451 20.38990020751953 482600
20.54248956826641 20.61878471814308 19.970275034681467 19.989347457885742 487700
19.94166310648937 20.06564385841456 19.789072811058215 19.817684173583984 386100
19.827221672467452 20.017958635883236 19.607871526960537 19.808147430419922 406600
20.027498803649667 20.304069898353532 19.846297114671966 20.294532775878906 540000
20.466190986034444 20.618783092778912 19.798608931993584 20.075178146362305 870600
19.932125805207153 19.932125805207153 19.331301749763565 19.445743560791016 908300
19.474354260150957 19.598333187713752 19.064267176719078 19.274078369140625 746300
19.226396407813063 19.998885045719685 19.150101256155864 19.979812622070312 640600
19.97981317466055 20.34221470030036 19.69370498376811 20.15147590637207 1031000
20.161013799286334 20.218236531066005 19.998886363950632 20.18008804321289 771900
20.208699409102728 20.27545744382566 19.874907416468048 20.18008804321289 530100
20.180084383500137 20.313600428732503 19.798608669250733 19.941661834716797 636800
19.893979263318716 19.893979263318716 19.178711573437397 19.302690505981445 564300
19.40759898496562 19.7413909712466 19.34084095151342 19.674631118774414 773000
20.017958635883236 20.294529688512903 19.73185228124964 19.808147430419922 738800
20.01795724322045 20.189621771665724 19.82245082338438 20.075178146362305 856200
20.161013799286334 20.26592032186238 19.884444538431328 20.18008804321289 739100
20.199160473092537 20.676005614311833 20.103791081044708 20.59971046447754 875100
20.73417788054401 20.73417788054401 20.027494185032197 20.456655502319336 601800
20.647396416164472 21.171927217922118 20.496714252524015 20.780914306640625 769300
20.780913140797686 20.94303875045885 20.542490558561934 20.714153289794922 529800
20.63785937090533 20.71415452902435 20.132404630499344 20.170551300048828 460900
20.265917747452125 20.32313865294292 19.741388839243633 20.008420944213867 476700
20.046570184558135 20.12095718260445 19.84629427924447 19.989347457885742 330500
19.989350107066983 19.989350107066983 19.417137316666743 19.64602279663086 574800
19.77000267455718 20.141943188545298 19.693707510999136 19.8558349609375 784900
19.979811981019314 20.25638121477049 19.83675698460956 20.22776985168457 527400
20.213465545734927 20.265918803091992 19.865368805752436 20.21823501586914 595800
20.246842207085052 20.428043851704647 20.064687396157364 20.275453567504883 558400
20.3422134850084 20.38989727113176 19.893979710781398 20.22776985168457 429800
20.380362367248917 20.733226757102496 20.265918731689453 20.265918731689453 848400
20.380364678394567 20.54249211939423 20.227772540671285 20.30406951904297 506200
20.170548409103066 20.35175006579751 19.89397918269345 19.91305160522461 285700
19.340840637898893 19.340840637898893 18.959363048894925 19.121490478515625 592000
19.407596520122393 19.769998006702153 19.37898515841093 19.455280303955078 786900
19.226397697099294 19.39806225459447 18.930754191979837 19.197786331176758 1093400
19.569726513085484 19.74139106795781 18.67325707042999 18.692331314086914 740500
18.90300363439324 19.24773985145318 18.826395789099376 19.12325096130371 495400
19.381800623459306 19.4105292466661 18.768937940179917 18.89342498779297 404900
19.13282317199836 19.535014732362054 19.027488548278512 19.49671173095703 508200
19.688233231830033 19.994664593185366 19.544593759504092 19.669082641601562 597800
19.669083679881744 19.956362639698337 19.535018582355594 19.81272315979004 552400
19.621199244457983 19.87975135949233 19.573320034921892 19.630775451660156 571700
19.669080128053338 19.91805420748145 19.496712052699454 19.879751205444336 502500
19.678658627834494 19.80314752008126 19.467987506345914 19.60205078125 719200
19.630775785217228 19.937207114994404 19.574277440296754 19.793567657470703 952700
19.88932804249482 19.88932804249482 19.266889171261543 19.76483917236328 818900
19.95636292550692 20.162246852698278 19.649931543587254 19.755266189575195 788200
19.726536958857334 19.726536958857334 19.094521854890317 19.305192947387695 1262000
19.12324936445492 19.266890660552153 18.855122841553317 19.190282821655273 735800
19.286041708762152 19.582898689708088 19.199857659645588 19.3243465423584 670300
19.333918106070797 19.535012954716066 19.171126255345058 19.467981338500977 525300
19.5733212867729 19.793568587084916 19.28604053175842 19.305192947387695 438300
19.28604072911145 19.6355640987854 19.28604072911145 19.592472076416016 566000
19.563745003108146 19.793568510343757 19.535016379775616 19.64992904663086 533000
19.649928827851834 19.764839666952803 19.51586374693423 19.67865562438965 402800
19.697809537546842 19.774417378264346 19.29083072619918 19.3243465423584 368000
19.247736213869814 19.434467687328983 19.180704590215218 19.314767837524414 365100
19.45841015959164 19.908482830128126 19.45841015959164 19.803146362304688 740000
19.8606011044304 20.25800552739186 19.8606011044304 20.1383056640625 820500
20.25321485134355 20.53091938823232 19.97072312396265 19.985088348388672 667500
20.234061310518463 20.760741732612093 20.234061310518463 20.722436904907227 1152100
20.751168246416338 20.971415555172282 20.463889306862935 20.703289031982422 751500
20.779893770718985 20.875652185300204 20.33939739245172 20.684133529663086 638600
20.72243749519358 20.760742323989575 20.492614001841915 20.732013702392578 464300
20.799047460850257 20.952263138808732 20.4926161049333 20.703289031982422 660700
20.9235355726208 21.153359081121536 20.760743692456753 20.94268798828125 670800
20.770318343702645 21.306573156682628 20.645829477714145 21.105478286743164 732700
21.182088389592668 21.2586962282369 20.5404970560191 20.607528686523438 799500
20.61710405128427 20.74159109906068 20.01381574847392 20.090423583984375 560600
19.96593683270748 20.47346306557307 19.67865607542092 19.716960906982422 543100
19.487136327693523 20.176606819692175 19.487136327693523 19.793567657470703 814400
19.88932788348596 20.085635568070305 19.42968088930918 20.01381492614746 897000
19.803143012117015 20.348974023088616 19.487135488582158 20.157453536987305 803600
20.329822991950472 20.41600703391054 19.410528979676187 19.70738410949707 745400
19.879752585360833 20.214912552205153 19.123248608012947 19.4296817779541 947500
19.238162978644386 19.889330554410403 19.14240271871261 19.774417877197266 1248800
19.70738525040904 20.444736840321355 19.70738525040904 20.38728141784668 871300
20.358553798414643 20.492617066298852 20.080849227540167 20.214914321899414 883500
20.186182410084392 20.329821863217884 19.783990845425773 20.00423812866211 635500
20.03296722372534 20.272366926768672 19.775372178872022 19.822296142578125 495500
20.004239540725752 20.253215462753452 19.755263618698056 20.090423583984375 672600
20.09999810017127 20.195758343119135 19.898903233807996 20.061695098876953 576700
20.234062526058956 20.48303844167342 20.080846858984643 20.396854400634766 1016300
20.54049547230222 20.569222268032068 20.052119853671943 20.109575271606445 501600
20.02339099667636 20.387279567769184 19.932419767140544 20.042543411254883 532900
19.975513776875573 20.310671933017808 19.870177312673746 20.1383056640625 597900
20.205335063134882 20.339398310781327 19.898903739100284 20.071269989013672 599800
20.301096333567596 20.521343630528953 20.186183668015012 20.339399337768555 779500
20.339400426974827 20.73201583005279 20.301097420722684 20.703289031982422 715500
20.46388866481836 20.664983550901496 20.358552204598677 20.377704620361328 466700
20.37770423450383 20.73201478702941 20.358551819103837 20.655406951904297 580500
20.588376270243643 20.83735220245614 20.368128962450836 20.607528686523438 615300
20.664981546623473 20.800960762989956 20.128726742604414 20.157453536987305 892200
19.554167701259512 20.04254331173826 19.467983662558865 19.9467830657959 1585000
20.090423756140112 21.038446413633725 20.090423756140112 20.94268798828125 2255600
20.57879881695759 20.947474588899194 20.32982289980969 20.9331111907959 825400
20.8181970649142 20.856501892466753 20.02339015794579 20.186182022094727 1121700
20.282399302221517 20.82121015698348 20.282399302221517 20.734615325927734 645500
20.66726540272742 20.8308332225657 20.47483386097577 20.648021697998047 495300
20.26315404802664 20.41709999474973 20.080344383280742 20.37861442565918 882900
20.263155534625668 20.628778561302145 19.849425084261505 19.859046936035156 795000
20.0129933752746 20.542184224466663 19.87829111756564 20.070724487304688 831700
20.494075125542594 20.734615922016946 20.23910246853758 20.484455108642578 778600
20.24391329408743 20.6768856048584 20.24391329408743 20.6768856048584 631500
20.724995105417452 21.119481849599183 20.724995105417452 20.782724380493164 1097300
21.10023821654064 21.15796749180885 20.205426191570755 20.47483253479004 683300
20.571047296415447 20.9414803286109 20.48926430972349 20.859697341918945 815800
20.984776974038102 21.13872292525494 20.57104654195016 21.08099365234375 893400
20.840454992294664 21.321536597537257 20.749050147963615 21.18683433532715 558100
21.177212049273876 21.177212049273876 20.724996010272644 20.821210861206055 1676200
20.83083135558831 21.086767467044574 20.638399831083465 20.724994659423828 661200
20.907804070068156 21.06656186509352 20.609534017961103 20.696128845214844 1038100
20.542185059690986 20.643211757080348 20.359373534524025 20.417102813720703 755400
20.513318789869217 20.647059413723465 20.282399845923933 20.63840103149414 310200
20.67688886872687 20.97515897458652 20.638403291445382 20.927051544189453 564500
20.811588323732465 20.984777985998353 20.50369640645115 20.96553611755371 492100
21.16758823677997 21.451426425180376 21.06174970833832 21.360021591186523 755800
20.97515486347758 21.504345670028638 20.8981818888204 21.052127838134766 852300
20.99439916076671 21.35040032563049 20.686507253414543 20.724994659423828 710300
21.00402240198988 21.032887958406718 20.609535640196324 20.744237899780273 526700
20.81158693119516 20.81158693119516 20.20542498900443 20.25353240966797 1024500
20.195803687810532 20.38823704606599 19.7532095330757 19.772451400756836 709700
19.733967052569373 19.859047458556752 19.28175101839269 19.608884811401367 1212400
19.724345260418442 19.724345260418442 19.21439811253284 19.377965927124023 753100
19.377965463828502 19.647371809414278 19.291370632575237 19.39720916748047 451500
19.40683264669529 19.724346442855982 19.40683264669529 19.4453182220459 516800
19.483804444688445 19.68585783211703 19.33948033435651 19.454938888549805 447800
19.339479654326347 19.608884161424776 19.19515554906925 19.59926414489746 392000
19.57039807083773 19.652181055415287 19.387586563596603 19.541532516479492 610100
19.483803198554163 19.791695103618483 19.44531579283087 19.772451400756836 397700
19.916777520275154 20.243913131210803 19.834992699950977 20.186182022094727 630800
20.282399409227846 20.532562051910862 20.17656087400564 20.272777557373047 377700
20.40748105291658 20.580670726464618 19.945643146908957 20.109210968017578 507700
20.099590384822154 20.229482648185584 19.820563987182087 19.868671417236328 591200
19.743586540508048 19.820559512325257 19.021964241529073 19.474180221557617 726600
19.195153235308165 19.309650137023677 18.800666538738795 18.848773956298828 756200
18.81991195678711 19.089318317440835 18.742938973054713 18.81991195678711 829500
18.92574973306499 19.041210121589653 18.64672153131908 18.964235305786133 736100
19.00272359631185 19.15666956470802 18.32439859957225 18.435047149658203 1201800
18.435044301512345 18.57936839518863 17.819260523063964 18.088665008544922 746800
18.18488449221925 18.51202013385629 17.96358739204734 18.435047149658203 599500
18.367693834963042 19.021965040479877 18.069423786041128 18.944992065429688 693500
18.993101959547545 18.993101959547545 18.396561784034112 18.61785888671875 856900
18.569750191884737 18.685210590613753 18.06942669120774 18.29072380065918 780700
18.156019194722123 18.396559978866833 17.94434213015923 18.23299217224121 721300
18.31958910259665 18.50239879818483 17.886614907402006 18.261857986450195 652100
18.348452167360055 18.463912560330836 17.978019110353856 18.021316528320312 635400
18.002072575195672 18.232993357950477 17.819262888687394 18.223371505737305 715500
18.31958746685561 18.410992306488236 18.002071861943076 18.213748931884766 816000
18.098289840629928 18.40618178057006 17.665317488281886 17.819263458251953 527600
18.117534069078378 18.46391342910812 18.011695523473563 18.444669723510742 611400
18.194503566914726 18.30034209222165 17.761529449914047 17.857746124267578 640100
17.723044598340795 18.107909476145817 17.723044598340795 17.867368698120117 902200
17.934721947913488 18.098289769763802 17.646073714145032 18.050182342529297 737400
18.319587258124255 18.377316533277597 17.82888383136944 17.953964233398438 1025300
17.86736749601562 18.079044540952264 17.60758303278267 18.030935287475586 745100
18.021316969118683 18.430237445510834 17.992453246555502 18.309967041015625 642400
18.396559398332958 18.569747215900264 18.372503852533164 18.483152389526367 730100
18.53126023661252 18.800666546529232 18.391746156378133 18.771800994873047 706400
18.61785597221667 18.877640444360168 18.569746717089853 18.733314514160156 791200
18.733318226158612 18.733318226158612 18.1656417494404 18.473535537719727 580400
18.444516704668704 18.783037312218102 18.3091091995645 18.76369285583496 508700
18.754021007359324 18.80721734109559 18.647630184675723 18.715333938598633 507900
18.78303687091983 18.93778882877135 18.705660891994068 18.82172393798828 796100
18.783037012294606 19.111885386401454 18.6863165767122 19.06352424621582 776800
18.92811768605483 18.92811768605483 18.37681357400103 18.676645278930664 750500
18.579922244412884 18.686314898477193 18.231731290291997 18.251075744628906 592100
17.893209696292892 18.251074701925734 17.883537469677023 18.125337600708008 783400
17.7674777383452 18.313944807677483 17.7674777383452 17.931901931762695 917900
17.96091759669209 18.164030713079327 17.902886068348177 18.076982498168945 706400
18.231731503701756 18.336188975639608 17.77714604540675 17.951242446899414 1001100
17.651411621684066 17.87386732539981 17.390267006997508 17.57403564453125 1081900
17.77714818052653 18.00927797358912 17.574036917582944 17.66108512878418 1411700
17.902885246528218 18.13501319403722 17.757805509933707 17.931901931762695 1372900
17.806163932033265 18.105995618897115 17.738460181269378 18.047964096069336 819700
17.98993160662316 18.018946444083625 17.641738798787557 17.92222785949707 923300
18.135011023616705 18.502546435321634 18.120503605130203 18.492876052856445 2921100
18.5702528452346 18.5702528452346 18.318780459906662 18.376811981201172 601600
18.434841473261493 18.531561894631608 18.105993147476266 18.125337600708008 503300
18.115668737214236 18.13501319403722 17.85452410447075 17.931901931762695 429000
17.806163411599883 17.989932047437037 17.593379937591298 17.854522705078125 470500
17.70944492911928 18.42517325115195 17.64174117288212 18.367141723632812 1450200
18.086654097590284 18.68631750744955 17.941572514595947 18.676645278930664 986700
18.59927050759259 18.676646495996934 18.265586903496793 18.512222290039062 614000
18.483205040442105 18.70082371119788 18.483205040442105 18.579923629760742 449300
18.647629414377317 18.754020232666115 18.454188544197734 18.56058120727539 471500
18.483203825602537 18.58959463581809 18.39615562510608 18.492876052856445 508400
18.357469240381214 18.66697317591054 18.338124783213388 18.40583038330078 443600
18.357468663568742 18.357468663568742 18.096324034375467 18.222061157226562 570300
17.902883843345165 17.989932047437037 17.717181868850602 17.854522705078125 513600
18.15435810021222 18.48320649518678 18.086654344444927 18.386486053466797 636000
18.492876523573113 18.62828401899705 18.115667030224085 18.16402816772461 533500
18.357470122443694 18.705662989039073 18.318783051038128 18.54123878479004 597200
18.45418874645591 18.845905682707798 18.45418874645591 18.792709350585938 635900
18.676644083106833 18.879757179420647 18.64762924419689 18.841068267822266 435000
18.879758003682824 18.889430232004695 18.608941145037225 18.734678268432617 379400
18.86041147505962 19.115752371381035 18.763691047255417 19.01516342163086 396700
18.87008314756054 19.1892592585789 18.87008314756054 19.092538833618164 567000
19.13122840202858 19.314995186531043 18.69598739707279 19.26663589477539 692200
19.285980162311315 19.42138765374462 19.150570826089304 19.295652389526367 469100
19.198932580944597 19.904988587301105 18.98131207356382 19.730892181396484 898500
19.75023892726042 19.96302242316396 19.556798043865207 19.68253517150879 520000
19.5567960611227 19.672860948350525 19.422355232677738 19.431060791015625 413200
19.411715622302097 19.8372844001128 19.31789704663749 19.788923263549805 508800
19.759909810436202 19.76958203842627 19.460078121899567 19.60515785217285 415300
19.58581270698641 19.76958134275332 19.314995867160903 19.70187759399414 311200
19.750238482092758 19.876942276308625 19.624503202072216 19.74056625366211 489400
19.71154887509621 19.85179341522466 19.653517351342284 19.8372859954834 499300
19.91466121905234 20.09842985621386 19.846957469779365 19.94367790222168 500300
19.953349749558782 20.059742417532508 19.875973766883966 20.001710891723633 385200
20.0403961408941 20.272524067840116 19.953347937690744 20.25318145751953 540900
20.146786411467904 20.330555023649566 20.021051157736377 20.32088279724121 419000
20.311213068288655 20.591702134254117 20.2241648646986 20.504653930664062 527400
20.35957298639263 20.504654560021624 20.272524780130773 20.417606353759766 373500
20.427278725253487 20.746454868861093 20.427278725253487 20.659406661987305 432900
20.736782751457437 20.736782751457437 20.35473804645102 20.378917694091797 562500
20.272525332505584 20.330558701453977 20.05006961923674 20.079086303710938 439700
20.021053791059725 20.117772378287352 19.672860973716105 19.69220542907715 476800
19.682533515832347 19.72122058238368 19.479420420874163 19.643844604492188 376200
19.643846004031083 19.830516509448046 19.547125563578597 19.711549758911133 367000
19.624501718206385 19.73089253332111 19.324668193894407 19.421388626098633 535700
19.30532330488787 19.42138818988382 18.870084136927765 18.95713233947754 449000
18.97647550551205 19.08286631101085 18.734675369250517 18.87008285522461 424900
18.87975774934492 19.02483748264069 18.70566133147443 18.76369285583496 502400
18.71508205979095 18.87063584025182 18.598415797271638 18.841468811035156 521900
18.9484116529256 19.099105180454394 18.588694251446476 18.734525680541992 403200
18.76369311689669 18.928969250965306 18.55952946240764 18.666473388671875 500800
18.851190649913793 19.23521484643241 18.758831174718942 19.16229820251465 585600
19.01646565559835 19.463684127037567 18.987300483216714 19.337295532226562 494000
19.36646376339921 19.78937547835933 19.19146530083715 19.755348205566406 546200
19.77479362487793 19.93034740751563 19.658127360725977 19.77479362487793 485500
19.46368452051477 19.59979360597311 19.342158021542048 19.424795150756836 860600
19.483128766472163 19.502571596565904 19.23035343178183 19.46368408203125 647300
19.512295197418496 19.842847436847435 19.405351280442286 19.755348205566406 648900
19.599796857911173 20.085902934455294 19.43452071771227 20.027570724487305 2583400
19.96923467267051 20.63033725193014 19.901178277395676 20.591449737548828 852400
20.49422894960759 20.68867209195162 20.207426334541122 20.484506607055664 996800
20.50395299044003 20.649784432103214 20.14423370361328 20.14423370361328 635700
20.153954388535876 20.231731274645938 19.872013871767113 20.047012329101562 479700
19.910902224112412 19.92062456707801 19.512295434259325 19.81368064880371 720000
19.64840474284822 19.981873878275753 19.473408130587647 19.5609073638916 566600
19.570629092441738 19.784516944889187 19.278966199182886 19.415075302124023 643600
19.473406667905234 19.672710050050355 19.15257678800462 19.522016525268555 784500
19.453963444442916 19.59979488183373 19.191465744531055 19.5609073638916 1242700
19.541460557004907 19.604654852943437 19.094242095947266 19.094242095947266 892200
19.288685483241082 19.522016131706035 19.103964691159476 19.43451690673828 1084600
19.53174138791779 20.173401230516546 19.53174138791779 20.1053466796875 1067000
19.940068415320013 20.13937180187375 19.76506995798556 20.047012329101562 521400
19.930346510010754 20.241454061276333 19.930346510010754 20.00812339782715 473400
19.988680627318164 20.100484798369017 19.4296597720639 19.570629119873047 712600
19.658127085920587 19.774793348441637 19.434518758298186 19.5609073638916 490700
19.45396213075041 19.716459812936254 19.424795103502912 19.551183700561523 596100
19.551184674257428 19.80396002661626 19.356741524951463 19.62896156311035 481900
19.531739759079976 20.494229442711855 19.33729661205752 20.445619583129883 680100
20.63033929343721 20.747005556820366 20.13937301791243 20.183122634887695 513200
20.416453033094708 20.68672786409269 20.328953800319375 20.562284469604492 612700
20.756728953354294 20.941449773774018 20.397009656152456 20.57200813293457 660900
20.397006646669436 20.630337296502926 20.144231312429696 20.46506118774414 699300
20.474784174113545 20.474784174113545 19.7699301041622 19.891456604003906 658900
20.105345013178855 20.29978630595234 19.959513580011922 20.163677215576172 553600
20.27062225341797 20.54284044923102 20.251177566760642 20.27062225341797 574400
20.21228795214531 20.5233954890168 20.134509213580248 20.367841720581055 488200
20.523396219307056 20.81992118042253 20.401869717495615 20.54283905029297 788000
20.73728230007189 20.92200310297908 20.397007722405156 20.416452407836914 725900
19.833124835530096 20.17339941337209 17.84981327915072 18.822025299072266 2155700
18.792860002551862 18.83174937701882 18.42342021685295 18.637306213378906 1244300
18.637305651830957 18.860913985236262 18.35536325848284 18.36508560180664 1250100
18.374806436748873 18.52063786593989 17.95675497987999 18.01508903503418 1190600
17.927588750260075 18.457444333431702 17.742867961851008 18.345640182495117 925900
18.48175169747989 18.773414577123766 18.41369714918614 18.617860794067383 798900
18.66647148910286 18.75397071907891 18.33591925460384 18.38452911376953 584800
18.44286082827538 18.44286082827538 18.073421087075904 18.267864227294922 739600
18.228976967209626 18.365086068506947 18.063700835199693 18.170644760131836 619100
18.549805844481583 18.865775502549813 18.408834652152844 18.81230354309082 837300
18.87063411749976 18.938688658445084 18.219252025906094 18.306751251220703 645900
18.32619804938275 18.452584803666547 18.170644265180826 18.209531784057617 667300
18.277585819718677 18.540083518570203 18.102589208164986 18.53036117553711 784800
18.559527964116377 18.61786016721166 18.321335198760753 18.472028732299805 732000
18.365084774632994 18.46716844776132 18.16092113707094 18.31647491455078 464400
18.63730749669267 18.78313895229044 18.301894963383045 18.335922241210938 502200
18.394253157561955 18.549806946494396 18.306753919494028 18.481752395629883 336900
18.510917172176327 18.574109616370695 18.43313843283456 18.5498046875 327600
18.530360735602436 18.695636854546493 18.442861504729272 18.569250106811523 374100
18.68591528464558 18.870636096834748 18.58869556129615 18.74424934387207 168600
18.666472123653083 18.812303560454822 18.442861942586603 18.53036117553711 326600
18.481749709048866 18.685913331964368 18.45258268248358 18.588693618774414 353500
18.58869319764545 19.084519657592143 18.297028501641787 19.06507682800293 877300
19.162797784196876 19.162797784196876 18.68397237695627 18.918498992919922 463300
18.752374442853966 19.060189556592405 18.698628414275333 19.0455322265625 369200
18.869638546669982 19.04553397861693 18.28332106146412 18.48853302001953 667800
18.44944322287396 18.644882994293585 18.1856019544648 18.32240867614746 629500
18.34195442891233 18.478761161058415 18.019480086102316 18.126970291137695 603700
18.2540045804351 18.312635763959893 18.004818788714232 18.107425689697266 453100
17.980389605722436 18.156285023293538 17.931530595886798 18.058565139770508 313400
18.117197186235973 18.117197186235973 17.745862022155258 17.824037551879883 528500
18.234462223487725 18.312637764678968 17.794723639379534 17.882671356201172 828700
17.843582799562174 17.970617342822667 17.394072083102206 17.43316078186035 697800
17.36475918249956 17.667689173164874 16.95433712320865 17.032512664794922 526900
16.993424078935544 17.120460499794294 16.690494086187055 16.807758331298828 1516600
16.788214309188188 16.915248868687396 16.5468473414433 16.75889778137207 689700
16.73935253688896 16.973881019207987 16.661176997399913 16.724695205688477 497600
16.827299871183786 16.988537966149636 16.670948795742152 16.88593292236328 508800
16.788210962232274 16.876158664295083 16.368016799899202 16.641632080078125 471300
16.592772744912754 16.788212515097012 16.592772744912754 16.690492630004883 405200
16.690492728855567 16.700264903807835 16.45596612155652 16.46573829650879 404900
16.397334455999317 16.700264415250384 16.26150439668448 16.58300018310547 752000
16.602544824090373 16.925019138339028 16.510688617234802 16.915246963500977 497100
16.846842892102913 16.964107121356115 16.778439534976748 16.85661506652832 386500
16.876160614008285 17.022739513096784 16.42664987777149 16.797985076904297 779200
16.876161084911963 17.061826825807266 16.75889684405799 16.993423461914062 800500
16.915249242605103 17.257267952612324 16.86639022568351 17.179092407226562 693400
17.29635419925649 17.682344851329027 16.866387828811053 17.521108627319336 617100
17.51133725271203 17.653030997515984 17.179090750893295 17.19863510131836 518200
17.15954640046823 17.354986177015196 17.07159868740728 17.19863510131836 497400
17.286583403978135 17.389188451431544 17.14977481018835 17.32567024230957 578000
17.423389816519737 17.623714751930333 17.364758628164697 17.530881881713867 483900
17.41361821586644 17.5797414748983 17.06182734642205 17.50156593322754 487400
17.530882323936357 17.560196986927412 17.257266998291016 17.257266998291016 251600
17.19863553925813 17.325670092552127 16.83707250259509 16.925020217895508 610800
16.758897452563946 16.866389521928742 16.651407247051093 16.807758331298828 568400
16.964109185268942 17.26703917390534 16.73935287384331 17.257266998291016 864600
17.257267951324174 17.491794587463957 17.198636758252235 17.3354434967041 599700
17.354988430625205 17.45270833158798 17.179092981662624 17.306127548217773 388000
17.267039418844217 17.482021693853206 17.08137180724212 17.120460510253906 533900
17.17908967232483 17.27680955446309 17.032510781043307 17.188861846923828 422700
16.622089751460607 16.651406276993647 14.90222606107733 15.64489459991455 3509500
15.371279711483957 15.693754045855933 15.278446840507076 15.29310417175293 1417300
15.031215804899357 15.830562214951735 14.931541668233587 15.80124568939209 1954800
15.791473485257342 15.791473485257342 15.263788141188007 15.488543510437012 986900
15.527631168880703 15.644894474293551 15.30287580122831 15.635122299194336 1232200
15.615578454845016 15.762157358377857 15.478771726727947 15.752387046813965 688000
15.723070727037173 15.918510510215338 15.600921328513797 15.771929740905762 652900
15.683981660333842 15.683981660333842 15.488543745549949 15.586262702941895 635800
15.517858744111708 15.688868077892925 15.439683208427589 15.615577697753906 876900
15.693753702535005 15.732842403471347 15.420139319462074 15.49831485748291 484700
15.498315108139074 15.576490647424254 15.361508380352978 15.51785945892334 517500
15.527631514891914 15.64000780333339 15.429911625574036 15.586262702941895 426200
15.586262466345604 15.596034641514239 15.390823622602502 15.488543510437012 418700
15.390823505555812 15.605806698001242 15.312647968653092 15.556946754455566 532600
15.468999382775644 15.56671927201683 15.33219172422317 15.429911613464355 451800
15.517858484524231 15.517858484524231 15.254015357059561 15.361507415771484 686700
15.293104079132178 15.53740287229356 15.214928539874611 15.43968391418457 818200
15.439683199429885 15.693753224292255 15.302875546099457 15.537402153015137 687700
15.488543392647165 15.664438816641237 15.341963562010134 15.556946754455566 611400
15.478771084006588 15.478771084006588 15.28333224343598 15.468998908996582 423100
15.57649029117697 15.57649029117697 15.341963678685246 15.488543510437012 663200
15.517858962196206 15.537402380428945 15.283332351847868 15.322420120239258 986000
15.234472754706834 15.322420468568279 15.131866777893173 15.273560523986816 1092000
15.15554158312677 15.278477515420693 15.067027561806867 15.234220504760742 804600
15.342405401250518 15.642368451470208 15.253891376031774 15.617781639099121 778000
15.598111061527964 15.735799646084836 15.499762876495982 15.725964546203613 942000
15.666956066858944 15.7505516033715 15.145707020154132 15.204716682434082 742300
15.18504643189518 15.18504643189518 14.953927209414294 15.067028045654297 882700
14.949009161499173 14.99326617210626 13.995026065418376 14.024531364440918 1515800
13.670475671272753 13.985192304376753 13.33117316413232 13.581962585449219 2811800
12.78533781935076 12.78533781935076 11.064234651361234 11.260931968688965 6200200
12.441116667435919 13.031209550556353 12.131318513450099 12.195244789123535 3916900
11.546143180447126 12.264089552841215 11.437959891643318 12.195244789123535 5221900
12.755832710112294 12.93285981638909 11.742839943755113 12.89352035522461 2635900
12.765666673633707 12.883685993220364 11.865775692790818 11.93953800201416 2646900
12.214914100120618 12.391942139751174 11.821519498637954 11.998546600341797 1884400
12.529629994414574 12.588639654603986 12.254253768693026 12.549300193786621 1930400
12.539465761147994 12.686988512579022 12.047722005808856 12.057557106018066 1155400
12.19524379825531 12.3083455659138 11.629738711669688 11.723170280456543 1192700
11.536306677567994 11.978876755061737 11.39861904272698 11.890362739562988 1302000
12.165738947171688 12.273922222822009 11.703499609526371 11.890362739562988 1207400
11.801849581838795 12.269006502957275 11.516638254461427 12.018217086791992 972400
12.165740266949248 12.244419191944212 11.929703491964355 12.116565704345703 802300
12.273923134331797 12.382107355942972 12.047721467193409 12.087060928344727 840600
12.205079154148468 12.578804499222025 12.09689587186141 12.411611557006836 1227300
12.441116476149206 12.667319088440578 12.382107751500513 12.45095157623291 978500
12.391941759103682 12.46078557776677 12.175574265971093 12.441115379333496 1122800
12.293593406677246 12.401776691002379 12.116565361484536 12.293593406677246 678700
12.21491448390865 12.421446890657899 12.185410122352113 12.293593406677246 899600
12.25425318385082 12.539464495646495 12.244418084634182 12.441115379333496 1143800
12.441115672840052 12.459801986621828 12.11164734472349 12.126399993896484 735000
12.254253686440654 12.254253686440654 11.792014321494198 11.93953800201416 630600
11.949371791832721 12.165739287105755 11.822502199633757 12.047720909118652 534800
12.205079347847231 12.332932831448321 11.300270800767786 11.418289184570312 878200
11.41828886787052 11.693666027031911 11.152747746161618 11.66416072845459 1048400
11.664160976864327 11.664160976864327 11.054398862181039 11.211756706237793 677500
11.260931285708986 11.723170656839244 11.211756724877812 11.61498737335205 531400
11.447793960571289 11.69366581673361 11.369115041633481 11.447793960571289 488100
11.408455183692226 11.511720919254174 11.231427136526882 11.496968269348145 530300
11.487134344711487 11.565813269982653 11.280601931392983 11.378950119018555 610400
11.231427235440114 11.319941259802313 10.887206238015285 10.965885162353516 1508600
10.965885401100746 11.152748553917464 10.749518823423301 10.847867012023926 1518600
10.956050250772195 11.211756268415662 10.887205493240721 11.113408088684082 1705900
11.487134504628909 11.801850210094868 11.378950277429897 11.457629203796387 1563500
11.398619719514896 11.585481922719705 11.01505927555548 11.201922416687012 1112000
11.162583621478227 11.1675002336561 9.88896722010327 10.3069486618042 2109300
10.365957675281331 10.877371598982853 10.32170066504075 10.395462036132812 2261700
10.129920404634404 10.572489546920146 9.76603017929161 10.424966812133789 2366100
10.720012664794922 10.877371442230832 10.385627724801218 10.720012664794922 2103900
10.847865975651741 10.92654489418621 10.572489760781103 10.64133358001709 729000
10.542986005361854 10.906876258931417 10.48889389404518 10.81836223602295 677200
11.024894984724444 11.093738810038769 10.720013445039848 11.044564247131348 854800
10.739683102315276 11.0740689876652 10.729848002645754 11.005224227905273 1044700
11.074068569028134 11.103572928994607 10.867536173409432 10.975719451904297 1311100
11.024894009665132 11.428123701575515 10.96096774008797 11.310105323791504 680400
11.280601848658446 11.419273383087319 11.083904536923155 11.1035737991333 753400
11.290436022559529 12.008382383549566 11.172417635395435 11.978878021240234 993500
11.929703010631686 11.949372272123437 11.703500406952777 11.880528450012207 635300
11.949372962550338 11.954290512689093 11.339610814246653 11.457629203796387 642100
11.53630776467744 11.772345474225709 11.344528004975805 11.565813064575195 812800
11.565813082115604 11.998547164077983 11.472381508151193 11.63465690612793 816100
11.526473332278035 11.526473332278035 11.167499695355989 11.211756706237793 645800
11.162582920234328 11.231426741521078 10.720012817886024 11.133077621459961 719500
11.133078447978319 11.18225301165959 10.88720656749875 11.123244285583496 750800
11.152748311101883 11.211757035392175 10.661004565024564 10.965885162353516 650000
10.936380436009271 10.93933115350355 10.513480528329461 10.670839309692383 1370700
10.760176158488983 11.365683877130294 10.58646464063197 11.196935653686523 1033600
11.445095175816682 12.080382687657476 11.316052355599725 12.050603866577148 847000
12.030750658353133 12.035713952962864 11.593991145865125 11.633696556091309 597100
11.633696600726335 12.685890449082953 11.574138011832728 12.32854175567627 1277900
12.497289824553977 12.934049333059779 12.467511003818766 12.874491691589355 910600
12.765300923054399 13.261619012628621 12.527068467255164 13.142502784729004 795400
13.092871096102897 13.092871096102897 12.661074878085753 12.695816993713379 600000
12.785154465037703 13.058129043414763 12.437731413783574 12.60647964477539 656100
12.68589049256128 13.111731327992182 12.527068850502868 13.02338695526123 731800
13.00353449648961 13.162356135777456 12.616406040736752 12.735522270202637 726200
12.666037792317546 13.033313062660952 12.626332383271006 12.953902244567871 610000
13.033313528705886 13.082945528451706 12.556847656458318 12.74544906616211 1377700
12.6958166450261 12.745448643124574 12.477436421383796 12.586627006530762 625000
12.507216222266127 12.59655268310451 12.209425179516623 12.219351768493652 767600
12.110161706609109 12.110161706609109 11.603917006713601 11.921561241149902 694000
11.782591595200065 11.911634414960334 11.306126672994445 11.49472713470459 1974600
11.554285735638944 11.941413248681311 11.554285735638944 11.633696556091309 562900
11.633696976330206 11.981119091696165 11.544359563431286 11.931488037109375 692200
11.91163417937193 12.05556688009879 11.732959363752828 11.991044998168945 621800
12.130014361003639 12.318614818309069 12.130014361003639 12.219351768493652 638900
12.36824695136571 12.36824695136571 12.15979331383392 12.179646492004395 687100
12.179646836119353 12.442694827748639 12.179646836119353 12.288836479187012 342600
12.179646477692787 12.229277529757377 11.971192840405939 12.040677070617676 469000
11.911634579433215 11.911634579433215 11.663475525695024 11.871929168701172 547500
11.901707418892999 12.338467862635865 11.901707418892999 12.25905704498291 514400
12.199499203626592 12.536995672593505 11.921561324863355 12.388099670410156 509600
12.457584858720843 12.54195897602103 12.348394267713735 12.527069091796875 528400
12.805007116136943 12.904271118788296 12.606480057485921 12.765301704406738 607700
12.83478655289148 12.953902785000594 12.735522552808055 12.934049606323242 605700
12.963829509276302 12.963829509276302 12.626333041461738 12.894344329833984 912200
12.88441749640047 13.33110454631478 12.834786443433684 13.251693725585938 632400
13.251693944092967 13.648748054284203 13.182208764820748 13.539558410644531 784900
13.57926349892706 13.916759957894211 13.445257384928047 13.847274780273438 930100
13.827422341932161 13.916759749929827 13.529631297490486 13.837347984313965 852900
13.946539110253465 13.966391342437191 13.509778642391435 13.539558410644531 607300
13.489926491900597 13.886980604496332 13.479999902422785 13.867128372192383 716100
13.896906586651946 14.145065632842158 13.6884529499861 13.976317405700684 1419200
14.164919243852482 14.393225118932405 14.140102770484015 14.27410888671875 800800
14.403151899198397 14.472636132247816 13.97631801811956 14.006096839904785 656100
13.837348303450462 14.591752047661398 13.72815866151927 14.452783584594727 1005500
14.403151131366778 14.472635360711994 13.976317273042444 14.016022682189941 674500
13.996170598390028 14.154992236653193 13.748011551940927 14.115286827087402 587000
13.886980340361482 14.115287160750317 13.777790698137396 14.0855073928833 583800
14.095433574993802 14.189734277211947 13.886979939204632 14.065654754638672 461500
14.055728522506497 14.432930394304476 14.025949701395295 14.313814163208008 586100
14.413078578896103 14.532194813434291 14.24433034330408 14.472636222839355 518600
14.204624726352051 14.363446370105956 13.88698049219257 14.32374095916748 545100
14.27410888671875 14.363446297541907 14.085507475725048 14.27410888671875 628500
14.393224642179081 14.522267459465779 14.229439709978971 14.343592643737793 617400
14.234403550603092 14.49248919507816 14.234403550603092 14.462709426879883 545300
14.363446370105956 14.423004013187837 14.164919315413576 14.32374095916748 486900
14.095434040240526 14.184771450906297 13.792680638891888 13.85720157623291 723200
13.84727490975622 14.025949730092318 13.66363774143448 13.668601036071777 463600
13.757937426118648 13.757937426118648 13.489926143697378 13.618968963623047 596400
13.440294400248806 13.638821455203773 13.31125157786516 13.400588989257812 444000
13.410514889405944 13.489925707306439 13.023386442152313 13.32117748260498 586400
13.32117800744658 13.475036354859208 12.89930742907164 13.02338695526123 638000
13.043240219952363 13.38569903290726 12.963829398398907 13.350956916809082 617500
13.281472953388548 13.62889506805274 13.13257694997388 13.271546363830566 513400
13.301325178226037 13.440294592003042 12.953903063761052 13.132576942443848 398000
13.192135003838132 13.400588642814649 13.122650773063176 13.291399002075195 370600
13.341029713754294 13.470072529505504 13.211987844654704 13.32117748260498 415100
13.311251312229185 13.50481506861611 13.202061670845833 13.479999542236328 539600
13.489999771118164 13.640000343322754 13.380000114440918 13.460000038146973 738200
13.600000381469727 14.15999984741211 13.59000015258789 13.960000038146973 584800
13.880000114440918 13.90999984741211 13.12600040435791 13.680000305175781 649900
13.630000114440918 13.819999694824219 13.319999694824219 13.359999656677246 490500
13.329999923706055 13.329999923706055 13.020000457763672 13.15999984741211 631400
13.270000457763672 13.270000457763672 12.970000267028809 13.109999656677246 351400
13.119999885559082 13.3100004196167 13.050000190734863 13.130000114440918 459400
13.479999542236328 13.479999542236328 13.119999885559082 13.329999923706055 638000
13.210000038146973 13.350000381469727 13.010000228881836 13.300000190734863 1026900
13.390000343322754 13.6899995803833 13.3100004196167 13.649999618530273 948600
13.550000190734863 13.770000457763672 13.539999961853027 13.710000038146973 3453900
13.65999984741211 13.720000267028809 13.229999542236328 13.40999984741211 1147800
13.430000305175781 13.550000190734863 13.260000228881836 13.430000305175781 380700
12.210000038146973 12.770000457763672 12.029999732971191 12.640000343322754 4567500
12.59000015258789 13.09000015258789 12.489999771118164 12.819999694824219 1774700
12.84000015258789 12.869999885559082 12.390000343322754 12.4399995803833 1275600
12.40999984741211 12.739999771118164 12.3100004196167 12.630000114440918 1399800
12.529999732971191 12.65999984741211 12.40999984741211 12.449999809265137 574100
12.479999542236328 12.670000076293945 12.369999885559082 12.59000015258789 837900
12.630000114440918 12.725000381469727 12.390000343322754 12.40999984741211 696300
12.479999542236328 12.760000228881836 12.430000305175781 12.539999961853027 728500
12.529999732971191 12.614999771118164 12.130000114440918 12.210000038146973 818400
12.1899995803833 12.25 11.920000076293945 12.010000228881836 1291900
12.010000228881836 12.050000190734863 11.704999923706055 11.8100004196167 693100
11.75 11.989999771118164 11.729999542236328 11.949999809265137 845200
11.890000343322754 12.220000267028809 11.710000038146973 12.149999618530273 687000
12.020000457763672 12.270000457763672 12.020000457763672 12.170000076293945 541900
12.260000228881836 12.520000457763672 12.1899995803833 12.359999656677246 687400
12.430000305175781 12.5600004196167 12.199999809265137 12.329999923706055 430200
12.3100004196167 12.319999694824219 11.960000038146973 12.079999923706055 494500
12.210000038146973 12.239999771118164 11.739999771118164 11.760000228881836 684700
11.899999618530273 12.15999984741211 11.812999725341797 12.020000457763672 793100
11.930000305175781 12.609999656677246 11.930000305175781 12.470000267028809 1055600
12.359999656677246 12.359999656677246 12.050000190734863 12.069999694824219 581500
12.109999656677246 12.1899995803833 11.84000015258789 11.899999618530273 583000
11.90999984741211 11.90999984741211 11.510000228881836 11.510000228881836 716600
11.470000267028809 11.649999618530273 11.449999809265137 11.600000381469727 128761
