16.913631439208984 16.930545457770496 16.913631439208984 16.913631439208984 9551100
16.930544654945948 16.989742104094578 16.930544654945948 16.981285095214844 858000
16.9897424538368 17.032025886096385 16.955914417621493 16.998199462890625 347900
17.006655146812754 17.07430960096229 16.972827113233276 17.040481567382812 229000
17.065850886963467 17.065850886963467 16.922084984637845 16.9305419921875 438100
16.955913136347906 16.955913136347906 16.91362970728347 16.922086715698242 800000
16.913626425419437 16.94745445251465 16.913626425419437 16.94745445251465 2018900
16.930544074784088 16.98128451331425 16.913630057604212 16.939001083374023 252300
16.930543724113015 16.955913136347906 16.91362970728347 16.922086715698242 169200
16.939000732527788 16.939000732527788 16.922086715698242 16.922086715698242 99600
16.922088448489742 16.93900246705125 16.913631439208984 16.913631439208984 322900
16.930543724113015 16.94745774094256 16.91362970728347 16.922086715698242 137600
16.9305419921875 16.964368409376863 16.91362797708819 16.9305419921875 156900
16.930543724113015 16.939000732527788 16.91362970728347 16.922086715698242 161900
16.91362970728347 16.94745774094256 16.91362970728347 16.922086715698242 135000
16.913631439208984 16.92631614662532 16.913631439208984 16.913631439208984 196400
16.91362970728347 16.922086715698242 16.91362970728347 16.922086715698242 134700
16.913631439208984 16.922088448489742 16.913631439208984 16.913631439208984 291000
16.922088448489742 16.922088448489742 16.913631439208984 16.913631439208984 271800
16.913631439208984 16.93900246705125 16.913631439208984 16.913631439208984 186600
16.913631439208984 16.922088448489742 16.913631439208984 16.913631439208984 124100
16.913631439208984 16.922088448489742 16.913631439208984 16.913631439208984 199200
16.913631439208984 16.930545457770496 16.913631439208984 16.913631439208984 1622100
16.91362970728347 16.922086715698242 16.91362970728347 16.922086715698242 179000
16.871340881054415 16.871340881054415 16.575352133262268 16.60917854309082 126200
16.64301528457376 16.725046508617854 16.37239741214325 16.5677490234375 180500
16.575358855084882 16.693753757010985 16.49924738584394 16.604957580566406 164100
16.643005364777743 16.643005364777743 16.507696509211158 16.52461051940918 91400
16.49079132080078 16.685297703103295 16.448507885694898 16.49079132080078 133500
16.609183061100328 16.7275795602286 16.4907881749814 16.64301109313965 70400
16.541530958385746 16.65992747432244 16.499247525343083 16.55844497680664 60300
16.516165048959056 16.7022144520451 16.490794015943266 16.651473999023438 112600
16.693751443295294 16.693751443295294 16.456960059252268 16.533071517944336 72300
16.51616500389148 16.685300384505478 16.490793970944917 16.541534423828125 99100
16.355482219976384 16.612568535160957 16.355482219976384 16.48233413696289 105100
16.406222037037733 16.65992747432244 16.406222037037733 16.55844497680664 151000
16.490788091119562 16.70220845126212 16.473874075185915 16.533071517944336 187500
16.473871938949994 16.617637829724583 16.431588517608287 16.507699966430664 157300
16.566900525882858 16.57535753434794 16.40622059106513 16.473875045776367 76700
16.4485045218899 16.524615979923027 16.23708416357774 16.406219482421875 206600
16.507696624150412 16.549980036931082 16.186336880185628 16.321645736694336 166200
16.321654229656378 16.321654229656378 16.067950394940127 16.135604858398438 184200
16.076406201230242 16.25399854963746 16.067949192304727 16.169431686401367 74700
16.186348691434812 16.22186717121068 15.831162280666181 15.991842269897461 288400
15.907267858469956 15.974922310951655 15.653564064915932 15.755044937133789 301300
15.619736553759335 15.983379852870101 15.602824149831191 15.780416488647461 326800
15.67894052235829 15.814249474207363 15.602829035316944 15.788878440856934 450200
15.797331359440346 15.844689319017743 15.518256516923874 15.648490905761719 202800
15.560536902245076 15.814242281325278 15.51825347890298 15.645105361938477 451600
15.67048098801425 16.00875331316905 15.67048098801425 15.86498737335205 336100
15.77195388176672 16.28781992418504 15.687385440106672 16.245534896850586 360000
16.19480043241244 16.579585451105196 16.067948529779233 16.363937377929688 385600
16.313191479844424 16.461185047885028 16.084857163716997 16.152511596679688 252700
16.11868522035453 16.20579093673354 15.814241047425313 15.856524467468262 276000
15.704302197660738 15.958007567012949 15.594364333381181 15.662018775939941 399100
15.653561574035635 15.848067892343435 15.518252690603326 15.771956443786621 542600
15.746450534679417 15.950508009346612 15.516885267539577 15.652923583984375 821500
15.499881733439048 15.78896359228681 15.474375559937956 15.669930458068848 464000
15.652924193312554 15.720943354182765 15.363842354187984 15.423358917236328 492000
15.457371454685742 15.81022039390816 15.22780614673577 15.525390625 1053900
15.440367246070878 15.763459542045458 15.440367246070878 15.703941345214844 549200
15.729446730657893 15.92500162512719 15.729446730657893 15.839977264404297 568300
15.865489240273675 15.967518824370663 15.763461277881913 15.84848403930664 1139500
15.822973137679512 15.899494897490369 15.601910456193114 15.746451377868652 920000
15.695434689342857 15.797464235836085 15.584904167204433 15.771956443786621 1022200
15.720944132415124 15.873987657375373 15.720944132415124 15.839977264404297 1052400
15.848480586183511 15.98451892086883 15.78046141884085 15.856983184814453 1131700
15.942005393171753 16.137560270118875 15.831474869329142 16.095048904418945 159100
16.103553771972656 16.214084311396448 15.899496268779203 16.103553771972656 245700
15.993020944528054 16.06954270775059 15.78046085151097 15.814471244812012 157400
15.729447364807127 15.848480501595247 15.678433394998628 15.729447364807129 229200
15.805968668258858 15.805968668258858 15.661427739939949 15.763457298278809 165900
15.720943336057463 15.720943336057463 15.491378060245912 15.644421577453613 135100
15.729446181976298 15.75495397581483 15.567900064408404 15.746451377868652 135200
15.856981639868366 15.916498202781383 15.729445916239797 15.865484237670898 190900
15.95096747937464 15.95096747937464 15.737262125545458 15.771455764770508 116800
15.63468673047134 15.797101648957915 15.617589908385588 15.788553237915039 144800
15.609039933493229 15.632974829838199 15.395334570160259 15.40388298034668 156300
15.429527645357357 15.780004334976745 15.250015910380784 15.267112731933594 216800
15.292749837025648 15.446617904748125 14.899532891016607 15.027755737304688 287700
14.916633890342476 15.121790828050976 14.70292854309082 14.70292854309082 238400
14.44648143166992 14.643089963694173 13.976330310665409 14.48922348022461 476100
14.395191221998402 14.625993370710844 14.172937482176302 14.420836448669434 348900
14.600347261730747 14.865341399548505 14.378093535339595 14.45502758026123 287400
14.531965907096659 14.78841171210365 14.420839826378339 14.549062728881836 208300
14.523414984963212 14.754217147827148 14.37809528580174 14.754217147827148 131600
14.908087477479988 14.959376311165764 14.522562796794084 14.933731079101562 202400
14.916634125975467 15.37823683550077 14.856795258228127 15.2158203125 173100
15.25856581224092 15.386788725531792 14.848251837533011 15.198728561401367 205000
14.831153781521172 15.155985243553742 14.831153781521172 14.993570327758789 152300
14.831147435997151 15.104689946029652 14.831147435997151 14.950821876525879 169900
14.967922463611332 15.224368223792316 14.711475072987968 14.728571891784668 199500
14.788407128962044 14.8653411727097 14.549058219917923 14.694377899169922 366700
14.771316699689834 15.096148165329634 14.702931042163417 15.087599754333496 220000
15.087596962780133 15.087596962780133 14.677283093539168 14.754217147827148 514500
14.685832012248863 14.848248535871805 14.472126660802733 14.48922348022461 146100
14.635404194052054 15.048153143796306 14.343039944620244 14.38603401184082 146000
14.472027365475807 14.62680866993848 14.386037569649996 14.446229934692383 207300
14.446227384346372 14.618206945636617 14.377435887854006 14.540816307067871 215900
14.325845992870594 14.532220530136696 14.222659544297057 14.34304428100586 184400
14.291449663062338 14.48062589374531 14.085073505802354 14.222658157348633 177100
14.102271027961244 14.257052317458133 13.792710089086246 13.947489738464355 250200
14.01627920513254 14.037777878977648 13.637925999153762 13.706717491149902 280700
13.414355165238355 13.844302435661902 13.199381530026583 13.80130672454834 505200
13.784111107974715 14.12032890132241 13.706719642259282 14.033479690551758 292900
14.00768210253355 14.076473596488178 13.844301689346844 13.964686393737793 187600
13.878698856513438 13.990486077308105 13.715319237013887 13.75831413269043 327800
13.904496054625223 13.981886701543564 13.775512189800933 13.895896911621094 379000
13.93029108558001 14.110868137224458 13.93029108558001 14.016279220581055 376600
13.913095971105703 13.973288335362081 13.594935042799978 13.723918914794922 396300
13.723919791752891 13.733378358152022 13.207982630685835 13.328368186950684 372400
13.285371666118639 13.973287523600062 12.812429462846447 13.35416316986084 508600
13.50894372481999 13.82710461724969 13.448751367350939 13.59493350982666 288000
13.37135863156833 13.543337354599009 13.285368860023372 13.431550979614258 349800
13.500342999593974 13.655124266436447 13.39715576171875 13.39715576171875 222800
13.440428381452879 13.561591589447879 12.99039514170556 13.076939582824707 246000
13.085595281823817 13.37638667325312 12.78701499739062 13.206758499145508 585100
13.215413786444362 13.66371630760898 13.215413786444362 13.483702659606934 381600
13.466394317936476 14.102499390779883 13.466394317936476 13.977008819580078 355000
13.86450054893419 14.219334690449667 13.86450054893419 14.15009880065918 417700
14.106825013560512 14.197698458026533 13.726027628466484 13.786609649658203 327200
13.847189645066837 14.037587908429597 13.838534953453033 13.994316101074219 150400
14.028935976199842 14.028935976199842 13.825556460770008 13.881811141967773 204900
13.925080999901898 14.167407426538988 13.829881037524162 14.13278865814209 251600
14.1241349005722 14.176061405889554 13.890463150573344 14.011627197265625 210400
14.01162769718667 14.080863590318023 13.864501217943305 14.028935432434082 121200
14.072208023341304 14.21500632186848 13.968353364737522 14.167407989501953 280400
14.158752004501215 14.574167299565328 14.072206738684446 14.383769035339355 257100
14.44435244564786 14.622634499096282 14.288571273383809 14.418388366699219 421500
14.40973206011388 14.52224140557863 14.158752594570634 14.392422676086426 124000
14.297221969213604 14.460791163932578 14.27125789752388 14.375112533569336 127000
14.375116723762927 14.418388538478968 14.128463748310871 14.158754348754883 245900
14.002972898325726 14.132789990626195 13.855846420194826 13.977008819580078 322600
14.011627197265625 14.14144428591593 13.968353733906296 14.011627197265625 245700
13.951045722868965 14.115479928235011 13.75199192214444 13.890462875366211 196900
13.700064597490277 13.812573123965667 13.466393677392855 13.509665489196777 250500
13.587557164864394 13.734683647841301 13.466394761488333 13.5702486038208 240900
13.63992718171082 13.761868082537358 13.448306003456098 13.700897216796875 269400
13.770577938403246 13.770577938403246 13.422175730385927 13.596376419067383 416800
13.448306032865196 13.622507557471035 13.326365962426426 13.47443675994873 368300
13.413464715634873 13.770577145179184 13.413464715634873 13.753156661987305 498800
13.831549607909567 13.831549607909567 13.570248128650876 13.718318939208984 342500
13.753157465899061 13.8115150912178 13.43959622600589 13.552826881408691 339500
13.404756597058084 13.528438550896416 13.256685798268899 13.378625869750977 416500
13.378628058116497 13.448308347690967 13.16087694553264 13.396048545837402 342900
13.396045527150479 13.396045527150479 12.987544651609682 13.056353569030762 356200
13.047643055199933 13.230553977966958 12.716662176530427 12.812472343444824 666100
12.890865391246482 13.29152745173977 12.795054374846318 13.117326736450195 590300
13.108616319395354 13.187006847900994 12.803764448685534 12.847314834594727 431500
12.681822776794434 13.030224159129 12.525041739416672 12.681822776794434 574800
12.64698341507551 13.37862636290038 12.629562929561969 12.707953453063965 603500
12.707953968664073 13.012805001629546 12.638273685091708 12.969255447387695 511000
12.856023873151685 12.890864012483217 12.506751123324946 12.603432655334473 211700
12.533751253763402 12.812472343444824 12.48149063412095 12.812472343444824 487500
12.533751555890367 12.638271967040373 12.080828943585955 12.281160354614258 563000
12.403101813621632 12.586012761365053 12.176640482005114 12.359551429748535 513200
12.368259425249335 12.638271091675824 12.150508376105318 12.185348510742188 670000
12.045990097922479 12.411811991492511 11.854368908277586 12.089540481567383 509800
12.247459244314852 12.580842904897413 12.247459244314852 12.501883506774902 340800
12.501881690673246 12.729986399517363 12.353614048265744 12.554521560668945 308400
12.721213116498992 13.045823281828463 12.589614694794362 12.92299747467041 347600
12.896678721373299 12.896678721373299 12.484335692701299 12.6334810256958 376200
12.475562803343305 12.84403940185387 12.475562803343305 12.703666687011719 427000
12.738758860987442 12.89492226259176 12.387828373871185 12.607159614562988 285700
12.607161244069042 12.756306573951445 12.589615177620614 12.677347183227539 231300
12.554522764504268 12.633481322045517 12.396603976056909 12.536975860595703 343800
12.431695988271906 12.624707732965991 12.335190534266047 12.563294410705566 713400
12.5018818558697 12.931770925899347 12.5018818558697 12.92299747467041 514200
12.931771745189371 13.151103019714355 12.931771745189371 13.151103019714355 279400
13.159876893223617 13.273929260033448 12.984412035317122 13.238836288452148 460700
13.151100693052111 13.282699936494318 12.887903042849965 13.01072883605957 516400
12.879131530808483 13.230061203303672 12.870358079825518 13.168648719787598 338500
13.151102079045206 13.186195046991784 13.019503658416124 13.12478256225586 231200
13.151102079045206 13.221288014938365 13.107235659941393 13.12478256225586 230700
13.028276850789522 13.177422170770562 13.028276850789522 13.168648719787598 199300
13.159877020934434 13.173037199161051 12.993185613476209 13.0370512008667 282200
13.010731627726576 13.072144119167309 12.852812836384754 12.931772232055664 329900
12.738760229851646 12.873867699611662 12.67734690691472 12.747532844543457 171600
12.528200886415922 12.545747788192468 12.194817282802484 12.238683700561523 330100
12.362397786212297 12.380071382983276 12.17682923373439 12.194502830505371 442800
12.282867697564894 12.468436241149902 12.247521348440294 12.468436241149902 421600
12.203338991898157 12.278450088807201 11.911730559462768 11.947077751159668 389500
11.911730031229236 12.132644913197643 11.911730031229236 12.000096321105957 307700
12.106136532097425 12.238685979709345 12.106136532097425 12.194502830505371 309400
12.114972699053423 12.2651948928833 12.091113513200831 12.2651948928833 139000
12.353561093680504 12.500248914332042 12.167993382336006 12.17682933807373 426000
12.282867074688877 12.539128303527832 12.282867074688877 12.539128303527832 203300
12.60982136126375 12.742369948036597 12.468435134589788 12.494945526123047 360900
12.609823610202927 12.786555371660967 12.371235100191939 12.459601402282715 464200
12.54796626612351 12.645169362354807 12.410999262834421 12.627495765686035 410400
12.59214931127189 12.715861958763078 12.450763909981083 12.645169258117676 324600
12.574475762430975 12.768881111304749 12.551501435221393 12.742371559143066 156600
12.671678810178834 12.707025160501537 12.556802960949188 12.645169258117676 150800
12.68935097857205 12.751207720825697 12.597450303428047 12.707024574279785 217100
12.69818899766493 12.804228053939292 12.609823538798048 12.680516242980957 274900
12.56563834552708 12.883755462641972 12.56563834552708 12.795389175415039 202800
12.70702586832397 12.839574478736623 12.459601402282715 12.459601402282715 308800
12.477272447712915 12.574474692517505 12.31821346282959 12.31821346282959 429500
12.212174948365698 12.397743491176504 12.212174948365698 12.371233940124512 275600
12.308932058351205 12.34453269576998 12.175429880227334 12.33563232421875 151300
12.406835735645732 12.602639699561603 12.34453482163053 12.549239158630371 213000
12.673839179724208 12.753940828487085 12.424634710406723 12.48693561553955 316600
12.53143899770699 12.940846842040585 12.523429001071852 12.887445449829102 303200
12.825140653713667 13.101046207245538 12.825140653713667 12.985343933105469 231800
13.020946160306245 13.18114945929454 12.93194413891582 13.145548820495605 300000
13.11884755253709 13.19004882930853 12.949744732401467 13.074346542358398 286100
13.029846919594572 13.15622863937724 13.003145803111881 13.092147827148438 170000
12.99424677055134 13.056547680458413 12.691640895940575 12.762842178344727 185800
12.807342350280626 13.234550016627292 12.789541606456424 13.18114948272705 372100
13.154448845597228 13.368053535328455 13.099268405064137 13.270151138305664 375900
13.439252853393555 13.510454123312543 13.252349307659687 13.439252853393555 365400
13.28795129347867 13.439254219634572 13.28795129347867 13.421453475952148 201700
13.448154740368073 13.528256395309134 13.368053934213252 13.492655754089355 241600
13.483754698708562 13.590557465745151 13.430354163976464 13.501555442810059 184800
13.57275583872912 13.661757855874587 13.554955095785571 13.608356475830078 257300
13.546055163693048 13.652857071768015 13.510454527668058 13.6261568069458 242300
13.652857484402812 13.813060775750197 13.59055658167267 13.608356475830078 303600
13.474856396237255 13.635058863733748 13.474856396237255 13.510457038879395 156500
13.652858842082145 13.830862045288086 13.626158573797811 13.830862045288086 295400
13.830862669374268 13.937664596117026 13.643959085377874 13.715160369873047 245700
13.724116704061194 13.840574718269329 13.670367377091376 13.795783042907715 216800
13.759949799245918 13.912240982055664 13.688283460786055 13.912240982055664 236000
13.8136994126449 14.019739913668175 13.79578240160108 13.983906745910645 344600
13.822657585144043 14.00182341961514 13.822657585144043 13.822657585144043 143600
13.80474178240552 13.939116810763823 13.73397163468755 13.921199798583984 283900
13.804741670410193 13.867449503870565 13.706200667211013 13.768908500671387 128800
13.742033737602682 13.742033737602682 13.258285522460938 13.258285522460938 387600
13.303078341622584 13.419535511696552 13.249328155616718 13.294119834899902 340800
13.240368831486016 13.449097070123145 13.240368831486016 13.419534683227539 251400
13.383702501168228 13.527036047475756 13.383702501168228 13.509119033813477 287000
13.482242463124837 13.553908798989772 13.150785446166992 13.150785446166992 162100
13.150784667434094 13.192888615903275 13.06120132574261 13.128388404846191 261300
13.204535955803557 13.204535955803557 12.935786745028915 12.980578422546387 208100
13.070161252287443 13.157056881053126 12.953703237154576 12.962661743164062 131400
12.989534121451754 12.989534121451754 12.71630571654596 12.864117622375488 207000
13.22245266407315 13.22245266407315 12.747662089383073 12.79245376586914 136900
12.998494874894957 13.029848791506403 12.658079336500412 12.693912506103516 431400
12.738703607755157 12.953702615687115 12.73153663242538 12.944744110107422 254100
12.899953122371839 13.08807747789656 12.824703721894014 13.025369644165039 183400
13.025369260271725 13.17766044141426 13.025369260271725 13.132868766784668 184400
13.168700529893359 13.356824859791695 13.105992704703928 13.177659034729004 307800
12.98057761572575 12.989536121538457 12.729745433280893 12.747661590576172 154300
12.765705645349705 12.855922992959627 12.639402391147483 12.738640785217285 189400
12.648423636879793 12.765704978115718 12.603314965432558 12.621357917785645 269300
12.540165075619058 12.558208892081472 12.42288371011946 12.486035346984863 236700
12.368750432813709 12.531141304174382 12.323641761838372 12.477010726928711 272200
12.377773433878442 12.431903155535464 12.269513130187988 12.269513130187988 205800
12.323642608594026 12.477011584222323 12.179295539855957 12.179295539855957 220900
12.170273360158644 12.170273360158644 11.953752761905033 12.043970108032227 319400
11.90864301750376 11.935707874756531 11.692122438729 11.74625301361084 495800
11.7282097593702 11.845491960209063 11.610927558531337 11.665058135986328 366900
11.728210055967608 11.82744844670569 11.628971665229525 11.647014617919922 323100
11.683101605810942 11.909546645996583 11.647014839367662 11.89060115814209 425600
11.692122319600474 11.768806798015584 11.52973145698582 11.547775268554688 472100
11.565818072881482 11.782339507077007 11.538753216248146 11.55679702758789 430400
11.674079844198804 11.989839699784255 11.66505879775815 11.881579399108887 375700
11.953753440369418 12.206360819335975 11.953753440369418 12.107122421264648 366800
12.11614489208778 12.170274617053284 11.881580456233356 12.125165939331055 347100
12.071035804293663 12.21538287979993 11.998862266540527 11.998862266540527 199500
11.845493077124521 11.976307289379392 11.610928653329639 11.75527572631836 346100
11.719187464024998 11.854513472981909 11.61994907909098 11.683100700378418 288800
11.61092955366398 12.089079485109911 11.511691148383198 11.908645629882812 1119600
11.800383296544684 11.998860933503764 11.764296531677246 11.764296531677246 388500
11.655199959678571 12.055222918249882 11.582468670306579 11.946125984191895 818000
11.982490288741092 12.055221569978725 11.745203681704945 11.76429557800293 410200
11.827936346929468 12.096133277241437 11.827936346929468 11.982490539550781 596700
12.127953396138349 12.191593053324361 12.05522211163282 12.164319038391113 311400
12.000675062596898 12.137046892312181 11.982492672183454 12.037040710449219 298200
11.937033271069463 12.164318746450773 11.918850016866823 11.982490539550781 459500
11.864302273049486 12.255232710510372 11.864302273049486 12.164319038391113 422800
12.137046626377154 12.327966490174957 12.137046626377154 12.300691604614258 289900
12.300691080792115 12.491610936459637 12.300691080792115 12.382513999938965 333200
12.27341722184723 12.523430929556184 12.27341722184723 12.282508850097656 425300
12.309783005478302 12.409788316275119 12.191594437977297 12.246143341064453 558500
12.191593500302936 12.518885159602558 12.191593500302936 12.500701904296875 344800
12.518885683286165 12.527067801705858 12.355239846790804 12.418879508972168 531000
12.464337512243375 12.56434282539007 12.282509276056011 12.36433219909668 440800
12.31887505205271 12.482520032819076 12.10068116634727 12.137046813964844 407200
11.873394944153052 12.08249718873219 11.873394944153052 11.937034606933594 657200
12.027947361795315 12.137045156777294 11.98249095874902 12.12795352935791 257800
12.127954191274412 12.273416769822322 12.118862563358826 12.264325141906738 471100
12.264324738682285 12.418878940064372 12.208867197461121 12.373421669006348 359000
12.255233098104124 12.32796525193524 12.11886215209961 12.11886215209961 413200
12.37342212473571 12.727987811617028 12.37342212473571 12.646164894104004 559000
12.591616079727128 12.846175577408905 12.591616079727128 12.800718307495117 515700
12.736624283471675 12.8648149227254 12.71831183399388 12.745780944824219 465900
12.956377796885496 13.011316887025654 12.791562272919455 12.883126258850098 672100
12.873971328806826 12.919752888207181 12.764093141209614 12.8281888961792 549300
12.7457784637635 12.93806394860064 12.690839379569837 12.873969078063965 456400
12.892282148354521 12.983847002036102 12.855656381527321 12.938064575195312 482000
12.938065059249144 12.947221719605315 12.74577955790555 12.754936218261719 591500
12.764091433565854 12.90143871307373 12.764091433565854 12.90143871307373 518300
12.910595380573206 12.983846913729401 12.864812954043794 12.919751167297363 485500
12.864811762097482 13.01131481483612 12.864811762097482 12.983845710754395 252100
12.837345129010986 12.993003997587467 12.819031807280082 12.855657577514648 761200
12.864813804626465 12.947222003182555 12.809874714513334 12.864813804626465 467900
12.828188249009033 13.221915053998018 12.654215188446285 13.130351066589355 885400
13.130351164724216 13.24022847437216 13.093725394841568 13.18528938293457 546300
13.0479427744733 13.156904940395602 13.0479427744733 13.093725204467773 578500
12.993003318137738 13.102881496322768 12.883126013179904 12.965534210205078 651600
12.919752611904336 12.97469170452801 12.699997987864144 12.718311309814453 490900
12.709154405476966 12.8556574853651 12.68168529630475 12.819031715393066 517300
12.828188035626782 12.951800333460918 12.77324894551365 12.864813804626465 652300
12.718311066276783 12.91975236450935 12.68168529630475 12.819031715393066 417300
12.80071781615473 12.983847530978316 12.80071781615473 12.965534210205078 421200
13.258540988546642 13.295167631838424 12.956378167207335 13.029629707336426 735800
13.02962936060835 13.203602418705815 12.983847804166379 13.057099342346191 464500
12.964888844510611 12.964888844510611 12.789687156677246 12.789687156677246 375100
12.660591569815258 12.748192416135407 12.540717838296064 12.614486694335938 574800
12.5960435626907 12.655981305570178 12.439284529705427 12.466948509216309 598800
12.411622168378912 12.531496781879197 12.374737739562988 12.374737739562988 990400
12.476168632507324 12.559158810097767 12.448505533108534 12.476168632507324 1227300
12.420843124389648 12.448506225326687 12.310189841247373 12.420843124389648 848100
12.38395832947186 12.50383293583672 12.374737002968232 12.466948509216309 494600
12.448505533108534 12.4946112850359 12.420842433709746 12.476168632507324 835300
12.420842776730053 12.54071738329409 12.300968170166016 12.300968170166016 1102500
12.337852942184412 12.45772755210374 12.337852942184412 12.420843124389648 1324200
12.356294835929425 12.411621917733084 12.300968633519899 12.38395881652832 785000
12.494612693786621 12.531497123608368 12.411622506839148 12.494612693786621 345600
12.586821282478589 12.73804803573963 12.531495086437108 12.69747543334961 303300
12.651370666464217 12.66981244011257 12.577601813082603 12.596043586730957 275000
12.669812889215272 12.91878343774897 12.669812889215272 12.909562110900879 298400
13.020214064606717 13.140088663201809 12.955666542053223 12.955666542053223 238000
12.983329046548771 13.093982314176893 12.969497058322506 13.075540542602539 126900
13.084761740194851 13.306069167555526 13.084761740194851 13.27840518951416 219000
13.324833319704968 13.473402744183703 13.259833532337804 13.45483112335205 267800
13.334118244577173 13.491973479471735 13.315547509289141 13.45483112335205 440900
13.436259669182975 13.51983018736689 13.371259885293501 13.47340202331543 241800
13.584829401225457 13.60340013595121 13.324832916259766 13.324832916259766 421900
13.231977973191348 13.36197667207457 13.231977973191348 13.278406143188477 229500
13.352691482681752 13.46411856453681 13.259835138364007 13.426976203918457 219600
13.510545732211645 13.64797236772776 13.445545941804346 13.603401184082031 224300
13.389832300115373 13.919111099313186 13.389832300115373 13.640542984008789 347500
13.621972248611764 13.72411350715447 13.501259369128405 13.640542984008789 447600
13.67768742767364 13.779829587347702 13.597831747855633 13.742687225341797 491000
13.742685597955628 13.826256123958574 13.705543240348058 13.77054214477539 350700
13.677685899795804 13.732470944050487 13.547688090068531 13.603401184082031 300500
13.807683145414712 13.807683145414712 13.659113729585288 13.7333984375 350100
13.640543566673054 13.928397504743636 13.635901546783233 13.87268352508545 245200
14.021252641545706 14.160536250447427 14.021252641545706 14.114108085632324 477200
13.937684059143066 14.086253498765734 13.89961276388368 13.937684059143066 521800
13.87268352508545 13.965539862667873 13.849469883461675 13.87268352508545 214400
13.844826610008587 14.049110015933511 13.835540799388445 14.011967658996582 220300
13.928397853296353 14.04911074095683 13.872683872243945 13.900541305541992 188800
13.956253932813238 14.017538867142912 13.733399787167821 13.77054214477539 254700
13.696256083542645 13.807683145414712 13.696256083542645 13.7333984375 142900
13.733399190686848 13.946968401812192 13.733399190686848 13.891254425048828 193000
13.83975122773402 13.933389957586776 13.783568704226452 13.830388069152832 160600
13.886572275835114 13.942755699157715 13.736751004315133 13.942755699157715 247000
13.821026563525825 13.925901102994857 13.764843136663648 13.783571243286133 133500
13.81166315404213 13.849118476027794 13.727388456323055 13.7367525100708 137900
13.633749885682247 13.746115845769637 13.474564552307129 13.474564552307129 173300
13.596294172046493 13.596294172046493 13.371561365372358 13.418380737304688 251100
13.577566385800615 13.615021705627441 13.47456447952816 13.615021705627441 262700
13.521382792344504 13.535428871982836 13.40901683425361 13.437108993530273 204300
13.437109705813576 13.57756693762133 13.437109705813576 13.54947566986084 138200
13.586930199893812 13.629067545583078 13.521382721596481 13.577566146850586 268800
13.64311280752265 13.64311280752265 13.52138279630389 13.586930274963379 543300
13.568202495737124 13.680568456568693 13.540111228780551 13.643113136291504 517000
13.671203406059451 13.816342640440809 13.652475302007584 13.792932510375977 387300
13.774206641555908 13.914663863611146 13.774206641555908 13.849117279052734 357800
13.792933605594596 13.867845134745211 13.652476386073294 13.661840438842773 328300
13.661841704228065 13.763907745656404 13.661841704228065 13.708661079406738 253200
13.72738757510795 13.78357100098247 13.596294403076172 13.596294403076172 475100
13.502655428181832 13.605657332028763 13.402462025826962 13.418380737304688 719300
13.296652384497099 13.493293056713835 13.24046984558109 13.380927085876465 744400
13.46121981067886 13.75500490648271 13.46121981067886 13.687934875488281 378400
13.489560220353873 13.65959698518269 13.470667746976044 13.536792755126953 323900
13.527345132692153 13.782400262300444 13.503729317381286 13.763506889343262 286500
13.640704787831439 13.782402404376265 13.635982344743784 13.67849063873291 146200
13.678489736564648 13.801293969116282 13.640703888155352 13.791848182678223 258600
13.83907995092816 13.919374992182632 13.678489868419213 13.772954940795898 222200
13.754062972660675 13.914652160189627 13.706830434735346 13.716277122497559 275800
13.735168550573496 13.9099286573155 13.706829390331917 13.782401084899902 391800
13.810740972180618 13.914651832460365 13.716276799440587 13.867420196533203 242100
13.952436479316528 13.999668108123613 13.876863891276932 13.886310577392578 289100
13.839078961714403 13.973219030582147 13.839078961714403 13.952437400817871 357300
14.02801004780452 14.216939291027385 13.952438350515374 14.179153442382812 453400
14.349190168132143 14.386976019034229 14.245279303372842 14.358636856079102 279000
14.434207685780402 14.755387849485572 14.378473491500808 14.745941162109375 2342900
14.62313683990691 14.736495285960208 14.415315124209137 14.471993446350098 253900
14.424762220380977 14.585351404922537 14.424762220380977 14.481440544128418 244200
14.58534980136521 14.59479648791309 14.396420574835663 14.443653106689453 586700
14.51922553129731 14.547564691487981 14.44837718037781 14.528672218322754 300200
14.54756532988495 14.557012017324947 14.420038652987802 14.45310115814209 255800
14.471993632136382 14.54756532988495 14.45310115814209 14.45310115814209 168000
14.566458796736825 14.651477182462193 14.467270379761997 14.500333786010742 327700
14.524142869628486 14.619383514053643 14.40033039518862 14.590810775756836 203800
14.581287384033203 14.667002873760437 14.533667061996676 14.581287384033203 119900
14.52414366748107 14.619384317138069 14.51461942085894 14.57176399230957 145100
14.590810175453727 14.724146890506717 14.581286838028705 14.62890625 236900
14.571764341108787 14.674623663899878 14.533668261990526 14.60986042022705 151100
14.53366741187783 14.686051719437517 14.53366741187783 14.619383811950684 396400
14.600334619894353 14.68605101586072 14.590810374057629 14.647954940795898 394400
14.676528331613465 14.70510016388162 14.571764341108787 14.60986042022705 119300
14.562238488311888 14.619383054828372 14.362233867927298 14.43842601776123 272800
14.371758460998535 14.472713107382013 14.266993571233842 14.371758460998535 680200
14.400331433737655 14.609860321614924 14.400331433737655 14.600336074829102 222600
14.628906749994464 14.86700745111712 14.590810674146121 14.781291961669922 481400
14.70510019736453 14.857485422466723 14.70510019736453 14.819389343261719 191300
14.752719428377 14.8193882432487 14.643193322327782 14.705099105834961 242600
14.67652722185146 14.819388188954173 14.67652722185146 14.695575714111328 280500
14.667002927984122 14.695575666280929 14.571763191841065 14.590810775756836 290800
14.686052066791945 14.914628533537762 14.686052066791945 14.867008209228516 258100
14.924151568174482 14.924151568174482 14.762243023639739 14.838435173034668 228000
14.838435675448276 14.838435675448276 14.771767769540924 14.790815353393555 182700
14.828910117033526 14.828910117033526 14.700336439631178 14.752717971801758 352100
14.762242317199707 14.847958708237602 14.728908366969863 14.762242317199707 335700
14.757441618807814 14.834253213628346 14.642224226577016 14.651825904846191 302900
14.661428071245153 14.719036311445311 14.603818915378527 14.699833869934082 272600
14.671029214709494 14.709435014394604 14.627822575605434 14.661428451538086 160600
14.747840814976355 14.8534574508667 14.661428452429472 14.8534574508667 231000
14.891863250554144 14.891863250554144 14.728638372965879 14.8534574508667 173400
14.834254350819203 14.99267839173961 14.805450229469995 14.824652671813965 276900
14.795847147248914 14.915865376432524 14.767043028631445 14.776644706726074 193000
14.699834894595837 14.767044818069756 14.594218254089355 14.594218254089355 640600
14.61342047905622 14.61342047905622 14.39258645158154 14.421391487121582 252300
14.479000196943925 14.603819274670432 14.430992718485038 14.565413475036621 151800
14.546210512072983 14.819852872013502 14.527008069568298 14.815052032470703 232200
14.882262901820068 14.90146626121334 14.685433046371903 14.719038009643555 527900
14.757442110134239 14.767043788723088 14.613420593967376 14.699833869934082 268100
14.661428707057448 14.843856029824442 14.64222534904697 14.824652671813965 194000
14.843855772907656 15.079091410465507 14.843855772907656 15.045486450195312 256400
14.997480033806122 15.13190080007323 14.882262626577125 14.939871788024902 241200
15.035885256058268 15.151102658841618 15.016682813427638 15.093494415283203 371800
15.14150119653311 15.16070363827749 15.031083722753628 15.064688682556152 177700
15.103094417091235 15.199109372401763 15.074290296764667 15.170305252075195 346800
15.141501684688993 15.189508248430894 15.074290847250616 15.112696647644043 145700
15.103095157229427 15.199110117245237 15.103095157229427 15.189508438110352 244600
15.266319970355875 15.3527332508434 15.261520046476805 15.295125007629395 277600
15.319316894855248 15.35802643966649 15.03867246424666 15.145123481750488 262800
15.077382836251193 15.40641444665264 15.077382836251193 15.387059211730957 303100
15.396737545029824 15.440285902719902 15.32899606547123 15.3773832321167 236400
15.29028606414795 15.30964037648819 15.19835054253367 15.29028606414795 470600
15.212866432341215 15.28060790750512 15.178027563867616 15.270930290222168 186800
15.203190356485154 15.24189990663328 15.14609370079853 15.22254467010498 415100
15.125770801505833 15.212867517448096 15.028996467590332 15.028996467590332 176500
15.058029408018836 15.10641565234612 14.961255073547363 14.961255073547363 263200
15.038673670135891 15.058028905547703 14.912867408684384 15.048351287841797 282100
15.106415510337037 15.133512102236297 15.028996412651024 15.096738815307617 324200
15.135448001378103 15.135448001378103 15.028996052429987 15.048351287841797 255800
15.183834252613286 15.241899035972889 15.125770392162105 15.154802322387695 493000
15.212866595412967 15.241898524664645 15.13544750213623 15.13544750213623 99500
15.145123940528514 15.30963974168691 15.135447246213836 15.232220649719238 518100
15.174157194370299 15.203189123900538 15.096738100350729 15.106414794921875 234800
15.04835052327639 15.23222063580455 15.04835052327639 15.12576961517334 178300
15.135448009873443 15.183834252613286 15.096738461936516 15.154802322387695 225600
15.145124528441247 15.203189311125183 15.145124528441247 15.183834075927734 164800
15.28060785734074 15.387058878378605 15.28060785734074 15.338672637939453 171200
15.46060200658871 15.50937287638187 15.397198387466062 15.480110168457031 266400
15.450847825220054 15.509373242451112 15.450847825220054 15.470355987548828 157400
15.509371618110851 15.53863525390625 15.431337116479057 15.53863525390625 149300
15.538635782416414 15.56789848896248 15.470354893482703 15.499618530273438 188900
15.587406649911633 15.655686608600677 15.450846732533549 15.499618530273438 209100
15.41182972443732 15.470355138456203 15.372812471676504 15.39232063293457 294000
15.470354710673199 15.470354710673199 15.32891752216799 15.353302955627441 219300
15.450846672058105 15.460601217616837 15.372812168077584 15.450846672058105 200900
15.43133810996688 15.499619000974183 15.411829948425293 15.411829948425293 107900
15.489865080122337 15.49961962640909 15.41183057031777 15.470355987548828 126600
15.587406527505356 15.597161073025665 15.402074813842773 15.402074813842773 194800
15.43133878935025 15.558145100809815 15.43133878935025 15.51912784576416 144300
15.597161516924654 15.704459660212473 15.567898809775562 15.616670608520508 242300
15.548389294616786 15.616670183097506 15.548389294616786 15.577652931213379 165700
15.460601628530394 15.587407003185492 15.285023524785352 15.314286231994629 202400
15.265514538465847 15.314286337647578 15.187480031872957 15.236251831054688 134700
15.363057866146077 15.421584210181912 15.285023360928085 15.343548774719238 204700
15.34354899849859 15.504496214383316 15.338672655815442 15.363058090209961 233400
15.275269308357364 15.499619215785456 15.206989346648458 15.25576114654541 187100
15.246005951568531 15.304531364757961 15.18747960813443 15.197234153747559 170900
15.216743244973815 15.319163183177654 15.138708740558128 15.197234153747559 101400
15.13870825412419 15.167970959778641 15.109444618225098 15.109444618225098 118000
15.143863122373734 15.222532468114956 15.084861581974106 15.202865600585938 134800
15.18319681410732 15.18319681410732 15.0651928031209 15.104527473449707 271500
15.11436211809034 15.11436211809034 14.917688756783264 14.927522659301758 172800
14.976689505335695 14.976689505335695 14.784933105414707 14.809517860412598 147900
14.809518426911458 14.848853098600214 14.760349852847375 14.799684524536133 128300
14.8783540725708 14.915722151861013 14.799684728111162 14.8783540725708 378200
14.937355587772878 14.937355587772878 14.770183934426807 14.780016899108887 145700
14.858686469786207 14.957023620605469 14.848853504954338 14.957023620605469 217900
14.937355223177217 14.996357698892343 14.839019014068725 14.86851978302002 193400
14.878353889950546 14.981607051606758 14.780016741676729 14.947189331054688 244400
15.045526299033249 15.045526299033249 14.927522285206276 14.966856956481934 125300
15.02585947604139 15.183198171422044 14.996358705110667 15.163531303405762 215800
15.163530362752917 15.242199705563078 15.124195691347836 15.212698936462402 197300
15.301201985652211 15.301201985652211 15.212698741670888 15.232365608215332 201000
15.242199718567766 15.330702963757846 15.183197242503535 15.26186752319336 208100
15.242199498871733 15.3208688406151 15.075026913213945 15.134029388427734 139600
15.163530909881196 15.163530909881196 15.016026121243033 15.055360794067383 91500
14.898020591469779 15.025858507681034 14.898020591469779 15.01602554321289 221000
14.976690689791404 15.075027841935094 14.976690689791404 15.035693168640137 273200
15.09469546689173 15.104528431738387 15.03569298874892 15.055360794067383 68900
15.055360574673248 15.09764466742912 14.893104934410708 14.976690292358398 202600
14.97669028423907 14.97669028423907 14.863603218804908 14.8783540725708 231500
14.893228058443176 14.977509730295976 14.873396409330699 14.922974586486816 249400
14.853564751948634 14.942805281654946 14.853564751948634 14.903142929077148 190200
14.863480576240704 14.967594842771284 14.863480576240704 14.883312225341797 149900
14.863480105387735 14.982467159349723 14.863480105387735 14.913058280944824 245100
15.012215107884899 15.037003723636618 14.893228050151507 14.903142929077148 179200
14.734577138704925 14.842657352732825 14.575927734375 14.575927734375 331900
14.655252937362347 14.773248979599474 14.546181704564429 14.64533805847168 403200
14.625506392661071 14.685000394062182 14.580886128016507 14.605674743652344 284500
14.546181176039482 14.595759351191722 14.377615947896896 14.43710994720459 219700
14.43710994825263 14.516434650251954 14.397447597252967 14.456940650939941 678700
14.486687226957308 14.655252455684312 14.298291295475677 14.635421752929688 481100
14.704831114645808 14.833733996478095 14.615590585252294 14.665168762207031 503600
14.575927744410231 14.764324621400506 14.575927744410231 14.61559009552002 311000
14.52634948867477 14.605674190455073 14.298291207462656 14.318121910095215 209600
14.387532251843075 14.486687659829114 14.357784778384698 14.466856956481934 328100
14.39744758605957 14.516434638966048 14.318121938496878 14.39744758605957 264500
14.34786992591439 14.675084569557818 14.337954101410027 14.605674743652344 313600
14.605674291284888 14.729619256875392 14.556097061548721 14.694914817810059 153800
14.714746947556483 14.714746947556483 14.595759890172275 14.6850004196167 308600
14.784155364310745 14.803987012732042 14.675084134868747 14.774239540100098 241500
14.744493475496267 14.823818180419071 14.66516877057346 14.6850004196167 348600
14.710000038146973 14.779999732971191 14.593000411987305 14.630000114440918 181000
14.729999542236328 14.850000381469727 14.640000343322754 14.829999923706055 598800
14.6899995803833 14.760000228881836 14.569999694824219 14.569999694824219 488800
14.489999771118164 14.550000190734863 14.420000076293945 14.430000305175781 344500
14.5 14.550000190734863 14.359999656677246 14.359999656677246 401600
14.289999961853027 14.369999885559082 14.239999771118164 14.289999961853027 135300
14.229999542236328 14.320099830627441 14.140000343322754 14.295000076293945 157743
