250.0 250.0 250.0 250.0 0
250.0 250.0 250.0 250.0 0
250.0 250.0 250.0 250.0 0
250.0 250.0 250.0 250.0 0
250.0 255.0 250.0 255.0 1
255.0 255.0 255.0 255.0 0
255.0 255.0 255.0 255.0 0
255.0 255.0 255.0 255.0 0
250.0 295.0 250.0 295.0 3
250.0 250.0 250.0 250.0 1
250.0 250.0 250.0 250.0 0
250.0 250.0 250.0 250.0 0
250.0 250.0 250.0 250.0 0
250.0 250.0 250.0 250.0 0
250.0 250.0 250.0 250.0 0
7500.0 7500.0 7500.0 7500.0 0
7500.0 7500.0 7500.0 7500.0 0
6250.0 6250.0 6250.0 6250.0 0
8750.0 8750.0 8750.0 8750.0 1
10000.0 10000.0 10000.0 10000.0 0
11250.0 11250.0 11250.0 11250.0 0
11750.0 11750.0 11550.0 11550.0 0
11500.0 11500.0 10500.0 10500.0 1
10500.0 12000.0 10500.0 12000.0 0
10500.0 10500.0 10500.0 10500.0 0
11750.0 11750.0 11750.0 11750.0 0
9950.0 9950.0 9950.0 9950.0 0
10000.0 11500.0 10000.0 11500.0 0
11500.0 11500.0 11500.0 11500.0 0
11500.0 12550.0 10500.0 12450.0 1
11750.0 15000.0 11750.0 15000.0 2
15000.0 15000.0 15000.0 15000.0 0
12750.0 12750.0 12750.0 12750.0 0
14500.0 15500.0 11300.0 15500.0 1
15700.0 15700.0 14000.0 14000.0 0
18700.0 18700.0 15000.0 18350.0 1
17250.0 23050.0 17150.0 19950.0 1
19950.0 20000.0 19500.0 19500.0 0
16900.0 17500.0 16850.0 16850.0 0
17500.0 17500.0 16500.0 16500.0 0
16500.0 16500.0 16500.0 16500.0 0
16500.0 16500.0 16500.0 16500.0 0
17250.0 17500.0 16500.0 17250.0 0
16950.0 16950.0 16500.0 16950.0 0
13200.0 16300.0 13200.0 13650.0 0
13750.0 13750.0 12550.0 12650.0 1
17950.0 17950.0 17950.0 17950.0 0
12800.0 17800.0 12800.0 17550.0 2
12600.0 12600.0 10000.0 10000.0 1
14950.0 15050.0 14950.0 15050.0 0
15050.0 15050.0 15050.0 15050.0 0
7500.0 14950.0 7500.0 7500.0 1
12650.0 12650.0 12650.0 12650.0 1
12650.0 12650.0 12650.0 12650.0 0
12650.0 12650.0 12650.0 12650.0 0
12650.0 12650.0 12650.0 12650.0 0
12650.0 12650.0 12650.0 12650.0 0
12650.0 12650.0 12650.0 12650.0 0
14000.0 17200.0 14000.0 15050.0 0
15050.0 15050.0 15050.0 15050.0 0
16300.0 16300.0 16300.0 16300.0 0
17250.0 17550.0 15050.0 17000.0 1
17000.0 18350.0 16300.0 18300.0 3
17550.0 17550.0 17550.0 17550.0 0
17600.0 17600.0 17550.0 17550.0 0
17550.0 17550.0 17550.0 17550.0 0
18450.0 18450.0 18450.0 18450.0 0
18450.0 18450.0 18450.0 18450.0 0
18450.0 18450.0 18450.0 18450.0 0
18450.0 18450.0 18450.0 18450.0 0
16300.0 20000.0 16300.0 20000.0 1
22400.0 22400.0 22400.0 22400.0 0
23050.0 23050.0 20050.0 20050.0 0
21250.0 29750.0 21250.0 23750.0 1
23750.0 23750.0 23750.0 23750.0 0
17750.0 20100.0 17750.0 20050.0 0
25000.0 26150.0 25000.0 26150.0 0
25000.0 25000.0 25000.0 25000.0 0
20150.0 22550.0 20050.0 22550.0 0
22550.0 22550.0 22550.0 22550.0 0
18900.0 18900.0 18800.0 18800.0 0
21250.0 21250.0 21250.0 21250.0 0
21250.0 21250.0 21250.0 21250.0 0
21250.0 21250.0 21250.0 21250.0 0
21250.0 21250.0 21250.0 21250.0 0
22550.0 22550.0 22550.0 22550.0 0
22600.0 22600.0 22600.0 22600.0 0
22600.0 22600.0 22550.0 22550.0 0
22550.0 22550.0 22550.0 22550.0 0
22550.0 22550.0 22550.0 22550.0 0
22550.0 22550.0 22550.0 22550.0 0
23950.0 23950.0 23700.0 23700.0 0
23700.0 23700.0 23700.0 23700.0 0
21500.0 24950.0 21500.0 24950.0 0
24950.0 24950.0 24950.0 24950.0 0
26250.0 26250.0 26250.0 26250.0 0
25000.0 26450.0 25000.0 26450.0 0
25000.0 25000.0 25000.0 25000.0 0
25000.0 25000.0 25000.0 25000.0 0
25000.0 25000.0 25000.0 25000.0 0
25000.0 25000.0 25000.0 25000.0 0
25000.0 25000.0 25000.0 25000.0 0
27150.0 27150.0 27150.0 27150.0 0
27200.0 27200.0 25050.0 25050.0 0
27150.0 27150.0 25500.0 27150.0 1
27150.0 27150.0 27150.0 27150.0 0
27150.0 27150.0 27150.0 27150.0 0
27100.0 27100.0 27100.0 27100.0 0
27100.0 27100.0 27100.0 27100.0 0
23800.0 25050.0 19000.0 25050.0 1
21400.0 24950.0 21400.0 24000.0 0
23500.0 23500.0 23500.0 23500.0 0
24000.0 24000.0 24000.0 24000.0 0
25500.0 25500.0 25000.0 25000.0 0
25450.0 26900.0 25450.0 26900.0 0
26900.0 26900.0 26900.0 26900.0 0
26000.0 26000.0 26000.0 26000.0 0
26000.0 26000.0 26000.0 26000.0 0
25000.0 25050.0 24000.0 25050.0 0
25050.0 25050.0 25050.0 25050.0 0
25050.0 25050.0 25050.0 25050.0 0
25050.0 25050.0 25050.0 25050.0 0
25050.0 25050.0 25050.0 25050.0 0
25050.0 25050.0 25050.0 25050.0 0
26900.0 26900.0 26900.0 26900.0 0
26900.0 26900.0 26900.0 26900.0 0
26900.0 26900.0 26900.0 26900.0 0
26900.0 26900.0 26900.0 26900.0 0
26900.0 26900.0 26900.0 26900.0 0
28450.0 28450.0 28450.0 28450.0 0
28450.0 28450.0 25500.0 25500.0 0
26250.0 26250.0 26250.0 26250.0 0
26250.0 26250.0 26250.0 26250.0 0
26250.0 26250.0 26250.0 26250.0 0
26250.0 26250.0 26250.0 26250.0 0
25500.0 26000.0 25500.0 25500.0 0
22000.0 26250.0 21500.0 25000.0 1
20100.0 20100.0 20050.0 20050.0 2
26200.0 26200.0 26200.0 26200.0 0
20050.0 25450.0 20050.0 25450.0 0
25450.0 25450.0 25450.0 25450.0 0
25450.0 25450.0 25450.0 25450.0 0
25450.0 25450.0 25450.0 25450.0 0
24750.0 27600.0 24750.0 27550.0 2
27950.0 27950.0 27950.0 27950.0 0
27950.0 27950.0 27950.0 27950.0 0
28000.0 30000.0 26000.0 29300.0 2
29300.0 29300.0 29300.0 29300.0 0
31950.0 31950.0 31950.0 31950.0 0
31950.0 31950.0 31950.0 31950.0 0
31950.0 31950.0 31950.0 31950.0 0
31950.0 31950.0 31950.0 31950.0 0
31950.0 31950.0 31950.0 31950.0 0
30050.0 30050.0 30050.0 30050.0 0
30050.0 30050.0 30050.0 30050.0 0
35000.0 35000.0 35000.0 35000.0 0
30100.0 30100.0 30050.0 30050.0 0
30050.0 30050.0 30050.0 30050.0 0
30050.0 30050.0 30050.0 30050.0 2
30050.0 30050.0 30050.0 30050.0 1
30100.0 30100.0 30050.0 30050.0 0
30050.0 30050.0 30050.0 30050.0 0
30050.0 30050.0 30050.0 30050.0 0
30050.0 30050.0 30050.0 30050.0 0
30050.0 30050.0 30050.0 30050.0 0
30050.0 30050.0 30050.0 30050.0 0
30050.0 30050.0 30050.0 30050.0 0
31250.0 31250.0 31250.0 31250.0 0
31000.0 33000.0 31000.0 33000.0 0
31300.0 32500.0 31300.0 31300.0 0
31300.0 31300.0 31300.0 31300.0 0
30100.0 30100.0 30100.0 30100.0 0
31250.0 31250.0 30050.0 30050.0 1
30050.0 30050.0 30050.0 30050.0 1
30050.0 30050.0 30050.0 30050.0 0
30050.0 30050.0 30050.0 30050.0 0
30250.0 30250.0 30100.0 30250.0 0
30250.0 30250.0 30100.0 30100.0 0
30100.0 30100.0 30100.0 30100.0 0
30100.0 30100.0 30100.0 30100.0 0
30100.0 30100.0 30100.0 30100.0 0
30100.0 30100.0 30100.0 30100.0 0
30100.0 30100.0 30100.0 30100.0 0
30100.0 30100.0 30100.0 30100.0 0
30100.0 30100.0 30100.0 30100.0 0
30100.0 30100.0 30100.0 30100.0 0
30100.0 30100.0 30100.0 30100.0 0
30100.0 30100.0 30100.0 30100.0 0
30100.0 30100.0 30100.0 30100.0 0
32550.0 32550.0 30050.0 30100.0 2
30100.0 30100.0 30100.0 30100.0 0
30100.0 30100.0 30100.0 30100.0 0
30050.0 30100.0 30050.0 30050.0 1
30050.0 30050.0 30050.0 30050.0 0
30050.0 30050.0 30050.0 30050.0 0
30050.0 30050.0 30050.0 30050.0 0
30000.0 30000.0 30000.0 30000.0 0
30000.0 30000.0 30000.0 30000.0 0
30000.0 30000.0 30000.0 30000.0 0
30000.0 30000.0 30000.0 30000.0 0
28750.0 30000.0 28750.0 30000.0 1
30050.0 30050.0 30050.0 30050.0 0
30050.0 30050.0 30050.0 30050.0 0
30050.0 30050.0 30050.0 30050.0 0
32500.0 32500.0 32500.0 32500.0 0
32500.0 32500.0 32500.0 32500.0 0
30050.0 39750.0 30050.0 32500.0 0
32500.0 32500.0 32500.0 32500.0 0
32500.0 32500.0 32500.0 32500.0 0
32500.0 32500.0 32500.0 32500.0 0
32500.0 32500.0 32500.0 32500.0 0
21000.0 30050.0 21000.0 25000.0 0
25000.0 25000.0 25000.0 25000.0 0
25000.0 25000.0 25000.0 25000.0 0
25000.0 25000.0 25000.0 25000.0 0
25000.0 25000.0 25000.0 25000.0 0
25000.0 25000.0 25000.0 25000.0 0
25000.0 25000.0 25000.0 25000.0 0
25000.0 25000.0 25000.0 25000.0 0
25000.0 25000.0 25000.0 25000.0 0
25000.0 25000.0 25000.0 25000.0 0
25000.0 25000.0 25000.0 25000.0 0
25000.0 25000.0 25000.0 25000.0 0
25000.0 25000.0 25000.0 25000.0 0
31250.0 40050.0 30000.0 30000.0 0
25050.0 25050.0 25050.0 25050.0 0
32795.0 32795.0 32550.0 32550.0 0
32550.0 32550.0 32550.0 32550.0 0
32550.0 32550.0 32550.0 32550.0 0
35000.0 35000.0 35000.0 35000.0 0
35000.0 35000.0 35000.0 35000.0 0
35000.0 35000.0 25050.0 27500.0 0
27500.0 27500.0 27500.0 27500.0 0
27500.0 27500.0 27500.0 27500.0 0
27500.0 27500.0 27500.0 27500.0 0
27500.0 27500.0 27500.0 27500.0 0
27500.0 27500.0 27500.0 27500.0 0
20000.0 35000.0 20000.0 35000.0 0
35000.0 35000.0 32550.0 32550.0 0
35000.0 35000.0 35000.0 35000.0 0
35000.0 35000.0 35000.0 35000.0 0
35000.0 35000.0 35000.0 35000.0 0
20750.0 32600.0 20750.0 32550.0 1
32550.0 32550.0 32550.0 32550.0 1
32550.0 32550.0 32550.0 32550.0 0
32550.0 32550.0 32550.0 32550.0 0
32550.0 32550.0 32550.0 32550.0 0
32550.0 32550.0 32550.0 32550.0 0
32550.0 32550.0 32550.0 32550.0 0
32550.0 32550.0 32550.0 32550.0 0
32550.0 32550.0 32550.0 32550.0 0
32550.0 32550.0 32550.0 32550.0 0
35000.0 35000.0 35000.0 35000.0 0
35000.0 35000.0 35000.0 35000.0 0
35000.0 35000.0 35000.0 35000.0 0
35000.0 35000.0 35000.0 35000.0 0
35000.0 35000.0 35000.0 35000.0 0
35000.0 35000.0 35000.0 35000.0 0
35000.0 35000.0 35000.0 35000.0 0
35000.0 35000.0 35000.0 35000.0 0
35000.0 35000.0 35000.0 35000.0 0
35000.0 35000.0 35000.0 35000.0 0
35000.0 35000.0 35000.0 35000.0 0
32550.0 32550.0 32550.0 32550.0 0
32550.0 32550.0 32550.0 32550.0 0
32550.0 32550.0 32550.0 32550.0 0
32550.0 32550.0 32550.0 32550.0 0
32550.0 32550.0 32550.0 32550.0 0
32550.0 32550.0 32550.0 32550.0 0
32550.0 32550.0 32550.0 32550.0 0
32550.0 32550.0 32550.0 32550.0 0
32550.0 32550.0 32550.0 32550.0 0
32550.0 32550.0 32550.0 32550.0 0
32550.0 32550.0 32550.0 32550.0 0
32550.0 32550.0 32550.0 32550.0 0
32550.0 32550.0 32550.0 32550.0 0
32550.0 32550.0 32550.0 32550.0 0
32550.0 32550.0 32550.0 32550.0 0
32550.0 32550.0 32550.0 32550.0 0
32550.0 32550.0 32550.0 32550.0 0
32550.0 32550.0 32550.0 32550.0 0
32550.0 32550.0 32550.0 32550.0 0
32550.0 32550.0 32550.0 32550.0 0
32550.0 32550.0 32550.0 32550.0 0
32550.0 32550.0 32550.0 32550.0 0
32550.0 32550.0 32550.0 32550.0 0
32550.0 32550.0 32550.0 32550.0 0
32550.0 32550.0 32550.0 32550.0 0
32550.0 32550.0 32550.0 32550.0 0
32550.0 32550.0 32550.0 32550.0 0
32550.0 32550.0 32550.0 32550.0 0
32550.0 32550.0 32550.0 32550.0 0
32550.0 32550.0 32550.0 32550.0 0
32550.0 32550.0 32550.0 32550.0 0
32550.0 32550.0 32550.0 32550.0 0
25000.0 25000.0 25000.0 25000.0 0
32550.0 32550.0 32550.0 32550.0 0
32550.0 32550.0 32550.0 32550.0 0
32550.0 32550.0 32550.0 32550.0 0
32550.0 32550.0 32550.0 32550.0 0
32550.0 32550.0 32550.0 32550.0 0
32550.0 32550.0 32550.0 32550.0 0
32550.0 32550.0 32550.0 32550.0 0
32550.0 32550.0 32550.0 32550.0 0
32550.0 32550.0 32550.0 32550.0 0
32550.0 32550.0 32550.0 32550.0 0
32550.0 32550.0 32550.0 32550.0 0
32550.0 32550.0 32550.0 32550.0 0
32550.0 32550.0 32550.0 32550.0 0
32550.0 32550.0 32550.0 32550.0 0
32550.0 32550.0 32550.0 32550.0 0
32550.0 32550.0 32550.0 32550.0 0
32550.0 32550.0 32550.0 32550.0 0
32550.0 32550.0 32550.0 32550.0 0
32550.0 32550.0 32550.0 32550.0 0
32550.0 32550.0 32550.0 32550.0 0
32550.0 32550.0 32550.0 32550.0 0
32550.0 32550.0 32550.0 32550.0 0
32550.0 32550.0 32550.0 32550.0 0
32550.0 32550.0 32550.0 32550.0 0
32550.0 32550.0 32550.0 32550.0 0
32750.0 32750.0 32750.0 32750.0 0
32750.0 32750.0 32750.0 32750.0 0
32750.0 32750.0 32750.0 32750.0 0
32750.0 32750.0 32750.0 32750.0 0
32750.0 32750.0 32750.0 32750.0 0
32750.0 32750.0 32750.0 32750.0 0
32750.0 32750.0 32750.0 32750.0 0
21500.0 32550.0 21500.0 32550.0 1
32550.0 32550.0 32550.0 32550.0 0
32550.0 32550.0 32550.0 32550.0 0
32500.0 32550.0 32500.0 32550.0 0
32550.0 32550.0 32550.0 32550.0 0
32550.0 32550.0 32550.0 32550.0 0
32550.0 32550.0 32550.0 32550.0 0
32550.0 32550.0 32550.0 32550.0 0
32550.0 32550.0 32550.0 32550.0 0
32550.0 32550.0 32550.0 32550.0 4
32550.0 32550.0 32550.0 32550.0 0
32550.0 32550.0 32550.0 32550.0 0
32550.0 32550.0 32550.0 32550.0 0
32550.0 32550.0 32550.0 32550.0 0
32550.0 32550.0 32550.0 32550.0 0
32550.0 32550.0 32550.0 32550.0 0
32550.0 32550.0 32550.0 32550.0 0
32550.0 32550.0 32550.0 32550.0 0
32550.0 32550.0 32550.0 32550.0 0
32550.0 32550.0 32550.0 32550.0 0
32550.0 32550.0 32550.0 32550.0 0
32550.0 32550.0 32550.0 32550.0 0
35000.0 35000.0 35000.0 35000.0 0
35000.0 35000.0 35000.0 35000.0 0
35000.0 35000.0 35000.0 35000.0 0
35000.0 35000.0 32550.0 32550.0 0
32550.0 32550.0 32550.0 32550.0 0
35000.0 35000.0 35000.0 35000.0 0
35000.0 35000.0 35000.0 35000.0 0
35000.0 35000.0 35000.0 35000.0 0
35000.0 35000.0 35000.0 35000.0 0
35000.0 35000.0 35000.0 35000.0 0
35000.0 35000.0 35000.0 35000.0 0
25000.0 25000.0 25000.0 25000.0 0
25000.0 25000.0 25000.0 25000.0 0
25000.0 25000.0 25000.0 25000.0 0
25000.0 25000.0 25000.0 25000.0 0
25000.0 25000.0 25000.0 25000.0 0
25000.0 25000.0 25000.0 25000.0 0
25000.0 25000.0 25000.0 25000.0 0
25000.0 25000.0 25000.0 25000.0 0
25000.0 25000.0 25000.0 25000.0 0
32550.0 32550.0 32550.0 32550.0 0
32550.0 32550.0 32550.0 32550.0 0
32550.0 32550.0 32550.0 32550.0 0
32550.0 32550.0 32550.0 32550.0 0
32550.0 32550.0 32550.0 32550.0 0
32550.0 32550.0 32550.0 32550.0 0
32550.0 32550.0 32550.0 32550.0 0
32550.0 32550.0 32550.0 32550.0 0
32550.0 32550.0 32550.0 32550.0 0
32550.0 32550.0 32550.0 32550.0 0
32550.0 32550.0 32550.0 32550.0 0
32550.0 32550.0 32550.0 32550.0 0
32550.0 32550.0 32550.0 32550.0 0
32550.0 32550.0 32550.0 32550.0 0
32550.0 32550.0 32550.0 32550.0 0
32550.0 32550.0 32550.0 32550.0 0
32550.0 32550.0 32550.0 32550.0 0
32550.0 32550.0 32550.0 32550.0 0
32550.0 32550.0 32550.0 32550.0 0
32550.0 32550.0 32550.0 32550.0 0
32550.0 32550.0 32550.0 32550.0 0
32550.0 32550.0 32550.0 32550.0 0
32550.0 32550.0 32550.0 32550.0 0
32550.0 32550.0 32550.0 32550.0 0
32550.0 32550.0 32550.0 32550.0 0
32550.0 32550.0 32550.0 32550.0 0
32550.0 32550.0 32550.0 32550.0 0
32550.0 32550.0 32550.0 32550.0 0
32550.0 32550.0 32550.0 32550.0 0
32550.0 32550.0 32550.0 32550.0 0
32550.0 32550.0 32550.0 32550.0 0
32550.0 32550.0 32550.0 32550.0 0
32550.0 32550.0 32550.0 32550.0 0
32550.0 32550.0 32550.0 32550.0 0
32550.0 32550.0 32550.0 32550.0 0
32550.0 32550.0 32550.0 32550.0 0
32550.0 32550.0 32550.0 32550.0 0
32550.0 32550.0 32550.0 32550.0 0
32550.0 32550.0 32550.0 32550.0 0
32550.0 32550.0 32550.0 32550.0 0
32550.0 32550.0 32550.0 32550.0 0
37500.0 37500.0 37500.0 37500.0 0
37500.0 37500.0 37500.0 37500.0 0
37500.0 37500.0 37500.0 37500.0 0
37500.0 37500.0 37500.0 37500.0 0
33850.0 33850.0 32550.0 32550.0 0
32550.0 32550.0 32550.0 32550.0 0
32550.0 32550.0 32550.0 32550.0 0
32550.0 32550.0 32550.0 32550.0 0
32550.0 32550.0 32550.0 32550.0 0
32550.0 32550.0 32550.0 32550.0 0
32550.0 32550.0 32550.0 32550.0 0
32550.0 32550.0 32550.0 32550.0 0
32550.0 32550.0 32550.0 32550.0 0
32750.0 32750.0 32750.0 32750.0 0
32750.0 32750.0 32750.0 32750.0 0
32750.0 32750.0 32750.0 32750.0 0
32750.0 32750.0 32750.0 32750.0 0
32750.0 32750.0 32750.0 32750.0 0
32750.0 32750.0 32750.0 32750.0 0
32750.0 32750.0 32750.0 32750.0 0
35000.0 35000.0 32550.0 32550.0 2
32550.0 32550.0 32550.0 32550.0 0
32550.0 32550.0 32550.0 32550.0 0
32550.0 32550.0 32550.0 32550.0 0
32550.0 32550.0 32550.0 32550.0 0
32550.0 32550.0 32550.0 32550.0 0
32550.0 32550.0 32550.0 32550.0 0
32550.0 32550.0 32550.0 32550.0 0
32550.0 32550.0 32550.0 32550.0 0
32550.0 32550.0 32550.0 32550.0 0
32550.0 32550.0 32550.0 32550.0 0
32550.0 32550.0 32550.0 32550.0 0
32550.0 32550.0 32550.0 32550.0 0
32550.0 32550.0 32550.0 32550.0 0
32550.0 32550.0 32550.0 32550.0 0
32550.0 32550.0 32550.0 32550.0 0
32550.0 32550.0 32550.0 32550.0 0
32550.0 32550.0 32550.0 32550.0 0
32550.0 32550.0 32550.0 32550.0 0
32550.0 32550.0 32550.0 32550.0 0
32550.0 32550.0 32550.0 32550.0 0
32550.0 32550.0 32550.0 32550.0 0
32550.0 32550.0 32550.0 32550.0 0
32550.0 32550.0 32550.0 32550.0 0
32550.0 32550.0 32550.0 32550.0 0
32750.0 32750.0 32750.0 32750.0 0
32750.0 32750.0 32750.0 32750.0 0
32750.0 32750.0 32750.0 32750.0 0
32750.0 32750.0 32750.0 32750.0 0
32750.0 32750.0 32750.0 32750.0 0
32750.0 32750.0 32750.0 32750.0 0
32750.0 32750.0 32750.0 32750.0 0
32750.0 32750.0 32750.0 32750.0 0
32750.0 32750.0 32750.0 32750.0 0
32750.0 32750.0 32750.0 32750.0 0
32750.0 32750.0 32750.0 32750.0 0
32750.0 32750.0 32750.0 32750.0 0
32750.0 32750.0 32750.0 32750.0 0
32750.0 32750.0 32750.0 32750.0 0
32750.0 32750.0 32750.0 32750.0 0
32750.0 32750.0 32750.0 32750.0 0
32750.0 32750.0 32750.0 32750.0 0
32750.0 32750.0 32750.0 32750.0 0
32750.0 32750.0 32750.0 32750.0 0
32750.0 32750.0 32750.0 32750.0 0
32750.0 32750.0 32750.0 32750.0 0
32750.0 32750.0 32750.0 32750.0 0
32750.0 32750.0 32750.0 32750.0 0
32750.0 32750.0 32600.0 32750.0 0
32750.0 32750.0 32750.0 32750.0 0
32600.0 32600.0 32550.0 32550.0 0
32550.0 32550.0 32550.0 32550.0 0
32550.0 32550.0 32550.0 32550.0 0
32550.0 32550.0 32550.0 32550.0 0
32550.0 32550.0 32550.0 32550.0 0
32550.0 32550.0 32550.0 32550.0 0
32550.0 32550.0 32550.0 32550.0 0
32550.0 32550.0 32550.0 32550.0 0
32550.0 32550.0 32550.0 32550.0 0
32550.0 32550.0 32550.0 32550.0 0
32550.0 32550.0 32550.0 32550.0 0
32550.0 32550.0 32550.0 32550.0 0
32550.0 32550.0 32550.0 32550.0 0
32550.0 32550.0 32550.0 32550.0 0
32550.0 32550.0 32550.0 32550.0 0
32550.0 32550.0 32550.0 32550.0 0
32550.0 32550.0 32550.0 32550.0 0
32550.0 32550.0 32550.0 32550.0 0
32550.0 32550.0 32550.0 32550.0 0
32550.0 32550.0 32550.0 32550.0 0
32550.0 32550.0 32550.0 32550.0 0
32750.0 32950.0 32750.0 32950.0 0
32950.0 32950.0 32950.0 32950.0 0
32950.0 32950.0 32950.0 32950.0 0
32950.0 32950.0 32950.0 32950.0 0
32950.0 32950.0 32950.0 32950.0 0
32550.0 32550.0 32550.0 32550.0 0
32550.0 32550.0 32550.0 32550.0 0
32550.0 32550.0 32550.0 32550.0 0
32550.0 32550.0 32550.0 32550.0 0
32550.0 32550.0 32550.0 32550.0 0
32550.0 32550.0 32550.0 32550.0 0
32550.0 32550.0 32550.0 32550.0 0
32550.0 32550.0 32550.0 32550.0 0
32550.0 32550.0 32550.0 32550.0 0
32550.0 32550.0 32550.0 32550.0 0
32550.0 32550.0 32550.0 32550.0 0
32550.0 32550.0 32550.0 32550.0 0
32550.0 32550.0 32550.0 32550.0 0
32550.0 32550.0 32550.0 32550.0 0
32550.0 32550.0 32550.0 32550.0 0
32550.0 32550.0 32550.0 32550.0 0
32550.0 32550.0 32550.0 32550.0 0
32550.0 32550.0 32550.0 32550.0 0
32550.0 32550.0 32550.0 32550.0 0
32550.0 32550.0 32550.0 32550.0 0
34900.0 34950.0 34900.0 34950.0 0
34900.0 35000.0 34900.0 35000.0 0
35000.0 35000.0 35000.0 35000.0 0
35000.0 35000.0 35000.0 35000.0 0
35000.0 35000.0 35000.0 35000.0 0
35000.0 35000.0 35000.0 35000.0 0
35000.0 35000.0 35000.0 35000.0 0
35000.0 35000.0 35000.0 35000.0 0
35000.0 35000.0 35000.0 35000.0 0
35000.0 35000.0 35000.0 35000.0 0
35000.0 35000.0 35000.0 35000.0 0
35000.0 35000.0 35000.0 35000.0 0
35000.0 35000.0 35000.0 35000.0 0
35000.0 35000.0 35000.0 35000.0 0
35000.0 35000.0 35000.0 35000.0 0
35000.0 35000.0 35000.0 35000.0 0
35000.0 35000.0 35000.0 35000.0 0
45000.0 45000.0 45000.0 45000.0 0
45000.0 45000.0 45000.0 45000.0 0
45000.0 45000.0 45000.0 45000.0 0
45000.0 45000.0 45000.0 45000.0 0
45000.0 45000.0 45000.0 45000.0 0
45000.0 45000.0 45000.0 45000.0 0
45000.0 45000.0 45000.0 45000.0 0
45000.0 45000.0 45000.0 45000.0 0
45000.0 45000.0 45000.0 45000.0 0
45000.0 45000.0 45000.0 45000.0 0
45000.0 45000.0 45000.0 45000.0 0
45000.0 45000.0 45000.0 45000.0 0
45000.0 45000.0 45000.0 45000.0 0
45000.0 45000.0 45000.0 45000.0 0
45000.0 45000.0 45000.0 45000.0 0
45000.0 45000.0 45000.0 45000.0 0
35000.0 35000.0 32550.0 32550.0 0
32550.0 32550.0 32550.0 32550.0 0
32550.0 32550.0 32550.0 32550.0 0
32550.0 32550.0 32550.0 32550.0 0
32550.0 32550.0 32550.0 32550.0 0
32550.0 32550.0 32550.0 32550.0 0
32550.0 32550.0 32550.0 32550.0 0
32550.0 32550.0 32550.0 32550.0 0
32550.0 32550.0 32550.0 32550.0 0
32550.0 32550.0 32550.0 32550.0 0
32550.0 32550.0 32550.0 32550.0 0
32550.0 32550.0 32550.0 32550.0 0
32550.0 32550.0 32550.0 32550.0 0
32550.0 32550.0 32550.0 32550.0 0
32550.0 32550.0 32550.0 32550.0 0
32550.0 32550.0 32550.0 32550.0 0
32550.0 32550.0 32550.0 32550.0 0
32550.0 32550.0 32550.0 32550.0 0
32550.0 32550.0 32550.0 32550.0 0
32550.0 32550.0 32550.0 32550.0 0
32550.0 34250.0 32500.0 34250.0 2
34250.0 34250.0 34250.0 34250.0 0
34250.0 34250.0 34250.0 34250.0 0
34250.0 34250.0 34250.0 34250.0 0
34250.0 34250.0 34250.0 34250.0 0
34250.0 34250.0 34250.0 34250.0 0
34250.0 34250.0 34250.0 34250.0 0
34250.0 34250.0 34250.0 34250.0 0
34250.0 34250.0 34250.0 34250.0 0
32550.0 32550.0 32550.0 32550.0 0
32550.0 32550.0 32550.0 32550.0 0
32550.0 32550.0 32500.0 32500.0 3
32550.0 32550.0 32550.0 32550.0 0
32550.0 32550.0 32550.0 32550.0 0
32550.0 32550.0 32550.0 32550.0 0
32550.0 32550.0 32550.0 32550.0 0
32550.0 32550.0 32550.0 32550.0 0
32550.0 32550.0 32550.0 32550.0 0
32550.0 32550.0 32550.0 32550.0 0
32550.0 32550.0 32550.0 32550.0 0
32550.0 32550.0 32550.0 32550.0 0
32550.0 32550.0 32550.0 32550.0 0
32550.0 32550.0 32550.0 32550.0 0
32550.0 32550.0 32550.0 32550.0 0
32550.0 32550.0 32550.0 32550.0 0
32550.0 32550.0 32550.0 32550.0 0
32550.0 32550.0 32550.0 32550.0 0
32550.0 32550.0 32550.0 32550.0 0
32550.0 32550.0 32550.0 32550.0 0
32550.0 32550.0 32550.0 32550.0 0
32550.0 32550.0 32550.0 32550.0 0
32550.0 32550.0 32550.0 32550.0 0
32550.0 32550.0 32550.0 32550.0 0
32550.0 32550.0 32550.0 32550.0 0
32550.0 32550.0 32550.0 32550.0 0
32550.0 32550.0 32550.0 32550.0 0
32550.0 32550.0 32550.0 32550.0 0
32550.0 32550.0 32550.0 32550.0 0
32550.0 32550.0 32550.0 32550.0 0
32550.0 32550.0 32550.0 32550.0 0
32550.0 32550.0 32550.0 32550.0 0
32550.0 32550.0 32550.0 32550.0 0
32550.0 32550.0 32550.0 32550.0 0
32550.0 32550.0 32550.0 32550.0 0
32550.0 32550.0 32550.0 32550.0 0
32550.0 32550.0 32550.0 32550.0 0
32550.0 32550.0 32550.0 32550.0 0
32550.0 32550.0 32550.0 32550.0 1
32550.0 32550.0 32500.0 32500.0 2
32750.0 32750.0 32500.0 32500.0 0
32600.0 32600.0 32550.0 32550.0 0
32550.0 32550.0 32550.0 32550.0 0
32550.0 32600.0 32550.0 32600.0 0
32550.0 32550.0 32550.0 32550.0 0
32600.0 32600.0 32550.0 32550.0 0
32550.0 40000.0 32550.0 39000.0 1
37050.0 38500.0 33000.0 33000.0 1
33000.0 33000.0 33000.0 33000.0 0
33000.0 33000.0 33000.0 33000.0 0
33500.0 39950.0 33500.0 39950.0 0
39950.0 39950.0 39950.0 39950.0 0
39950.0 43500.0 38500.0 43500.0 0
43500.0 43500.0 43500.0 43500.0 0
18000.0 18000.0 14655.0 17450.0 50
17450.0 17450.0 16000.0 17450.0 11
17250.0 17250.0 15750.0 16200.0 6
17000.0 17000.0 15500.0 15850.0 1
16200.0 16500.0 15600.0 16250.0 1
17200.0 17200.0 15610.0 16000.0 2
15600.0 16125.0 14450.0 14500.0 3
13500.0 14025.0 11660.0 12750.0 2
14000.0 14000.0 10750.0 13750.0 6
13500.0 13500.0 11750.0 13500.0 4
11250.0 13750.0 11250.0 12500.0 2
11250.0 14400.0 11250.0 14400.0 3
15000.0 15000.0 12250.0 14100.0 0
12780.0 12780.0 11500.0 12500.0 4
11750.0 12690.0 11650.0 11650.0 3
12300.0 14040.0 11700.0 12100.0 1
11665.0 12240.0 11000.0 11075.0 2
11150.0 11150.0 8650.0 9300.0 11
7750.0 9195.0 6350.0 6950.0 15
7430.0 12250.0 7250.0 7600.0 43
7500.0 10950.0 7500.0 10600.0 35
10500.0 11200.0 10000.0 11050.0 9
11200.0 17450.0 10615.0 15400.0 42
15100.0 16900.0 14100.0 15000.0 15
14800.0 15500.0 13250.0 13750.0 5
13600.0 15390.0 13600.0 15000.0 3
15050.0 19270.0 13600.0 14800.0 38
14500.0 16750.0 13650.0 15500.0 20
15500.0 17450.0 14625.0 15500.0 22
15400.0 16715.0 15100.0 15450.0 17
15250.0 15750.0 14050.0 14950.0 19
14750.0 16575.0 14375.0 15050.0 9
15000.0 18300.0 14850.0 17325.0 18
17600.0 17600.0 15600.0 16100.0 13
16150.0 17500.0 16150.0 17100.0 6
48650.0 67500.0 28250.0 29400.0 2723
25250.0 28445.0 23300.0 24500.0 252
22250.0 23200.0 19500.0 20600.0 145
18350.0 21250.0 18250.0 19900.0 106
19500.0 22900.0 17700.0 18950.0 136
20000.0 20145.0 17800.0 18850.0 46
18200.0 18860.0 17700.0 18250.0 27
17600.0 18450.0 16400.0 17400.0 24
16700.0 17400.0 15200.0 16100.0 33
16000.0 16550.0 14500.0 14650.0 44
14900.0 16000.0 14105.0 14650.0 26
14300.0 15450.0 14035.0 14650.0 18
14900.0 14955.0 13300.0 14050.0 17
14250.0 14650.0 13120.0 13350.0 9
13800.0 14330.0 12600.0 12750.0 12
13100.0 13100.0 11625.0 12000.0 22
11350.0 11995.0 10695.0 11200.0 26
11050.0 11175.0 9400.0 9400.0 32
9000.0 11000.0 9000.0 10300.0 20
10600.0 10850.0 9000.0 9850.0 14
9800.0 10200.0 9500.0 9600.0 14
9850.0 10150.0 9250.0 9300.0 21
9650.0 9950.0 9000.0 9350.0 17
9350.0 9550.0 9150.0 9450.0 15
9350.0 12650.0 9350.0 11250.0 92
11450.0 15000.0 10750.0 14700.0 141
14500.0 14750.0 12225.0 12450.0 58
12500.0 13200.0 12000.0 12550.0 19
12550.0 13400.0 12400.0 12550.0 19
12550.0 13250.0 11705.0 11950.0 11
12050.0 12950.0 11500.0 12200.0 7
12650.0 12650.0 11755.0 12400.0 10
12350.0 12450.0 11350.0 11400.0 6
11300.0 11395.0 10900.0 10900.0 10
10900.0 11000.0 10250.0 10500.0 6
10250.0 11600.0 10250.0 10550.0 3
10550.0 10750.0 10350.0 10625.0 8
10750.0 10750.0 10100.0 10150.0 4
9550.0 10225.0 9550.0 9800.0 8
10000.0 10500.0 9900.0 10000.0 6
10200.0 10200.0 9600.0 10200.0 5
10200.0 10895.0 9905.0 10400.0 10
10400.0 10790.0 10150.0 10600.0 6
10480.0 10575.0 10250.0 10250.0 3
10055.0 10400.0 9750.0 9750.0 9
9800.0 9950.0 8600.0 9050.0 31
9000.0 9450.0 9000.0 9200.0 3
8550.0 9400.0 8550.0 8945.0 3
8850.0 9450.0 8305.0 9150.0 4
8950.0 9000.0 8600.0 9000.0 4
8995.0 9000.0 8400.0 8400.0 9
8600.0 8650.0 8400.0 8500.0 5
8450.0 8450.0 8000.0 8050.0 10
8000.0 8300.0 8000.0 8100.0 5
8150.0 8635.0 8000.0 8200.0 9
8750.0 9750.0 7750.0 7935.0 11
8500.0 8500.0 6405.0 7090.0 18
7500.0 7500.0 7000.0 7500.0 10
7650.0 7650.0 7250.0 7250.0 5
7300.0 8440.0 7250.0 7300.0 4
7350.0 7780.0 7250.0 7300.0 11
7500.0 7750.0 6550.0 7550.0 6
7600.0 9305.0 7390.0 8000.0 37
8200.0 8400.0 7805.0 8050.0 6
8000.0 8400.0 7705.0 7850.0 2
7950.0 8150.0 7770.0 7900.0 3
8050.0 8250.0 7450.0 7450.0 14
6900.0 7400.0 6800.0 7050.0 8
7145.0 7500.0 7100.0 7250.0 7
7625.0 7625.0 6800.0 6950.0 5
6950.0 7090.0 6950.0 7050.0 2
7040.0 7040.0 6400.0 6645.0 15
6550.0 7170.0 6050.0 6300.0 17
6400.0 6400.0 6100.0 6150.0 11
6050.0 6200.0 5500.0 5700.0 24
5750.0 5800.0 5545.0 5750.0 7
5700.0 6065.0 5550.0 5900.0 6
5900.0 5900.0 5600.0 5700.0 4
5650.0 8800.0 5650.0 8100.0 491
7950.0 7950.0 6300.0 7150.0 66
7100.0 7150.0 6750.0 6900.0 13
6950.0 7000.0 6150.0 6700.0 19
7000.0 7000.0 5700.0 6450.0 19
6400.0 6700.0 6250.0 6450.0 5
6305.0 6850.0 6000.0 6450.0 10
6550.0 6695.0 6150.0 6500.0 8
6300.0 6315.0 5700.0 5750.0 18
5700.0 5700.0 5600.0 5625.0 13
5650.0 5700.0 5500.0 5700.0 8
5500.0 5600.0 5450.0 5550.0 16
5600.0 5600.0 5050.0 5100.0 26
5250.0 5345.0 5000.0 5200.0 16
5100.0 5100.0 4650.0 4745.0 30
4745.0 4745.0 3500.0 4125.0 44
4250.0 4270.0 4010.0 4235.0 7
4250.0 4250.0 4000.0 4025.0 10
4050.0 4050.0 3950.0 3950.0 7
4000.0 4000.0 3750.0 3900.0 6
4000.0 4650.0 3900.0 4390.0 36
4360.0 4540.0 4000.0 4025.0 29
9850.0 13950.0 7600.0 7750.0 5674
7550.0 8000.0 6550.0 7150.0 348
7000.0 7210.0 6350.0 6850.0 92
6800.0 7000.0 6150.0 6350.0 104
6250.0 6280.0 5605.0 5750.0 86
5500.0 6150.0 5500.0 5900.0 35
5950.0 6400.0 5700.0 5800.0 46
5800.0 6000.0 5500.0 5650.0 40
5750.0 6100.0 5655.0 5850.0 40
5850.0 6000.0 5375.0 5500.0 23
5500.0 5900.0 5300.0 5750.0 32
5700.0 5800.0 5575.0 5650.0 19
5550.0 5650.0 5375.0 5450.0 16
5400.0 5485.0 5100.0 5150.0 18
5000.0 5150.0 4600.0 4675.0 62
5000.0 7300.0 4700.0 5550.0 314
5900.0 8000.0 5580.0 5850.0 485
6050.0 6350.0 5500.0 5600.0 101
5650.0 5690.0 5000.0 5150.0 45
5200.0 5950.0 5200.0 5900.0 25
6050.0 6050.0 5465.0 5800.0 17
5800.0 5945.0 5400.0 5750.0 13
5750.0 5895.0 5465.0 5650.0 5
5600.0 6200.0 5585.0 5900.0 62
5850.0 6150.0 5825.0 5900.0 17
5550.0 6050.0 5550.0 5750.0 14
5750.0 6050.0 5500.0 5535.0 12
5650.0 5950.0 5600.0 5770.0 31
5750.0 6100.0 5600.0 5900.0 24
10500.0 12450.0 7750.0 8700.0 4779
7750.0 7900.0 6800.0 7500.0 313
7400.0 7950.0 6850.0 7050.0 106
6600.0 7500.0 6500.0 6650.0 101
6650.0 8300.0 6650.0 8050.0 175
8100.0 8245.0 7250.0 7500.0 60
7450.0 7500.0 6750.0 7100.0 73
7050.0 7900.0 6750.0 7550.0 48
7550.0 7950.0 7300.0 7450.0 28
7000.0 7395.0 7000.0 7200.0 33
7150.0 7450.0 7000.0 7150.0 20
7150.0 7250.0 6850.0 7050.0 12
7050.0 7250.0 7000.0 7090.0 18
7050.0 7350.0 7050.0 7100.0 14
7050.0 7250.0 7050.0 7200.0 7
7350.0 7500.0 7000.0 7460.0 24
7350.0 8100.0 7200.0 7750.0 60
7800.0 8300.0 7750.0 8300.0 32
8100.0 8750.0 8050.0 8600.0 51
8750.0 8850.0 8275.0 8700.0 35
8750.0 8850.0 7800.0 8000.0 45
7750.0 8270.0 7550.0 7550.0 18
7400.0 7705.0 7150.0 7150.0 20
7300.0 7985.0 7300.0 7605.0 23
7850.0 7955.0 7620.0 7650.0 14
7750.0 8100.0 7750.0 8050.0 14
8000.0 8300.0 7950.0 8300.0 9
8440.0 8450.0 7150.0 7500.0 21
7350.0 8250.0 7350.0 7500.0 6
7600.0 7770.0 7400.0 7500.0 10
7450.0 8050.0 7050.0 7800.0 16
7500.0 7500.0 7200.0 7350.0 9
7300.0 7390.0 7150.0 7150.0 6
7055.0 7380.0 7050.0 7355.0 4
7500.0 7500.0 6850.0 6850.0 14
6750.0 7150.0 6550.0 6650.0 14
6550.0 6910.0 6550.0 6550.0 6
6550.0 7195.0 6250.0 6865.0 14
7000.0 7250.0 6565.0 7000.0 13
7200.0 7550.0 7150.0 7150.0 11
7050.0 7500.0 7050.0 7250.0 9
7500.0 7550.0 7200.0 7500.0 9
7500.0 7500.0 7250.0 7250.0 9
7550.0 7750.0 7415.0 7550.0 10
7700.0 9000.0 7500.0 8850.0 28
8450.0 8700.0 7250.0 7250.0 36
7250.0 7900.0 7250.0 7350.0 13
7300.0 7500.0 6750.0 6750.0 20
7320.0 7350.0 6700.0 6700.0 16
7000.0 7100.0 6500.0 6650.0 25
6745.0 7200.0 6100.0 7000.0 56
7020.0 7065.0 6550.0 6850.0 17
6500.0 6790.0 6150.0 6500.0 5
6450.0 7050.0 6400.0 7050.0 14
7250.0 7400.0 6500.0 6500.0 10
6950.0 6950.0 6400.0 6450.0 8
6500.0 6500.0 6300.0 6350.0 8
6450.0 6750.0 6100.0 6300.0 11
6300.0 6400.0 6100.0 6150.0 6
6100.0 6250.0 6000.0 6175.0 15
6200.0 6200.0 5500.0 5750.0 19
5650.0 5850.0 5650.0 5700.0 7
6000.0 6185.0 5500.0 5950.0 10
5900.0 6000.0 5700.0 5700.0 4
5750.0 5950.0 5000.0 5550.0 28
5650.0 5750.0 5350.0 5650.0 14
5700.0 5770.0 5430.0 5600.0 3
5750.0 5750.0 5550.0 5550.0 1
5550.0 5750.0 5450.0 5500.0 11
5465.0 5675.0 4950.0 5200.0 20
5050.0 5050.0 1650.0 2045.0 1784
2945.0 3925.0 2315.0 2430.0 4157
2500.0 2650.0 1765.0 1925.0 2627
1960.0 2000.0 1500.0 1510.0 1197
1550.0 1625.0 1175.0 1465.0 1117
2075.0 2100.0 1500.0 1625.0 2208
1530.0 1595.0 1400.0 1495.0 500
1500.0 1575.0 1410.0 1515.0 303
1550.0 1560.0 1450.0 1550.0 161
1480.0 1650.0 1475.0 1590.0 295
1585.0 1665.0 1450.0 1475.0 212
1495.0 1495.0 1350.0 1425.0 382
1350.0 1415.0 1300.0 1390.0 180
1375.0 1375.0 1255.0 1300.0 142
1350.0 1450.0 1300.0 1420.0 222
1420.0 1535.0 1300.0 1370.0 415
1940.0 1975.0 1530.0 1575.0 2394
1595.0 1600.0 1450.0 1535.0 332
1500.0 1500.0 1365.0 1375.0 218
1400.0 1450.0 1330.0 1370.0 241
1420.0 1445.0 1325.0 1355.0 79
1350.0 1400.0 1300.0 1340.0 77
1325.0 1375.0 1250.0 1250.0 278
1250.0 1300.0 1200.0 1245.0 186
1245.0 1275.0 1200.0 1225.0 115
1230.0 1255.0 1210.0 1240.0 76
1250.0 1250.0 1200.0 1200.0 80
1310.0 1325.0 1195.0 1250.0 129
1315.0 1450.0 1250.0 1350.0 286
1335.0 1350.0 1205.0 1250.0 151
1320.0 1320.0 1250.0 1250.0 67
1250.0 1310.0 1205.0 1245.0 81
1230.0 1300.0 1205.0 1255.0 40
1255.0 1300.0 1200.0 1200.0 114
1275.0 1275.0 1175.0 1240.0 66
1150.0 1215.0 1050.0 1160.0 83
1050.0 1200.0 1050.0 1110.0 109
1100.0 1125.0 955.0 1000.0 137
1000.0 1050.0 995.0 995.0 43
1000.0 1060.0 750.0 915.0 184
900.0 910.0 765.0 855.0 70
850.0 900.0 825.0 840.0 16
885.0 900.0 825.0 860.0 42
840.0 900.0 840.0 850.0 47
900.0 1000.0 790.0 865.0 84
905.0 1000.0 815.0 870.0 88
850.0 940.0 815.0 920.0 107
970.0 970.0 860.0 950.0 41
905.0 1105.0 905.0 1100.0 226
1035.0 1190.0 1000.0 1050.0 108
1005.0 1200.0 1000.0 1200.0 218
1170.0 1250.0 1125.0 1250.0 124
1200.0 1600.0 1200.0 1480.0 1629
1570.0 1575.0 1115.0 1160.0 806
1150.0 1225.0 1060.0 1175.0 243
1195.0 1195.0 1075.0 1145.0 182
1075.0 1140.0 1045.0 1125.0 110
1150.0 1150.0 1035.0 1125.0 117
1125.0 1210.0 1035.0 1175.0 305
1195.0 1220.0 1025.0 1150.0 148
1150.0 1150.0 1055.0 1125.0 77
1150.0 1400.0 1100.0 1200.0 999
1200.0 1225.0 1100.0 1125.0 380
1155.0 1155.0 1075.0 1125.0 142
1100.0 1150.0 1080.0 1125.0 79
1125.0 1150.0 1075.0 1150.0 84
1150.0 1175.0 1105.0 1150.0 121
1160.0 1350.0 1125.0 1300.0 562
1285.0 1350.0 1175.0 1295.0 382
1325.0 1450.0 1275.0 1380.0 673
1450.0 1450.0 1300.0 1390.0 324
1290.0 1425.0 1255.0 1315.0 306
1295.0 1400.0 1295.0 1300.0 208
1400.0 1450.0 1275.0 1400.0 382
1475.0 1585.0 1425.0 1530.0 774
1550.0 1820.0 1405.0 1725.0 1682
1790.0 2050.0 1625.0 1700.0 1609
1605.0 1780.0 1450.0 1625.0 746
1700.0 1725.0 1405.0 1515.0 864
1500.0 1650.0 1450.0 1590.0 554
1600.0 1650.0 1505.0 1600.0 250
1600.0 1680.0 1505.0 1665.0 422
1650.0 1650.0 1555.0 1600.0 289
1600.0 1650.0 1525.0 1645.0 356
1600.0 1800.0 1550.0 1650.0 993
1700.0 1700.0 1590.0 1635.0 432
1675.0 1700.0 1575.0 1675.0 427
1750.0 1775.0 1695.0 1725.0 877
1735.0 1750.0 1625.0 1700.0 381
1700.0 1800.0 1625.0 1700.0 721
1750.0 2175.0 1745.0 2075.0 2913
1900.0 2090.0 1805.0 2050.0 920
2000.0 2000.0 1850.0 1950.0 562
1850.0 1900.0 1800.0 1860.0 713
1840.0 1940.0 1815.0 1925.0 521
1880.0 2000.0 1855.0 1975.0 529
2000.0 2095.0 1910.0 1995.0 885
2050.0 2300.0 1960.0 2195.0 2078
2250.0 2385.0 2100.0 2335.0 2044
2400.0 2400.0 2190.0 2300.0 1084
2250.0 2250.0 1800.0 2055.0 1058
2050.0 2240.0 1960.0 2150.0 771
2175.0 2220.0 2000.0 2150.0 495
2025.0 2050.0 1655.0 1800.0 1815
1750.0 1750.0 1500.0 1650.0 983
1575.0 1650.0 1500.0 1575.0 816
1625.0 1700.0 1555.0 1675.0 483
1660.0 1690.0 1600.0 1670.0 376
1645.0 1650.0 1550.0 1615.0 393
1595.0 1685.0 1515.0 1665.0 791
1620.0 1975.0 1575.0 1760.0 1465
1800.0 1825.0 1700.0 1750.0 462
1740.0 1750.0 1600.0 1700.0 520
1605.0 1750.0 1600.0 1665.0 349
1665.0 1875.0 1635.0 1835.0 729
1755.0 1845.0 1675.0 1775.0 496
1750.0 1785.0 1725.0 1735.0 213
1810.0 1915.0 1725.0 1820.0 329
1900.0 1900.0 1780.0 1800.0 271
1750.0 1825.0 1725.0 1795.0 239
1795.0 1795.0 1650.0 1770.0 235
1700.0 1775.0 1675.0 1750.0 177
1700.0 1750.0 1625.0 1730.0 188
1650.0 1695.0 1600.0 1650.0 223
1650.0 1700.0 1600.0 1640.0 152
1630.0 1650.0 1575.0 1625.0 167
1625.0 1650.0 1550.0 1600.0 239
1575.0 1700.0 1560.0 1690.0 403
1695.0 1710.0 1610.0 1690.0 97
1630.0 1700.0 1630.0 1655.0 103
1700.0 1815.0 1650.0 1715.0 347
1715.0 1900.0 1700.0 1865.0 653
1900.0 2050.0 1795.0 1865.0 606
1895.0 1895.0 1750.0 1800.0 233
1850.0 1885.0 1700.0 1755.0 271
1700.0 1825.0 1650.0 1710.0 365
1745.0 1780.0 1575.0 1700.0 390
1715.0 1820.0 1550.0 1580.0 482
1585.0 1620.0 1510.0 1565.0 376
1550.0 1600.0 1250.0 1460.0 523
1380.0 1475.0 1265.0 1410.0 408
1400.0 1500.0 1280.0 1430.0 190
1400.0 1585.0 1365.0 1525.0 480
1650.0 1665.0 1515.0 1545.0 263
1595.0 1600.0 1390.0 1430.0 197
1500.0 1515.0 1375.0 1490.0 149
1420.0 1600.0 1420.0 1545.0 305
1520.0 1600.0 1450.0 1460.0 159
1475.0 1625.0 1405.0 1540.0 532
1980.0 2275.0 1500.0 1550.0 8186
1550.0 1650.0 1455.0 1560.0 1057
1500.0 1650.0 1410.0 1540.0 671
1505.0 1900.0 1500.0 1760.0 2421
1785.0 1850.0 1650.0 1695.0 766
1610.0 1695.0 1550.0 1635.0 498
1685.0 1750.0 1625.0 1660.0 573
1650.0 1665.0 1575.0 1575.0 285
1600.0 1600.0 1505.0 1560.0 307
1600.0 1600.0 1450.0 1525.0 410
1475.0 1740.0 1455.0 1625.0 1244
1660.0 1945.0 1595.0 1840.0 2494
1790.0 1900.0 1705.0 1725.0 708
1700.0 1800.0 1600.0 1740.0 513
1675.0 1725.0 1660.0 1710.0 202
1660.0 1850.0 1660.0 1750.0 509
1850.0 1925.0 1710.0 1750.0 645
1750.0 1810.0 1675.0 1690.0 366
1700.0 1775.0 1650.0 1755.0 491
1705.0 1765.0 1700.0 1715.0 184
1655.0 1770.0 1655.0 1750.0 256
1750.0 1760.0 1675.0 1750.0 294
1750.0 1750.0 1695.0 1700.0 155
1725.0 1835.0 1695.0 1750.0 519
1800.0 1825.0 1750.0 1800.0 447
1795.0 1800.0 1690.0 1765.0 376
1800.0 2100.0 1800.0 1835.0 3112
1890.0 1950.0 1760.0 1830.0 930
1850.0 1850.0 1750.0 1790.0 518
1775.0 1800.0 1750.0 1755.0 301
1775.0 1800.0 1750.0 1795.0 299
1755.0 1800.0 1750.0 1770.0 281
1810.0 1900.0 1775.0 1795.0 569
1755.0 1825.0 1710.0 1775.0 309
1730.0 1785.0 1725.0 1745.0 118
1750.0 1775.0 1675.0 1725.0 194
1775.0 1800.0 1635.0 1650.0 908
1595.0 1660.0 1525.0 1620.0 353
1625.0 1670.0 1550.0 1590.0 150
1550.0 1650.0 1540.0 1555.0 164
1575.0 1590.0 1505.0 1510.0 154
1545.0 1600.0 1425.0 1510.0 254
1505.0 1520.0 1450.0 1450.0 140
1525.0 1525.0 1450.0 1470.0 121
1465.0 1465.0 1405.0 1440.0 161
1410.0 1470.0 1400.0 1425.0 102
1425.0 1440.0 1400.0 1410.0 104
1410.0 1450.0 1255.0 1385.0 303
1340.0 1425.0 1330.0 1400.0 135
1400.0 1550.0 1400.0 1505.0 256
1505.0 1650.0 1490.0 1615.0 257
1650.0 1700.0 1600.0 1650.0 332
1450.0 1485.0 1310.0 1375.0 526
1385.0 1400.0 1295.0 1305.0 179
1350.0 1375.0 1300.0 1350.0 181
1365.0 1365.0 1265.0 1295.0 217
1275.0 1450.0 1205.0 1260.0 262
1320.0 1350.0 1260.0 1290.0 123
1300.0 1305.0 1250.0 1255.0 132
1255.0 1275.0 1200.0 1215.0 97
1200.0 1250.0 1100.0 1115.0 273
1150.0 1175.0 950.0 1005.0 362
1000.0 1050.0 910.0 950.0 231
1000.0 1025.0 950.0 955.0 173
980.0 1090.0 955.0 1070.0 178
1050.0 1050.0 965.0 995.0 104
975.0 1030.0 975.0 1010.0 63
1000.0 1050.0 990.0 1010.0 61
950.0 1195.0 950.0 1180.0 401
1155.0 1175.0 1100.0 1130.0 102
1125.0 1365.0 1100.0 1250.0 539
1320.0 1360.0 1255.0 1280.0 145
1310.0 1310.0 1250.0 1290.0 123
1340.0 1450.0 1260.0 1450.0 443
1450.0 1450.0 1310.0 1420.0 182
1435.0 1470.0 1300.0 1350.0 266
1310.0 1360.0 1255.0 1270.0 118
1265.0 1350.0 1250.0 1265.0 72
1210.0 1240.0 1065.0 1100.0 1027
1100.0 1100.0 975.0 1005.0 744
1000.0 1000.0 415.0 870.0 582
875.0 875.0 635.0 750.0 1934
835.0 1095.0 775.0 985.0 2019
1045.0 1050.0 880.0 880.0 696
900.0 975.0 825.0 850.0 349
855.0 950.0 825.0 865.0 389
920.0 920.0 800.0 820.0 323
815.0 815.0 720.0 770.0 421
770.0 850.0 705.0 800.0 494
800.0 820.0 750.0 760.0 210
735.0 825.0 725.0 770.0 308
800.0 800.0 750.0 755.0 135
750.0 755.0 725.0 730.0 195
700.0 750.0 700.0 710.0 188
735.0 740.0 630.0 670.0 276
650.0 670.0 605.0 640.0 225
650.0 745.0 650.0 720.0 295
755.0 755.0 700.0 710.0 153
745.0 790.0 695.0 710.0 309
810.0 810.0 745.0 755.0 231
780.0 780.0 705.0 725.0 139
720.0 725.0 675.0 720.0 111
705.0 725.0 675.0 705.0 104
700.0 710.0 655.0 685.0 83
675.0 715.0 640.0 685.0 123
695.0 700.0 635.0 675.0 165
670.0 690.0 640.0 650.0 70
650.0 690.0 635.0 650.0 127
615.0 735.0 615.0 700.0 423
725.0 725.0 675.0 695.0 133
700.0 820.0 695.0 785.0 562
825.0 825.0 745.0 805.0 339
800.0 810.0 675.0 715.0 180
715.0 750.0 605.0 665.0 300
695.0 700.0 630.0 695.0 109
700.0 710.0 665.0 675.0 112
690.0 700.0 625.0 635.0 244
650.0 690.0 600.0 625.0 250
605.0 675.0 600.0 600.0 218
630.0 635.0 565.0 595.0 148
625.0 670.0 580.0 610.0 441
620.0 625.0 580.0 580.0 140
580.0 605.0 565.0 575.0 107
595.0 600.0 510.0 545.0 208
500.0 540.0 430.0 465.20001220703125 1450
456.0 463.79998779296875 390.0 436.0 1880
474.0 496.0 410.0 434.0 3598
418.0 428.0 393.6000061035156 424.0 573
448.0 476.0 424.0 458.0 1993
444.0 456.0 430.0 456.0 397
454.0 454.0 424.0 454.0 384
440.0 449.6000061035156 436.0 440.0 202
440.0 450.0 429.0 440.0 295
434.0 456.0 420.0 456.0 350
456.0 500.0 424.0 424.0 958
426.0 445.20001220703125 404.0 416.0 218
416.0 420.0 390.0 396.0 456
396.0 404.20001220703125 382.0 394.0 522
384.0 436.0 382.0 424.0 801
424.0 438.0 410.0 432.0 323
426.0 468.0 420.0 452.79998779296875 484
440.0 450.0 432.0 442.0 143
442.0 446.0 410.0 432.79998779296875 283
432.0 437.0 420.0 432.0 192
420.0 484.0 420.0 460.0 579
470.0 470.0 436.0 448.0 173
470.0 520.0 442.0 480.0 2178
504.0 504.0 448.0 472.0 549
458.0 467.3999938964844 450.0 452.0 208
450.0 484.0 443.0 482.0 508
478.0 498.0 474.6000061035156 486.0 232
480.0 550.0 480.0 520.0 1080
520.0 558.0 500.0 522.0 992
526.0 534.0 487.20001220703125 501.79998779296875 242
500.0 502.0 490.0 499.0 180
498.0 503.0 472.0 491.3999938964844 171
532.0 550.0 334.0 370.0 4258
348.0 352.0 324.20001220703125 336.0 1060
338.0 371.0 336.0 354.0 681
368.0 370.0 338.0 352.0 376
350.0 352.0 290.0 318.0 874
310.0 336.0 266.0 280.0 1009
278.0 294.0 242.0 290.0 783
312.0 312.0 272.0 298.0 863
280.0 299.0 280.0 286.0 211
284.0 294.0 278.0 288.0 296
288.0 298.0 278.0 290.0 117
290.0 297.3999938964844 282.0 284.0 110
284.0 286.0 268.20001220703125 282.0 118
274.0 288.0 255.8000030517578 262.0 186
258.0 260.0 248.0 250.0 222
250.0 280.0 242.0 260.0 827
260.0 279.3999938964844 252.0 264.0 141
284.0 284.0 266.0 276.0 186
274.0 278.79998779296875 266.0 266.0 68
294.0 294.0 266.0 268.0 135
270.0 272.0 254.0 271.79998779296875 209
254.8000030517578 284.0 254.8000030517578 280.0 76
264.0 278.0 258.0 266.0 73
260.0 270.0 260.0 266.0 54
266.0 270.79998779296875 260.0 262.0 63
260.0 260.0 250.0 254.0 153
269.79998779296875 269.79998779296875 244.0 260.0 99
265.0 270.0 246.0 258.0 69
268.0 268.0 244.0 258.0 65
258.0 258.0 240.0 245.1999969482422 143
252.0 253.8000030517578 241.8000030517578 252.0 94
242.0 243.0 218.0 234.0 337
218.0 232.0 206.0 229.39999389648438 319
224.0 234.8000030517578 224.0 228.0 65
226.0 226.0 210.0 224.0 132
224.0 234.0 223.60000610351562 230.1999969482422 75
230.0 237.39999389648438 210.0 220.0 112
212.0 228.0 212.0 224.0 103
210.0 218.0 204.0 206.0 244
207.60000610351562 214.0 180.0 186.0 217
190.0 214.0 185.39999389648438 210.0 221
182.0 199.1999969482422 180.0 184.1999969482422 71
182.0 196.0 180.0 180.0 134
166.0 184.0 164.0 175.0 150
170.0 182.0 156.1999969482422 158.0 316
166.0 166.0 125.19999694824219 132.0 167
134.0 146.0 130.0 130.8000030517578 346
144.39999389648438 180.0 130.0 158.0 267
165.60000610351562 165.60000610351562 151.1999969482422 153.0 73
160.0 173.0 156.8000030517578 170.8000030517578 178
172.0 199.1999969482422 164.0 176.0 121
178.0 184.0 156.0 172.8000030517578 185
172.0 172.0 128.0 164.0 90
160.0 234.0 160.0 200.60000610351562 977
210.0 210.0 172.0 192.0 470
187.1999969482422 194.0 162.0 167.0 166
160.0 164.0 150.0 150.0 91
152.0 152.0 148.0 150.0 57
152.0 160.1999969482422 148.0 153.8000030517578 111
156.8000030517578 160.0 150.0 158.8000030517578 70
166.0 166.39999389648438 150.0 165.1999969482422 64
170.0 190.0 150.0 166.39999389648438 543
224.0 224.0 174.0 188.0 718
197.39999389648438 200.0 180.0 190.39999389648438 287
196.0 196.0 176.0 195.60000610351562 192
196.0 196.0 170.0 180.60000610351562 35
180.60000610351562 202.0 180.0 194.0 177
200.0 268.0 190.0 224.0 3582
198.0 210.0 180.0 196.0 422
208.0 208.0 188.0 190.0 207
204.0 204.0 180.0 186.0 298
186.0 198.0 177.8000030517578 192.0 212
188.60000610351562 202.0 182.0 193.1999969482422 213
195.0 202.0 182.0 190.0 201
190.0 192.0 185.8000030517578 190.0 109
197.0 197.0 180.1999969482422 182.0 78
189.0 192.0 173.1999969482422 186.0 171
186.8000030517578 224.0 183.0 206.0 843
216.0 316.0 194.8000030517578 300.0 5247
300.0 316.0 244.0 258.0 2093
252.0 257.0 206.0 220.0 1251
228.0 248.0 220.0 240.0 664
244.0 254.0 222.0 240.0 794
248.0 248.0 208.0 216.0 424
216.0 218.0 184.8000030517578 202.0 423
202.0 218.0 190.0 204.0 153
204.0 230.0 199.0 226.0 373
230.0 230.0 200.0 222.0 462
222.0 246.0 214.0 218.0 560
220.0 226.0 214.0 220.0 213
226.0 276.0 220.0 240.0 1910
246.0 298.0 236.60000610351562 274.0 1073
286.0 316.0 286.0 298.0 839
300.0 332.0 250.0 296.0 1010
292.0 294.0 260.0 278.0 482
278.0 278.0 260.0 264.0 230
272.0 272.0 242.0 268.0 219
870.0 1060.0 530.0 574.0 391290
520.0 530.0 420.0 460.0 15642
404.0 416.0 384.0 388.0 5082
390.0 392.0 370.0 374.0 2010
370.0 374.0 344.0 358.0 3126
346.0 428.0 346.0 410.0 10978
490.0 498.0 370.0 374.0 10583
314.0 342.0 300.0 334.0 2680
354.0 382.0 332.0 354.0 2591
324.0 358.0 320.0 352.0 1643
352.0 370.0 340.0 350.0 1413
340.0 358.0 330.0 350.0 2376
338.0 374.0 338.0 364.0 2026
362.0 368.0 342.0 348.0 907
340.0 354.0 340.0 348.0 874
360.0 366.0 340.0 352.0 2698
350.0 350.0 320.0 332.0 2124
320.0 332.0 316.0 330.0 638
320.0 330.0 304.0 312.0 757
316.0 327.3999938964844 304.0 310.0 353
310.0 320.0 309.0 310.0 346
320.0 422.0 302.0 350.0 19813
334.0 338.0 310.0 312.0 2593
312.0 392.0 312.0 354.0 11421
356.0 380.0 346.0 362.0 2371
374.0 430.0 364.0 400.0 8402
408.0 420.0 370.0 388.0 2520
396.0 400.0 372.0 398.0 1029
394.0 410.0 340.0 348.0 1892
370.0 374.0 344.0 352.0 783
360.0 374.0 354.0 362.0 1017
356.0 370.0 350.0 366.0 699
362.0 396.0 362.0 368.0 918
374.0 380.0 354.0 378.0 1090
380.0 410.0 380.0 386.0 2049
390.0 398.0 365.0 376.0 642
378.0 378.0 356.0 364.0 859
358.0 380.0 346.0 362.0 1141
362.0 370.0 340.0 356.0 2042
356.0 370.0 348.79998779296875 358.0 1135
396.0 460.0 348.0 376.0 19249
376.0 400.0 360.0 368.0 2244
380.0 380.0 360.0 370.0 708
376.0 380.0 358.0 374.0 1440
380.0 430.0 362.0 372.0 9721
374.0 388.0 350.0 382.0 2544
378.0 388.0 366.0 370.0 1388
370.0 380.0 362.0 370.0 931
370.0 389.0 366.0 380.0 1263
378.0 390.0 370.0 374.0 969
372.0 420.0 364.0 368.0 8508
378.0 378.0 358.0 370.0 1442
370.0 378.0 350.0 354.0 2082
350.0 350.0 304.0 324.0 2800
320.0 340.0 320.0 336.0 773
348.0 348.0 318.0 322.0 718
318.0 332.0 300.0 310.0 897
302.0 322.0 290.0 304.0 1347
298.0 304.0 276.0 284.0 1437
284.0 296.0 280.0 290.0 675
282.0 291.6000061035156 280.0 280.0 301
276.0 280.0 264.0 266.0 769
266.0 281.3999938964844 264.0 274.0 411
274.0 278.0 242.0 254.0 1033
250.0 254.0 228.0 234.0 1028
244.0 254.0 234.8000030517578 240.0 398
238.0 238.0 222.0 231.0 455
226.0 233.0 202.0 224.1999969482422 978
222.0 222.0 216.0 218.60000610351562 160
222.0 234.0 216.0 226.0 397
230.0 242.0 228.0 228.0 511
228.0 234.0 224.0 226.0 330
232.0 232.0 220.0 222.0 175
224.0 247.1999969482422 224.0 228.0 315
224.0 250.0 224.0 246.0 2262
230.0 240.0 226.0 236.0 642
240.0 240.0 220.0 228.0 561
236.0 238.0 206.0 218.0 722
213.1999969482422 226.0 206.0 218.0 1126
212.0 228.0 212.0 220.0 425
216.0 218.0 200.0 208.0 1044
204.0 218.0 202.0 214.0 246
212.0 234.0 212.0 222.0 398
212.0 236.0 212.0 226.0 314
232.0 295.0 226.0 276.0 24711
328.0 330.0 250.0 264.0 17862
240.0 262.0 240.0 262.0 2180
252.0 256.3999938964844 224.0 244.0 1883
238.0 270.0 238.0 238.0 1526
244.0 268.79998779296875 238.0 260.0 1646
260.0 270.0 242.0 270.0 1260
276.0 288.0 260.0 270.0 1608
276.0 280.0 260.0 262.0 661
262.0 267.0 250.0 260.0 597
256.0 266.0 250.0 260.0 425
252.0 276.0 242.0 266.0 906
268.0 300.0 255.39999389648438 296.0 4919
290.0 300.0 270.0 296.0 4620
282.0 332.0 270.0 288.0 14763
288.0 292.0 270.0 284.0 2228
284.0 306.0 270.0 282.0 3810
284.3999938964844 296.0 276.0 282.0 3305
284.0 288.0 252.8000030517578 256.0 2576
270.0 271.0 256.0 258.0 1221
254.0 254.60000610351562 240.0 248.0 1204
244.0 260.0 236.0 254.0 869
250.0 250.0 228.0 234.0 1211
234.0 266.0 231.1999969482422 240.0 3478
246.0 248.0 240.60000610351562 244.0 521
240.0 248.0 234.0 235.0 635
238.0 274.0 238.0 268.0 5330
280.0 298.0 252.0 258.0 8954
266.0 308.0 250.0 294.0 16121
274.0 286.0 262.0 274.0 7313
262.0 280.0 258.0 272.0 3136
268.0 310.0 262.0 270.0 11747
276.0 276.0 262.0 270.0 1581
260.0 262.0 246.0 250.0 2801
254.0 254.0 236.0 252.0 1707
252.0 255.8000030517578 240.0 246.0 2671
248.0 256.0 244.0 256.0 966
254.0 258.0 244.0 252.0 1359
258.0 280.0 253.39999389648438 278.0 4163
280.3999938964844 288.0 264.0 270.0 1584
274.0 293.3999938964844 268.0 282.0 2596
280.0 300.0 270.0 290.0 12063
355.79998779296875 362.0 304.0 318.0 17781
302.0 308.0 280.0 288.0 3839
286.0 358.0 282.0 352.0 16478
342.0 360.0 324.0 332.0 8141
330.0 341.3999938964844 307.6000061035156 314.0 4775
310.0 332.0 308.0 320.0 2228
324.0 339.3999938964844 322.0 332.0 2206
314.0 330.0 296.0 313.0 2643
308.0 322.0 304.0 318.0 977
310.0 320.0 305.0 318.0 875
320.0 340.0 316.0 318.0 1929
326.0 337.6000061035156 316.0 334.0 1892
330.0 348.0 316.0 336.0 2861
342.0 343.0 326.0 334.0 1794
340.0 377.79998779296875 326.0 358.0 6376
374.0 374.0 352.0 364.0 2814
368.3999938964844 374.3999938964844 352.0 356.0 1743
368.0 392.20001220703125 302.0 314.0 13690
324.0 344.0 312.0 338.0 5232
352.0 752.0 348.0 740.0 149808
588.0 590.0 328.0 340.0 60685
344.0 358.0 288.0 296.0 20268
74.0 74.0 74.0 74.0 0
195.0 223.0 180.5 199.0 12730
207.5 207.5 190.5 195.0 6528
202.5 261.5 196.0 197.0 26088
201.0 255.5 185.5 239.5 132826
254.5 262.29998779296875 225.5 227.0 47258
225.0 251.4499969482422 210.5 243.5 23616
216.39999389648438 217.5 202.5 211.0 52000
216.0 216.0 206.0 210.5 22768
212.5 214.0 203.5 208.5 15932
208.0 212.5 197.5 198.0 21870
203.5 205.0 198.5 202.0 15970
202.5 205.5 196.5 202.5 14234
200.5 202.0 188.1999969482422 199.5 17144
196.5 198.64999389648438 191.0 197.0 10472
202.0 203.5 192.5 201.0 22464
205.0 220.5 201.5 215.0 47272
205.5 212.5 188.10000610351562 191.5 27588
199.0 200.0 189.0 190.5 17098
194.5 199.5 181.5 185.0 18520
188.5 199.5 182.0 194.0 40806
198.5 214.0 190.25 211.5 81590
216.0 230.0 207.5 214.0 122950
213.0 213.5 195.5 205.5 37874
203.5 219.5 198.0 213.5 59436
217.0 231.35000610351562 210.0 222.5 63534
213.85000610351562 219.0 203.0 214.5 116284
230.0 262.5 208.5 245.0 204782
292.5 293.5 226.5 243.5 154972
230.0 240.0 217.5 231.0 43190
233.5 252.5 225.0 240.0 61564
231.0500030517578 237.5 215.0 225.5 38956
222.0 256.5 217.5 235.0 69536
232.5 235.5 216.0 218.5 33520
216.0 222.0 205.0 206.5 31360
193.5 193.5 150.0 181.0 39030
183.5 197.5 181.5 191.0 34934
199.60000610351562 200.0 176.5 182.0 28876
177.5 180.5 165.25 171.0 13094
176.5 184.10000610351562 173.0 180.5 15732
180.5 187.0 177.5 179.5 10424
178.0 180.0 160.0 161.0 16880
160.0 161.0 139.0 146.5 26304
147.0 147.5 118.0 139.0 22982
142.60000610351562 146.0 131.0 131.5 10432
141.5 148.5 138.0 146.5 10672
249.5 350.0 225.0 227.0 5294864
189.0 190.0 166.0 174.0 305546
171.0 187.5 169.5 185.0 82294
186.75 199.5 180.5 191.0 62558
214.0 245.0 181.5 187.5 698864
173.5 195.0 170.0 187.5 63272
184.5 192.0 178.0 179.0 39668
183.0 189.0 176.0 183.5 31066
183.5 184.0 175.5 176.0 27588
175.5 178.5 163.0 167.0 37584
168.5 173.0 151.0 173.0 46098
160.5 170.5 155.5 163.0 29882
162.5 172.5 154.5 157.0 24444
153.5 156.0 143.5 145.5 19216
143.5 149.4499969482422 138.0 148.5 13134
151.75 154.5 147.5 153.5 10776
155.5 163.5 152.0 156.5 18812
155.0 155.0 147.5 149.0 16210
149.0 163.0 145.5 150.0 53338
148.0 150.8000030517578 142.5 144.0 17630
145.5 151.0 140.5 146.0 28706
145.5 146.3000030517578 138.0 139.5 18036
139.0 140.0 129.5 130.5 21724
129.0 130.5 122.5 129.0 20462
129.0 135.0 123.5 125.0 13276
125.0 129.0 116.5 118.5 18068
116.5 119.5 110.0 119.0 17070
119.0 122.44999694824219 111.0 114.5 18200
117.0 117.0 106.5 108.0 16598
109.5 116.5 105.5 116.0 15262
119.0 121.5 111.5 114.0 11102
113.0 117.0 113.0 117.0 8724
117.5 125.0 117.5 121.5 16522
121.9000015258789 122.5 116.0 117.0 8320
118.5 137.0 118.0 135.0 55562
134.0 135.0 121.0 124.0 23960
124.5 124.5 119.0 119.0 8166
117.5 122.5 114.0 121.5 13592
123.5 130.0 115.30000305175781 124.0 30548
124.5 124.5 117.0 117.0 9746
116.5 117.5 109.5 110.0 12142
111.5 115.0 111.0 114.5 6202
114.5 115.0 102.69999694824219 103.0 13186
101.0 107.5 100.0 107.0 10266
106.0 107.5 101.0 102.0 9688
103.0 106.5 93.0999984741211 95.0 18004
95.0 100.0 92.5 95.5 8940
96.5 104.5 93.5 103.0 7106
102.5 117.0 102.0 112.0 16262
109.5 112.0 104.5 109.0 10948
110.0 122.5 105.5 121.5 51876
139.0 157.5 126.5 136.0 716714
134.0 135.0 113.5 125.0 125878
120.0 121.0 113.0 114.0 27340
113.0 113.0 106.0 111.0 24408
111.5 115.5 108.5 114.0 19982
116.5 117.5 111.0 111.5 14966
111.5 120.0 110.75 119.0 19082
118.5 125.0 112.0 115.0 46686
115.5 120.0 114.5 119.0 18430
120.0 121.69999694824219 117.0 118.0 9164
119.5 139.5 117.0 133.0 66758
135.0 135.0 120.5 126.0 30408
126.0 129.0 122.0 124.0 15140
125.0 125.4000015258789 120.0 121.0 12324
123.0 124.0 118.0 119.0 9680
117.0 123.5 115.5 120.5 13566
120.5 120.5 109.5 110.5 17550
114.0 115.0 109.0 112.0 10922
113.5 113.8499984741211 109.0 111.5 7412
109.5 112.0 106.5 107.5 9814
108.5 108.5 100.0 103.5 12840
102.5 108.5 101.5 106.0 19160
107.5 113.44999694824219 106.4000015258789 109.5 12124
109.5 114.5 104.5 105.5 15562
106.5 108.5 103.94999694824219 108.5 17290
118.5 130.0 110.5 130.0 122198
134.5 134.5 118.0999984741211 122.5 43230
117.5 124.5 115.5 119.0 24510
121.0 121.0 113.0 115.0 11758
114.5 115.0 107.5 109.5 17082
110.0 112.0 106.5 108.5 10448
107.5 110.0 101.5 104.0 12734
103.5 116.5 100.5 114.5 19622
113.5 118.5 109.30000305175781 116.5 21950
114.0 118.0 111.0 115.5 15134
115.5 116.5 110.0 111.0 12214
112.5 112.5 106.0 106.5 10494
105.5 107.19999694824219 101.5 103.0 14100
103.0 105.0 97.0 99.0 20480
96.5 101.0 90.5 99.0 13354
99.0 101.5 95.0 99.5 10168
99.5 104.0 99.0 100.5 10608
100.0 103.5 99.0 101.0 8462
100.5 103.1500015258789 95.5 96.0 7958
98.0 98.5 95.0 95.5 7482
96.0 97.5 91.44999694824219 92.5 9480
96.6500015258789 100.0 93.5 98.5 11580
99.0 99.5 97.0 98.0 2766
98.5 99.5 94.5 95.5 5130
97.0 98.5 94.0 95.5 6416
95.0 97.5 92.5 96.0 4270
95.5 96.25 94.0 94.0 2294
94.5 97.0 93.0999984741211 95.5 2850
94.0 97.5 93.0 96.0 8086
95.0 99.25 94.5 97.5 5528
98.0 99.5 95.5 96.0 4382
96.5 97.0 94.0 96.0 4210
96.0 96.1500015258789 93.0 93.0 5822
93.0 93.4000015258789 85.5 86.0 9654
86.0 87.44999694824219 80.5 80.5 7918
80.5 98.5 77.0 97.5 236084
109.0 114.0 92.0 97.0 231254
89.0 92.5 81.5 82.5 42334
82.5 85.5 80.0 84.0 12946
84.0 90.0 82.5 88.0 9444
88.5 91.5 87.0 89.5 7560
87.5 93.5 87.5 91.5 6948
91.5 95.0 88.0 89.0 5368
87.5 94.5 87.5 90.5 6708
91.0 97.0 89.0 95.5 13112
96.0 101.5 95.5 99.5 19834
102.5 107.5 100.0 105.0 30096
106.5 111.5 102.5 110.5 30470
123.5 145.5 115.5 131.5 1194138
133.0 167.5 127.5 156.0 540076
154.60000610351562 155.0 138.0 152.0 142704
165.4499969482422 185.0 157.5 175.0 500460
184.5 187.0 168.0 172.5 164318
170.0 170.9499969482422 138.5 141.0 159214
134.5 177.0 134.0 148.5 187448
146.25 147.0 128.5 132.5 79388
131.5 142.0 129.5 136.0 44906
141.5 144.5 110.5 125.0 110562
118.0 128.0 117.55000305175781 127.0 47432
122.5 124.0 112.5 115.5 46522
114.0 120.5 114.0 116.5 20562
113.5 117.5 106.5 109.5 47762
107.9000015258789 115.5 104.5 112.0 32882
110.0 119.0 108.0 114.0 29864
112.0999984741211 112.94999694824219 104.5 105.5 39032
108.0 109.25 94.0999984741211 105.0 90540
107.5 110.94999694824219 100.0 103.5 60570
102.5 105.5 98.0 103.0 35312
103.0 103.5 93.0 93.5 42204
100.0 101.5 88.5 91.5 71454
88.5 94.0 86.3499984741211 91.0 25508
91.0 94.5 90.0 91.5 23104
90.5 100.0 90.0 96.5 37546
98.5 101.0 94.5 96.5 25842
96.5 99.0 95.0 99.0 17278
98.0 102.0 95.25 102.0 25374
103.5 103.5 95.5 96.0 23984
97.5 97.9000015258789 93.5 94.5 18676
93.0 96.05000305175781 92.5 93.5 14840
94.5 98.0 90.5 96.5 37244
95.5 96.5 92.5 94.5 20944
94.5 95.5 92.0 92.5 18600
91.5 91.5 86.5 88.5 36496
88.5 89.5 86.25 86.5 22830
87.0 87.5 84.0 86.0 22248
86.0 86.0 82.0 82.5 18158
82.5 94.5 82.5 92.0 43704
91.0 94.0 84.5 88.0 24370
88.75 95.75 87.5 94.5 16918
94.0 94.5 90.0 94.5 11894
94.5 100.5 93.5 96.5 24468
95.5 98.0 93.0 97.0 19094
100.0 112.5 96.0 104.0 88814
104.5 105.0 94.5 99.0 30092
98.5 99.0 92.5 96.0 23844
95.0 95.0 87.5 88.5 18486
90.5 92.5 88.05000305175781 91.5 11524
91.5 91.75 87.5 89.5 15186
90.5 92.0 87.75 90.0 9386
88.5 89.3499984741211 86.5 89.0 11006
86.5 87.5 84.0 85.5 13340
90.0 90.0 79.0999984741211 81.0 24388
81.0 83.0 79.0 81.0 9560
82.5 82.5 73.0 74.5 24520
74.5 76.0 72.5 74.5 11776
78.5 78.5 71.0 75.0 16180
68.75 73.5 68.5 72.5 11736
71.0 71.0 66.5 69.0 25570
67.0 70.0 64.0 65.0 19980
65.0 69.0 60.5 61.0 17956
61.5 64.5 57.0 63.0 23194
63.0 64.5 57.0 57.5 17462
55.0 61.0 51.5 59.0 14422
60.0 62.5 59.0 62.5 15166
62.0 67.5 60.5 64.5 11234
63.5 64.75 59.0 59.5 10258
61.5 63.5 58.5 60.0 6032
58.5 60.0 55.5 59.0 10810
57.5 59.5 53.75 56.5 8058
55.5 55.5 51.0 53.0 26352
54.5 56.5 50.25 53.5 29752
51.5 59.5 51.0 59.0 19948
57.5 60.5 56.25 57.5 13564
57.5 59.0 54.5 56.0 8980
55.5 57.5 54.0 55.0 6090
55.0 55.5 53.0 53.5 6490
53.0 54.5 51.5 51.5 10302
51.5 53.0 50.5 50.5 6916
51.0 53.5 46.5 48.25 32194
46.5 49.25 46.5 46.599998474121094 16086
47.0 50.0 46.5 46.5 9146
49.400001525878906 52.0 47.04999923706055 51.5 5542
51.5 56.0 50.5 52.0 22086
51.5 52.0 45.54999923706055 46.150001525878906 13038
46.0 47.0 43.0 43.25 9096
43.0 44.0 41.150001525878906 42.0 8200
41.5 42.25 40.0 40.5 6740
41.0 42.400001525878906 40.25 41.5 5010
42.5 46.0 40.0 41.0 48880
40.5 41.5 36.349998474121094 37.45000076293945 10542
37.0 38.45000076293945 35.5 37.45000076293945 8382
37.5 37.54999923706055 33.54999923706055 34.599998474121094 8888
34.0 36.5 33.20000076293945 33.650001525878906 7792
33.5 35.54999923706055 33.0 33.29999923706055 2956
33.04999923706055 34.54999923706055 31.0 31.600000381469727 6208
30.0 31.0 27.5 31.0 10688
30.049999237060547 32.79999923706055 29.5 31.0 7884
31.100000381469727 34.45000076293945 31.0 31.149999618530273 6952
32.0 33.25 29.5 29.950000762939453 6106
29.549999237060547 32.25 28.25 30.0 5250
30.5 33.349998474121094 28.600000381469727 31.799999237060547 7360
33.04999923706055 33.650001525878906 31.049999237060547 33.0 4644
33.0 33.599998474121094 31.5 33.20000076293945 5288
31.5 32.5 30.450000762939453 31.5 2236
31.5 32.25 30.0 31.0 1592
31.0 32.45000076293945 31.0 31.350000381469727 4572
33.5 34.349998474121094 31.5 32.400001525878906 7118
33.0 33.75 31.899999618530273 33.0 2308
32.25 33.5 32.0 33.0 21056
17.5 18.350000381469727 16.5 16.850000381469727 373906
17.0 17.299999237060547 16.100000381469727 16.600000381469727 60320
16.600000381469727 17.0 15.649999618530273 15.75 185530
15.699999809265137 15.949999809265137 15.100000381469727 15.75 69846
16.200000762939453 16.200000762939453 14.800000190734863 15.149999618530273 65162
14.850000381469727 15.199999809265137 13.649999618530273 14.0 60950
13.850000381469727 13.949999809265137 12.800000190734863 13.25 28130
13.25 13.5 12.600000381469727 13.100000381469727 20786
12.5 13.5 12.149999618530273 13.350000381469727 33480
13.25 15.449999809265137 13.25 14.100000381469727 51690
14.449999809265137 14.600000381469727 13.649999618530273 13.75 23216
14.699999809265137 22.0 14.5 15.5 998486
15.050000190734863 15.25 14.0 14.25 107148
14.199999809265137 14.600000381469727 13.550000190734863 14.350000381469727 45598
14.399999618530273 14.399999618530273 12.899999618530273 12.899999618530273 59420
12.949999809265137 13.0 12.5 12.5 43414
12.5 13.25 12.25 13.25 45770
13.949999809265137 13.949999809265137 13.0 13.800000190734863 34114
14.449999809265137 15.25 14.0 14.25 93294
14.0 14.5 13.300000190734863 13.899999618530273 32498
14.0 14.0 12.75 13.0 18894
13.050000190734863 14.449999809265137 13.0 13.899999618530273 16916
13.949999809265137 14.5 13.899999618530273 14.5 32170
14.5 15.5 13.949999809265137 14.649999618530273 36644
15.25 15.350000381469727 13.699999809265137 13.699999809265137 49658
15.0 15.5 14.199999809265137 15.149999618530273 37702
15.25 15.699999809265137 15.0 15.550000190734863 32960
15.5 20.0 15.350000381469727 19.350000381469727 116210
19.399999618530273 19.75 17.149999618530273 18.0 123018
18.0 19.5 18.0 18.299999237060547 66558
17.5 18.149999618530273 16.799999237060547 17.25 60796
17.049999237060547 19.0 16.75 18.25 46660
18.5 18.75 17.0 17.850000381469727 33126
17.5 18.0 16.0 16.5 35138
16.850000381469727 16.850000381469727 15.0 15.600000381469727 27966
15.550000190734863 16.049999237060547 15.100000381469727 15.850000381469727 14490
15.649999618530273 15.899999618530273 15.199999809265137 15.449999809265137 9736
15.25 15.949999809265137 14.5 15.0 25140
15.100000381469727 15.25 14.350000381469727 14.800000190734863 10758
14.850000381469727 14.850000381469727 14.050000190734863 14.5 8628
14.100000381469727 15.449999809265137 14.050000190734863 14.5 10456
14.5 15.5 13.149999618530273 13.5 17658
14.5 15.5 13.649999618530273 15.0 53554
15.0 15.350000381469727 14.649999618530273 15.0 18748
15.149999618530273 15.550000190734863 14.050000190734863 14.5 26482
14.75 18.299999237060547 14.5 16.200000762939453 383614
16.549999237060547 17.25 15.300000190734863 16.0 121804
15.75 15.75 14.100000381469727 14.399999618530273 44384
14.5 14.600000381469727 13.649999618530273 13.949999809265137 23774
13.75 13.75 13.0 13.550000190734863 56838
13.75 13.850000381469727 12.600000381469727 13.0 27048
13.100000381469727 13.25 12.300000190734863 12.399999618530273 25594
12.800000190734863 14.350000381469727 12.300000190734863 13.949999809265137 124134
13.550000190734863 13.949999809265137 13.350000381469727 13.5 49542
12.800000190734863 14.5 12.600000381469727 13.300000190734863 75230
13.449999809265137 13.75 12.75 13.0 27958
13.0 13.25 11.649999618530273 12.550000190734863 57454
12.550000190734863 12.800000190734863 11.75 11.850000381469727 25124
11.850000381469727 11.850000381469727 11.0 11.300000190734863 17746
10.600000381469727 10.949999809265137 10.0 10.199999809265137 26178
10.5 10.699999809265137 10.0 10.399999618530273 13316
10.149999618530273 11.5 8.75 8.899999618530273 127552
8.949999809265137 9.300000190734863 8.5 8.800000190734863 33266
8.949999809265137 10.25 8.75 10.0 55832
9.600000381469727 10.699999809265137 9.600000381469727 10.25 29210
10.25 11.0 10.149999618530273 11.0 31058
10.699999809265137 11.0 9.550000190734863 9.949999809265137 17990
9.850000381469727 10.949999809265137 9.5 10.800000190734863 30766
10.800000190734863 10.899999618530273 10.350000381469727 10.600000381469727 11162
11.0 11.0 9.600000381469727 11.0 15174
10.949999809265137 10.949999809265137 8.600000381469727 9.699999809265137 34474
9.5 10.399999618530273 9.350000381469727 10.149999618530273 15604
10.0 10.350000381469727 9.899999618530273 10.0 9576
9.949999809265137 10.449999809265137 9.949999809265137 10.300000190734863 5608
10.300000190734863 10.5 9.699999809265137 9.899999618530273 10052
10.5 11.75 10.149999618530273 10.5 91776
10.25 11.149999618530273 10.0 10.800000190734863 25566
11.0 11.5 10.25 10.649999618530273 30584
10.75 10.75 10.050000190734863 10.399999618530273 7196
11.699999809265137 11.699999809265137 10.5 10.899999618530273 12800
10.149999618530273 11.25 10.149999618530273 10.699999809265137 12360
10.699999809265137 12.0 10.699999809265137 11.149999618530273 48534
11.149999618530273 11.5 10.75 11.0 16274
9.949999809265137 11.0 9.699999809265137 10.399999618530273 13398
10.350000381469727 10.699999809265137 9.949999809265137 10.149999618530273 11016
10.199999809265137 10.699999809265137 10.0 10.5 11654
10.300000190734863 10.699999809265137 9.800000190734863 10.449999809265137 11374
10.149999618530273 11.0 9.300000190734863 9.300000190734863 32478
9.0 10.25 8.899999618530273 9.649999618530273 26694
9.850000381469727 10.0 9.5 9.649999618530273 11870
10.399999618530273 10.449999809265137 9.5 10.0 18016
10.0 11.0 9.100000381469727 9.100000381469727 27582
9.800000190734863 10.5 9.399999618530273 10.25 8570
10.25 10.399999618530273 9.949999809265137 10.0 4698
9.949999809265137 13.5 9.5 11.850000381469727 183036
10.25 11.5 10.0 10.699999809265137 49912
10.100000381469727 11.0 10.100000381469727 10.649999618530273 21236
10.649999618530273 11.300000190734863 10.25 10.899999618530273 13322
11.100000381469727 11.25 10.050000190734863 10.5 23788
10.350000381469727 11.25 10.149999618530273 11.050000190734863 16312
11.0 12.25 11.0 12.100000381469727 14642
13.0 18.5 12.300000190734863 12.5 837064
12.5 12.800000190734863 10.850000381469727 10.949999809265137 91152
11.300000190734863 12.5 10.699999809265137 11.399999618530273 135808
11.350000381469727 11.75 7.75 8.25 272576
8.220000267028809 8.399999618530273 7.409999847412109 7.960000038146973 238800
7.949999809265137 8.100000381469727 7.324999809265137 7.71999979019165 97500
7.860000133514404 7.860000133514404 7.349999904632568 7.5 88700
7.5 8.460000038146973 7.289999961853027 7.860000133514404 292000
7.730000019073486 7.934999942779541 7.630000114440918 7.820000171661377 51200
7.920000076293945 10.300000190734863 7.650000095367432 9.65999984741211 1015000
7.539999961853027 7.670000076293945 6.550000190734863 6.920000076293945 409300
6.800000190734863 6.900000095367432 6.250999927520752 6.329999923706055 179000
6.300000190734863 6.747000217437744 5.96999979019165 6.119999885559082 87000
6.110000133514404 6.5920000076293945 5.900000095367432 6.489999771118164 68900
6.460000038146973 6.650000095367432 6.28000020980835 6.400000095367432 53000
6.389999866485596 6.389999866485596 5.989999771118164 6.159999847412109 52300
6.090000152587891 6.401000022888184 5.96999979019165 6.360000133514404 45500
6.5 14.869999885559082 6.480000019073486 13.100000381469727 6108600
10.75 12.199999809265137 8.260000228881836 8.619999885559082 4042400
8.0 8.25100040435791 7.010000228881836 7.260000228881836 601600
7.059999942779541 7.550000190734863 6.840000152587891 6.96999979019165 339900
6.78000020980835 6.989999771118164 6.159999847412109 6.190000057220459 389300
6.5 7.150000095367432 6.199999809265137 6.449999809265137 334900
6.610000133514404 7.130000114440918 6.52400016784668 6.78000020980835 163700
6.860000133514404 7.150000095367432 6.650000095367432 6.690000057220459 102100
6.710000038146973 6.889999866485596 6.449999809265137 6.599999904632568 107500
6.510000228881836 7.199999809265137 6.510000228881836 6.929999828338623 507800
7.329999923706055 7.329999923706055 6.599999904632568 6.730000019073486 617700
6.739999771118164 8.539999961853027 6.449999809265137 7.460000038146973 3931000
7.079999923706055 7.22599983215332 6.679999828338623 6.78000020980835 680500
6.599999904632568 6.690000057220459 6.199999809265137 6.260000228881836 370600
6.210000038146973 6.550000190734863 6.170000076293945 6.25 175200
6.25 7.190000057220459 6.245999813079834 6.849999904632568 2124200
6.820000171661377 6.820000171661377 6.239999771118164 6.53000020980835 327500
6.429999828338623 6.519999980926514 6.199999809265137 6.239999771118164 197400
6.139999866485596 6.300000190734863 5.710000038146973 5.880000114440918 299200
5.860000133514404 6.0 5.289999961853027 5.53000020980835 209500
5.510000228881836 5.63700008392334 5.400000095367432 5.579999923706055 59500
5.429999828338623 5.75 5.38700008392334 5.619999885559082 142600
5.690000057220459 5.929999828338623 5.5 5.550000190734863 64800
5.53000020980835 5.829999923706055 5.46999979019165 5.559999942779541 47200
5.550000190734863 5.926000118255615 5.429999828338623 5.860000133514404 219600
5.800000190734863 5.880000114440918 5.480000019073486 5.579999923706055 95300
5.480000019073486 5.742000102996826 5.420000076293945 5.420000076293945 63700
5.619999885559082 6.300000190734863 5.46999979019165 6.099999904632568 368100
5.789999961853027 6.260000228881836 5.650000095367432 6.150000095367432 175800
5.96999979019165 6.480000019073486 5.730000019073486 6.360000133514404 168800
6.340000152587891 6.340000152587891 5.760000228881836 5.769999980926514 99500
5.800000190734863 5.869999885559082 5.550000190734863 5.869999885559082 72200
5.730000019073486 5.730000019073486 5.360000133514404 5.400000095367432 62600
5.389999866485596 5.679999828338623 5.179999828338623 5.21999979019165 52700
5.21999979019165 5.400000095367432 4.949999809265137 4.949999809265137 42300
4.960000038146973 5.0 4.650000095367432 4.699999809265137 83700
4.639999866485596 4.78000020980835 4.429999828338623 4.539999961853027 60600
4.510000228881836 4.679999828338623 4.260000228881836 4.309999942779541 32100
4.289999961853027 4.570000171661377 4.289999961853027 4.380000114440918 33500
4.380000114440918 4.650000095367432 4.366000175476074 4.590000152587891 26600
4.5 4.570000171661377 4.295000076293945 4.309999942779541 21700
4.309999942779541 4.5 4.199999809265137 4.21999979019165 19300
4.300000190734863 4.4720001220703125 4.130000114440918 4.340000152587891 26900
4.46999979019165 4.800000190734863 4.349999904632568 4.71999979019165 114600
4.809999942779541 4.813000202178955 4.539999961853027 4.639999866485596 30100
4.510000228881836 5.079999923706055 4.400000095367432 4.789999961853027 182000
4.650000095367432 4.949999809265137 3.940000057220459 3.990000009536743 99500
4.019999980926514 4.019999980926514 3.619999885559082 3.630000114440918 46200
3.5999999046325684 3.809999942779541 3.3499999046325684 3.700000047683716 37400
3.700000047683716 3.759999990463257 3.619999885559082 3.7300000190734863 14000
3.5899999141693115 3.7699999809265137 3.4200000762939453 3.450000047683716 61600
3.4210000038146973 3.572999954223633 3.4000000953674316 3.4200000762939453 30100
3.549999952316284 3.86299991607666 3.549999952316284 3.640000104904175 112300
3.680000066757202 4.28000020980835 3.680000066757202 3.7699999809265137 434500
3.6500000953674316 3.700000047683716 3.4200000762939453 3.5399999618530273 72700
3.5999999046325684 3.819999933242798 3.569999933242798 3.690000057220459 53700
3.609999895095825 3.880000114440918 3.559999942779541 3.759999990463257 64400
3.809999942779541 3.9000000953674316 3.450000047683716 3.5 134000
3.430000066757202 3.75 3.430000066757202 3.740000009536743 76300
3.6500000953674316 3.878999948501587 3.638000011444092 3.7100000381469727 36000
3.690000057220459 3.75 3.4600000381469727 3.4700000286102295 62300
3.4200000762939453 3.5 3.4000000953674316 3.450000047683716 38700
3.450000047683716 3.569999933242798 3.3399999141693115 3.4100000858306885 32700
3.4800000190734863 3.494999885559082 3.315000057220459 3.3399999141693115 28200
3.259999990463257 3.3299999237060547 3.2239999771118164 3.259999990463257 21600
3.2100000381469727 3.2929999828338623 3.059999942779541 3.125 58300
3.119999885559082 3.1500000953674316 2.950000047683716 3.069999933242798 41700
3.109999895095825 3.119999885559082 2.9800000190734863 3.0399999618530273 19500
3.069999933242798 3.069999933242798 2.809999942779541 2.8299999237060547 25100
2.759999990463257 2.8299999237060547 2.609999895095825 2.7899999618530273 58000
2.859999895095825 3.049999952316284 2.7209999561309814 3.0399999618530273 45800
3.0250000953674316 3.4089999198913574 2.9200000762939453 3.359999895095825 62400
3.369999885559082 3.5 3.2799999713897705 3.4200000762939453 15000
3.3399999141693115 3.559999942779541 3.316999912261963 3.4000000953674316 44400
3.4000000953674316 3.4000000953674316 3.196000099182129 3.2300000190734863 19300
3.234999895095825 3.319999933242798 3.190000057220459 3.2100000381469727 37700
3.1579999923706055 3.200000047683716 2.9600000381469727 2.9700000286102295 30200
2.9700000286102295 3.0999999046325684 2.9000000953674316 3.0 18700
2.9200000762939453 3.0199999809265137 2.805000066757202 2.880000114440918 32200
2.890000104904175 3.1700000762939453 2.890000104904175 3.069999933242798 91500
3.1600000858306885 3.2230000495910645 3.049999952316284 3.0899999141693115 23800
2.859999895095825 2.9600000381469727 2.759999990463257 2.890000104904175 64400
2.9600000381469727 3.049999952316284 2.740000009536743 2.8499999046325684 52400
2.9600000381469727 2.9600000381469727 2.809999942779541 2.869999885559082 14300
2.9100000858306885 3.0799999237060547 2.8299999237060547 2.9100000858306885 83300
2.9000000953674316 3.0999999046325684 2.9000000953674316 3.0999999046325684 38500
3.0299999713897705 3.0999999046325684 2.990000009536743 3.0 10000
2.990000009536743 2.990000009536743 2.75 2.759999990463257 22700
2.815999984741211 2.819999933242798 2.630000114440918 2.630000114440918 39600
2.5999999046325684 2.690000057220459 2.5999999046325684 2.6600000858306885 17100
2.799999952316284 2.799999952316284 2.5999999046325684 2.619999885559082 22100
2.609999895095825 2.740000009536743 2.6040000915527344 2.640000104904175 7600
2.7130000591278076 2.7950000762939453 2.609999895095825 2.7200000286102295 13000
2.7100000381469727 2.7100000381469727 2.4200000762939453 2.440000057220459 49500
2.430000066757202 2.430000066757202 2.0999999046325684 2.140000104904175 84400
2.1700000762939453 2.200000047683716 2.009999990463257 2.049999952316284 32700
2.119999885559082 2.119999885559082 1.9800000190734863 2.0199999809265137 23400
2.0299999713897705 2.0799999237060547 1.9700000286102295 1.9700000286102295 29500
1.9800000190734863 2.0199999809265137 1.909999966621399 1.909999966621399 27900
1.8700000047683716 1.9600000381469727 1.7599999904632568 1.7999999523162842 22100
1.7999999523162842 1.7999999523162842 1.7400000095367432 1.7599999904632568 12000
1.75 1.75 1.5700000524520874 1.7000000476837158 59200
1.6200000047683716 1.75 1.6200000047683716 1.6699999570846558 111800
1.6399999856948853 2.197999954223633 1.6399999856948853 2.1500000953674316 174800
2.200000047683716 2.3940000534057617 2.0 2.0799999237060547 211800
2.049999952316284 2.299999952316284 2.0199999809265137 2.299999952316284 67400
2.390000104904175 2.690000057220459 2.2699999809265137 2.680000066757202 58600
2.5999999046325684 2.700000047683716 2.5799999237060547 2.5999999046325684 39300
2.6689999103546143 2.74399995803833 2.38100004196167 2.740000009536743 42000
2.6600000858306885 2.75 2.609999895095825 2.609999895095825 36200
2.5399999618530273 2.869999885559082 2.509999990463257 2.6700000762939453 108400
2.7100000381469727 2.799999952316284 2.619999885559082 2.6700000762939453 37600
2.680000066757202 2.9519999027252197 2.5739998817443848 2.740000009536743 101300
2.809999942779541 2.9040000438690186 2.680000066757202 2.8299999237060547 41400
2.890000104904175 2.9600000381469727 2.8550000190734863 2.9200000762939453 46800
2.890000104904175 3.0799999237060547 2.640000104904175 2.744999885559082 86300
2.6500000953674316 2.759999990463257 2.6500000953674316 2.7200000286102295 18300
2.690000057220459 2.8540000915527344 2.690000057220459 2.809999942779541 27000
2.859999895095825 2.928999900817871 2.7100000381469727 2.8499999046325684 38300
2.8299999237060547 3.0450000762939453 2.7300000190734863 2.799999952316284 29700
2.7799999713897705 2.940000057220459 2.7100000381469727 2.869999885559082 37600
2.9000000953674316 2.934999942779541 2.8299999237060547 2.8299999237060547 16800
2.7799999713897705 2.9600000381469727 2.7799999713897705 2.859999895095825 30700
2.869999885559082 2.9179999828338623 2.6500000953674316 2.6600000858306885 19900
2.7149999141693115 2.9800000190734863 2.7149999141693115 2.869999885559082 88500
2.9000000953674316 2.950000047683716 2.809999942779541 2.9000000953674316 53300
2.9549999237060547 3.2100000381469727 2.9000000953674316 3.0 97200
2.9200000762939453 3.200000047683716 2.869999885559082 2.880000114440918 43000
2.9000000953674316 3.200000047683716 2.8499999046325684 2.9000000953674316 38400
2.9000000953674316 3.0299999713897705 2.869999885559082 2.9800000190734863 38900
3.0 3.0139999389648438 2.8499999046325684 2.8499999046325684 27200
2.880000114440918 2.9100000858306885 2.630000114440918 2.630000114440918 24300
2.6489999294281006 2.809999942779541 2.5799999237060547 2.640000104904175 22000
2.61299991607666 2.7219998836517334 2.609999895095825 2.6600000858306885 5900
2.6600000858306885 2.6700000762939453 2.5409998893737793 2.569999933242798 8800
2.6570000648498535 2.7200000286102295 2.5999999046325684 2.7100000381469727 6100
2.690000057220459 2.7699999809265137 2.5899999141693115 2.5899999141693115 30500
2.690000057220459 2.690000057220459 2.5 2.5 7500
2.5299999713897705 2.5299999713897705 2.381999969482422 2.4000000953674316 9900
2.486999988555908 2.486999988555908 2.3499999046325684 2.3499999046325684 5500
2.3299999237060547 2.3299999237060547 2.180000066757202 2.2820000648498535 11900
2.3299999237060547 2.3299999237060547 2.1500000953674316 2.1640000343322754 9800
2.119999885559082 2.200000047683716 2.109999895095825 2.200000047683716 6600
2.234999895095825 2.234999895095825 2.0899999141693115 2.0899999141693115 5800
2.0899999141693115 2.190000057220459 1.7649999856948853 1.9500000476837158 31400
1.8200000524520874 1.940000057220459 1.7999999523162842 1.9199999570846558 19100
1.937999963760376 1.968999981880188 1.899999976158142 1.940000057220459 13800
1.899999976158142 1.9199999570846558 1.840000033378601 1.840000033378601 7300
1.8200000524520874 2.0799999237060547 1.8200000524520874 1.899999976158142 10900
1.8600000143051147 1.9800000190734863 1.8600000143051147 1.9800000190734863 1200
2.0 2.0 1.8700000047683716 1.8899999856948853 7600
1.8700000047683716 1.9550000429153442 1.690000057220459 1.7799999713897705 19700
1.8300000429153442 1.9199999570846558 1.7999999523162842 1.875 3000
1.8799999952316284 1.8799999952316284 1.7000000476837158 1.7100000381469727 42000
1.7510000467300415 1.8350000381469727 1.7130000591278076 1.7300000190734863 17000
1.7300000190734863 1.8200000524520874 1.7300000190734863 1.8200000524520874 8700
1.8650000095367432 1.8650000095367432 1.7300000190734863 1.809999942779541 10400
1.8899999856948853 1.8899999856948853 1.7200000286102295 1.7339999675750732 29300
1.7200000286102295 1.7599999904632568 1.7000000476837158 1.7200000286102295 50700
1.7799999713897705 1.7899999618530273 1.6950000524520874 1.7549999952316284 13100
1.7999999523162842 1.8009999990463257 1.7100000381469727 1.7100000381469727 8600
1.7599999904632568 1.7599999904632568 1.6169999837875366 1.6299999952316284 19100
1.6200000047683716 1.6380000114440918 1.6009999513626099 1.6009999513626099 3800
1.6380000114440918 1.6380000114440918 1.600000023841858 1.600000023841858 2500
1.649999976158142 1.659999966621399 1.6109999418258667 1.659999966621399 10000
1.6549999713897705 1.690000057220459 1.6200000047683716 1.649999976158142 11200
1.6399999856948853 1.7649999856948853 1.600000023841858 1.6640000343322754 64600
1.7109999656677246 1.7109999656677246 1.590000033378601 1.5980000495910645 24400
1.6269999742507935 1.6269999742507935 1.4700000286102295 1.6200000047683716 23900
1.5499999523162842 1.5720000267028809 1.409999966621399 1.4500000476837158 21400
1.4919999837875366 1.5240000486373901 1.3300000429153442 1.3600000143051147 37700
1.4199999570846558 1.4800000190734863 1.3300000429153442 1.3489999771118164 15200
1.2999999523162842 1.409999966621399 1.2999999523162842 1.3300000429153442 14400
1.3300000429153442 1.4700000286102295 1.309999942779541 1.3300000429153442 73000
1.3200000524520874 1.399999976158142 1.3200000524520874 1.3600000143051147 8900
1.3600000143051147 1.7400000095367432 1.350000023841858 1.5199999809265137 498900
1.5800000429153442 1.7200000286102295 1.4600000381469727 1.6100000143051147 73300
1.590000033378601 1.7799999713897705 1.559999942779541 1.6799999475479126 86300
1.6979999542236328 1.8700000047683716 1.690000057220459 1.8250000476837158 75900
1.8200000524520874 1.8200000524520874 1.625 1.6399999856948853 37800
1.600000023841858 2.0899999141693115 1.600000023841858 1.8049999475479126 117500
1.7400000095367432 1.7699999809265137 1.5850000381469727 1.649999976158142 33600
1.600000023841858 1.7400000095367432 1.5800000429153442 1.6100000143051147 8400
1.6299999952316284 1.75 1.6200000047683716 1.659999966621399 56000
1.690000057220459 1.809999942779541 1.6859999895095825 1.7740000486373901 49100
1.7699999809265137 1.899999976158142 1.7200000286102295 1.8309999704360962 33000
1.840000033378601 1.9600000381469727 1.725000023841858 1.809999942779541 9100
1.7699999809265137 1.8370000123977661 1.7599999904632568 1.8289999961853027 14200
1.7549999952316284 1.809999942779541 1.722000002861023 1.75 7300
1.7799999713897705 2.130000114440918 1.7799999713897705 1.9199999570846558 60800
1.9299999475479126 2.0999999046325684 1.9299999475479126 2.0399999618530273 25700
2.0250000953674316 2.0999999046325684 1.9620000123977661 2.059999942779541 10600
2.109999895095825 2.109999895095825 1.899999976158142 1.9520000219345093 9300
1.940000057220459 1.940000057220459 1.5499999523162842 1.6699999570846558 38400
1.7000000476837158 1.7000000476837158 1.600000023841858 1.6699999570846558 11800
1.690000057220459 1.690000057220459 1.4299999475479126 1.4500000476837158 32900
1.3899999856948853 1.6130000352859497 1.3899999856948853 1.5 8000
1.4900000095367432 1.4900000095367432 1.409999966621399 1.434000015258789 13000
1.399999976158142 1.5499999523162842 1.399999976158142 1.5199999809265137 10300
2.1500000953674316 4.489999771118164 2.0199999809265137 3.5899999141693115 120145800
3.319999933242798 4.5 3.009999990463257 3.5399999618530273 14498400
3.25 3.4200000762939453 2.680000066757202 2.9600000381469727 1455000
2.950000047683716 3.450000047683716 2.9000000953674316 3.1500000953674316 813200
4.070000171661377 6.980000019073486 3.9700000286102295 4.809999942779541 79665000
4.260000228881836 4.28000020980835 3.559999942779541 3.869999885559082 1490600
3.759999990463257 4.619999885559082 3.759999990463257 4.320000171661377 729400
4.320000171661377 4.320000171661377 3.509999990463257 3.690000057220459 523300
3.5999999046325684 4.25 3.5999999046325684 4.190000057220459 452600
4.039999961853027 4.489999771118164 3.930000066757202 4.440000057220459 365300
4.159999847412109 4.429999828338623 3.8499999046325684 3.950000047683716 221200
4.190000057220459 4.25 3.950000047683716 4.090000152587891 314700
4.179999828338623 4.78000020980835 4.072000026702881 4.630000114440918 506600
4.539999961853027 4.599999904632568 4.050000190734863 4.110000133514404 167800
4.150000095367432 4.150000095367432 3.890000104904175 4.070000171661377 148100
4.059999942779541 4.105000019073486 3.759999990463257 3.799999952316284 83400
3.819999933242798 4.03000020980835 3.5999999046325684 3.7100000381469727 97900
3.5999999046325684 3.930000066757202 3.5999999046325684 3.880000114440918 99100
3.859999895095825 3.9600000381469727 3.640000104904175 3.640000104904175 86900
3.559999942779541 3.950000047683716 3.559999942779541 3.859999895095825 92700
3.819999933242798 4.239999771118164 3.819999933242798 4.230000019073486 208000
4.139999866485596 4.260000228881836 4.050000190734863 4.119999885559082 65700
4.139999866485596 4.170000076293945 4.010000228881836 4.119999885559082 53500
4.070000171661377 4.0879998207092285 3.7200000286102295 3.7899999618530273 31300
3.700000047683716 3.950000047683716 3.640000104904175 3.7699999809265137 124400
3.7200000286102295 3.8299999237060547 3.390000104904175 3.549999952316284 86400
3.4700000286102295 3.509000062942505 3.299999952316284 3.380000114440918 37500
3.3499999046325684 3.3499999046325684 3.069999933242798 3.0999999046325684 73400
3.069999933242798 3.3389999866485596 3.069999933242798 3.2200000286102295 53400
3.180000066757202 3.380000114440918 3.1500000953674316 3.369999885559082 41100
3.359999895095825 3.490000009536743 3.305000066757202 3.3499999046325684 30500
3.299999952316284 3.4790000915527344 3.109999895095825 3.180000066757202 31900
3.130000114440918 3.1500000953674316 2.799999952316284 2.9100000858306885 83100
2.9100000858306885 2.9700000286102295 2.8510000705718994 2.9700000286102295 19100
2.9000000953674316 3.059999942779541 2.9000000953674316 3.049999952316284 19500
3.0799999237060547 3.140000104904175 3.0299999713897705 3.140000104904175 55900
3.2149999141693115 3.240000009536743 2.8399999141693115 2.890000104904175 62400
2.930000066757202 3.1500000953674316 2.828000068664551 2.880000114440918 60400
2.8399999141693115 3.059999942779541 2.8399999141693115 2.869999885559082 54600
2.7300000190734863 2.930000066757202 2.7149999141693115 2.7799999713897705 190300
2.8299999237060547 3.25 2.7699999809265137 2.9100000858306885 88500
2.950000047683716 3.049999952316284 2.7899999618530273 2.9000000953674316 47800
2.869999885559082 3.0859999656677246 2.8299999237060547 2.869999885559082 40300
2.825000047683716 3.390000104904175 2.739000082015991 2.9200000762939453 600000
2.880000114440918 2.880000114440918 2.5999999046325684 2.619999885559082 116800
2.569999933242798 2.619999885559082 2.4200000762939453 2.430000066757202 53100
2.4000000953674316 2.5999999046325684 2.319999933242798 2.5399999618530273 28700
2.4700000286102295 2.621000051498413 2.450000047683716 2.5299999713897705 83200
2.505000114440918 2.505000114440918 2.359999895095825 2.450000047683716 17700
2.5 2.759999990463257 2.4630000591278076 2.7300000190734863 37700
2.7230000495910645 2.75 2.6050000190734863 2.6600000858306885 47500
2.5999999046325684 2.680000066757202 2.490000009536743 2.619999885559082 34000
2.5899999141693115 2.759999990463257 2.5 2.5199999809265137 82300
2.5799999237060547 2.75 2.4700000286102295 2.5 49800
2.869999885559082 3.8980000019073486 2.255000114440918 2.7699999809265137 2507500
2.5 2.880000114440918 2.4200000762939453 2.7200000286102295 223700
2.7160000801086426 2.869999885559082 2.51200008392334 2.8299999237060547 93400
2.8499999046325684 3.049999952316284 2.7300000190734863 2.809999942779541 71600
2.799999952316284 2.9000000953674316 2.6500000953674316 2.7200000286102295 34400
2.671999931335449 2.7899999618530273 2.5799999237060547 2.680000066757202 15300
2.619999885559082 2.619999885559082 2.380000114440918 2.380000114440918 41600
2.380000114440918 2.5199999809265137 2.200000047683716 2.25 38700
2.240000009536743 2.390000104904175 2.1600000858306885 2.200000047683716 14800
2.140000104904175 2.2200000286102295 2.0299999713897705 2.1500000953674316 23100
2.2799999713897705 2.3499999046325684 2.1010000705718994 2.309999942779541 9100
2.3399999141693115 2.3399999141693115 2.119999885559082 2.1600000858306885 18900
2.2100000381469727 2.2799999713897705 2.130000114440918 2.259999990463257 10500
2.299999952316284 2.299999952316284 2.180000066757202 2.190000057220459 12900
2.2300000190734863 2.2300000190734863 2.1600000858306885 2.1600000858306885 2700
2.1600000858306885 2.3399999141693115 2.1600000858306885 2.319999933242798 17300
2.322000026702881 2.322000026702881 2.1500000953674316 2.2200000286102295 15200
2.259999990463257 2.319999933242798 2.184000015258789 2.2100000381469727 7100
2.1710000038146973 2.2699999809265137 2.140000104904175 2.1600000858306885 31000
2.259000062942505 2.259999990463257 2.049999952316284 2.125 31800
2.2200000286102295 2.2799999713897705 2.0299999713897705 2.1500000953674316 27100
2.130000114440918 2.130000114440918 2.0399999618530273 2.119999885559082 26100
2.130000114440918 2.2200000286102295 2.0899999141693115 2.2100000381469727 12500
2.140000104904175 2.2200000286102295 2.119999885559082 2.2200000286102295 5700
2.2699999809265137 2.5 2.259999990463257 2.390000104904175 49400
2.4700000286102295 2.509999990463257 2.309999942779541 2.380000114440918 39200
2.380000114440918 2.7300000190734863 2.299999952316284 2.359999895095825 47000
2.359999895095825 2.390000104904175 2.1500000953674316 2.1500000953674316 28600
2.2699999809265137 2.2899999618530273 2.0799999237060547 2.2799999713897705 27000
2.240000009536743 2.3399999141693115 2.1710000038146973 2.319999933242798 7600
2.309999942779541 2.319999933242798 2.134999990463257 2.1700000762939453 18500
2.1500000953674316 2.25 2.0299999713897705 2.0299999713897705 16100
2.0299999713897705 2.450000047683716 2.0299999713897705 2.380000114440918 66000
2.549999952316284 2.549999952316284 2.2799999713897705 2.375999927520752 65300
2.319999933242798 2.4600000381469727 2.119999885559082 2.1500000953674316 16900
2.0799999237060547 2.2899999618530273 2.0799999237060547 2.140000104904175 11700
2.240000009536743 2.4000000953674316 2.119999885559082 2.309999942779541 37400
2.0799999237060547 2.5 2.069999933242798 2.380000114440918 74400
2.390000104904175 2.390000104904175 2.380000114440918 2.380000114440918 2100
2.305000066757202 2.4000000953674316 2.240000009536743 2.25 17400
2.2200000286102295 2.752000093460083 2.181999921798706 2.700000047683716 85800
2.5899999141693115 2.7100000381469727 2.259999990463257 2.5399999618530273 34600
2.799999952316284 2.799999952316284 2.3299999237060547 2.359999895095825 37700
2.359999895095825 2.359999895095825 2.131999969482422 2.240000009536743 23100
2.2200000286102295 2.2799999713897705 2.134999990463257 2.140000104904175 16000
2.200000047683716 2.2799999713897705 2.1600000858306885 2.240000009536743 5400
2.2750000953674316 2.2750000953674316 2.0290000438690186 2.059999942779541 27900
2.069999933242798 2.140000104904175 2.0350000858306885 2.0799999237060547 10300
2.180000066757202 2.180000066757202 2.0899999141693115 2.109999895095825 2600
2.059999942779541 2.1500000953674316 2.059999942779541 2.069999933242798 16900
2.069999933242798 2.130000114440918 2.059999942779541 2.109999895095825 7300
2.0999999046325684 2.180000066757202 2.059999942779541 2.059999942779541 10000
2.059999942779541 2.1470000743865967 2.0 2.0199999809265137 3500
2.0 2.0399999618530273 1.8200000524520874 1.909999966621399 34200
2.140000104904175 2.140000104904175 2.0 2.0 9199
