18.25376270162067 18.272977628459714 18.16729736328125 18.16729736328125 800
18.23454832652679 18.23454832652679 17.667720794677734 17.667720794677734 2400
18.042404323330935 18.042404323330935 17.907901665511112 18.03279685974121 900
18.20572726890378 18.301798238500552 18.12886939376459 18.28258514404297 8100
18.41708538743963 18.666873931884766 18.41708538743963 18.666873931884766 1300
18.580411911010742 18.580411911010742 18.570804446152266 18.580411911010742 700
18.109655380249023 18.109655380249023 18.109655380249023 18.109655380249023 300
17.67732810974121 17.67732810974121 17.67732810974121 17.67732810974121 300
18.061618506720983 18.16729878014141 18.061618506720983 18.080833435058594 2400
18.00397622404818 18.08083410782197 18.00397622404818 18.04240608215332 2800
18.522767838343903 18.647661209106445 18.522767838343903 18.647661209106445 2700
18.60923194885254 18.60923194885254 18.60923194885254 18.60923194885254 100
19.003128051757812 19.003128051757812 19.003128051757812 19.003128051757812 300
18.974306897211424 19.04155731201172 18.974306897211424 19.04155731201172 500
19.04155731201172 19.04155731201172 19.04155731201172 19.04155731201172 100
19.62759892259685 19.62759892259685 19.560348510742188 19.560348510742188 2400
19.33938184887944 19.33938184887944 18.897449493408203 18.897449493408203 2700
18.37865579446267 18.417085647583008 18.29219228981442 18.417085647583008 5500
18.84941474398845 18.84941474398845 18.38826560974121 18.38826560974121 400
18.311405033851837 18.330619960044647 18.27297701390244 18.321012496948242 1700
18.272979444210137 18.522768020629883 18.272979444210137 18.522768020629883 14300
19.012737274169922 19.012737274169922 18.86862714429001 19.012737274169922 800
18.74373435974121 18.74373435974121 18.74373435974121 18.74373435974121 100
18.59001839770131 18.59001839770131 18.407480239868164 18.407480239868164 2500
18.08083297113323 18.08083297113323 17.869474262151925 17.87908172607422 1800
17.87908172607422 17.87908172607422 17.87908172607422 17.87908172607422 0
17.87908172607422 17.87908172607422 17.87908172607422 17.87908172607422 0
17.87908172607422 17.87908172607422 17.87908172607422 17.87908172607422 0
17.859867319607254 17.859867319607254 17.03364372253418 17.03364372253418 2700
17.216182708740234 17.216182708740234 17.216182708740234 17.216182708740234 1000
17.225788116455078 17.225788116455078 17.225788116455078 17.225788116455078 100
17.581256866455078 17.581256866455078 17.581256866455078 17.581256866455078 300
17.581256866455078 17.581256866455078 17.581256866455078 17.581256866455078 0
17.955937797258787 17.955937797258787 17.638898849487305 17.638898849487305 3100
17.667719405916227 17.69654179478134 17.638898849487305 17.638898849487305 11700
17.225787468776247 17.225787468776247 17.148929595947266 17.148929595947266 400
17.975153013483062 18.09044075012207 17.975153013483062 18.09044075012207 700
18.465122371762288 18.465122371762288 18.407479420646432 18.455514907836914 2200
18.38826560974121 18.38826560974121 18.38826560974121 18.38826560974121 200
19.003131335228684 19.26252555847168 19.003131335228684 19.26252555847168 500
19.003129766428028 19.003129766428028 18.897449493408203 18.897449493408203 1300
18.80137765186918 18.839807510375977 18.80137765186918 18.839807510375977 600
18.70530302066318 18.70530302066318 18.484336853027344 18.484336853027344 700
18.484336853027344 18.484336853027344 18.484336853027344 18.484336853027344 0
18.9935245513916 18.9935245513916 18.9935245513916 18.9935245513916 100
18.9935245513916 18.9935245513916 18.9935245513916 18.9935245513916 0
19.531527012087686 19.541134475996472 19.502704620361328 19.502704620361328 3300
18.887842178344727 18.887842178344727 18.887842178344727 18.887842178344727 200
18.88784093996771 18.88784093996771 18.83019799093422 18.84941291809082 2400
18.926271438598633 18.926271438598633 18.926271438598633 18.926271438598633 300
19.493099212646484 19.493099212646484 19.493099212646484 19.493099212646484 200
19.493099212646484 19.493099212646484 19.493099212646484 19.493099212646484 0
19.26252555847168 19.26252555847168 19.26252555847168 19.26252555847168 400
19.493097581306085 19.589168548583984 19.493097581306085 19.589168548583984 700
19.819743812210685 19.838958740234375 19.7813157885997 19.838958740234375 1700
19.838958740234375 19.838958740234375 19.838958740234375 19.838958740234375 100
19.838958740234375 19.838958740234375 19.838958740234375 19.838958740234375 300
19.97346305847168 19.97346305847168 19.97346305847168 19.97346305847168 200
19.98306655883789 19.98306655883789 19.98306655883789 19.98306655883789 500
19.790919843143143 19.790919843143143 19.46427345275879 19.46427345275879 300
19.46427345275879 19.46427345275879 19.46427345275879 19.46427345275879 100
19.666025161743164 19.666025161743164 19.666025161743164 19.666025161743164 900
19.666025161743164 19.666025161743164 19.666025161743164 19.666025161743164 0
19.886995315551758 19.886995315551758 19.886995315551758 19.886995315551758 1300
19.886995315551758 19.886995315551758 19.886995315551758 19.886995315551758 0
19.56995501122373 19.704455828314604 19.56995501122373 19.617990493774414 1800
19.617990493774414 19.617990493774414 19.617990493774414 19.617990493774414 100
19.983066436578245 19.983066436578245 19.867780536764403 19.87738800048828 1000
19.685243606567383 19.685243606567383 19.685243606567383 19.685243606567383 200
19.848565460943526 19.90620841041955 19.67563478007913 19.886995315551758 8900
19.886995315551758 19.886995315551758 19.886995315551758 19.886995315551758 0
20.1848201751709 20.1848201751709 20.1848201751709 20.1848201751709 500
20.300105649412757 20.444215774536133 20.300105649412757 20.444215774536133 1200
20.309712596174414 20.47303581237793 20.309712596174414 20.47303581237793 1100
20.47303581237793 20.47303581237793 20.47303581237793 20.47303581237793 100
20.47303581237793 20.47303581237793 20.47303581237793 20.47303581237793 0
20.828506474626547 21.126330542551962 20.828506474626547 21.059080123901367 1300
21.030256271362305 21.030256271362305 21.030256271362305 21.030256271362305 300
20.89575380352051 20.89575380352051 20.780466079711914 20.780466079711914 600
20.242464065551758 20.242464065551758 20.242464065551758 20.242464065551758 200
20.242464065551758 20.242464065551758 20.242464065551758 20.242464065551758 100
20.242464065551758 20.242464065551758 20.242464065551758 20.242464065551758 100
20.89575400852481 20.89575400852481 20.886146545410156 20.886146545410156 400
20.82850456237793 20.82850456237793 20.82850456237793 20.82850456237793 500
20.9918290675427 20.9918290675427 20.982221603393555 20.982221603393555 2800
21.203188241092704 21.203188241092704 21.145545287384838 21.18397331237793 900
21.174367084633023 21.222402572631836 21.174367084633023 21.222402572631836 700
21.078294128254328 21.232009887695312 21.039864272175883 21.232009887695312 3500
21.116721855869645 21.251224517822266 21.116721855869645 21.251224517822266 1100
20.953399210946117 20.982221603393555 20.94379174679697 20.982221603393555 700
20.86693243547659 20.86693243547659 20.838111877441406 20.838111877441406 3600
21.135938307112223 21.135938307112223 20.99183000332376 21.039865493774414 3000
21.059078989649826 21.059078989649826 20.895755767822266 20.895755767822266 800
20.895755767822266 20.895755767822266 20.895755767822266 20.895755767822266 300
21.31847662076012 21.31847662076012 21.260831832885742 21.260831832885742 400
21.654730628268553 21.721981048583984 21.63551569891085 21.721981048583984 1400
21.981372833662277 21.981372833662277 21.61629837843185 21.635513305664062 1300
21.92373099926091 21.933338463365573 21.91412353515625 21.91412353515625 1200
22.087055505904555 22.087055505904555 21.83726692199707 21.83726692199707 3400
22.173517671830783 22.231160619091256 21.981372071047545 22.144695281982422 5900
22.144696099765262 22.24076890370476 22.01980273734934 22.096660614013672 2900
22.327233419482873 22.327233419482873 22.144695281982422 22.144695281982422 700
22.0966622228151 22.250377987335423 22.0966622228151 22.115877151489258 3300
22.0678399383021 22.0678399383021 21.990982055664062 21.990982055664062 700
22.48095179179459 22.48095179179459 22.26959307220582 22.336843490600586 6200
22.346449773343487 22.346449773343487 22.00058840281757 22.058231353759766 8300
22.423309930871802 22.423309930871802 22.154306411743164 22.154306411743164 2300
22.461736862985664 22.461736862985664 22.221555750183505 22.336843490600586 3100
22.039020538330078 22.039020538330078 21.942947721863483 22.039020538330078 4700
21.856478992323083 22.596237182617188 21.856478992323083 22.596237182617188 13400
22.31762822159347 22.31762822159347 22.07744711245251 22.24077033996582 2900
22.5193827882265 22.5193827882265 22.039020538330078 22.039020538330078 2600
21.808444798492772 21.942945629257295 21.79883733451868 21.933338165283203 2200
22.039020538330078 22.039020538330078 22.039020538330078 22.039020538330078 400
22.087055244913035 22.211950451609212 22.087055244913035 22.202342987060547 3000
22.135091749579065 22.25998511922289 22.135091749579065 22.250377655029297 2000
22.38487610311454 22.39448356628418 22.38487610311454 22.39448356628418 6900
22.298411902833852 22.31762683015188 22.21194839477539 22.21194839477539 4000
22.73073959350586 22.73073959350586 22.73073959350586 22.73073959350586 700
22.05823120499161 22.067838668823242 22.01980318210144 22.067838668823242 2900
22.356057917718957 22.356057917718957 22.019804000854492 22.019804000854492 2200
22.192733393410126 22.192733393410126 21.577868548339115 21.866086959838867 80500
21.11672148600684 21.270437240600586 21.11672148600684 21.270437240600586 4200
21.597085840195447 21.721981048583984 21.597085840195447 21.721981048583984 800
21.135937079935598 21.232009887695312 20.972613856475004 21.232009887695312 2400
21.135938163397853 21.5106201171875 21.135938163397853 21.5106201171875 1700
21.38572474895427 21.702763718540485 21.38572474895427 21.635513305664062 2100
21.683548914426062 21.741191864013672 21.683548914426062 21.741191864013672 600
21.491405370350893 23.066992780622552 20.905362907168037 21.030256271362305 5000
20.280891397271418 20.396177291870117 20.280891397271418 20.396177291870117 3100
20.607539757444336 20.626752853393555 20.58832482905869 20.626752853393555 900
20.559500408239167 20.559500408239167 20.521072387695312 20.521072387695312 400
20.38657087552771 20.38657087552771 19.98306655883789 19.98306655883789 3800
20.223250226888556 20.223250226888556 20.059926986694336 20.059926986694336 500
20.107961654663086 20.107961654663086 20.107961654663086 20.107961654663086 500
19.45467058873928 19.762102127075195 18.993523281235408 19.762102127075195 1300
19.86778165554545 19.925424608698318 19.810138702392578 19.810138702392578 600
19.992673873901367 19.992673873901367 19.992673873901367 19.992673873901367 500
19.992673873901367 19.992673873901367 19.992673873901367 19.992673873901367 100
19.992673873901367 19.992673873901367 19.992673873901367 19.992673873901367 200
19.992673873901367 19.992673873901367 19.992673873901367 19.992673873901367 0
19.992673873901367 19.992673873901367 19.992673873901367 19.992673873901367 100
20.290501088711576 20.290501088711576 20.26167869567871 20.26167869567871 700
20.732431411743164 20.732431411743164 20.732431411743164 20.732431411743164 3000
20.876539727649387 20.96300506591797 20.876539727649387 20.96300506591797 600
20.674789577562958 20.674789577562958 20.607539162590857 20.66518211364746 600
20.66518211364746 20.66518211364746 20.66518211364746 20.66518211364746 100
20.300881206500687 20.425838470458984 20.281656447930523 20.425838470458984 900
20.368165969848633 20.368165969848633 20.368165969848633 20.368165969848633 700
20.896836347914512 20.896836347914512 20.714204788208008 20.714204788208008 83600
20.848773956298828 20.848773956298828 20.848773956298828 20.848773956298828 200
21.069853544028618 21.435114795686413 21.060241164593688 21.13713836669922 12400
21.387054731885673 21.387054731885673 21.13713836669922 21.13713836669922 500
21.069853966409298 21.069853966409298 20.944896697998047 20.944896697998047 800
20.94489547490075 20.94489547490075 20.493122825653735 20.531572341918945 3500
20.531572341918945 20.531572341918945 20.531572341918945 20.531572341918945 100
20.95450782775879 20.95450782775879 20.95450782775879 20.95450782775879 100
21.002568606713595 21.021793365478516 21.002568606713595 21.021793365478516 1300
21.45433807373047 21.45433807373047 21.45433807373047 21.45433807373047 300
21.348604926138364 21.454339265122258 21.24287242052836 21.387054443359375 8600
21.27170968519647 21.4158935546875 21.27170968519647 21.4158935546875 1600
21.329382600283026 21.3389949798584 21.329382600283026 21.3389949798584 1100
21.3389949798584 21.3389949798584 21.3389949798584 21.3389949798584 100
20.95450782775879 20.95450782775879 20.95450782775879 20.95450782775879 2200
21.146751403808594 21.146751403808594 21.146751403808594 21.146751403808594 600
21.15636444091797 21.15636444091797 21.15636444091797 21.15636444091797 500
20.92567253112793 20.92567253112793 20.92567253112793 20.92567253112793 400
21.108302540755176 21.15636444091797 21.108302540755176 21.15636444091797 400
21.15636444091797 21.15636444091797 21.15636444091797 21.15636444091797 100
21.233261043696174 21.252485803214327 21.204423904418945 21.204423904418945 600
21.204423904418945 21.204423904418945 21.204423904418945 21.204423904418945 100
21.26209777662936 21.3389949798584 21.26209777662936 21.3389949798584 200
21.271708729358505 21.271708729358505 21.15636383899754 21.204423904418945 1400
21.3389949798584 21.348605526059828 21.3389949798584 21.3389949798584 1700
21.521625518798828 21.521625518798828 21.521625518798828 21.521625518798828 100
21.463953480922708 21.463953480922708 20.339330673217773 20.339330673217773 200
21.64658480739409 21.685032494123757 21.598522907264467 21.636972427368164 62700
22.252149904414367 22.252149904414367 21.483177842218772 21.49279022216797 9300
22.252149904414367 22.252149904414367 21.483177842218772 21.49279022216797 100
21.252487182617188 21.252487182617188 21.252487182617188 21.252487182617188 300
20.91606150308395 21.204425585217926 20.91606150308395 21.03140640258789 1700
20.800711927547216 20.839161444376703 20.791099548339844 20.791099548339844 1600
20.791099548339844 20.791099548339844 20.791099548339844 20.791099548339844 3000
20.166311699694788 20.166311699694788 19.974069595336914 19.974069595336914 300
19.974069595336914 19.974069595336914 19.974069595336914 19.974069595336914 0
20.416228279831223 20.666144667913205 20.416228279831223 20.656532287597656 3200
20.5700205515073 20.59885768944459 20.32971656881826 20.483510971069336 2100
20.5700205515073 20.59885768944459 20.32971656881826 20.483510971069336 100
20.656532944085992 20.66614532470703 20.656532944085992 20.66614532470703 1300
20.079800309847233 20.137474586017735 20.079800309847233 20.089412689208984 2100
20.166312132313987 20.166312132313987 19.8106632232666 19.8106632232666 1400
19.8106632232666 19.8106632232666 19.8106632232666 19.8106632232666 0
20.89683598408545 20.906448364257812 20.89683598408545 20.906448364257812 600
21.041018241527237 21.10830307006836 20.8776114436242 21.10830307006836 2400
21.10830307006836 21.10830307006836 21.10830307006836 21.10830307006836 0
21.0025691986084 21.0025691986084 21.0025691986084 21.0025691986084 200
20.64691734313965 20.64691734313965 20.64691734313965 20.64691734313965 300
20.685367948173973 20.944896697998047 20.685367948173973 20.944896697998047 400
20.839162826538086 20.839162826538086 20.839162826538086 20.839162826538086 600
20.839162826538086 20.839162826538086 20.839162826538086 20.839162826538086 0
21.233261108398438 21.233261108398438 21.233261108398438 21.233261108398438 200
21.233261108398438 21.233261108398438 21.233261108398438 21.233261108398438 0
21.233261108398438 21.233261108398438 21.233261108398438 21.233261108398438 0
21.233261108398438 21.233261108398438 21.233261108398438 21.233261108398438 0
21.233261108398438 21.233261108398438 21.233261108398438 21.233261108398438 0
21.233261108398438 21.233261108398438 21.233261108398438 21.233261108398438 0
21.233261108398438 21.233261108398438 21.233261108398438 21.233261108398438 0
21.223649321585253 21.223649321585253 21.21403694152832 21.21403694152832 900
21.377444852563173 21.57930117755618 21.377444852563173 21.56968879699707 13300
21.56968879699707 21.56968879699707 21.56968879699707 21.56968879699707 100
21.56968879699707 21.56968879699707 21.56968879699707 21.56968879699707 0
21.60813510492802 21.60813510492802 21.521625518798828 21.521625518798828 700
21.521625518798828 21.521625518798828 21.521625518798828 21.521625518798828 100
21.512012481689453 21.512012481689453 21.512012481689453 21.512012481689453 100
21.512012481689453 21.512012481689453 21.512012481689453 21.512012481689453 0
21.512012481689453 21.512012481689453 21.512012481689453 21.512012481689453 0
21.512012481689453 21.512012481689453 21.512012481689453 21.512012481689453 0
20.810325622558594 20.810325622558594 20.810325622558594 20.810325622558594 100
21.12927651177799 21.12927651177799 20.72690773010254 20.72690773010254 600
20.933000564575195 20.933000564575195 20.933000564575195 20.933000564575195 100
20.913369128695283 20.913369128695283 20.31472396850586 20.31472396850586 800
20.63858413696289 20.63858413696289 20.63858413696289 20.63858413696289 200
20.569884365960036 20.569884365960036 20.39323616027832 20.39323616027832 300
20.32453727722168 20.32453727722168 20.32453727722168 20.32453727722168 600
20.32453727722168 20.32453727722168 20.32453727722168 20.32453727722168 100
20.32453727722168 20.32453727722168 20.32453727722168 20.32453727722168 100
20.60914053620124 20.766162409586336 20.60914053620124 20.677837371826172 5700
20.589514838874805 20.589514838874805 20.29509925842285 20.29509925842285 900
20.29509925842285 20.29509925842285 20.29509925842285 20.29509925842285 100
20.736721815295102 20.844675064086914 20.736721815295102 20.844675064086914 1100
21.247041091780584 21.247041091780584 21.09001922607422 21.09001922607422 2900
21.09001922607422 21.09001922607422 21.09001922607422 21.09001922607422 0
21.394249467009214 21.453134072214556 21.364809036254883 21.364809036254883 2500
21.364809036254883 21.364809036254883 21.364809036254883 21.364809036254883 100
21.472760684680768 21.5022029876709 21.472760684680768 21.5022029876709 1100
21.5022029876709 21.5022029876709 21.5022029876709 21.5022029876709 100
21.5022029876709 21.5022029876709 21.5022029876709 21.5022029876709 100
21.305925369262695 21.305925369262695 21.305925369262695 21.305925369262695 300
20.46193340122617 20.766163056404793 20.46193340122617 20.71709442138672 2600
20.71709442138672 20.71709442138672 20.71709442138672 20.71709442138672 100
20.932998146709902 21.0802059173584 20.932998146709902 21.0802059173584 700
21.404064178466797 21.404064178466797 21.404064178466797 21.404064178466797 100
21.29611206436355 21.29611206436355 21.1783447265625 21.1783447265625 400
21.13909149169922 21.13909149169922 21.13909149169922 21.13909149169922 100
21.13909149169922 21.13909149169922 21.13909149169922 21.13909149169922 100
21.13909149169922 21.13909149169922 21.13909149169922 21.13909149169922 0
21.992896427037103 21.992896427037103 21.835874557495117 21.835874557495117 400
21.76717758178711 21.76717758178711 21.76717758178711 21.76717758178711 600
21.76717758178711 21.76717758178711 21.76717758178711 21.76717758178711 100
21.973268508911133 21.973268508911133 21.973268508911133 21.973268508911133 600
22.071407318115234 22.071407318115234 22.071407318115234 22.071407318115234 200
22.071407318115234 22.071407318115234 22.071407318115234 22.071407318115234 100
22.071407318115234 22.071407318115234 22.071407318115234 22.071407318115234 100
22.071407318115234 22.071407318115234 22.071407318115234 22.071407318115234 100
22.071407318115234 22.071407318115234 22.071407318115234 22.071407318115234 0
21.914386749267578 21.914386749267578 21.914386749267578 21.914386749267578 200
21.914386749267578 21.914386749267578 21.914386749267578 21.914386749267578 0
21.914386749267578 21.914386749267578 21.914386749267578 21.914386749267578 0
21.914386749267578 21.914386749267578 21.914386749267578 21.914386749267578 0
22.16954803466797 22.16954803466797 22.16954803466797 22.16954803466797 1000
22.48358917236328 22.48358917236328 22.48358917236328 22.48358917236328 400
22.522848938496697 22.522848938496697 22.375639282914886 22.395267486572266 900
22.395267486572266 22.395267486572266 22.395267486572266 22.395267486572266 100
22.67005650373465 22.67987060546875 22.67005650373465 22.67987060546875 100
22.571914672851562 22.571914672851562 22.571914672851562 22.571914672851562 1000
22.905589082460008 22.905589082460008 22.1891765102435 22.306941986083984 1300
22.306941986083984 22.306941986083984 22.306941986083984 22.306941986083984 0
22.44433752331261 22.44433752331261 22.40508111682411 22.42470932006836 600
22.483592515091644 22.542475254173112 22.43452387783184 22.51303482055664 7800
22.7681946690471 22.7681946690471 22.738752365112305 22.738752365112305 300
22.728938933421077 22.728938933421077 22.5424747467041 22.5424747467041 1700
22.935029752845143 22.935029752845143 22.4443359375 22.4443359375 3200
22.630798480168917 22.699495315551758 22.630798480168917 22.699495315551758 500
22.993914969785116 22.993914969785116 22.699497525673557 22.83689308166504 5400
22.94530185728714 23.412762629934925 22.94530185728714 23.10443687438965 15500
23.522165335195513 23.552003860473633 23.522165335195513 23.552003860473633 200
23.77081483451367 23.77081483451367 23.711139678955078 23.711139678955078 1100
23.870275462687225 23.929950620173006 23.830490759670667 23.840436935424805 3600
23.959789276123047 24.059249137159586 23.860329415086508 23.959789276123047 4600
24.44714128488021 24.44714128488021 24.089086532592773 24.089086532592773 5100
24.5366520195104 24.5366520195104 24.24821863776625 24.337732315063477 4900
24.317843192063457 24.41730115268685 24.317843192063457 24.38746452331543 1800
24.417301116998328 24.566491851793355 24.35762596130371 24.35762596130371 6100
24.745517645579202 24.745517645579202 24.42724761495398 24.656005859375 5800
24.62616704348177 24.67589602379347 24.317843192063457 24.38746452331543 9900
24.347679210882685 24.40735626220703 24.307896407038736 24.40735626220703 3300
24.92454416336748 25.16324667820841 24.904653709909955 25.053842544555664 8900
25.203031115942725 25.203031115942725 24.815139770507812 24.815139770507812 6100
25.053844267231415 25.053844267231415 24.805195560045426 24.87481689453125 1900
25.46162700005073 25.46162700005073 25.08367991755871 25.153303146362305 12000
25.153303852438317 25.4516815389591 25.153303852438317 25.222925186157227 4400
25.46162731275048 25.571031450993143 25.312438471845734 25.45168113708496 17700
25.62076132174827 25.829625311393237 25.62076132174827 25.700328826904297 3600
26.406490694173375 26.406490694173375 25.929085654267453 26.147897720336914 8100
26.316978715090887 26.316978715090887 25.789844660805716 25.93903350830078 1000
26.008652318500275 26.06832747229589 25.899248186048133 25.95892333984375 6800
26.64519431252311 26.64519431252311 25.958923402578723 26.018598556518555 9800
26.17773427818122 26.17773427818122 26.02854544074798 26.088220596313477 5100
25.819679689975462 25.819679689975462 25.610815695850164 25.62076187133789 60000
26.1777358351848 26.1777358351848 25.67049224011068 25.73016929626465 3000
25.561086521874724 25.561086521874724 24.974275451815696 25.441734313964844 6800
25.332326889038086 25.571029394698222 25.133409082840746 25.332326889038086 5400
24.357626188252752 24.735573270931106 24.2681125053573 24.566492080688477 42000
24.795247420219116 24.84497639890192 24.795247420219116 24.815139770507812 500
25.193084716796875 25.29254457031709 25.193084716796875 25.193084716796875 4300
24.954383334156052 25.06378936767578 24.665949935618226 25.06378936767578 3100
24.815139570210132 24.815139570210132 24.52670618446895 24.636112213134766 3900
24.636112213134766 24.636112213134766 24.636112213134766 24.636112213134766 0
25.84951833853026 25.859464514064964 25.7401123046875 25.7401123046875 1900
26.07827390208617 26.07827390208617 25.511355192894573 25.610815048217773 6700
26.177734056618416 26.177734056618416 25.779896527817325 25.879356384277344 8200
25.551140443551766 25.551140443551766 25.451680586088766 25.531248092651367 1100
25.511356353759766 25.511356353759766 25.511356353759766 25.511356353759766 300
25.939031697981086 26.028545379638672 25.939031697981086 26.028545379638672 3000
26.40648920572835 26.595462734762265 26.35676022826416 26.53578758239746 3600
26.38659977424024 26.4562211042003 26.31697654724121 26.31697654724121 1200
26.824221328404512 26.824221328404512 26.247356414794922 26.247356414794922 2000
26.665084838867188 26.665084838867188 26.665084838867188 26.665084838867188 300
26.02854514886584 26.476113553185556 26.02854514886584 26.406490325927734 8200
26.645194975831025 26.645194975831025 25.909193171748896 26.028545379638672 2000
26.446275126132893 26.446275126132893 25.760004202622184 25.90919303894043 2400
25.02400453356124 25.043896884466914 23.621626044374146 24.94443702697754 5200
25.123464329468735 25.15330285575411 24.705734446668487 24.884761810302734 4400
24.944436352891618 24.984221053627845 24.825084147721885 24.904653549194336 2900
24.168652457050367 24.38746452331543 24.15870817861923 24.38746452331543 2800
23.939896889904514 23.939896889904514 23.671355834605734 23.929950714111328 1900
24.566492717692846 24.57643699645996 23.96973544859571 24.57643699645996 3400
24.93449043324104 24.93449043324104 24.35762554592655 24.55654525756836 3500
24.775356540258766 25.0339514182417 24.665950504217015 25.01405906677246 4400
25.014057359868275 25.302490745373003 24.934489856459887 25.193084716796875 2100
24.815141145993334 24.815141145993334 24.258166689270734 24.307897567749023 4800
23.59178866799641 23.59178866799641 22.8955734257118 23.024869918823242 2300
23.850382340938122 23.850382340938122 23.422706282517062 23.711139678955078 3600
23.44259771429073 23.44259771429073 22.776219162722395 22.87567901611328 5200
21.274381769791194 21.453409133992132 21.264435594331253 21.393733978271484 2000
22.099895560468607 22.099895560468607 21.115246945585447 21.57276153564453 5500
19.981410298896293 19.991356474847173 19.38465302111715 19.941625595092773 1000
20.14054507784559 20.31957244873047 20.14054507784559 20.31957244873047 600
19.275244926868687 19.275244926868687 19.1757869720459 19.1757869720459 300
19.94162391046501 20.379246130138828 19.444326537166244 19.563678741455078 2300
20.38919355844387 20.38919355844387 19.98140983903812 20.110706329345703 600
20.051031633513357 20.060977809464237 19.533841866302165 19.941625595092773 2200
20.8964373110907 21.65232959886956 20.8964373110907 21.493194580078125 2700
22.08994840518111 22.587245778340943 22.010380901357095 22.43805694580078 9000
22.627031612107274 22.97514017016288 22.597193085289128 22.895572662353516 3900
22.13967970095715 22.239139556884766 21.960652339695233 22.239139556884766 1800
22.189408133818535 22.41816636592883 22.099894455392533 22.318706512451172 3400
22.656868629133886 22.736436131641092 22.57730112662668 22.66681480407715 2300
22.646922248802618 22.646922248802618 21.801516356681343 21.93081283569336 2200
22.05016624170288 22.139679923232524 21.80151754790697 21.86119270324707 800
21.78162620894491 21.78162620894491 21.36389630808124 21.612545013427734 2400
22.378381891286516 22.607138228663654 22.378381891286516 22.527570724487305 1500
23.01492290460909 23.034815255759874 22.756328030765964 22.835895538330078 1200
23.074600681478156 23.074600681478156 22.726492113581894 22.905519485473633 1000
22.905519485473633 22.905519485473633 22.905519485473633 22.905519485473633 0
23.353084564208984 23.353084564208984 23.104435873626592 23.353084564208984 1600
24.128868587143817 24.297949768594822 23.68130019593853 23.989625930786133 2100
23.900114083770838 24.158708963276432 23.57189787075202 23.929950714111328 3700
25.004112422578448 25.004112422578448 24.536653554043657 24.566492080688477 1400
25.04389620769324 25.04389620769324 24.795247519208658 24.904653549194336 6600
25.640654161336695 25.640654161336695 25.183139575184203 25.561086654663086 7200
25.262707321452673 25.262707321452673 23.740978504757777 24.596328735351562 10100
25.153303231584612 25.242815017700195 25.153303231584612 25.242815017700195 4700
25.76000527009239 25.76000527009239 25.033951512094692 25.103572845458984 2100
25.76000401473704 25.76000401473704 25.133410147954983 25.143356323242188 1500
25.939030521614708 25.939030521614708 25.431786980905503 25.54119300842285 3600
25.38205800314611 25.610814336101562 25.38205800314611 25.54119300842285 37700
25.859464705449668 26.167788561151408 25.859464705449668 25.919139862060547 1000
26.04843727341648 26.04843727341648 25.372112533665465 25.610815048217773 7500
25.103572631737546 25.143357334486463 24.65600610804647 24.89470863342285 6400
24.28800343348322 24.994164782687392 24.28800343348322 24.984220504760742 3300
25.083680191067437 25.73016832916262 25.083680191067437 25.421842575073242 4700
25.700329877392036 26.118059770795433 25.700329877392036 26.098167419433594 800
26.774492537367763 26.774492537367763 26.34681646272565 26.42638397216797 700
27.043032916967633 27.122600424420522 26.963465409514743 27.00324821472168 2200
27.39114065789166 27.470708162975427 27.341409781564955 27.430923461914062 1300
27.828761766954276 27.84865411804224 27.56022071838379 27.56022071838379 6300
27.818814583386708 28.176869301839794 27.609950595648368 27.808868408203125 14300
27.898384035792766 28.017736249290422 27.16238409416793 27.838708877563477 9900
27.958061183983354 28.08735767674973 27.5900602634283 27.92822265625 5800
29.002384090479474 29.002384090479474 28.455357711667048 28.912870407104492 5900
29.251032206549603 29.26097838195297 28.75373481861501 28.962600708007812 14700
29.539464950561523 29.788113639044234 29.300760540223852 29.539464950561523 15300
29.95719659192752 29.95719659192752 29.171465779349703 29.390275955200195 5000
29.390276241107948 29.390276241107948 28.7040071795667 29.04216957092285 7200
29.877626625496802 29.947247953130507 29.499679565429688 29.499679565429688 11900
29.52951869155969 29.52951869155969 28.345950406570577 28.892976760864258 8500
29.360438103667924 29.360438103667924 28.84324836730957 28.84324836730957 3300
29.13168240140364 29.529519939248484 29.111790050251646 29.440006256103516 1800
29.967141650711607 31.39935874938965 29.738385293135277 31.39935874938965 7900
30.842383264367957 30.842383264367957 30.056652505385163 30.44454574584961 31200
31.01146552676691 31.01146552676691 30.43460063056766 30.842384338378906 15000
31.061194869864266 31.061194869864266 30.48432996692453 30.583789825439453 8100
30.732978915796405 30.8722234776706 30.6931961102888 30.822492599487305 6100
30.036762848287783 30.82249173105543 30.036762848287783 30.603681564331055 13400
30.404760700506515 30.732976886690082 30.404760700506515 30.703140258789062 5700
30.742925108531736 31.478925032702588 30.742925108531736 31.43914222717285 3400
31.389411835434448 31.389411835434448 30.384870844473177 30.683250427246094 16300
31.011466887134194 31.190494258814695 30.53406182734558 30.921953201293945 10800
30.205843310154965 31.2899498394346 30.205843310154965 31.091032028198242 7400
31.886708297288973 33.895790100097656 31.608221090936446 33.895790100097656 13500
32.54314207711835 32.54314207711835 32.135358373324145 32.33427429199219 20500
32.712221757658355 32.811683512258725 32.453628783853375 32.69232940673828 10100
33.6073612385848 33.6073612385848 32.60281830504372 32.73211669921875 11500
33.69686970401441 33.69686970401441 33.07027397684816 33.29903030395508 11900
34.07481761044206 34.27373733761635 33.97535964389403 34.01514434814453 20200
34.0051932880932 34.03503371069907 33.239354871892765 33.61730194091797 20800
33.44822655999576 33.736656188964844 33.31892816447824 33.736656188964844 7200
34.05492585937527 34.05492585937527 33.23935467502152 33.43827438354492 11700
33.328868301607905 33.597409338579446 32.81168237197144 33.37860107421875 27400
34.054926779349834 34.054926779349834 33.47805998845601 33.68692398071289 11000
33.955465412887584 35.41752096352776 33.61730303362653 34.044979095458984 15700
35.49708465738851 35.49708465738851 34.95005831301576 35.248435974121094 30000
36.093843741238786 37.108330823347444 35.77557373046875 35.77557373046875 45900
36.11373777454165 36.17341103304395 35.526926703441774 35.566707611083984 73700
36.96909009999776 36.96909009999776 36.32260570039553 36.91936111450195 28600
37.82443969817486 37.82443969817486 37.14811491869935 37.52606201171875 69500
37.97363181548717 37.97363181548717 37.048658298076056 37.60563278198242 36700
37.715034756077756 37.794604164951004 36.054063183670365 36.07395553588867 42100
36.18335872925231 36.18335872925231 34.59200482369458 35.795467376708984 29100
36.750274669175795 36.750274669175795 35.80540895190716 36.22313690185547 14700
35.62638481420403 35.62638481420403 34.72130371367417 35.09925079345703 15800
35.19870951255798 35.407573510855144 35.09925154977212 35.228546142578125 12900
35.60649543756168 36.79006575609831 35.457308484135574 36.143577575683594 24300
37.56584614621477 37.56584614621477 36.76022299031093 36.98897933959961 34200
36.9889766704638 36.9889766704638 35.88497970636443 36.30270767211914 20700
36.78011696628661 36.84973830201158 35.58660239173567 36.07395553588867 90600
34.82076167431693 35.377736118519145 34.57211297863204 35.09925079345703 17800
35.33795229536888 35.97449236509835 35.09925166625938 35.93471145629883 13900
36.75027875184619 36.75027875184619 35.78552057824893 35.81535720825195 14600
37.12822634097685 37.12822634097685 36.37233215534848 36.87957763671875 38200
36.65081756729435 36.65081756729435 35.9148195258222 36.352439880371094 18300
36.441951114065375 36.58119377232286 36.12368109688315 36.4320068359375 15400
37.476334388667354 37.61557706112438 37.088443002800425 37.60563278198242 70800
37.615575737114284 38.172550201416016 37.46638499668832 38.172550201416016 19600
38.4311385898163 38.669842987141344 38.23221889105838 38.63005828857422 25700
38.87870885663462 42.678060491010896 37.993520137840676 38.600223541259766 24300
37.38681844891603 37.744873181719385 37.038711788733906 37.27741241455078 24700
37.038713178821666 37.12822686538201 36.20325336895116 36.770172119140625 57100
37.45643861679397 37.45643861679397 36.203250885009766 36.203250885009766 22500
37.21773394250792 37.406709374328045 36.7801136158048 37.13816833496094 16300
37.49622277914102 37.49622277914102 36.611034059984206 36.89946365356445 19000
36.49167976055468 36.89946345348586 36.451898854327574 36.720436096191406 5600
37.10833598320726 37.615577697753906 36.88952389759818 37.615577697753906 6900
37.67525265539681 38.29190037836893 37.39676352721737 38.05319595336914 38000
38.252113731901936 38.33168313421895 37.78465677256224 38.02335739135742 14000
38.15265674684421 38.35157646363579 37.486276264704124 38.33168411254883 27500
38.51071057018936 38.66984558105469 38.033305537593364 38.66984558105469 24900
39.157197705170205 39.5351448059082 39.05773973901304 39.5351448059082 32000
39.96282084944404 40.13190015055644 39.28649605683805 40.12195587158203 93600
40.70876571222119 41.07676472809132 40.281089642124236 40.74855041503906 36200
41.37514154755204 41.37514154755204 40.28108880144042 40.559574127197266 23300
40.887792032552284 40.887792032552284 40.26119625850855 40.38054656982422 29500
39.913090339768935 40.04238493188186 39.74400725104564 39.86336135864258 76900
40.38054714229176 41.01709099784812 40.28108918046504 40.91762924194336 54800
41.69341064735534 41.69341064735534 40.4899518946015 40.897735595703125 34500
40.31092245181741 40.31092245181741 38.78919375699406 39.047786712646484 37400
38.291899208942475 38.85881793266551 37.416654736110516 38.73946762084961 23500
37.48627616686696 37.48627616686696 36.80995140798758 37.03871154785156 16300
37.79460247581736 37.79460247581736 37.20779139087708 37.57579040527344 21600
38.29190062743889 38.29190062743889 37.05860137939453 37.05860137939453 32500
37.81449391877032 37.81449391877032 37.068547835192966 37.32714080810547 10900
38.37146770989676 38.37146770989676 37.536007958689865 37.90400695800781 12500
38.55048913613525 38.55048913613525 38.24216720547722 38.281951904296875 10900
38.52065509545671 38.64995347826322 38.2421697731762 38.32173538208008 35900
37.79460021793112 37.94379094694883 37.545951532286836 37.83438491821289 12900
38.21232954835395 38.21232954835395 37.59568184835594 37.9139518737793 10100
37.55589695376538 37.774709017899326 36.98897823676192 37.73492431640625 24200
38.21232858923051 38.21232858923051 37.466382524478014 38.192440032958984 6200
38.25211242776372 38.50076111041025 37.884113439788635 38.00346374511719 23900
37.37687134074775 37.89405725555663 37.29730194211391 37.58573532104492 13200
37.25751942202759 37.92389989529107 37.138169111173674 37.854278564453125 32800
38.37146557960224 38.37146557960224 38.063139854866506 38.281951904296875 74900
38.10292730476551 38.500762939453125 38.10292730476551 38.500762939453125 19200
38.76930621219098 39.415794372558594 38.679792525279744 39.415794372558594 16500
39.07763330440081 39.495361328125 38.98811961444873 39.495361328125 43000
39.187032441988016 39.286490393708114 38.77924876941137 38.97816467285156 23100
39.28649403491142 39.43568477039672 39.13730329942612 39.38595199584961 12100
39.59482309144861 39.873308440598066 39.395903358879714 39.495361328125 20500
40.0324395992845 40.08216857910156 39.93298163965038 40.08216857910156 19800
40.36065781887729 40.36065781887729 40.00260309257447 40.20151901245117 8300
40.579467560682914 40.98725128173828 40.54963093043534 40.98725128173828 14200
41.45471320822606 41.623792509760435 41.15633551523245 41.474605560302734 18300
41.31546931727371 41.603902722747534 41.22595563261211 41.51438903808594 18200
41.20606038297881 41.72325010308387 41.17622375488281 41.17622375488281 19600
39.773848514885714 40.728658631355515 39.773848514885714 40.69881820678711 12200
40.947468461165215 41.27568658529016 40.947468461165215 40.95741653442383 10600
41.21600345905737 41.21600345905737 40.54962682382713 40.68886947631836 12300
41.06682068783597 41.23589998467639 40.947466578689436 40.98725128173828 12800
41.17622230632671 41.43481526024317 40.917625558332546 41.0369758605957 13200
40.97730598157889 41.06681966416843 40.430279607566334 40.6192512512207 18800
40.45016950182655 40.728658631355515 40.27114592480684 40.69881820678711 14900
39.98270901900331 40.4998987353697 39.85341064139226 40.3507080078125 12500
40.77838478674638 41.59395217895508 40.77838478674638 41.59395217895508 22500
41.484548042680395 41.484548042680395 40.6988172430325 40.9773063659668 16600
41.69341131237306 41.69341131237306 41.245846697108526 41.4944953918457 14500
40.86789910949214 40.94746471789598 40.2810880454618 40.43027877807617 29200
40.65903929163771 41.066823036009886 40.35071351649648 40.788333892822266 36000
41.146386515582435 41.146386515582435 40.17168405024416 40.5794677734375 27500
42.69795528728455 43.18530461710913 42.00173816488564 43.15546798706055 26800
44.62746565537094 44.62746565537094 43.49362824017708 44.12022399902344 55500
44.4484393990132 44.55784543198058 43.772114644376664 44.54790115356445 24500
45.323684840339496 45.323684840339496 42.85709018575862 43.03611755371094 75700
42.349846368029 42.349846368029 40.151789082261466 40.48000717163086 43100
39.78378891258704 41.13643834266745 39.72411186335017 41.10660171508789 38000
41.206063093661456 42.230494529178465 41.206063093661456 41.33536148071289 44600
41.99179430284487 42.499035989093734 41.892332544899325 42.339900970458984 50500
42.46919893029508 42.46919893029508 41.81276651078943 41.92217254638672 164500
41.98184463648559 41.98184463648559 41.38508928777614 41.434818267822266 22800
41.70335788113469 41.70335788113469 41.275681838081354 41.29557418823242 23300
41.14638518376505 41.78292523896803 41.11654855432679 41.73319625854492 57200
41.87243991538669 42.807361463478784 41.87243991538669 42.68800735473633 26400
42.81730244812307 42.956545103532214 42.30011273226212 42.5786018371582 24500
42.88692469130229 42.946601742356286 42.618383652676116 42.82725143432617 22600
42.56865699110757 42.668118748278545 42.41947004646825 42.628334045410156 21800
42.797415072820606 43.71244430541992 42.797415072820606 43.71244430541992 12900
43.83179251483565 43.83179251483565 42.6979550503444 42.91676712036133 22300
43.85168558770481 43.85168558770481 42.84714649297351 42.98638916015625 18200
42.77752066139178 43.065954063854456 42.240442353107234 42.91676712036133 35200
43.752224794265786 43.76216907238797 43.294708325009815 43.35438537597656 20200
43.46379160394314 43.67265559216254 43.44389925353017 43.53341293334961 14300
43.53341351945794 43.54335779775936 43.34444187910731 43.48368453979492 38800
43.722386255173014 43.97103495379535 43.722386255173014 43.91136169433594 27900
44.82638763563912 44.82638763563912 43.10573907529157 43.215145111083984 28700
44.716981049662365 44.716981049662365 43.165415598468925 43.91136169433594 19300
44.02076067495791 44.289301704873886 43.702490667815525 43.86162567138672 18200
44.59762974553006 45.16454846226357 43.51352129186672 43.60303497314453 25300
44.29925214548915 44.29925214548915 43.334494000583504 43.66271209716797 20500
44.25947102639822 44.67719904414148 44.070499369906486 44.657310485839844 26700
44.93579339729415 45.50271213014346 44.93579339729415 45.38336181640625 30500
45.40325312153614 45.40325312153614 44.82638632928857 45.015357971191406 28900
44.886063331028346 45.05514262189566 43.92130518360573 44.955684661865234 16700
45.094927962771486 45.14465694349162 44.58768628890128 44.96562957763672 44600
45.29384775086426 45.373413361325824 44.86617168665899 45.025306701660156 37700
44.2422771413902 44.36182287476912 43.83382573541274 44.192466735839844 34100
43.953369340805814 43.953369340805814 42.94718551635742 42.94718551635742 40800
43.57480934637669 44.461447486160175 43.55488442409848 44.192466735839844 26100
44.401672505614755 45.477595501717516 44.401672505614755 45.39789581298828 42700
45.57721551636328 45.57721551636328 44.949593779597656 45.21857452392578 24000
45.83622989997988 45.83622989997988 44.56106536053483 44.869895935058594 17500
44.89978356336909 46.49373931389482 44.89978356336909 46.41404342651367 55600
46.862341671420275 46.862341671420275 45.08906173706055 45.08906173706055 29700
45.4477054695544 45.58717612224248 45.039254072272044 45.51744079589844 34900
46.55351160874703 47.51984936887663 46.135099671550755 47.38037872314453 36900
46.22476233472955 46.67305977653561 46.20483741282635 46.21479797363281 22300
46.63321297997447 46.63321297997447 46.13510134130891 46.33434295654297 28400
46.563478484397756 47.23094626796533 46.28453337757659 46.71290969848633 22000
48.6555444560883 48.6555444560883 47.47004013783217 47.54973602294922 22200
47.46007564372263 47.46007564372263 46.683022714635385 46.852378845214844 23600
48.54595983282454 48.54595983282454 48.01796271210035 48.43637466430664 152300
49.67169125876591 50.36904828548064 49.67169125876591 50.28934860229492 39400
51.11621616508733 51.11621616508733 50.13991783918795 50.57825469970703 17400
50.478630493651565 50.79742543143601 50.40889516984282 50.66791534423828 203000
54.77235308502468 54.77235308502468 51.126176191560155 51.69402313232422 39200
51.75379884391896 51.75379884391896 50.55833017817021 50.66791534423828 61700
49.81116506122046 49.81116506122046 48.39652979762114 48.605735778808594 32900
48.32679039635372 49.512298550277144 48.32679039635372 49.313053131103516 49700
48.98429627869415 48.98429627869415 47.68920678994837 48.1474723815918 69500
49.24331644600891 50.2495002746582 49.24331644600891 50.2495002746582 28200
51.61432909766686 51.61432909766686 50.70776607203126 51.3453483581543 46100
52.441192891938655 52.441192891938655 51.474855093494234 51.7338752746582 23900
52.34157326003861 52.34157326003861 51.534631016375386 51.90323257446289 28100
52.222021535919396 52.461116790771484 51.94308023883376 52.461116790771484 30800
53.59681114727256 53.59681114727256 52.50096707077035 52.750022888183594 47600
52.799834223405846 53.96541364533039 52.799834223405846 53.82594299316406 27700
55.001484645739474 55.26050481855019 54.14473204385651 54.782318115234375 25000
56.216878427821754 56.216878427821754 55.36012582285053 55.778541564941406 42500
55.61914714892714 56.0076736173032 55.13099607308916 55.8482780456543 22100
57.04374412181743 57.04374412181743 55.658994351701395 56.017635345458984 28500
56.01763490235577 56.01763490235577 55.20073211205425 55.62910842895508 37700
54.95167391583469 55.12103384324612 54.09492131905826 55.09114456176758 47100
56.3264639967121 56.3264639967121 55.479671946075584 55.868202209472656 18200
54.792281111254376 54.792281111254376 53.15847551889251 53.31787109375 55000
51.90322964720594 55.37008989092918 50.199688806950796 52.481040954589844 69500
51.80361055214842 51.80361055214842 50.41886080120473 51.43500900268555 31200
51.405118237404814 51.53462832413096 49.572067303342074 49.77131271362305 26100
49.48240622919575 49.841047201631135 48.316826869070795 49.39274978637695 64600
51.066404766014614 51.30550003051758 50.69780320851742 51.30550003051758 44700
51.98293210381834 51.98293210381834 50.68784257373202 50.80738830566406 18100
51.06640450382128 51.06640450382128 49.542184076348 49.61191940307617 12300
48.75516641046098 49.01418659384271 46.822494597314616 47.42022705078125 237800
47.78882977329809 48.06777106285501 45.7864189438644 47.689205169677734 59900
45.01932714186163 47.011773634889565 44.67065052569778 44.869895935058594 74100
45.328158507578635 47.390340359834276 45.328158507578635 47.0516242980957 32800
46.742794012484545 47.27079492987477 45.98566599927902 46.54355239868164 29800
47.59954545711182 48.70535386773792 47.59954545711182 48.37660217285156 55900
47.81871591243614 47.81871591243614 46.49373716822314 47.17116928100586 15000
47.031697817126435 47.17116846140131 46.42400103825161 46.89222717285156 36200
47.619469801233066 48.10762085777559 47.31064303103375 47.489959716796875 18700
46.74279411357892 47.67924642175473 45.995626659331506 47.14128494262695 34700
47.24090681895845 47.24090681895845 46.424004021182 46.61328887939453 20800
46.702947994257975 47.141284865259266 46.6232483084631 46.742794036865234 16600
46.37419176731997 47.121359208684815 46.37419176731997 46.862342834472656 17400
47.45011655446761 47.45011655446761 46.194873075940016 46.314422607421875 14800
46.61328646332305 46.61328646332305 44.08287851342091 44.17253875732422 127800
43.67442661470107 44.88982017304938 43.1065796768508 43.485145568847656 37800
43.694352493731664 44.82008583393748 43.206201427532285 44.46144485473633 20300
43.385521395529025 43.79397277242192 43.33571099352552 43.7740478515625 13000
43.92348254733459 44.52121496773101 43.70431221972054 44.08287811279297 26500
43.83382510111312 45.19864995495286 43.83382510111312 45.009368896484375 17600
47.19109520462497 47.19109520462497 46.30445710295748 46.34430694580078 9300
47.19109641427262 47.19109641427262 46.37419361649618 46.61328887939453 18300
46.862341738441 47.51984891945247 46.862341738441 47.09147262573242 18700
46.573436543985665 46.573436543985665 45.507477979515514 45.67683410644531 31500
46.85237802976722 46.85237802976722 46.055400193255224 46.57343673706055 40600
46.53358797202371 46.53358797202371 46.04544069849052 46.24468231201172 3900
46.1550258019401 46.1550258019401 45.65691416824918 45.846195220947266 37000
45.94581797416816 46.26460912921344 45.88604700777862 46.095252990722656 15800
47.081511139895575 47.081511139895575 46.01555252075195 46.01555252075195 24400
47.23094391234418 47.23094391234418 46.33434147136925 46.47381591796875 11100
46.58339885035003 46.792608627144595 46.39411779545898 46.73283386230469 7200
46.57343852001688 46.57343852001688 45.826271057128906 45.826271057128906 8800
45.68679951811367 45.9358553342392 44.92966770892957 45.14883804321289 49400
44.411636866851076 45.39789581298828 44.411636866851076 45.39789581298828 17700
45.71668700716061 46.20483810032674 45.69676208496094 45.69676208496094 8700
46.204836346886225 46.732833464124255 46.204836346886225 46.64317321777344 6900
46.19487312900733 46.71290969848633 46.135102163488014 46.71290969848633 16700
47.18113402760663 47.18113402760663 46.79260756568624 47.16120910644531 56000
46.38415587350594 47.65932041701177 46.38415587350594 47.47003936767578 45200
48.56588603706099 48.56588603706099 46.48377918110153 46.70294952392578 63100
46.72287195949129 46.72287195949129 45.61706354360465 45.76649475097656 18200
45.98566658318605 46.1749476388183 45.377969772616424 45.52740478515625 18900
44.37178727433046 44.4913330078125 44.062956679187295 44.4913330078125 15700
44.770271631045006 44.86989623653984 44.30204928623471 44.46144485473633 12100
44.20242498324378 44.33193507112831 43.55488214440139 44.05299377441406 11500
44.28212699393591 44.790199211105744 44.21239166609477 44.29208755493164 15600
43.764088576121104 43.764088576121104 42.34944955589147 42.439109802246094 30600
41.074284252855534 42.698129218840506 40.84515336076896 42.45903396606445 25400
41.59232058818368 42.09043221199426 41.22371905064507 41.363189697265625 11600
41.23368172798144 41.32334197688221 39.86885687274989 40.307193756103516 24700
40.64590919681961 41.173910121143074 40.317157489495784 41.12409591674805 25300
41.08425029361189 41.31338119506836 40.91489035757607 41.31338119506836 6200
40.157762420233695 42.29964022594585 40.157762420233695 42.01073455810547 6300
41.39307681250666 42.10039443416795 41.39307681250666 42.02069854736328 10600
41.96092326159661 43.435333251953125 41.96092326159661 43.435333251953125 11100
43.99322036593558 43.99322036593558 42.88741190519617 43.01692199707031 42600
43.6146541331427 43.654503976550174 42.728016018922816 43.42537307739258 52500
43.44529729306494 44.08287957606212 43.44529729306494 43.744163513183594 29000
44.172540272853986 44.29208600206323 43.943409375082005 44.1326904296875 17000
43.485145999826116 43.97329325986661 43.36559647466961 43.7740478515625 9500
43.57480856538407 44.27216183117103 43.57480856538407 44.013145446777344 20100
45.4875553132625 45.686800731512726 45.22853892974038 45.51744079589844 10500
45.49751622710392 45.49751622710392 45.02929386091629 45.30823516845703 34500
44.780238650110014 44.780238650110014 44.0828815714082 44.29208755493164 19600
43.774048055400065 44.84000662445719 43.774048055400065 44.77027130126953 14500
44.26219944403678 44.59095114144443 44.13268935703856 44.46144485473633 10100
44.58099094043683 44.58099094043683 44.25223544008875 44.35186004638672 9700
44.17254181356164 44.56106829726088 44.14265633028949 44.192466735839844 7300
44.70053827288566 44.810123443603516 44.282126312279594 44.810123443603516 16600
44.84000665346591 44.88982085602369 44.610875762802515 44.869895935058594 8600
44.57103243568464 45.467631131978955 44.57103243568464 45.298274993896484 9800
45.57721312055555 45.57721312055555 44.73042488870497 44.780235290527344 6500
44.97948340419739 45.0193294478785 44.53118216024483 44.90974807739258 13700
44.68061385451967 45.82627217911364 44.68061385451967 45.69676208496094 39500
45.14883852821577 45.82627065937761 45.14883852821577 45.736610412597656 6300
46.10521077940326 46.10521077940326 45.05917712729034 45.56725311279297 59000
45.427778236428395 45.58717380286081 45.14883694524419 45.377967834472656 38900
46.4339690451227 46.4339690451227 45.96574287375355 45.995628356933594 23600
46.34430814338618 47.01177592695375 46.34430814338618 46.71290969848633 20900
47.36045568887614 47.36045568887614 46.79260872275253 47.33056640625 11800
47.88845355943659 47.88845355943659 47.11140060424805 47.11140060424805 49400
47.58958585299278 47.64936061703229 47.061588738326 47.45011520385742 8000
47.7689070595333 47.7689070595333 46.87230458697659 47.131324768066406 47200
46.832456151179926 46.832456151179926 46.23472368503815 46.39411926269531 44300
46.105211278921615 46.31442105184293 46.035475954711224 46.155025482177734 17600
46.17494799531505 46.17494799531505 44.919708321392214 45.318199157714844 49900
45.31819829659933 45.338119417775694 44.77027245699458 44.84000778198242 131300
43.893597361558534 43.893597361558534 43.22612581401381 43.6744270324707 8000
44.19246642178635 44.810123806860126 44.033070844983754 44.700538635253906 33500
44.68061068659253 44.82008513210127 44.45147979797755 44.780235290527344 19700
44.83004769126138 45.80634605161402 44.820087130568794 45.32815933227539 29100
45.437742939970676 45.607099067956554 45.16876220703125 45.16876220703125 8200
45.80634597735844 45.80634597735844 44.80016213626893 44.92966842651367 8500
44.81012151556539 45.1289126528697 44.58099062314604 44.66069030761719 10100
43.51503455743756 44.212391635659316 43.51503455743756 44.09284210205078 9000
43.973296069997275 44.60091781616211 43.70431532164092 44.60091781616211 6900
44.21238985709184 44.84000778198242 44.19246493562529 44.84000778198242 6500
45.07910389586321 45.57721554112137 45.05917897401805 45.318199157714844 80800
45.16876477245648 45.16876477245648 44.10280614079651 44.50129318237305 35300
43.236090218738774 43.236090218738774 41.92107584344903 42.07050704956055 45400
40.51639933820473 40.96470057829855 39.52017604923635 40.217533111572266 122000
41.02447455868627 42.33948897093686 41.02447455868627 42.2398681640625 27000
42.41918870758439 42.82764009672385 42.010733518154744 42.538734436035156 9000
41.67202227624852 42.269754733451684 41.353227325411176 41.91111373901367 58500
41.71186881487016 42.88741262157222 41.71186881487016 42.6981315612793 43200
41.711867090439675 41.711867090439675 41.09420972949577 41.44288635253906 44400
41.73179256085361 42.399264134119896 41.73179256085361 42.32952880859375 12700
42.05058519119034 42.33949086445277 41.30341770534706 42.19005584716797 13800
41.85133820502979 42.319564361428874 41.60228238571798 41.831417083740234 23700
41.78160175212238 42.75790008144337 41.78160175212238 41.96092224121094 152400
42.87745016466478 43.12650598049073 42.459034417926304 42.84756088256836 8800
43.16635613395039 43.16635613395039 41.911112684985625 42.439109802246094 13400
42.02069664752338 42.2896773788722 41.80152631821173 42.07050704956055 8200
41.63217127170909 42.140243466138394 41.6122463503191 41.741756439208984 16700
40.406818408346666 41.17391080523422 40.376929125155 40.60606002807617 12000
39.85889022169738 40.25738103842751 39.63972369275688 40.167720794677734 12200
40.08802499948786 40.77541766955138 40.078060638888196 40.56621170043945 19600
39.540099297039376 39.779194548396916 39.13164791786658 39.36077880859375 101000
39.13164830149765 40.07806115528558 39.111723380331675 39.3508186340332 19100
39.45043878573461 40.23745605744115 39.26115773823016 39.86885452270508 32400
41.74175728843143 42.3394897411313 41.74175728843143 42.31956481933594 7400
42.67820424084069 42.67820424084069 41.70190591052974 42.1601676940918 10400
42.01073495316347 42.10039520263672 41.572398067011086 42.10039520263672 4000
41.17391134389221 41.94099995052491 40.2274984366344 41.69194412231445 20600
41.31338127227083 42.080473665688274 41.31338127227083 41.811492919921875 18500
42.7379799389965 43.35563730427902 42.7379799389965 43.03684616088867 7100
43.61465465198445 44.56106754257411 43.61465465198445 44.31201171875 8700
44.09283977555427 44.64076560829034 43.8537483215332 43.8537483215332 19500
43.79397470040429 44.37178602989472 43.076696519338206 43.8238639831543 8300
44.49133188846387 45.25842427623104 44.49133188846387 44.62084197998047 5800
44.14265629169153 44.22235218044435 43.62461971378205 43.89360046386719 3500
43.3655959036645 43.3655959036645 42.837598808857436 42.88740921020508 8300
43.43533475212938 43.644544535239284 42.837602286847634 43.19624328613281 5500
42.91730186467947 42.91730186467947 41.97088896352315 42.39926528930664 18000
42.22990531950312 42.54869647329579 42.010734976161785 42.20001983642578 54700
42.07050780697379 42.07050780697379 41.19383027423407 42.05058288574219 11900
41.34326602835209 42.03065872192383 41.203795377507696 42.03065872192383 27100
42.588545444385765 42.588545444385765 41.612247080876784 41.62220764160156 14200
40.63594810358728 40.98462472804172 39.87881629007167 40.237457275390625 97300
40.73557053968927 41.03443677264467 40.52636455664952 40.795345306396484 12900
40.645906969003114 41.522584474299364 40.645906969003114 41.28348922729492 77900
41.2834892741609 41.940996453806996 41.263564353530406 41.48273468017578 19400
40.795342663905565 41.00454863339414 40.795342663905565 40.964698791503906 10400
40.80530291480004 41.31337889432242 40.72560703191401 41.273529052734375 14800
40.88500350217311 40.97466374758407 39.898740802652604 40.04817581176758 44000
39.90870660741297 40.36696841152108 39.45044100301457 39.60983657836914 5600
39.88877984375659 40.02825049071607 39.43051806080683 39.95851516723633 5700
39.41059299658138 39.93859010109251 39.04198765919616 39.26115798950195 24600
38.862668529604036 39.012103541908274 38.12546542963835 38.324710845947266 44400
38.15535104060629 39.12168884277344 38.15535104060629 39.12168884277344 10100
38.27489672468999 39.14161371747057 38.27489672468999 38.82282257080078 13200
39.53013867188891 41.084248302439676 39.53013867188891 40.86507797241211 22100
41.16394647722344 41.16394647722344 40.61602442194545 40.80530548095703 4800
41.66205618717141 41.66205618717141 40.84515342273982 40.8551139831543 9800
40.865079440335116 40.865079440335116 40.43670312550621 40.526363372802734 8500
41.03443613209528 41.871263851481686 41.03443613209528 41.612247467041016 20600
41.76167603148786 42.19005232496525 41.442884901498644 41.78160095214844 68100
41.72183200018854 42.57858462841292 41.72183200018854 42.32952880859375 31900
42.41918836283622 42.996995879227484 42.32952811715429 42.74794006347656 11100
43.335713302621194 44.013145446777344 43.335713302621194 44.013145446777344 19600
44.242273724195336 44.28212356567383 43.84378290999054 44.28212356567383 7700
44.441520612643735 44.441520612643735 43.803938328895896 44.04302978515625 8800
44.22234982178169 44.331934988225974 43.654502868652344 43.654502868652344 3200
43.65450361468341 43.83382410824033 43.16635633800415 43.53495788574219 6300
43.32575294108936 43.72423998047335 42.16016970523077 42.807716369628906 26500
42.20997773975991 42.80771396570466 42.170131698262324 42.269752502441406 5600
42.289677233418814 43.17631530761719 42.279712872871606 43.17631530761719 6200
43.61465359267244 43.61465359267244 42.12031868602219 42.538734436035156 6200
41.95096383783389 43.60469436645508 41.95096383783389 43.60469436645508 12100
42.359412390064755 42.76786376422795 42.31956254861224 42.379337310791016 22600
42.31956227420389 42.89737357064862 42.31956227420389 42.88740921020508 10600
43.056770656082676 43.256012268511306 42.75790063685941 42.84756088256836 6600
42.33948819745924 42.79774998117388 42.170132068808655 42.259788513183594 6400
42.050582612474805 42.558658599853516 42.050582612474805 42.558658599853516 7300
42.07050859090426 42.3494498927641 41.841377692906505 42.13028335571289 5400
42.07050964647328 42.64832098658361 41.59232291687696 41.6022834777832 8600
42.030660038455984 43.2261287693098 42.030660038455984 43.19624328613281 20100
43.45525829701808 44.1326904296875 43.40544789320507 44.1326904296875 5600
43.61465420506521 44.33193618642154 43.56484380086885 43.8238639831543 9900
43.943407882186754 44.780235558802254 43.9135224009723 44.272159576416016 59400
43.79397503773596 44.66069203864766 43.096617972744696 43.614654541015625 12000
43.136466540996096 43.136466540996096 42.319563769110204 42.84756088256836 24500
42.947187396620045 43.03684764631136 42.15020951063639 42.797752380371094 6200
41.65209529257454 42.100392713141595 40.815267613737895 41.06432342529297 21800
41.14401873509667 41.14401873509667 39.86885421380939 40.17768478393555 3800
40.44666411613851 40.815269470214844 40.33708274631366 40.815269470214844 3700
40.44666351351151 40.44666351351151 39.5301399230957 39.5301399230957 1500
39.30100906257233 39.86885602679837 39.30100906257233 39.72938537597656 10400
39.60983681703557 39.71942198830657 38.34463656769855 38.60365295410156 8300
38.653462151056836 39.799120432713686 38.03580478717697 38.235050201416016 20500
37.94614637248442 38.11550251257398 37.70705110379815 37.78675079345703 4000
37.61739099185576 37.61739099185576 35.774379365034164 35.88396453857422 18000
35.68471853364554 37.15912857118272 35.12683211391917 37.09935760498047 41100
37.70704815665765 39.00214141035882 37.70704815665765 38.26493453979492 86400
38.06569180981672 39.13165044880366 37.82660034328544 38.394447326660156 25800
38.31474528524149 38.38448060872249 37.84652294191052 38.055728912353516 76100
38.055731478919064 38.235051980046876 37.288639068603516 37.288639068603516 22800
37.18901705894442 37.52772932761821 36.86026155070423 36.92003631591797 45000
36.86026072699544 36.98977081525262 35.81422706101712 36.641090393066406 13900
35.41573503891512 36.36214786673753 35.21648963301198 36.17286682128906 36400
36.86026008946534 36.86026008946534 35.28622553718136 35.35596466064453 21800
34.638682329839895 35.36592483520508 34.24019151580607 35.36592483520508 21100
34.33981892869282 34.59883531880109 33.74208265874315 34.19038391113281 19300
35.23641602967479 36.14297905423423 34.429477612385185 36.133018493652344 44300
35.81422842063643 36.19279433898809 35.20653159915597 35.70464324951172 36500
35.5253205958954 36.342223348890805 35.256339864988604 36.26252746582031 39600
36.05331992651974 36.670981109887286 35.963659677339955 36.003509521484375 206600
35.67475738069544 36.13301918199612 35.4356621189832 35.714603424072266 117500
35.06706046533119 35.216491678219285 34.71838003467847 35.017250061035156 45200
34.81800340480358 36.67097926089654 34.81800340480358 36.45180892944336 30600
36.043359356572694 36.87022272076491 35.90388870239258 35.90388870239258 25500
35.973624817829105 36.22268064869163 35.973624817829105 36.08320999145508 4300
36.23264022725725 37.11927835303789 34.14057282486 34.70841979980469 25800
33.97121225827367 34.369703089573214 33.1343845527768 33.22404479980469 35700
33.02480439742369 34.220269334650496 32.71597380180889 33.791893005371094 29100
33.493024832808864 34.30992759944151 33.383439666503726 33.5428352355957 14300
33.88155093455966 33.88155093455966 32.88532768825895 33.65242004394531 41000
33.57272479462611 35.06705969230718 33.57272479462611 35.03717041015625 28400
35.69468309097888 36.41196129137883 35.535283712789614 35.893924713134766 11800
35.60502219673547 35.60502219673547 34.110687255859375 34.110687255859375 52200
33.62253387082159 34.16049532482434 33.43325282602359 33.97121047973633 28000
33.473102134112594 33.612576591582474 32.40714348248032 32.984954833984375 13800
33.32366860605695 33.771969830410924 33.034762950329934 33.04472351074219 50000
34.270081323624744 35.20652981061618 33.89151542450475 34.25015640258789 11100
33.69227245944138 34.01106361858516 32.446993306445194 32.88533020019531 26600
32.227820924414665 32.227820924414665 30.245338766190248 31.938919067382812 81000
31.63008878662795 32.018615253440885 31.052279366689053 31.530466079711914 20800
32.36729635047719 32.36729635047719 30.86299705505371 30.86299705505371 10800
30.68367640731525 31.032354936973515 29.906623461377244 29.91658592224121 11100
29.89666007491289 31.042316436767578 29.637641800904387 31.042316436767578 25400
31.829333792121083 33.39340400015856 31.829333792121083 33.34359359741211 22900
33.5727234365305 33.84170416326701 32.71597085513792 33.771968841552734 25400
32.795666754404685 33.11446168278371 32.158084498226664 32.16804885864258 14100
31.67989840723356 32.41710528010949 31.450767517089844 31.450767517089844 18700
31.281410406664985 32.49680211623589 31.281410406664985 32.32744598388672 17200
32.367295717553 32.367295717553 31.5304661185155 31.729711532592773 6500
31.82933316196351 32.6263109909986 31.79944578082031 32.05846405029297 6800
32.64623699813011 33.87159116360206 32.64623699813011 33.732120513916016 17800
33.024804253075935 33.73212189124461 32.636273969856056 32.696048736572266 20700
32.377255898524986 32.805632203667145 31.540428209443814 31.78948402404785 8600
31.410919904881712 31.669938179122262 30.902845816965065 31.191749572753906 31800
31.72971165138737 32.526691410535236 31.72971165138737 32.427066802978516 27700
32.20790053656831 32.257710940618566 31.769559860229492 31.769559860229492 27900
32.01861560811731 32.01861560811731 30.882921677071444 31.321260452270508 17000
30.853034530730618 30.853034530730618 29.31885165601094 30.464508056640625 14400
29.408511913147958 29.647605274212765 28.163232803344727 28.163232803344727 51600
28.77092700382117 29.288963556696025 28.023759556455737 28.53183364868164 18200
26.200671232173452 28.153269828795427 26.200671232173452 27.426027297973633 73400
28.123382262800146 29.219228232298462 27.973949153356074 28.53183364868164 9700
27.734856093720655 28.86058755701497 27.734856093720655 28.073572158813477 18600
28.402326530260382 28.780890548452998 27.894252418898738 28.053647994995117 27200
28.09349751723104 28.77092775780692 27.386177993779942 28.412288665771484 7200
27.86436438420313 28.203080450523174 26.44972725432094 26.46965217590332 12100
25.941654436918466 26.091087544935817 25.005204046453965 25.184524536132812 93500
25.035090089835503 25.244297965871116 24.068754196166992 24.068754196166992 14800
24.487167387047705 24.756148120341447 23.301661188569593 24.636600494384766 32400
24.70633628261497 25.991465210210748 24.70633628261497 25.074939727783203 171400
24.208224926788954 25.214410666893425 23.710113287141898 24.51705551147461 19500
24.5170560292598 24.616676839177053 22.614269677633967 22.903173446655273 24300
22.05638254668641 22.5544941807138 20.92068862915039 20.92068862915039 58300
20.950576841874174 22.56445753602738 20.512238054510576 21.398876190185547 5800
22.903173356738293 27.256669998168945 22.903173356738293 27.256669998168945 18900
26.03131260735505 26.240520477294922 25.314032553586312 26.240520477294922 14500
25.871918434476324 28.641419894404955 25.871918434476324 28.053647994995117 11500
25.802182455924626 27.56549810962887 25.592976480135192 26.170785903930664 16100
26.81832979121906 27.924138199558445 26.81832979121906 27.64519500732422 8200
27.595386080613498 27.944062714367217 26.569275400887165 27.356290817260742 8600
26.768520342366347 27.45591303676089 25.881880331971832 26.718708038330078 3400
26.160823888453077 26.858179053099622 25.851995199825968 26.60912322998047 3900
26.409879305568392 27.585423076642165 26.12097364312191 26.419841766357422 5400
27.31644181412909 27.954024091290503 26.728669939816506 27.784666061401367 6900
27.087311971242894 27.973950097322597 26.748595898329157 27.356290817260742 9300
26.00142820756335 26.399917142898836 25.911767959594727 25.911767959594727 4400
27.017575338363706 27.704968011800087 26.409878548665265 26.43976593017578 5900
26.898029040884822 27.993875048505455 26.898029040884822 27.505725860595703 8100
26.748595557724233 28.36247621386145 26.688822692719736 27.515687942504883 2600
26.54934950770115 26.54934950770115 25.901804768517238 26.081125259399414 4900
26.08112587486193 26.489577269223272 25.134712995159237 25.21441078186035 5200
25.39373165405903 26.1608240500389 25.104827885531837 25.154638290405273 7000
24.915544509887695 25.224373195255293 24.208224991619197 24.915544509887695 10800
25.194486845082267 25.194486845082267 24.427394488358654 24.43735694885254 3400
24.078716377101163 25.891842414327165 24.078716377101163 24.626638412475586 7500
24.188301946922625 24.875694642713555 24.1086041604478 24.766111373901367 3500
23.8396226964336 24.835845947265625 23.72007507026993 24.835845947265625 4200
23.291698923876083 24.945431279430426 23.291698923876083 23.730037689208984 11100
23.879471550183677 24.29788540751527 23.112381061863367 23.610492706298828 10100
22.763702326102287 24.248074785159236 22.16596797812386 22.36521339416504 7200
23.162190809413183 23.251851054880582 22.126117706298828 22.126117706298828 3800
21.259404527311027 22.136080160331705 21.020311172850842 22.07630729675293 3800
21.837213432622022 22.37517299256544 21.438724517822266 21.438724517822266 6200
21.877062988718272 22.205818505355815 21.757517255527503 21.847177505493164 3100
22.444911167666454 22.444911167666454 21.93683706718374 22.315401077270508 2600
23.44113394634941 24.078716223465342 23.062568044203022 23.779850006103516 7900
23.500907081987854 23.500907081987854 22.91313520090944 23.22196388244629 79200
23.221963552349486 23.759925022358654 23.221963552349486 23.480981826782227 3600
22.933060609360233 23.909358978271484 22.79358805655496 23.909358978271484 2900
22.484759867011494 22.484759867011494 21.887025499272188 22.19585609436035 9500
21.279329306846225 21.78740339424509 21.23947946462903 21.329139709472656 10000
20.711483683249252 20.711483683249252 20.133672334949985 20.143634796142578 26300
20.791181098336033 20.791181098336033 20.113748950597184 20.253219604492188 13800
20.30302920258892 21.0302736264939 19.98423806341444 20.02408790588379 57100
20.25321806708543 20.701519277925087 19.476163268345026 20.193445205688477 32200
21.528385942658478 21.787404226529624 21.418800772520072 21.657894134521484 7000
21.817290071251602 21.896987859908005 21.159782839799963 21.498498916625977 4500
22.076306918212293 22.21577756421964 21.767478244848146 22.08626937866211 14700
21.568232616866226 22.086269154119762 21.04023551940918 21.04023551940918 4100
21.568233599824243 22.57441933914197 21.568233599824243 22.215778350830078 6900
22.146042840330356 22.753739643193825 21.16974449157715 21.16974449157715 8700
21.807327248254225 22.26559095053245 21.588158808122547 21.657894134521484 41000
20.661670299724744 20.960538419480198 20.422576944007435 20.621822357177734 3200
20.402652460598752 21.30921549970709 20.402652460598752 21.01034927368164 8100
21.946800251123687 22.325364273683828 21.946800251123687 22.096233367919922 11900
20.522198926853488 23.899395069959265 20.522198926853488 22.544530868530273 3600
23.40128436881411 23.441134211657413 22.89321027343254 23.17215347290039 2100
23.142266385476322 23.759925656397552 22.664079666137695 22.664079666137695 8400
23.610493101320003 23.90935933292348 23.540755873810372 23.700153350830078 1800
22.813512443015203 23.301661616014893 22.813512443015203 22.923097610473633 15100
23.899395360069263 24.21818649365288 23.411246199251217 23.839622497558594 11900
23.510870058971605 24.088679492024557 23.510870058971605 24.008981704711914 10300
24.815922237670982 25.433581519403383 24.736224449719558 25.3040714263916 26700
24.9055822922224 24.9055822922224 24.058792114257812 24.058792114257812 4100
23.740000484217152 23.740000484217152 23.471019744873047 23.471019744873047 1200
22.913134563703107 22.913134563703107 21.78740313641977 21.93683624267578 7200
22.893210114745006 22.893210114745006 22.15600512855976 22.325363159179688 5600
22.943023343746123 23.25185203552246 22.733815462117203 23.25185203552246 4900
22.524608866064895 22.584381730551517 21.817289352416992 21.817289352416992 3300
22.713890027702373 23.07253101660818 22.415023803710938 22.415023803710938 3100
22.41502392160403 23.55071785891886 22.41502392160403 23.112380981445312 8300
22.624229102391183 23.152228109105852 22.524608297476576 22.88324737548828 5300
23.281737880042208 23.281737880042208 22.933059367133765 23.19207763671875 1000
23.341512028294055 24.57682868197087 23.341512028294055 24.058792114257812 13500
24.706336596184485 25.6527494727115 24.48716815852812 24.716299057006836 118800
25.064976706461167 25.064976706461167 23.989055677254306 24.18830108642578 31900
23.90935851022687 23.90935851022687 23.42120933532715 23.42120933532715 500
23.500907165314803 23.99901880188333 23.500907165314803 23.670265197753906 3600
23.21200077636408 23.789810180664062 23.21200077636408 23.789810180664062 500
23.321587500116905 24.397508597297723 23.192079306074984 24.198265075683594 2000
23.749963027429015 24.21818728261529 23.590567455444532 23.919321060180664 4600
24.397507905753667 24.90558200670792 24.397507905753667 24.666488647460938 2600
24.686412724100908 24.686412724100908 24.287921905517578 24.287921905517578 1200
23.909358812415082 23.909358812415082 22.703929551025478 22.913135528564453 33900
22.85336188697714 22.85336188697714 22.833436965942383 22.833436965942383 400
22.833437777479773 23.461057611220834 22.813512855736853 23.112380981445312 4200
22.46483418345585 22.83343763278356 22.26559066772461 22.26559066772461 4200
22.21577801224496 22.434948346270847 21.827251547591917 22.424985885620117 70500
23.899395199250076 23.899395199250076 23.09245491027832 23.09245491027832 9500
23.231925630867387 23.441133499145508 23.231925630867387 23.441133499145508 1300
23.401285238886615 24.168377640835295 23.321587450381895 23.849586486816406 9900
23.769888772305542 24.517056254417625 23.769888772305542 24.39750862121582 16800
24.62663943334569 24.62663943334569 23.749963760375977 23.749963760375977 113400
24.218186448251085 24.238111369098966 23.41124615536219 23.640377044677734 1900
23.271776114026647 23.33154897797741 22.823474884033203 22.823474884033203 1500
23.381358788672582 23.690189361572266 23.381358788672582 23.690189361572266 1600
23.381359100341797 23.68022721679518 23.381359100341797 23.381359100341797 6800
22.753739604563016 23.112380589269623 22.703929201196026 23.07253074645996 3700
23.022720715868605 23.202041211125405 22.624229881900114 23.012758255004883 7900
22.61426972988224 23.570643188342572 22.61426972988224 23.25185203552246 3700
23.092455775340216 24.26799954166516 23.092455775340216 23.670265197753906 6700
24.327772893632808 24.327772893632808 24.088679531304997 24.258037567138672 900
24.098640790938376 24.24807389742589 23.660302031782635 23.939245223999023 9200
23.89939688054098 23.89939688054098 23.490945477133295 23.799774169921875 1300
23.700153323268232 23.959169710279276 23.12234198258852 23.550718307495117 3000
23.431171859043992 23.87947119222879 23.431171859043992 23.769887924194336 4700
23.86950951311324 24.56686658776346 23.86950951311324 23.899396896362305 1100
24.008981356050175 24.21818733215332 24.008981356050175 24.21818733215332 700
24.39750823725581 24.616676677840562 23.98905683880756 24.3576602935791 4500
23.86950836459165 23.909358207006296 23.640377471142656 23.879470825195312 5100
23.530793794979864 23.889432869740247 23.421208630393203 23.690189361572266 5700
23.03268246775849 23.720075144890608 22.853361978021397 23.28173828125 2500
23.361435950490318 23.361435950490318 22.664078916091032 22.733814239501953 14500
22.116157251475176 23.002795349616193 22.116157251475176 22.674041748046875 9000
22.375173568725586 22.375173568725586 22.375173568725586 22.375173568725586 100
22.923097630061733 23.331549018025708 22.883247787262764 23.022720336914062 10500
23.90935937314184 24.18830258321409 23.90935937314184 23.999019622802734 1500
24.228150081317526 24.317810329327518 23.24188925335273 23.610492706298828 7500
23.261814057941198 23.381359787922005 22.913135528564453 22.913135528564453 2100
23.062568199697488 23.122341063543846 22.32536321177548 22.624229431152344 4700
22.943021774291992 22.943021774291992 22.943021774291992 22.943021774291992 200
22.803549909949293 22.803549909949293 22.106194765082346 22.524608612060547 8200
22.62422978047592 22.7338149493405 22.10619511890044 22.415023803710938 1100
21.896986325695945 22.16596705611962 21.588157653808594 21.588157653808594 1600
21.867101693752648 22.126118073686943 21.647931356684254 22.01653480529785 3000
21.508460687581234 22.05638272949463 21.508460687581234 21.916912078857422 4400
22.05638282029908 22.684004551040584 22.05638282029908 22.464834213256836 3900
22.952984273059368 23.14226531982422 22.81351172789918 23.14226531982422 1000
22.624230101781535 22.624230101781535 21.79736484350744 22.006572723388672 4100
21.69774366627928 22.195855304989724 21.69774366627928 22.06634521484375 4900
21.687781093554126 22.255628054730085 21.418800354003906 21.418800354003906 2100
21.24944191827358 21.279329299926758 21.03027348658546 21.279329299926758 37800
21.209593576121765 21.209593576121765 21.189668655395508 21.189668655395508 400
20.970498638617535 21.339102076938364 20.88083839416504 20.88083839416504 4300
20.890801578658706 21.109971917202532 20.34287953258938 20.611860275268555 7000
19.88461648352108 19.994201656372898 19.88461648352108 19.94439125061035 800
19.38650360545356 19.954352456199675 19.227108036868877 19.376543045043945 5100
19.516014872631583 20.07389939641264 19.516014872631583 19.595712661743164 4900
20.014125761645747 20.014125761645747 19.426353876947026 19.665447235107422 11100
19.476163912337494 20.133671109879906 19.227108098112485 19.7252197265625 13000
19.137448900571815 19.247034072875977 19.00794070614931 19.247034072875977 2100
19.067712126000142 19.535938262939453 19.067712126000142 19.535938262939453 1100
19.476163898922575 19.625598907470703 19.446278417329 19.625598907470703 2900
20.831029075759346 20.831029075759346 20.432540135314518 20.452465057373047 6000
20.47238658064678 20.591934204101562 20.16355791192736 20.591934204101562 500
20.39268994206484 20.741368471538955 20.362804459633853 20.661670684814453 2800
20.03405148618804 20.03405148618804 19.844768524169922 19.844768524169922 400
19.067712376540598 19.41639089369633 18.728996319891607 18.928241729736328 16200
18.52975270177359 18.66922334776181 18.22092402845179 18.380319595336914 6000
18.171112498443023 18.509828567504883 18.121302094228977 18.509828567504883 1400
17.961905721016215 18.27073439371542 17.49367958160819 18.230884552001953 9300
18.33050758222393 18.539715454651166 17.603265059321537 17.922056198120117 1500
18.410205127580188 18.659260939046842 18.390280206628045 18.629375457763672 2200
18.86846843393578 19.187259562257164 18.56960032602573 18.68914794921875 8700
17.941981835865892 17.941981835865892 17.533530435450082 17.6032657623291 3900
17.633153150007967 18.360395702146207 17.633153150007967 17.653076171875 2400
17.433908129448522 17.94198225152416 17.36417280095396 17.79254913330078 5300
16.577155253654585 16.696702886798032 15.889761588478967 16.198591232299805 17300
16.537307367979523 16.786363196111306 16.52734490683683 16.64689064025879 7100
17.145002019575536 17.9021319528835 17.145002019575536 17.354209899902344 10200
17.04538083793501 17.413982385487817 17.04538083793501 17.364171981811523 8300
16.497456390623316 16.806286964405636 16.467570909392478 16.62696647644043 3400
16.73655093909781 17.20477711344092 16.73655093909781 16.995569229125977 2100
17.812471004350108 17.941981091879548 17.732773219772405 17.77262306213379 2700
17.443869408483895 18.011716359335953 17.01549310516882 17.473756790161133 6300
17.324322138754408 17.364171981811523 17.095191241611303 17.364171981811523 600
17.93201903221153 18.111339526556865 17.18485157253605 17.86228370666504 6100
18.25080944272818 18.300621744787776 17.852320526976587 18.081451416015625 21100
18.430129952626686 18.549677577572403 18.041603496806914 18.181074142456055 5700
17.87224684557418 17.87224684557418 17.244625091552734 17.244625091552734 16300
18.82862017180784 18.99797821044922 18.74892238304397 18.99797821044922 3000
20.283105456278893 20.512236341849864 19.964314328502763 20.243255615234375 3100
19.924465172771363 20.293068614531464 19.72521976098562 19.87465476989746 4200
21.060160004881382 21.39887607971208 20.651708602905273 20.651708602905273 3400
19.68537200477987 21.309215095645325 19.68537200477987 20.92068862915039 5500
20.661670760562526 21.10997200012207 20.661670760562526 21.10997200012207 3000
20.92068781726774 20.92068781726774 20.502273984916584 20.691556930541992 1600
19.964315462176376 20.5919352931069 19.934428079695834 20.263181686401367 3500
20.02408900603763 20.02408900603763 19.50605242634485 19.695335388183594 4500
19.62559845984074 20.482349148544824 19.336692810058594 19.336692810058594 8200
19.49608921510135 19.944390449538854 19.49608921510135 19.715259552001953 1000
19.655484142593846 20.44250141720359 19.655484142593846 20.283105850219727 3200
20.94061428899157 21.119934787588164 20.532162886697176 20.751331329345703 63900
21.62800565504392 22.26558982153005 21.090046092854887 21.88702392578125 23500
21.34906583914743 22.27555382154982 21.34906583914743 21.797365188598633 7000
21.797364923320394 22.76370273843535 21.797364923320394 22.554494857788086 6800
22.444911922572967 22.733815695224106 21.817290171395882 22.19585609436035 4900
22.305438237896148 22.504683650441383 22.16596758920153 22.325363159179688 9800
22.305438529372115 22.305438529372115 21.349065097005774 21.817289352416992 5800
22.07630810979332 22.83343804354051 22.07630810979332 22.405061721801758 1500
22.91313548106944 23.132303919010035 22.405061379341355 22.614269256591797 3700
22.275552378396878 22.335325241088867 22.036459027483865 22.335325241088867 700
23.341511881053545 23.839623523755858 22.524609091044976 23.112380981445312 13400
22.992832583663848 23.41124642557352 22.693966368076254 23.08249282836914 8400
23.221963267910606 23.221963267910606 21.847176028301636 22.08626937866211 1500
21.767479004407996 22.11615753173828 21.767479004407996 22.11615753173828 1800
21.936836220352998 22.185892030574593 21.568232785161218 21.83721351623535 12900
21.428763216321595 21.757516826328825 21.418800755394695 21.558271408081055 3000
21.867102087027714 22.245666103093626 21.867102087027714 22.1061954498291 2400
22.056381989864075 22.146042233737102 21.916911343903827 22.03645896911621 1000
21.55827144239699 21.94679981858408 21.349065463034442 21.757516860961914 2300
22.016534889661934 22.514646530151367 21.916912181535025 22.514646530151367 4800
22.33532629972378 22.66407991032934 21.448688177212283 21.807327270507812 117900
22.315401052994154 22.5246089295042 22.02649729037422 22.16596794128418 3800
21.83721394879449 22.41502336394824 21.727628782079876 22.126117706298828 7800
22.853362291982513 22.97290802001953 22.534571150357017 22.97290802001953 6300
23.76988760590558 24.307847178552855 23.76988760590558 24.12852668762207 2700
24.317809257648634 24.317809257648634 23.97909320234803 24.13848876953125 2000
23.96913148274603 24.536978445906037 23.779850428456097 24.018943786621094 3500
24.905581198539707 24.905581198539707 24.447319416556198 24.487167358398438 1800
24.42739526993375 24.776073797795753 24.42739526993375 24.566865921020508 1200
24.387545878317848 25.055015563964844 24.387545878317848 25.055015563964844 6500
24.756147793732165 24.925505819851832 24.686412471237894 24.895618438720703 2100
24.8956184614448 25.37380515910915 24.69637495415717 24.995241165161133 14700
24.616676306366738 24.90558196928004 24.467243194580078 24.467243194580078 4400
24.686412746162596 24.696375206650586 24.34769669015109 24.387544631958008 4400
24.118564679640876 25.045052633407618 24.118564679640876 24.51705551147461 3300
25.025129394496144 25.47342872619629 24.925506687403303 25.47342872619629 600
25.682637435080462 25.901805877685547 25.58301472475264 25.901805877685547 2300
25.732447074388087 25.871917724609375 25.732447074388087 25.871917724609375 200
25.27418568512448 26.320219378811547 25.25426076330403 26.061201095581055 9000
26.51946485959721 26.758558221574084 25.90180558271477 26.45969009399414 8700
26.708745528658795 26.708745528658795 26.140898564699967 26.419841766357422 3800
26.190710329142895 26.190710329142895 25.094864366809563 25.5830135345459 42900
25.453504136489432 25.80218266578623 25.164600372314453 25.164600372314453 82100
25.78225828574058 26.409880031689596 25.264223611483885 26.200672149658203 3300
27.17697167167191 27.17697167167191 26.041275844166844 26.37002944946289 5100
25.612899815549618 26.250484011797518 25.612899815549618 25.812145233154297 2900
25.22437287710716 25.583013862136486 24.905581734923356 25.274185180664062 197300
25.62286259480421 25.62286259480421 25.224373654788817 25.40369415283203 3100
25.224372385294586 25.224372385294586 24.36761978227134 24.736223220825195 5000
25.403693714073277 25.533201904787056 24.71629911682831 25.064977645874023 45300
24.576828300858974 24.61667624383314 23.8894337082124 24.11856460571289 13300
25.12475010507323 25.12475010507323 24.248074466338082 24.925506591796875 2700
24.716299057006836 24.716299057006836 23.94920857513701 24.716299057006836 2900
24.158413783824138 24.586790084838867 24.158413783824138 24.586790084838867 1100
24.357659883033858 24.357659883033858 24.21818733215332 24.21818733215332 400
24.108603229074163 24.37758206044469 23.530793824417593 23.839622497558594 16900
23.132303985079332 23.40128472796453 22.693967107946186 23.012758255004883 2800
23.1821150675892 23.1821150675892 22.22573977667356 22.693965911865234 6000
22.853363015975894 22.913135881888003 22.21577881238118 22.703929901123047 18900
21.926874187733446 22.07630729675293 21.598120587832558 22.07630729675293 1100
22.614269910690425 22.614269910690425 21.847177505493164 21.847177505493164 300
22.424985528700955 22.534570693969727 22.215777658655583 22.534570693969727 4300
23.1024184790687 23.142266422337833 22.40506142048027 22.863325119018555 4800
22.534570778960767 23.152228130644172 22.534570778960767 22.98287010192871 3000
23.80973657393761 24.626639378795247 23.06256909630267 23.40128517150879 11800
24.208225536374258 24.73622457174788 23.31162494246135 23.550718307495117 8600
23.21200173532038 23.21200173532038 22.79358788042793 22.813512802124023 5000
22.873285287301325 22.873285287301325 22.205817522870113 22.823474884033203 500
22.434949434672447 22.4847598401975 21.877063012036974 22.04642105102539 4700
21.916911990143532 22.15600534747314 21.129894692973277 21.418800354003906 5700
21.49849788177121 22.265590248254977 21.48853542115057 22.07630729675293 1800
23.580605066351357 23.610492448743702 21.608083431939026 22.11615753173828 19900
21.56823425974425 21.598121643066406 21.56823425974425 21.598121643066406 600
21.827251553843777 22.75373949303109 21.827251553843777 22.474796295166016 2500
22.624229398199464 22.624229398199464 21.906949332652673 22.424985885620117 2200
22.40506123694655 22.40506123694655 21.319177714689914 21.817289352416992 2800
22.086269784171197 22.843399690952957 21.996609538621705 22.225740432739258 1700
21.837214794744288 23.710113761199963 21.837214794744288 22.703929901123047 6100
23.590566664908458 24.208224010613925 22.843399233714877 23.739999771118164 4200
23.459999084472656 24.270000457763672 23.110000610351562 23.549999237060547 700
23.219999313354492 23.219999313354492 22.90999984741211 22.90999984741211 2500
22.899999618530273 23.6299991607666 22.100000381469727 23.6299991607666 3200
23.170000076293945 24.280000686645508 22.59000015258789 23.829999923706055 6500
23.489999771118164 24.350000381469727 23.40999984741211 24.350000381469727 5500
23.850000381469727 24.350000381469727 23.209999084472656 24.219999313354492 36300
23.639999389648438 24.059999465942383 23.450000762939453 24.059999465942383 1100
23.780000686645508 24.040000915527344 23.780000686645508 24.040000915527344 900
23.540000915527344 23.59000015258789 22.780000686645508 23.350000381469727 2200
23.479999542236328 23.760000228881836 22.850000381469727 23.75 3300
23.010000228881836 23.440000534057617 23.010000228881836 23.440000534057617 10200
23.440000534057617 23.440000534057617 23.219999313354492 23.329999923706055 1300
22.969999313354492 22.969999313354492 22.600000381469727 22.600000381469727 3200
22.959999084472656 23.280000686645508 22.959999084472656 23.200000762939453 3000
22.979999542236328 23.0 22.829999923706055 23.0 1500
23.200000762939453 23.489999771118164 23.149999618530273 23.489999771118164 4500
23.290000915527344 23.56999969482422 23.290000915527344 23.520000457763672 2200
23.100000381469727 23.290000915527344 23.010000228881836 23.290000915527344 1200
22.8799991607666 23.149999618530273 22.8799991607666 23.049999237060547 5700
22.790000915527344 22.8799991607666 22.690000534057617 22.8799991607666 1200
22.6200008392334 22.760000228881836 22.520000457763672 22.649999618530273 1500
21.989999771118164 22.020000457763672 21.780000686645508 21.860000610351562 5100
22.329999923706055 22.329999923706055 22.1299991607666 22.1299991607666 2000
22.31999969482422 22.489999771118164 22.299999237060547 22.489999771118164 1800
22.68000030517578 22.68000030517578 22.489999771118164 22.6200008392334 900
22.520000457763672 22.700000762939453 22.520000457763672 22.520000457763672 1600
22.100000381469727 22.209999084472656 22.100000381469727 22.209999084472656 800
22.200000762939453 22.200000762939453 21.93000030517578 21.969999313354492 1500
22.59000015258789 22.639999389648438 22.450000762939453 22.610000610351562 2700
22.540000915527344 23.1299991607666 22.540000915527344 23.0 2200
23.190000534057617 23.190000534057617 22.959999084472656 22.959999084472656 500
22.450000762939453 22.649999618530273 22.40999984741211 22.649999618530273 2000
22.790000915527344 22.850000381469727 22.530000686645508 22.709999084472656 4300
22.959999084472656 23.1299991607666 22.950000762939453 23.1299991607666 1800
22.420000076293945 22.420000076293945 22.420000076293945 22.420000076293945 100
23.030000686645508 23.389999389648438 23.030000686645508 23.350000381469727 1000
23.200000762939453 23.200000762939453 22.90999984741211 23.139999389648438 3100
22.959999084472656 23.3700008392334 22.959999084472656 23.329999923706055 6200
22.59000015258789 22.809999465942383 22.530000686645508 22.600000381469727 2100
22.530000686645508 22.690000534057617 22.489999771118164 22.520000457763672 1600
23.1200008392334 23.209999084472656 22.90999984741211 22.950000762939453 6800
22.670000076293945 22.670000076293945 22.3799991607666 22.3799991607666 800
21.969999313354492 22.020000457763672 21.950000762939453 21.950000762939453 500
21.81999969482422 21.81999969482422 21.6299991607666 21.6299991607666 500
21.6200008392334 22.110000610351562 21.6200008392334 21.969999313354492 2300
21.969999313354492 21.969999313354492 21.34000015258789 21.479999542236328 2600
21.100000381469727 21.229999542236328 21.100000381469727 21.200000762939453 1700
21.479999542236328 22.229999542236328 21.479999542236328 21.989999771118164 1100
22.719999313354492 22.719999313354492 22.43000030517578 22.43000030517578 1300
22.18000030517578 22.520000457763672 22.18000030517578 22.520000457763672 2100
22.559999465942383 23.020000457763672 22.469999313354492 22.889999389648438 2800
22.850000381469727 22.8700008392334 22.459999084472656 22.5 1800
22.65999984741211 22.84000015258789 22.610000610351562 22.610000610351562 3300
22.780000686645508 22.799999237060547 22.670000076293945 22.790000915527344 700
22.889999389648438 23.09000015258789 22.8799991607666 22.950000762939453 3000
23.5 23.559999465942383 23.329999923706055 23.360000610351562 21400
23.649999618530273 23.809999465942383 23.649999618530273 23.809999465942383 25500
24.040000915527344 24.290000915527344 24.020000457763672 24.25 32400
24.100000381469727 24.229999542236328 24.100000381469727 24.229999542236328 900
24.010000228881836 24.010000228881836 23.0 23.020000457763672 3100
23.0 23.0 22.719999313354492 22.719999313354492 1400
22.93000030517578 22.93000030517578 22.700000762939453 22.700000762939453 600
22.68000030517578 22.68000030517578 22.270000457763672 22.31999969482422 1500
22.329999923706055 22.510000228881836 22.309999465942383 22.440000534057617 1200
23.049999237060547 23.049999237060547 22.93000030517578 22.93000030517578 400
23.049999237060547 23.06999969482422 22.5 22.889999389648438 17600
22.540000915527344 22.68000030517578 22.010000228881836 22.530000686645508 8800
22.899999618530273 22.899999618530273 22.68000030517578 22.68000030517578 400
22.579999923706055 23.020000457763672 22.579999923706055 22.68000030517578 400
22.770000457763672 23.239999771118164 22.709999084472656 22.729999542236328 1000
21.790000915527344 22.100000381469727 21.790000915527344 22.079999923706055 1200
22.639999389648438 22.639999389648438 22.389999389648438 22.389999389648438 300
22.649999618530273 22.809999465942383 22.649999618530273 22.649999618530273 500
22.950000762939453 23.110000610351562 22.950000762939453 23.030000686645508 700
23.56999969482422 23.969999313354492 23.56999969482422 23.799999237060547 1600
24.3700008392334 24.8799991607666 24.3700008392334 24.8799991607666 2300
24.299999237060547 24.3799991607666 24.219999313354492 24.260000228881836 700
23.559999465942383 24.40999984741211 23.559999465942383 24.329999923706055 3300
23.889999389648438 23.979999542236328 23.280000686645508 23.56999969482422 2400
23.770000457763672 24.190000534057617 23.770000457763672 23.969999313354492 2000
23.860000610351562 23.860000610351562 23.489999771118164 23.489999771118164 200
23.350000381469727 23.43000030517578 23.350000381469727 23.43000030517578 500
23.1200008392334 24.190000534057617 23.1200008392334 23.90999984741211 1700
24.139999389648438 24.139999389648438 23.8799991607666 23.8799991607666 200
24.149999618530273 24.270000457763672 24.149999618530273 24.190000534057617 600
24.239999771118164 24.350000381469727 23.8799991607666 23.8799991607666 2600
25.0 25.200000762939453 24.93000030517578 25.040000915527344 4200
24.850000381469727 25.450000762939453 24.850000381469727 25.389999389648438 2100
25.200000762939453 25.200000762939453 25.020000457763672 25.020000457763672 700
24.079999923706055 24.079999923706055 23.889999389648438 23.90999984741211 1400
24.15999984741211 24.399999618530273 24.15999984741211 24.399999618530273 400
24.030000686645508 24.030000686645508 23.979999542236328 23.979999542236328 1700
23.850000381469727 24.100000381469727 23.850000381469727 23.950000762939453 400
23.110000610351562 23.540000915527344 23.110000610351562 23.450000762939453 900
23.59000015258789 23.59000015258789 23.399999618530273 23.530000686645508 4500
23.8799991607666 24.010000228881836 23.860000610351562 24.010000228881836 3400
23.260000228881836 23.260000228881836 22.940000534057617 23.190000534057617 2400
22.8700008392334 23.18000030517578 22.8700008392334 23.18000030517578 1800
22.610000610351562 22.690000534057617 22.5 22.6299991607666 21800
22.309999465942383 22.309999465942383 22.280000686645508 22.280000686645508 1600
21.690000534057617 21.690000534057617 21.690000534057617 21.690000534057617 200
20.860000610351562 21.34000015258789 20.860000610351562 21.219999313354492 9000
21.329999923706055 21.489999771118164 21.219999313354492 21.489999771118164 5800
21.469999313354492 21.469999313354492 21.170000076293945 21.299999237060547 900
21.700000762939453 21.700000762939453 21.579999923706055 21.639999389648438 1900
22.440000534057617 22.440000534057617 21.65999984741211 21.65999984741211 400
21.299999237060547 21.489999771118164 21.299999237060547 21.489999771118164 1000
22.040000915527344 22.040000915527344 21.889999389648438 21.889999389648438 900
22.530000686645508 22.639999389648438 22.329999923706055 22.639999389648438 3200
22.510000228881836 22.510000228881836 22.420000076293945 22.420000076293945 400
22.43000030517578 22.579999923706055 22.270000457763672 22.579999923706055 1600
22.989999771118164 22.989999771118164 22.889999389648438 22.889999389648438 600
22.700000762939453 22.700000762939453 22.34000015258789 22.649999618530273 2700
22.670000076293945 22.670000076293945 22.31999969482422 22.540000915527344 1700
21.93000030517578 21.969999313354492 21.790000915527344 21.969999313354492 900
21.760000228881836 21.889999389648438 21.75 21.84000015258789 1400
21.760000228881836 22.1299991607666 21.760000228881836 21.950000762939453 7100
22.149999618530273 22.270000457763672 22.040000915527344 22.040000915527344 14300
21.75 21.889999389648438 21.31999969482422 21.84000015258789 25000
21.829999923706055 22.139999389648438 21.489999771118164 22.09000015258789 4000
21.65999984741211 22.200000762939453 21.65999984741211 21.809999465942383 1900
21.639999389648438 21.739999771118164 21.110000610351562 21.510000228881836 4300
21.459999084472656 21.56999969482422 21.239999771118164 21.270000457763672 1900
21.809999465942383 21.809999465942383 21.170000076293945 21.219999313354492 1200
20.65999984741211 20.65999984741211 20.399999618530273 20.600000381469727 1900
20.739999771118164 20.90999984741211 20.739999771118164 20.90999984741211 500
20.799999237060547 21.010000228881836 20.43000030517578 20.969999313354492 1300
20.639999389648438 20.860000610351562 20.299999237060547 20.299999237060547 2300
20.149999618530273 20.540000915527344 20.139999389648438 20.540000915527344 2200
19.809999465942383 20.540000915527344 19.809999465942383 20.200000762939453 17900
20.469999313354492 20.940000534057617 20.469999313354492 20.760000228881836 2000
20.260000228881836 20.739999771118164 20.260000228881836 20.360000610351562 1700
19.81999969482422 19.889999389648438 19.81999969482422 19.889999389648438 900
19.989999771118164 19.989999771118164 19.610000610351562 19.8700008392334 2400
19.719999313354492 20.530000686645508 19.719999313354492 20.350000381469727 4300
19.790000915527344 20.950000762939453 19.780000686645508 20.610000610351562 8200
20.649999618530273 20.84000015258789 20.649999618530273 20.84000015258789 2400
21.25 21.25 20.93000030517578 21.239999771118164 3400
21.729999542236328 21.729999542236328 21.15999984741211 21.530000686645508 2300
21.209999084472656 21.559999465942383 20.829999923706055 20.860000610351562 5500
20.6200008392334 20.950000762939453 20.489999771118164 20.489999771118164 800
20.540000915527344 20.90999984741211 20.540000915527344 20.739999771118164 2000
20.520000457763672 20.690000534057617 20.489999771118164 20.690000534057617 600
20.219999313354492 20.219999313354492 19.950000762939453 20.100000381469727 500
19.610000610351562 19.8799991607666 19.350000381469727 19.850000381469727 6200
19.43000030517578 19.450000762939453 19.43000030517578 19.450000762939453 300
19.200000762939453 19.639999389648438 19.200000762939453 19.47960090637207 5384
