5.0 5.53000020980835 3.75 3.9000000953674316 5290500
3.8499999046325684 4.14900016784668 3.75 3.75 640300
3.8499999046325684 3.8499999046325684 3.059999942779541 3.1600000858306885 572200
3.1700000762939453 3.9800000190734863 3.0 3.7699999809265137 1277800
5.050000190734863 6.25 4.5 4.860000133514404 50703200
4.630000114440918 4.900000095367432 4.150000095367432 4.800000190734863 3423200
4.559999942779541 4.659999847412109 4.110000133514404 4.179999828338623 1808500
4.130000114440918 4.340000152587891 3.9800000190734863 4.050000190734863 858700
3.990000009536743 4.159999847412109 3.75 3.869999885559082 909400
3.799999952316284 3.9600000381469727 3.6600000858306885 3.7100000381469727 732100
3.7100000381469727 3.859999895095825 3.640000104904175 3.759999990463257 464400
3.740000009536743 4.179999828338623 3.7200000286102295 3.8399999141693115 773500
3.75 3.8399999141693115 3.490000009536743 3.5999999046325684 437600
3.559999942779541 3.6500000953674316 3.259999990463257 3.3499999046325684 392100
3.259999990463257 3.509999990463257 3.2200000286102295 3.4200000762939453 331700
3.4200000762939453 3.509999990463257 3.3299999237060547 3.369999885559082 183500
3.380000114440918 3.424999952316284 3.299999952316284 3.4000000953674316 112100
3.319999933242798 3.680000066757202 3.200000047683716 3.5399999618530273 1094500
3.490000009536743 3.5 3.2899999618530273 3.309999942779541 255300
3.119999885559082 3.2699999809265137 3.109999895095825 3.1700000762939453 282100
3.25 3.4100000858306885 3.1500000953674316 3.190000057220459 322500
2.950000047683716 3.1600000858306885 2.9200000762939453 3.0799999237060547 309300
3.049999952316284 3.0899999141693115 2.990000009536743 3.009999990463257 162900
3.0299999713897705 3.2100000381469727 3.0 3.1500000953674316 171200
3.180000066757202 3.190000057220459 3.069999933242798 3.119999885559082 67000
3.0899999141693115 3.2200000286102295 3.0899999141693115 3.1600000858306885 43300
3.1500000953674316 3.2200000286102295 3.0899999141693115 3.140000104904175 82300
3.0799999237060547 3.1500000953674316 3.0799999237060547 3.140000104904175 78300
3.1500000953674316 3.2899999618530273 2.9019999504089355 2.990000009536743 289900
2.75 2.8499999046325684 2.622999906539917 2.809999942779541 241000
2.859999895095825 3.109999895095825 2.8499999046325684 3.049999952316284 195400
2.9800000190734863 3.3299999237060547 2.9800000190734863 3.1500000953674316 306600
3.2200000286102295 3.2200000286102295 2.9800000190734863 3.140000104904175 80200
3.1700000762939453 3.240000009536743 2.880000114440918 2.990000009536743 168400
2.9600000381469727 3.119999885559082 2.943000078201294 3.009999990463257 113700
3.0899999141693115 3.2330000400543213 3.0399999618530273 3.119999885559082 109300
3.1600000858306885 4.059999942779541 3.130000114440918 3.5899999141693115 2672700
3.5799999237060547 4.349999904632568 3.4700000286102295 4.010000228881836 2743300
4.130000114440918 4.190000057220459 3.700000047683716 3.805000066757202 742600
3.7699999809265137 4.38100004196167 3.759999990463257 4.039999961853027 1834000
3.990000009536743 4.289999961853027 3.9600000381469727 4.190000057220459 359600
4.150000095367432 4.480000019073486 4.099999904632568 4.349999904632568 650900
4.300000190734863 4.440000057220459 3.882999897003174 3.9600000381469727 398800
3.9200000762939453 4.09499979019165 3.609999895095825 3.640000104904175 336000
3.5 3.5999999046325684 2.9100000858306885 3.0999999046325684 778200
3.0299999713897705 3.130000114440918 2.950000047683716 3.069999933242798 180500
3.069999933242798 3.0799999237060547 2.9100000858306885 3.0 135400
3.0 3.0299999713897705 2.859999895095825 2.9200000762939453 199700
2.8499999046325684 2.9600000381469727 2.819999933242798 2.859999895095825 160600
2.869999885559082 2.869999885559082 2.690000057220459 2.7300000190734863 151500
2.700000047683716 2.799999952316284 2.619999885559082 2.690000057220459 112500
2.7300000190734863 2.75 2.690000057220459 2.7100000381469727 46000
2.700000047683716 2.75 2.6500000953674316 2.680000066757202 73900
2.6500000953674316 2.700000047683716 2.5320000648498535 2.559999942779541 113600
2.5299999713897705 2.6500000953674316 2.4700000286102295 2.4700000286102295 98300
2.4700000286102295 2.5799999237060547 2.4700000286102295 2.5199999809265137 57800
2.5399999618530273 2.640000104904175 2.510999917984009 2.5399999618530273 26700
2.5299999713897705 2.5999999046325684 2.450000047683716 2.4700000286102295 89400
2.5 2.5999999046325684 2.450000047683716 2.5299999713897705 48900
2.4700000286102295 2.5899999141693115 2.4700000286102295 2.5199999809265137 15600
2.509999990463257 2.5999999046325684 2.4000000953674316 2.4100000858306885 77800
2.4149999618530273 2.490000009536743 2.259999990463257 2.2899999618530273 145300
2.240000009536743 2.4000000953674316 2.2200000286102295 2.299999952316284 32100
2.299999952316284 2.5 2.200000047683716 2.200000047683716 65100
2.299999952316284 2.490000009536743 2.190000057220459 2.3399999141693115 285000
2.319999933242798 2.440000057220459 2.2699999809265137 2.430000066757202 95300
2.430000066757202 2.4600000381469727 2.319999933242798 2.3499999046325684 37900
2.369999885559082 2.450000047683716 2.3299999237060547 2.4200000762939453 18500
2.299999952316284 2.5299999713897705 2.299999952316284 2.5299999713897705 68600
2.5199999809265137 2.640000104904175 2.4590001106262207 2.5999999046325684 24300
2.569999933242798 2.5799999237060547 2.2699999809265137 2.3499999046325684 38500
2.3299999237060547 2.4700000286102295 2.2300000190734863 2.440000057220459 35400
2.2920000553131104 2.3299999237060547 2.0299999713897705 2.059999942779541 53200
2.1019999980926514 2.3450000286102295 2.069999933242798 2.200000047683716 103400
2.200000047683716 2.319999933242798 2.1730000972747803 2.259999990463257 73300
2.200000047683716 2.3499999046325684 2.069999933242798 2.0799999237060547 104900
2.0899999141693115 2.1700000762939453 2.0399999618530273 2.1500000953674316 139900
2.132999897003174 2.1500000953674316 2.049999952316284 2.0899999141693115 23700
2.119999885559082 2.2269999980926514 2.1010000705718994 2.200000047683716 49600
2.1700000762939453 2.180000066757202 2.059999942779541 2.119999885559082 15800
2.1579999923706055 2.1579999923706055 2.0460000038146973 2.0899999141693115 23200
2.066999912261963 2.1700000762939453 2.0 2.1500000953674316 35200
2.1500000953674316 2.1500000953674316 2.069999933242798 2.140000104904175 20400
2.130000114440918 2.180000066757202 2.049999952316284 2.180000066757202 42200
2.1700000762939453 2.174999952316284 2.0999999046325684 2.1700000762939453 88600
2.1700000762939453 2.2249999046325684 2.1600000858306885 2.2100000381469727 42100
2.190000057220459 2.2100000381469727 2.1700000762939453 2.2100000381469727 60500
2.240000009536743 2.2899999618530273 2.180000066757202 2.2899999618530273 29400
2.299999952316284 2.299999952316284 2.2100000381469727 2.2699999809265137 37600
2.2899999618530273 2.299999952316284 2.23799991607666 2.299999952316284 41200
2.2109999656677246 2.299999952316284 2.2100000381469727 2.2699999809265137 21900
2.2699999809265137 2.2699999809265137 2.2100000381469727 2.240000009536743 7300
2.1600000858306885 2.365999937057495 2.1600000858306885 2.319999933242798 29600
2.2100000381469727 2.3299999237060547 2.203000068664551 2.319999933242798 21900
2.369999885559082 2.369999885559082 2.25 2.309999942779541 6600
2.4000000953674316 2.4000000953674316 2.1700000762939453 2.2100000381469727 39100
2.390000104904175 2.4000000953674316 2.174999952316284 2.299999952316284 99000
2.359999895095825 2.380000114440918 2.25 2.359999895095825 56600
2.4000000953674316 2.5399999618530273 2.3499999046325684 2.4200000762939453 23700
2.369999885559082 2.5899999141693115 2.3010001182556152 2.5299999713897705 34800
2.559999942779541 2.559999942779541 2.3399999141693115 2.390000104904175 24000
2.3499999046325684 2.559999942779541 2.3350000381469727 2.559999942779541 37400
2.5 2.5 2.369999885559082 2.4800000190734863 41700
2.505000114440918 2.505000114440918 2.436000108718872 2.4700000286102295 31900
2.5899999141693115 2.5999999046325684 2.5 2.5 28100
2.5 2.5250000953674316 2.259999990463257 2.450000047683716 51200
2.380000114440918 2.4860000610351562 2.380000114440918 2.4800000190734863 35500
2.450000047683716 2.5299999713897705 2.4000000953674316 2.5199999809265137 45000
2.619999885559082 2.619999885559082 2.255000114440918 2.309999942779541 74900
2.25 2.3350000381469727 2.25 2.299999952316284 4700
2.390000104904175 2.390000104904175 2.2899999618530273 2.309999942779541 11600
2.309999942779541 2.312999963760376 2.2100000381469727 2.2100000381469727 12900
2.2799999713897705 2.319999933242798 2.200000047683716 2.2699999809265137 16500
2.25 2.2639999389648438 2.180000066757202 2.2200000286102295 9100
2.2200000286102295 2.259999990463257 2.1500000953674316 2.2100000381469727 15400
2.259999990463257 2.299999952316284 2.190000057220459 2.200000047683716 17800
2.200000047683716 2.2200000286102295 2.180000066757202 2.190000057220459 8600
2.2100000381469727 2.2100000381469727 2.1500000953674316 2.1500000953674316 7000
2.174999952316284 2.190000057220459 2.119999885559082 2.1500000953674316 5900
2.200000047683716 2.299999952316284 2.190000057220459 2.25 20700
2.2880001068115234 2.299999952316284 2.240000009536743 2.2799999713897705 14100
2.2699999809265137 2.440000057220459 2.2100000381469727 2.4000000953674316 53600
2.3949999809265137 2.549999952316284 2.380000114440918 2.5199999809265137 64000
2.509999990463257 2.5899999141693115 2.309999942779541 2.359999895095825 77800
2.549999952316284 2.549999952316284 2.3499999046325684 2.3499999046325684 5300
2.259999990463257 2.490000009536743 2.259999990463257 2.390000104904175 11500
2.4159998893737793 2.506999969482422 2.4100000858306885 2.490000009536743 4300
2.4749999046325684 2.5999999046325684 2.2699999809265137 2.5999999046325684 37300
2.5999999046325684 2.680000066757202 2.509999990463257 2.630000114440918 31700
2.559999942779541 2.5799999237060547 2.4800000190734863 2.5 12500
2.5 2.680000066757202 2.5 2.609999895095825 16400
2.5999999046325684 2.609999895095825 2.5199999809265137 2.5199999809265137 9300
2.5199999809265137 2.5199999809265137 2.5199999809265137 2.5199999809265137 500
2.49399995803833 2.5899999141693115 2.4600000381469727 2.559999942779541 4600
2.569000005722046 2.609999895095825 2.569000005722046 2.609999895095825 6400
2.549999952316284 2.6700000762939453 2.549999952316284 2.5799999237060547 17900
2.559999942779541 2.559999942779541 2.450000047683716 2.450000047683716 26000
2.5999999046325684 2.9000000953674316 2.5 2.7300000190734863 115800
2.5799999237060547 2.684999942779541 2.4000000953674316 2.630000114440918 53800
2.5399999618530273 2.9800000190734863 2.450000047683716 2.9000000953674316 48200
2.9700000286102295 2.9700000286102295 2.75 2.7899999618530273 26000
2.7899999618530273 2.8450000286102295 2.7200000286102295 2.759999990463257 5200
2.690000057220459 2.9000000953674316 2.6500000953674316 2.7300000190734863 16700
2.7699999809265137 2.869999885559082 2.700000047683716 2.809999942779541 18600
2.9000000953674316 2.9000000953674316 2.549999952316284 2.7799999713897705 26900
2.7100000381469727 3.5999999046325684 2.619999885559082 3.3299999237060547 844600
3.6500000953674316 4.099999904632568 2.759999990463257 2.9600000381469727 3132400
2.7899999618530273 3.0999999046325684 2.430000066757202 2.9000000953674316 471000
2.7300000190734863 2.9000000953674316 2.5999999046325684 2.6500000953674316 130600
2.559999942779541 2.690000057220459 2.5220000743865967 2.5899999141693115 50500
2.5999999046325684 2.7300000190734863 2.5 2.5999999046325684 64500
2.559999942779541 2.759999990463257 2.549999952316284 2.690000057220459 32200
2.5799999237060547 2.5799999237060547 2.450000047683716 2.490000009536743 55900
2.4800000190734863 2.549999952316284 2.4200000762939453 2.4600000381469727 19300
2.4100000858306885 2.4800000190734863 2.299999952316284 2.390000104904175 38300
2.3949999809265137 2.509999990463257 2.3350000381469727 2.490000009536743 20700
2.380000114440918 2.5299999713897705 2.380000114440918 2.4800000190734863 4500
2.4100000858306885 2.680000066757202 2.4100000858306885 2.5199999809265137 13800
2.5299999713897705 2.740000009536743 2.4600000381469727 2.5999999046325684 36300
2.4800000190734863 2.6500000953674316 2.4800000190734863 2.559999942779541 5200
2.569999933242798 2.740000009536743 2.4800000190734863 2.5999999046325684 41600
2.5199999809265137 2.7200000286102295 2.509999990463257 2.609999895095825 36100
2.5450000762939453 2.630000114440918 2.4600000381469727 2.5 22700
2.450000047683716 2.5299999713897705 2.4000000953674316 2.430000066757202 15000
2.4000000953674316 2.4000000953674316 2.259999990463257 2.359999895095825 20100
2.369999885559082 2.390000104904175 2.190000057220459 2.2699999809265137 23000
2.299999952316284 2.380000114440918 2.1600000858306885 2.3299999237060547 27700
2.319999933242798 2.319999933242798 2.1500000953674316 2.2300000190734863 13800
2.25 2.25 2.049999952316284 2.119999885559082 71400
2.119999885559082 2.2200000286102295 2.0999999046325684 2.2200000286102295 9800
2.0799999237060547 2.299999952316284 2.0799999237060547 2.2699999809265137 17300
2.1659998893737793 2.255000114440918 2.049999952316284 2.180000066757202 20500
2.240000009536743 2.2899999618530273 2.2200000286102295 2.2200000286102295 7100
2.190000057220459 2.2899999618530273 2.183000087738037 2.25 2900
2.299999952316284 2.380000114440918 2.24399995803833 2.319999933242798 16600
2.4000000953674316 2.450000047683716 2.299999952316284 2.319999933242798 14200
2.302999973297119 2.3299999237060547 2.2799999713897705 2.299999952316284 11600
2.200000047683716 2.240000009536743 2.180000066757202 2.190000057220459 9200
2.109999895095825 2.2899999618530273 2.109999895095825 2.200000047683716 4900
2.140000104904175 2.509999990463257 2.140000104904175 2.240000009536743 35600
2.1519999504089355 2.240000009536743 2.1500000953674316 2.1500000953674316 3800
2.1679999828338623 2.380000114440918 2.1600000858306885 2.1600000858306885 5200
2.1500000953674316 2.1500000953674316 2.0999999046325684 2.0999999046325684 5800
2.5899999141693115 2.5999999046325684 2.119999885559082 2.119999885559082 5200
2.190000057220459 2.25 2.180000066757202 2.190000057220459 13100
2.2300000190734863 2.2699999809265137 2.200000047683716 2.200000047683716 2300
2.2079999446868896 2.299999952316284 2.200000047683716 2.259999990463257 22300
2.25 2.3499999046325684 2.25 2.3499999046325684 8600
2.2699999809265137 2.3399999141693115 2.2699999809265137 2.319999933242798 4500
2.319999933242798 2.559999942779541 2.299999952316284 2.549999952316284 39400
2.440000057220459 2.549999952316284 2.440000057220459 2.5399999618530273 12600
2.4000000953674316 2.7100000381469727 2.4000000953674316 2.690000057220459 18200
2.75 2.880000114440918 2.680000066757202 2.8499999046325684 71700
2.9700000286102295 2.9700000286102295 2.6500000953674316 2.9600000381469727 57500
2.7300000190734863 2.9600000381469727 2.7300000190734863 2.9600000381469727 27000
3.0 3.0799999237060547 2.9000000953674316 3.0399999618530273 62700
3.109999895095825 3.109999895095825 2.8499999046325684 3.0 26400
2.9200000762939453 3.0450000762939453 2.861999988555908 3.0 68400
2.9000000953674316 3.0799999237060547 2.884999990463257 3.059999942779541 86800
3.0799999237060547 3.0799999237060547 3.0 3.0299999713897705 6700
2.9600000381469727 3.069999933242798 2.9600000381469727 3.069999933242798 11400
2.640000104904175 2.8499999046325684 2.059999942779541 2.5199999809265137 144100
2.4000000953674316 2.5399999618530273 2.2200000286102295 2.4100000858306885 15000
2.319999933242798 2.359999895095825 2.309999942779541 2.319999933242798 10000
2.4800000190734863 2.4800000190734863 2.3299999237060547 2.390000104904175 4900
2.3299999237060547 2.3399999141693115 2.2300000190734863 2.2899999618530273 4000
2.2899999618530273 2.2899999618530273 2.2300000190734863 2.25 7400
2.2300000190734863 2.25 2.140000104904175 2.200000047683716 9800
2.259999990463257 2.5799999237060547 2.171999931335449 2.2100000381469727 2700
2.190000057220459 2.203000068664551 2.130000114440918 2.180000066757202 14200
2.1500000953674316 2.25 2.1500000953674316 2.25 7500
2.430000066757202 2.430000066757202 2.369999885559082 2.380000114440918 5800
2.3989999294281006 2.430000066757202 2.319999933242798 2.430000066757202 12900
2.4749999046325684 2.4749999046325684 2.319999933242798 2.3299999237060547 8100
2.259999990463257 2.549999952316284 2.259999990463257 2.3299999237060547 10100
2.430000066757202 2.444999933242798 2.369999885559082 2.4100000858306885 1700
2.424999952316284 2.450000047683716 2.4200000762939453 2.440000057220459 8000
2.440000057220459 2.440000057220459 2.380000114440918 2.380000114440918 11600
2.3499999046325684 2.430000066757202 2.3499999046325684 2.4000000953674316 13800
2.440000057220459 2.440000057220459 2.375 2.4200000762939453 4500
2.4000000953674316 2.4000000953674316 2.4000000953674316 2.4000000953674316 600
2.4100000858306885 2.4100000858306885 2.4100000858306885 2.4100000858306885 600
2.450000047683716 2.450000047683716 2.4000000953674316 2.4000000953674316 4600
2.4000000953674316 2.4100000858306885 2.369999885559082 2.369999885559082 4300
2.3499999046325684 2.3499999046325684 2.253999948501587 2.319999933242798 3900
2.319999933242798 2.319999933242798 2.240000009536743 2.244999885559082 2400
2.190000057220459 2.299999952316284 2.140000104904175 2.2300000190734863 8300
2.140000104904175 2.2019999027252197 2.140000104904175 2.200000047683716 7100
2.2209999561309814 2.2209999561309814 2.1500000953674316 2.1500000953674316 5200
2.259999990463257 2.259999990463257 2.0799999237060547 2.140000104904175 5500
2.140000104904175 2.140000104904175 1.9479999542236328 1.9800000190734863 31100
1.9600000381469727 2.0 1.9600000381469727 1.9800000190734863 3400
1.9800000190734863 2.0989999771118164 1.9800000190734863 2.0199999809265137 15000
2.007999897003174 2.1700000762939453 1.9800000190734863 2.049999952316284 12400
2.049999952316284 2.1050000190734863 2.009999990463257 2.069999933242798 16500
2.0899999141693115 2.1500000953674316 2.059999942779541 2.1500000953674316 12600
2.25 2.25 2.119999885559082 2.200000047683716 15500
2.1500000953674316 2.1989998817443848 2.0199999809265137 2.1500000953674316 5500
2.1500000953674316 2.178999900817871 2.119999885559082 2.1600000858306885 19300
2.200000047683716 2.3499999046325684 2.200000047683716 2.3299999237060547 7700
2.2750000953674316 2.2799999713897705 2.25 2.25 3000
2.2899999618530273 2.4100000858306885 2.2899999618530273 2.380000114440918 14600
2.3299999237060547 2.4200000762939453 2.3299999237060547 2.380000114440918 12800
2.3550000190734863 2.444000005722046 2.3499999046325684 2.390000104904175 9300
2.381999969482422 2.450000047683716 2.3299999237060547 2.440000057220459 4500
2.359999895095825 2.3949999809265137 2.359999895095825 2.380000114440918 1200
2.369999885559082 2.38700008392334 2.259999990463257 2.259999990463257 8000
2.309999942779541 2.309999942779541 2.2100000381469727 2.2100000381469727 2800
2.259999990463257 2.3299999237060547 2.1600000858306885 2.259999990463257 5000
2.2699999809265137 2.361999988555908 2.200000047683716 2.299999952316284 9700
2.200000047683716 2.309999942779541 2.109999895095825 2.200000047683716 18200
2.200000047683716 2.2699999809265137 2.200000047683716 2.2200000286102295 2000
2.200000047683716 2.25 2.200000047683716 2.2100000381469727 15400
2.1500000953674316 2.25 2.1500000953674316 2.200000047683716 15200
2.299999952316284 2.299999952316284 2.1500000953674316 2.200000047683716 9200
2.200000047683716 2.299999952316284 2.190999984741211 2.299999952316284 9600
2.299999952316284 2.299999952316284 2.2300000190734863 2.2699999809265137 10700
2.2699999809265137 2.299999952316284 2.25 2.299999952316284 11700
2.299999952316284 2.299999952316284 2.2200000286102295 2.25 10700
2.2699999809265137 2.2899999618530273 2.240000009536743 2.2669999599456787 8400
2.2699999809265137 2.3480000495910645 2.25 2.3480000495910645 17700
2.3380000591278076 2.4000000953674316 2.299999952316284 2.369999885559082 4500
2.384999990463257 2.384999990463257 2.2799999713897705 2.299999952316284 25800
2.299999952316284 2.299999952316284 2.2750000953674316 2.299999952316284 2800
2.2300000190734863 2.305999994277954 2.2300000190734863 2.299999952316284 1500
2.3299999237060547 2.3299999237060547 2.299999952316284 2.299999952316284 4500
2.299999952316284 2.299999952316284 2.259999990463257 2.299999952316284 3700
2.309999942779541 2.3399999141693115 2.309999942779541 2.3259999752044678 1100
2.3010001182556152 2.4600000381469727 2.299999952316284 2.3499999046325684 12700
2.359999895095825 2.371000051498413 2.25 2.2699999809265137 9700
2.259999990463257 2.259999990463257 2.0 2.0399999618530273 47000
1.9900000095367432 2.0490000247955322 1.9500000476837158 2.009999990463257 15700
2.009999990463257 2.0399999618530273 1.8990000486373901 2.0 7400
1.9900000095367432 2.059999942779541 1.9500000476837158 1.9500000476837158 2900
1.9500000476837158 1.9700000286102295 1.850000023841858 1.9600000381469727 6400
1.940000057220459 1.940000057220459 1.8200000524520874 1.9199999570846558 23300
1.8200000524520874 1.899999976158142 1.8200000524520874 1.8799999952316284 15100
1.9199999570846558 1.9299999475479126 1.8700000047683716 1.909000039100647 14300
1.940000057220459 2.0999999046325684 1.9299999475479126 2.0399999618530273 32500
2.009999990463257 2.0399999618530273 1.940000057220459 1.940000057220459 2200
1.9559999704360962 1.9620000123977661 1.871999979019165 1.899999976158142 7800
1.9229999780654907 1.9229999780654907 1.8650000095367432 1.8799999952316284 9400
1.899999976158142 1.899999976158142 1.8300000429153442 1.8450000286102295 4900
1.8200000524520874 1.8250000476837158 1.75 1.7999999523162842 12700
1.781000018119812 1.7999999523162842 1.7100000381469727 1.7200000286102295 13100
1.9900000095367432 1.9900000095367432 1.75 1.75 16600
1.75 1.7699999809265137 1.75 1.7699999809265137 900
1.774999976158142 1.774999976158142 1.7230000495910645 1.75 12900
1.7300000190734863 1.840000033378601 1.7300000190734863 1.7799999713897705 9800
1.8600000143051147 1.8600000143051147 1.7829999923706055 1.8200000524520874 20100
1.8589999675750732 1.9199999570846558 1.8559999465942383 1.8700000047683716 4500
1.909999966621399 1.9199999570846558 1.840000033378601 1.8700000047683716 3200
1.8229999542236328 1.8799999952316284 1.8200000524520874 1.8799999952316284 2700
1.9500000476837158 1.9500000476837158 1.9249999523162842 1.9500000476837158 4200
1.9600000381469727 2.2699999809265137 1.9600000381469727 2.1500000953674316 24800
2.1500000953674316 2.1500000953674316 2.009999990463257 2.075000047683716 17300
2.0899999141693115 2.0899999141693115 1.9500000476837158 2.0 1700
1.899999976158142 2.0 1.899999976158142 1.9500000476837158 6000
1.9500000476837158 2.049999952316284 1.899999976158142 1.9900000095367432 15100
1.9900000095367432 1.9900000095367432 1.8899999856948853 1.9299999475479126 2900
1.9500000476837158 1.9500000476837158 1.940000057220459 1.940000057220459 1900
1.8799999952316284 1.9299999475479126 1.8799999952316284 1.9199999570846558 5800
1.940000057220459 1.940000057220459 1.8639999628067017 1.8639999628067017 3000
1.8200000524520874 1.8899999856948853 1.7799999713897705 1.7799999713897705 9700
1.7489999532699585 1.8200000524520874 1.7489999532699585 1.7589999437332153 3500
1.7760000228881836 1.7799999713897705 1.6990000009536743 1.7400000095367432 44600
1.7109999656677246 1.7400000095367432 1.7100000381469727 1.715000033378601 6600
1.7100000381469727 1.8109999895095825 1.7100000381469727 1.7999999523162842 11200
1.8300000429153442 1.8899999856948853 1.7599999904632568 1.7599999904632568 6100
1.7400000095367432 1.809999942779541 1.7400000095367432 1.7999999523162842 2100
1.850000023841858 1.850000023841858 1.75 1.7999999523162842 19100
2.180000066757202 2.180000066757202 1.7300000190734863 1.75 95100
1.75 1.940000057220459 1.75 1.840000033378601 68300
1.8380000591278076 1.8919999599456787 1.7799999713897705 1.7799999713897705 18900
1.7999999523162842 1.9500000476837158 1.7999999523162842 1.906999945640564 31100
1.8899999856948853 1.9600000381469727 1.850000023841858 1.9550000429153442 13400
1.9600000381469727 1.9600000381469727 1.8899999856948853 1.909999966621399 10600
1.899999976158142 1.9199999570846558 1.8799999952316284 1.8799999952316284 1600
1.8700000047683716 1.9600000381469727 1.8300000429153442 1.9299999475479126 16700
1.909999966621399 2.0199999809265137 1.909999966621399 1.940000057220459 5500
1.9160000085830688 1.9160000085830688 1.781000018119812 1.781000018119812 19600
1.7799999713897705 1.8940000534057617 1.7699999809265137 1.7899999618530273 13800
1.7899999618530273 1.8220000267028809 1.7300000190734863 1.7300000190734863 13200
1.7799999713897705 1.8300000429153442 1.7699999809265137 1.7999999523162842 14500
1.7699999809265137 1.8200000524520874 1.7699999809265137 1.7999999523162842 14400
1.7200000286102295 2.01200008392334 1.7200000286102295 1.9800000190734863 45300
1.9800000190734863 1.9800000190734863 1.8899999856948853 1.8899999856948853 4700
1.8300000429153442 1.8300000429153442 1.7599999904632568 1.7610000371932983 3000
1.8049999475479126 1.8049999475479126 1.75 1.75 1900
1.7790000438690186 1.7799999713897705 1.7790000438690186 1.7799999713897705 2300
1.7899999618530273 1.7899999618530273 1.7100000381469727 1.7300000190734863 5800
1.7100000381469727 1.7580000162124634 1.7100000381469727 1.7300000190734863 1400
1.7999999523162842 1.7999999523162842 1.7100000381469727 1.7100000381469727 6100
1.7699999809265137 1.809999942779541 1.7200000286102295 1.7599999904632568 4500
1.7200000286102295 1.8300000429153442 1.7200000286102295 1.7949999570846558 5300
1.7899999618530273 1.7999999523162842 1.7699999809265137 1.7899999618530273 5500
1.7899999618530273 1.8899999856948853 1.7899999618530273 1.850000023841858 3600
1.75 1.8450000286102295 1.7400000095367432 1.8049999475479126 6400
1.7699999809265137 1.7799999713897705 1.7599999904632568 1.774999976158142 1300
1.7300000190734863 1.7899999618530273 1.7300000190734863 1.7899999618530273 3000
1.7599999904632568 1.7999999523162842 1.75 1.7999999523162842 4500
1.7999999523162842 1.7999999523162842 1.75 1.7699999809265137 3800
1.7699999809265137 1.7799999713897705 1.7599999904632568 1.7699999809265137 5400
1.7400000095367432 1.7799999713897705 1.7400000095367432 1.7699999809265137 1100
1.7599999904632568 1.7799999713897705 1.7300000190734863 1.7450000047683716 5200
1.75 1.7699999809265137 1.7300000190734863 1.7699999809265137 2300
1.7799999713897705 1.7999999523162842 1.7699999809265137 1.7699999809265137 1700
1.809999942779541 1.809999942779541 1.7699999809265137 1.7699999809265137 1500
1.7899999618530273 1.7899999618530273 1.7400000095367432 1.7400000095367432 4100
1.809999942779541 1.809999942779541 1.774999976158142 1.774999976158142 1000
1.7300000190734863 1.7799999713897705 1.7000000476837158 1.7799999713897705 20900
1.7799999713897705 1.819000005722046 1.7699999809265137 1.819000005722046 5700
1.7799999713897705 1.7799999713897705 1.7200000286102295 1.7200000286102295 2200
1.7640000581741333 1.7640000581741333 1.7200000286102295 1.7300000190734863 4000
1.7400000095367432 1.7400000095367432 1.725000023841858 1.7400000095367432 1300
1.7100000381469727 1.7300000190734863 1.690000057220459 1.7300000190734863 9800
1.7200000286102295 1.7200000286102295 1.690000057220459 1.7200000286102295 3400
1.7300000190734863 1.7300000190734863 1.6799999475479126 1.690000057220459 4200
1.6799999475479126 1.690000057220459 1.6699999570846558 1.6799999475479126 3800
1.6619999408721924 1.7369999885559082 1.6200000047683716 1.7300000190734863 5500
1.7000000476837158 1.75 1.7000000476837158 1.75 1400
1.7799999713897705 1.7799999713897705 1.7599999904632568 1.7599999904632568 500
1.7350000143051147 1.7350000143051147 1.6799999475479126 1.7200000286102295 1100
1.6859999895095825 1.7879999876022339 1.6859999895095825 1.7799999713897705 5200
1.7799999713897705 1.8209999799728394 1.7000000476837158 1.7699999809265137 6300
1.7999999523162842 1.9149999618530273 1.7999999523162842 1.850000023841858 9200
1.840000033378601 1.850000023841858 1.8200000524520874 1.8200000524520874 1800
1.7300000190734863 1.7860000133514404 1.7130000591278076 1.7860000133514404 9500
1.8969999551773071 1.9509999752044678 1.8200000524520874 1.8899999856948853 6400
1.9550000429153442 1.9550000429153442 1.8799999952316284 1.8799999952316284 7200
1.8899999856948853 1.8899999856948853 1.7799999713897705 1.8700000047683716 7000
1.7999999523162842 1.7999999523162842 1.75 1.7999999523162842 2600
1.7699999809265137 1.8700000047683716 1.7699999809265137 1.8600000143051147 1200
1.8600000143051147 1.8660000562667847 1.8600000143051147 1.8600000143051147 3300
1.7899999618530273 1.809999942779541 1.7799999713897705 1.7999999523162842 1400
1.8300000429153442 1.8300000429153442 1.7899999618530273 1.7899999618530273 900
1.8300000429153442 1.850000023841858 1.8200000524520874 1.8200000524520874 1400
1.8200000524520874 1.8899999856948853 1.7400000095367432 1.8200000524520874 2000
1.7599999904632568 1.7999999523162842 1.7599999904632568 1.7999999523162842 1200
1.7999999523162842 1.7999999523162842 1.7400000095367432 1.75 2200
1.75 1.840000033378601 1.7400000095367432 1.840000033378601 12900
1.8200000524520874 1.8200000524520874 1.7999999523162842 1.7999999523162842 1400
1.75 1.7899999618530273 1.75 1.7899999618530273 4300
1.8220000267028809 1.8220000267028809 1.809999942779541 1.8200000524520874 5300
1.840000033378601 1.840000033378601 1.815000057220459 1.815000057220459 1200
1.7899999618530273 1.8350000381469727 1.7899999618530273 1.8350000381469727 1800
1.8300000429153442 1.899999976158142 1.8300000429153442 1.899999976158142 7600
1.8029999732971191 1.9010000228881836 1.7599999904632568 1.7899999618530273 7100
1.8600000143051147 1.8609999418258667 1.7400000095367432 1.7699999809265137 3100
1.7769999504089355 1.7899999618530273 1.7769999504089355 1.7899999618530273 1900
1.7699999809265137 1.7699999809265137 1.7000000476837158 1.7000000476837158 4500
1.725000023841858 1.725000023841858 1.6859999895095825 1.715000033378601 2600
1.6890000104904175 1.7000000476837158 1.6890000104904175 1.7000000476837158 900
1.6799999475479126 1.7300000190734863 1.6799999475479126 1.7300000190734863 2800
1.7000000476837158 1.715000033378601 1.7000000476837158 1.7000000476837158 1800
1.6970000267028809 1.6970000267028809 1.6970000267028809 1.6970000267028809 2800
1.7359999418258667 1.7359999418258667 1.6799999475479126 1.6799999475479126 900
1.7000000476837158 1.7000000476837158 1.690000057220459 1.690999984741211 8700
1.690000057220459 1.75 1.6330000162124634 1.6799999475479126 25500
1.6399999856948853 1.6480000019073486 1.5069999694824219 1.6399999856948853 89900
1.6200000047683716 1.75600004196167 1.5399999618530273 1.5399999618530273 6100
1.690000057220459 1.690000057220459 1.5199999809265137 1.5800000429153442 5300
1.534000039100647 1.534000039100647 1.5199999809265137 1.5199999809265137 2200
1.6399999856948853 1.6399999856948853 1.5399999618530273 1.5499999523162842 1500
1.5499999523162842 1.590000033378601 1.5499999523162842 1.559999942779541 7400
1.559999942779541 1.559999942779541 1.5499999523162842 1.5499999523162842 1500
1.565000057220459 1.5800000429153442 1.5399999618530273 1.5570000410079956 13900
1.6100000143051147 1.6100000143051147 1.5299999713897705 1.5499999523162842 5400
1.565000057220459 1.5820000171661377 1.5199999809265137 1.531999945640564 5800
1.5299999713897705 1.5299999713897705 1.4220000505447388 1.4600000381469727 4400
1.4900000095367432 1.5 1.444000005722046 1.4500000476837158 3300
1.4500000476837158 1.4910000562667847 1.4500000476837158 1.4600000381469727 1600
1.4800000190734863 1.5499999523162842 1.4600000381469727 1.4800000190734863 30300
1.5499999523162842 1.590000033378601 1.5499999523162842 1.5850000381469727 7100
1.5299999713897705 1.590000033378601 1.4700000286102295 1.5 7100
1.5499999523162842 1.6440000534057617 1.5499999523162842 1.600000023841858 4800
1.565000057220459 1.5700000524520874 1.5499999523162842 1.5700000524520874 2200
1.5499999523162842 1.590000033378601 1.534999966621399 1.5399999618530273 9200
1.5399999618530273 1.559999942779541 1.4900000095367432 1.559999942779541 1400
1.559999942779541 1.559999942779541 1.559999942779541 1.559999942779541 300
1.440000057220459 1.4700000286102295 1.440000057220459 1.4700000286102295 700
1.4600000381469727 1.4700000286102295 1.4199999570846558 1.4500000476837158 10700
1.4700000286102295 1.4700000286102295 1.4500000476837158 1.4500000476837158 4800
1.399999976158142 1.4299999475479126 1.3600000143051147 1.3650000095367432 17500
1.3600000143051147 1.4500000476837158 1.350000023841858 1.3799999952316284 15500
1.3799999952316284 1.4500000476837158 1.3799999952316284 1.4199999570846558 7000
1.4149999618530273 1.4149999618530273 1.3799999952316284 1.3799999952316284 4200
1.340000033378601 1.3799999952316284 1.340000033378601 1.3799999952316284 8200
1.3420000076293945 1.3700000047683716 1.2599999904632568 1.3700000047683716 2900
1.3700000047683716 1.3700000047683716 1.3229999542236328 1.340000033378601 1300
1.340000033378601 1.350000023841858 1.2799999713897705 1.2799999713897705 10000
1.315000057220459 1.3700000047683716 1.315000057220459 1.315000057220459 3400
1.315000057220459 1.315000057220459 1.315000057220459 1.315000057220459 400
1.3250000476837158 1.3600000143051147 1.2990000247955322 1.3200000524520874 7800
1.3320000171661377 1.3600000143051147 1.3200000524520874 1.3200000524520874 2800
1.3600000143051147 1.399999976158142 1.350000023841858 1.399999976158142 10700
1.399999976158142 1.399999976158142 1.399999976158142 1.399999976158142 200
1.399999976158142 1.399999976158142 1.399999976158142 1.399999976158142 113
