20.057990862075695 20.07292366027832 20.048036296153715 20.07292366027832 3700
20.11771607081013 20.137625202368916 20.08785427211123 20.097808837890625 8900
20.077899932861328 20.077899932861328 20.057990801077914 20.077899932861328 8300
20.067944546306936 20.067944546306936 19.978355355584558 19.983333587646484 10200
19.898721756042487 19.958447253389597 19.878812624047008 19.89374542236328 2800
19.88876730355624 19.88876730355624 19.883790969848633 19.883790969848633 300
19.863880617894484 19.863880617894484 19.824064254760742 19.824064254760742 700
19.809132197526726 19.809132197526726 19.759361267089844 19.759361267089844 300
19.709588890987238 19.71954345703125 19.689681657538543 19.71954345703125 300
19.78424644470215 19.78424644470215 19.78424644470215 19.78424644470215 0
19.709589293202505 19.709589293202505 19.684703826904297 19.684703826904297 100
19.714567184448242 19.714567184448242 19.714567184448242 19.714567184448242 0
19.88080406188965 19.88080406188965 19.88080406188965 19.88080406188965 100
19.86885851232301 19.86885851232301 19.853927612304688 19.853927612304688 100
19.853927612304688 19.853927612304688 19.853927612304688 19.853927612304688 100
19.89872169494629 19.89872169494629 19.89872169494629 19.89872169494629 0
20.023151397705078 20.023151397705078 20.023151397705078 20.023151397705078 0
20.043060302734375 20.043060302734375 20.043060302734375 20.043060302734375 0
20.07790010741138 20.07790010741138 20.062969207763672 20.062969207763672 300
19.938540079356564 19.954465866088867 19.928585513329207 19.954465866088867 5800
19.878812783460237 19.878812783460237 19.799178153479037 19.813114166259766 29200
19.769315719604492 19.769315719604492 19.769315719604492 19.769315719604492 0
19.828045701210193 19.82904058816275 19.824064254760742 19.824064254760742 169700
19.868858627983656 19.87881319426694 19.80913312892333 19.811124801635742 6700
19.888767183039754 19.888767183039754 19.828046798706055 19.828046798706055 20400
19.799176943890274 19.8190860748291 19.799176943890274 19.8190860748291 10200
19.819087868322146 19.83899700106262 19.819087868322146 19.829042434692383 1400
19.814109802246094 19.814109802246094 19.814109802246094 19.814109802246094 100
19.82904220191849 19.82904220191849 19.7742930368446 19.783252716064453 7700
19.799177343888303 19.799177343888303 19.78424644470215 19.78424644470215 500
19.759361493919567 19.769316059849075 19.739452362060547 19.739452362060547 4600
19.799178322289947 19.799178322289947 19.732484817504883 19.732484817504883 500
19.639908063198202 19.639908063198202 19.619998931884766 19.619998931884766 300
19.708999633789062 19.719999313354492 19.704999923706055 19.704999923706055 2900
19.610000610351562 19.610000610351562 19.610000610351562 19.610000610351562 100
19.579999923706055 19.579999923706055 19.559999465942383 19.559999465942383 500
19.514999389648438 19.514999389648438 19.440000534057617 19.454999923706055 800
19.4060001373291 19.5 19.389999389648438 19.48699951171875 1100
19.56999969482422 19.56999969482422 19.475000381469727 19.475000381469727 11500
19.365999221801758 19.365999221801758 19.349000930786133 19.354999542236328 4000
19.239999771118164 19.239999771118164 19.15999984741211 19.15999984741211 300
19.264999389648438 19.264999389648438 19.264999389648438 19.264999389648438 100
19.28499984741211 19.28499984741211 19.28499984741211 19.28499984741211 500
19.15999984741211 19.25 19.15999984741211 19.229999542236328 3100
19.42799949645996 19.42799949645996 19.42799949645996 19.42799949645996 0
19.405000686645508 19.43000030517578 19.399999618530273 19.43000030517578 13200
19.48900032043457 19.520000457763672 19.48900032043457 19.520000457763672 400
19.3799991607666 19.3799991607666 19.3799991607666 19.3799991607666 100
19.479999542236328 19.479999542236328 19.46500015258789 19.469999313354492 1400
19.375 19.375 19.374000549316406 19.374000549316406 900
19.239999771118164 19.239999771118164 19.200000762939453 19.204999923706055 6400
19.079999923706055 19.118999481201172 19.079999923706055 19.09000015258789 2400
19.049999237060547 19.075000762939453 18.993000030517578 18.993000030517578 5800
19.059999465942383 19.059999465942383 19.052000045776367 19.052000045776367 2500
19.0575008392334 19.0575008392334 19.0575008392334 19.0575008392334 2885
