9.699999809265137 9.699999809265137 9.699999809265137 9.699999809265137 100
9.699999809265137 9.789999961853027 9.699999809265137 9.699999809265137 128300
9.600000381469727 9.699999809265137 9.600000381469727 9.670000076293945 11300
9.699999809265137 9.770000457763672 9.680000305175781 9.699999809265137 323000
9.670000076293945 9.699999809265137 9.65999984741211 9.699999809265137 16500
9.699999809265137 9.75 9.699999809265137 9.720000267028809 25400
9.720000267028809 9.720000267028809 9.720000267028809 9.720000267028809 3500
9.720000267028809 9.720000267028809 9.699999809265137 9.720000267028809 7300
9.760000228881836 9.760000228881836 9.6899995803833 9.699999809265137 292700
9.640000343322754 9.729999542236328 9.640000343322754 9.690999984741211 7300
9.670000076293945 9.6899995803833 9.670000076293945 9.680000305175781 1700
9.680000305175781 9.680000305175781 9.680000305175781 9.680000305175781 300
9.699999809265137 9.699999809265137 9.6899995803833 9.699999809265137 1000
9.697999954223633 9.699999809265137 9.6899995803833 9.699999809265137 6400
9.680000305175781 9.699999809265137 9.670000076293945 9.680000305175781 16100
9.704999923706055 9.704999923706055 9.680000305175781 9.680000305175781 15400
9.680000305175781 9.680000305175781 9.680000305175781 9.680000305175781 0
9.65999984741211 9.65999984741211 9.65999984741211 9.65999984741211 502300
9.670000076293945 9.670000076293945 9.670000076293945 9.670000076293945 1700
9.699999809265137 9.699999809265137 9.699999809265137 9.699999809265137 2200
9.65999984741211 9.680000305175781 9.609999656677246 9.609999656677246 137200
9.630000114440918 9.649999618530273 9.630000114440918 9.649999618530273 6300
9.640000343322754 9.640000343322754 9.640000343322754 9.640000343322754 1100
9.640000343322754 9.640000343322754 9.640000343322754 9.640000343322754 0
9.619999885559082 9.630000114440918 9.619999885559082 9.619999885559082 78600
9.644000053405762 10.020000457763672 9.609999656677246 10.020000457763672 100600
9.90999984741211 9.90999984741211 9.609999656677246 9.609999656677246 100900
9.609999656677246 9.65999984741211 9.609999656677246 9.640000343322754 13400
9.619999885559082 9.65999984741211 9.609999656677246 9.649999618530273 89300
9.670000076293945 9.670000076293945 9.65999984741211 9.65999984741211 1400
9.65999984741211 9.6850004196167 9.65999984741211 9.65999984741211 55700
9.710000038146973 9.710000038146973 9.6899995803833 9.6899995803833 4500
9.720000267028809 9.720000267028809 9.619999885559082 9.630000114440918 68400
9.645999908447266 9.685999870300293 9.619999885559082 9.649999618530273 5000
9.649999618530273 9.649999618530273 9.649999618530273 9.649999618530273 0
9.65999984741211 9.65999984741211 9.65999984741211 9.65999984741211 3300
9.680000305175781 9.680000305175781 9.630000114440918 9.670000076293945 21100
9.710000038146973 9.710000038146973 9.640000343322754 9.649999618530273 43700
9.65999984741211 9.65999984741211 9.640000343322754 9.640000343322754 24900
9.640000343322754 9.640000343322754 9.630000114440918 9.640000343322754 6100
9.649999618530273 9.649999618530273 9.640000343322754 9.649999618530273 80800
9.649999618530273 9.649999618530273 9.649999618530273 9.649999618530273 1100
9.649999618530273 9.670000076293945 9.649999618530273 9.670000076293945 11300
9.670000076293945 9.670000076293945 9.670000076293945 9.670000076293945 0
9.65999984741211 9.65999984741211 9.640000343322754 9.640000343322754 18000
9.649999618530273 9.649999618530273 9.645000457763672 9.645000457763672 1900
9.649999618530273 9.649999618530273 9.649999618530273 9.649999618530273 1700
9.640000343322754 9.670000076293945 9.630000114440918 9.630000114440918 10000
9.649999618530273 9.65999984741211 9.637999534606934 9.649999618530273 220000
9.649999618530273 9.649999618530273 9.619999885559082 9.630000114440918 76600
9.630000114440918 9.664999961853027 9.630000114440918 9.664999961853027 18600
9.630000114440918 9.65999984741211 9.630000114440918 9.65999984741211 6300
9.649999618530273 9.65999984741211 9.649999618530273 9.649999618530273 10300
9.645000457763672 9.75 9.630000114440918 9.699999809265137 479600
9.720000267028809 9.770000457763672 9.649999618530273 9.729999542236328 92000
9.699999809265137 9.720000267028809 9.699999809265137 9.699999809265137 1700
9.6899995803833 9.699999809265137 9.65999984741211 9.699999809265137 97600
9.699999809265137 9.710000038146973 9.65999984741211 9.710000038146973 75600
9.710000038146973 9.720000267028809 9.65999984741211 9.699999809265137 115800
9.680000305175781 9.710000038146973 9.680000305175781 9.680000305175781 332200
9.699999809265137 9.699999809265137 9.699999809265137 9.699999809265137 300
9.680000305175781 9.6899995803833 9.649999618530273 9.6899995803833 23500
9.670000076293945 9.670000076293945 9.640000343322754 9.649999618530273 28000
9.625 9.630000114440918 9.569999694824219 9.579999923706055 608100
9.600000381469727 9.609999656677246 9.59000015258789 9.600000381469727 34900
9.609999656677246 9.619999885559082 9.600000381469727 9.600000381469727 145200
9.609999656677246 9.619999885559082 9.59000015258789 9.619999885559082 127900
9.619999885559082 9.630000114440918 9.619999885559082 9.619999885559082 67700
9.630000114440918 9.640000343322754 9.619999885559082 9.630000114440918 56500
9.619999885559082 9.630000114440918 9.609999656677246 9.619999885559082 18400
9.640000343322754 9.652999877929688 9.609999656677246 9.619999885559082 28900
9.619999885559082 9.630000114440918 9.609999656677246 9.630000114440918 3600
9.630000114440918 9.699999809265137 9.630000114440918 9.670000076293945 54700
9.680000305175781 9.699999809265137 9.65999984741211 9.699999809265137 15900
9.630000114440918 9.699999809265137 9.630000114440918 9.699999809265137 25100
9.6899995803833 9.6899995803833 9.6899995803833 9.6899995803833 1000
9.680000305175781 9.6899995803833 9.65999984741211 9.6899995803833 8300
9.699999809265137 9.699999809265137 9.680000305175781 9.6899995803833 26000
9.710000038146973 9.75 9.699999809265137 9.710000038146973 28700
9.699999809265137 9.699999809265137 9.65999984741211 9.682000160217285 1500
9.649999618530273 9.699999809265137 9.649999618530273 9.699999809265137 2300
9.699999809265137 9.739999771118164 9.699999809265137 9.729999542236328 9400
9.699999809265137 9.739999771118164 9.699999809265137 9.720000267028809 6500
9.680000305175781 9.699999809265137 9.609999656677246 9.630000114440918 534800
9.619999885559082 9.640000343322754 9.619999885559082 9.630000114440918 2400
9.630000114440918 9.631999969482422 9.600000381469727 9.630000114440918 37500
9.609999656677246 9.630000114440918 9.609999656677246 9.619999885559082 133100
9.609999656677246 9.630000114440918 9.609999656677246 9.630000114440918 13400
9.609999656677246 9.640000343322754 9.609999656677246 9.630000114440918 112400
9.619999885559082 9.630000114440918 9.619999885559082 9.630000114440918 25100
9.619999885559082 9.640000343322754 9.619999885559082 9.640000343322754 61400
9.630000114440918 9.640000343322754 9.630000114440918 9.630000114440918 14400
9.630000114440918 9.637999534606934 9.619999885559082 9.619999885559082 2400
9.609999656677246 9.640000343322754 9.609999656677246 9.640000343322754 21200
9.600000381469727 9.6899995803833 9.600000381469727 9.6899995803833 156100
9.6899995803833 9.6899995803833 9.630000114440918 9.630000114440918 1700
9.6899995803833 9.6899995803833 9.640000343322754 9.670000076293945 11100
9.675000190734863 9.675000190734863 9.675000190734863 9.675000190734863 100
9.640000343322754 9.65999984741211 9.640000343322754 9.65999984741211 400
9.649999618530273 9.6899995803833 9.649999618530273 9.6899995803833 1700
9.640000343322754 9.680000305175781 9.640000343322754 9.680000305175781 1600
9.65999984741211 9.699999809265137 9.65999984741211 9.670000076293945 14100
9.649999618530273 9.670000076293945 9.649999618530273 9.670000076293945 500
9.65999984741211 9.699999809265137 9.65999984741211 9.699999809265137 1400
9.710000038146973 9.720000267028809 9.680000305175781 9.720000267028809 3500
9.720000267028809 9.729999542236328 9.710000038146973 9.729999542236328 1800
9.680000305175781 9.789999961853027 9.680000305175781 9.770000457763672 13200
9.770000457763672 9.770000457763672 9.770000457763672 9.770000457763672 0
9.770000457763672 9.770000457763672 9.770000457763672 9.770000457763672 0
9.710000038146973 9.725000381469727 9.699999809265137 9.699999809265137 253500
9.699999809265137 9.729999542236328 9.680000305175781 9.680000305175781 3000
9.680000305175781 9.680000305175781 9.680000305175781 9.680000305175781 0
9.6899995803833 9.6899995803833 9.6899995803833 9.6899995803833 200
9.6899995803833 9.710000038146973 9.6899995803833 9.710000038146973 15100
9.710000038146973 9.710000038146973 9.710000038146973 9.710000038146973 0
9.6899995803833 9.720000267028809 9.680000305175781 9.720000267028809 33000
9.739999771118164 9.75 9.699999809265137 9.739999771118164 13100
9.710000038146973 9.729999542236328 9.699999809265137 9.729999542236328 17000
9.729999542236328 9.729999542236328 9.729999542236328 9.729999542236328 0
9.729999542236328 9.729999542236328 9.729999542236328 9.729999542236328 0
9.729999542236328 9.75 9.729999542236328 9.739999771118164 19300
9.699999809265137 9.75 9.699999809265137 9.720000267028809 2500
9.710000038146973 9.739999771118164 9.710000038146973 9.720000267028809 2900
9.710000038146973 9.720000267028809 9.699999809265137 9.699999809265137 2300
9.699999809265137 9.710000038146973 9.699999809265137 9.710000038146973 7000
9.710000038146973 9.710000038146973 9.710000038146973 9.710000038146973 0
9.699999809265137 9.729999542236328 9.699999809265137 9.729999542236328 17600
9.710000038146973 9.710000038146973 9.710000038146973 9.710000038146973 200
9.710000038146973 9.75 9.708000183105469 9.739999771118164 18000
9.737000465393066 9.737000465393066 9.737000465393066 9.737000465393066 200
9.729999542236328 9.729999542236328 9.729999542236328 9.729999542236328 800
9.729999542236328 9.729999542236328 9.729999542236328 9.729999542236328 0
9.739999771118164 9.760000228881836 9.720000267028809 9.760000228881836 68500
9.760000228881836 9.760000228881836 9.729999542236328 9.739999771118164 2300
9.739999771118164 9.800000190734863 9.729999542236328 9.779999732971191 92700
9.75 9.75 9.75 9.75 200
9.770000457763672 9.770000457763672 9.770000457763672 9.770000457763672 1200
9.779999732971191 9.779999732971191 9.729999542236328 9.75 8400
9.779999732971191 9.779999732971191 9.75 9.75 129900
9.75 9.770000457763672 9.75 9.770000457763672 51700
9.75 9.779999732971191 9.739999771118164 9.779999732971191 209500
9.779999732971191 9.779999732971191 9.75 9.779999732971191 10500
9.789999961853027 9.789999961853027 9.779999732971191 9.779999732971191 10700
9.760000228881836 9.779999732971191 9.75 9.770000457763672 18400
9.760000228881836 9.760000228881836 9.760000228881836 9.760000228881836 200
9.760000228881836 9.779999732971191 9.760000228881836 9.770000457763672 800
9.770000457763672 9.770000457763672 9.770000457763672 9.770000457763672 400
9.779999732971191 9.779999732971191 9.760000228881836 9.770000457763672 97200
9.770000457763672 9.770000457763672 9.755000114440918 9.760000228881836 35200
9.760000228881836 9.770000457763672 9.760000228881836 9.770000457763672 1600
9.770000457763672 9.770000457763672 9.75 9.760000228881836 5000
9.770000457763672 9.789999961853027 9.729999542236328 9.779999732971191 231400
9.789999961853027 9.789999961853027 9.75 9.760000228881836 8400
9.770000457763672 9.770000457763672 9.75 9.760000228881836 5500
9.75 9.75 9.739999771118164 9.739999771118164 1700
9.739999771118164 9.758000373840332 9.739999771118164 9.758000373840332 1600
9.789999961853027 9.789999961853027 9.746999740600586 9.746999740600586 300
9.75 9.75 9.739999771118164 9.75 10000
9.75 9.760000228881836 9.75 9.760000228881836 4300
9.739999771118164 9.770000457763672 9.739999771118164 9.75 81500
9.739999771118164 9.739999771118164 9.739999771118164 9.739999771118164 200
9.75 9.770000457763672 9.739999771118164 9.75 152200
9.739999771118164 9.760000228881836 9.739999771118164 9.75 9400
9.760000228881836 9.760000228881836 9.720000267028809 9.75 109200
9.739999771118164 9.75 9.710000038146973 9.739999771118164 673100
9.75 9.75 9.720000267028809 9.725000381469727 17200
9.739999771118164 9.739999771118164 9.720000267028809 9.720000267028809 3000
9.739999771118164 9.75 9.739999771118164 9.75 10300
9.739999771118164 9.75 9.720000267028809 9.720000267028809 118800
9.739999771118164 9.746000289916992 9.720000267028809 9.729999542236328 11400
9.739999771118164 9.739999771118164 9.675000190734863 9.720000267028809 7000
9.704999923706055 9.71399974822998 9.704999923706055 9.71399974822998 200
9.699999809265137 9.704999923706055 9.699999809265137 9.699999809265137 20600
9.6899995803833 9.720000267028809 9.6899995803833 9.720000267028809 25800
9.720000267028809 9.720000267028809 9.720000267028809 9.720000267028809 0
9.720000267028809 9.729999542236328 9.680000305175781 9.704999923706055 25900
9.720000267028809 9.727999687194824 9.710000038146973 9.710000038146973 12900
9.720000267028809 9.720000267028809 9.710000038146973 9.710000038146973 600
9.720000267028809 9.720000267028809 9.720000267028809 9.720000267028809 700
9.710000038146973 9.720000267028809 9.710000038146973 9.720000267028809 3200
9.729999542236328 9.760000228881836 9.729999542236328 9.739999771118164 40800
9.800000190734863 9.800000190734863 9.720000267028809 9.720000267028809 2100
9.729999542236328 9.729999542236328 9.729999542236328 9.729999542236328 3300
9.779999732971191 9.779999732971191 9.729999542236328 9.75 9300
9.710000038146973 9.75 9.710000038146973 9.720000267028809 403600
9.739999771118164 9.739999771118164 9.720000267028809 9.739999771118164 50400
9.729999542236328 9.729999542236328 9.729999542236328 9.729999542236328 7600
9.710000038146973 9.739999771118164 9.710000038146973 9.720000267028809 32200
9.744999885559082 9.744999885559082 9.720000267028809 9.729999542236328 1800
9.729999542236328 9.729999542236328 9.729999542236328 9.729999542236328 1500
9.720000267028809 9.729999542236328 9.720000267028809 9.720000267028809 2100
9.720000267028809 9.729999542236328 9.720000267028809 9.729999542236328 5700
9.729999542236328 9.739999771118164 9.710000038146973 9.720000267028809 66700
9.720000267028809 9.729999542236328 9.720000267028809 9.720000267028809 18100
9.710000038146973 9.727999687194824 9.65999984741211 9.65999984741211 40600
9.649999618530273 9.680000305175781 9.649999618530273 9.670000076293945 58200
9.65999984741211 9.680000305175781 9.65999984741211 9.680000305175781 24100
9.75 9.75 9.670000076293945 9.670000076293945 35200
9.670000076293945 9.680000305175781 9.670000076293945 9.670000076293945 18600
9.6899995803833 9.6899995803833 9.670000076293945 9.680000305175781 6500
9.729999542236328 9.729999542236328 9.680000305175781 9.710000038146973 16700
9.680000305175781 9.710000038146973 9.680000305175781 9.6899995803833 28800
9.680000305175781 9.720000267028809 9.680000305175781 9.699999809265137 57500
9.699999809265137 9.699999809265137 9.699999809265137 9.699999809265137 100
9.680000305175781 9.729999542236328 9.680000305175781 9.729999542236328 8500
9.739999771118164 9.739999771118164 9.699999809265137 9.710000038146973 1200
9.739999771118164 9.739999771118164 9.720000267028809 9.729999542236328 1800
9.739999771118164 9.739999771118164 9.734999656677246 9.739999771118164 562300
9.720000267028809 9.720000267028809 9.6899995803833 9.6899995803833 20600
9.739999771118164 9.739999771118164 9.699999809265137 9.710000038146973 4000
9.710000038146973 9.71500015258789 9.699999809265137 9.699999809265137 1300
9.699999809265137 9.760000228881836 9.699999809265137 9.725000381469727 557800
9.710000038146973 9.729999542236328 9.710000038146973 9.720000267028809 769000
9.704999923706055 9.729999542236328 9.704999923706055 9.729999542236328 5400
9.720000267028809 9.739999771118164 9.720000267028809 9.729999542236328 8200
9.729999542236328 9.739999771118164 9.729999542236328 9.739999771118164 301900
9.729999542236328 9.729999542236328 9.720000267028809 9.720000267028809 16500
9.729999542236328 9.734000205993652 9.729999542236328 9.734000205993652 400
9.720000267028809 9.720000267028809 9.720000267028809 9.720000267028809 9600
9.739999771118164 9.760000228881836 9.720000267028809 9.744999885559082 17700
9.729999542236328 9.770000457763672 9.729999542236328 9.770000457763672 3000
9.75 9.760000228881836 9.75 9.760000228881836 114700
9.75 9.75 9.75 9.75 900
9.75 9.760000228881836 9.744999885559082 9.75 16800
9.699999809265137 9.769000053405762 9.699999809265137 9.760000228881836 15400
9.765000343322754 9.770000457763672 9.765000343322754 9.770000457763672 2000
9.75 9.753000259399414 9.75 9.75 1200
9.760000228881836 9.770000457763672 9.760000228881836 9.770000457763672 17600
9.760000228881836 9.779999732971191 9.729999542236328 9.779999732971191 1214700
9.760000228881836 9.789999961853027 9.75 9.789999961853027 176700
9.779999732971191 9.789999961853027 9.755000114440918 9.755000114440918 9300
9.744999885559082 9.744999885559082 9.729000091552734 9.739999771118164 104600
9.75 9.75 9.739999771118164 9.75 8600
9.75 9.75 9.729999542236328 9.729999542236328 26200
9.729999542236328 9.739999771118164 9.720000267028809 9.729999542236328 60600
9.699999809265137 9.746999740600586 9.699999809265137 9.739999771118164 1000
9.739999771118164 9.739999771118164 9.739999771118164 9.739999771118164 0
9.739999771118164 9.755000114440918 9.739999771118164 9.739999771118164 55400
9.739999771118164 9.744999885559082 9.739999771118164 9.739999771118164 3600
9.739999771118164 9.75 9.739999771118164 9.75 3200
9.760000228881836 9.770000457763672 9.760000228881836 9.770000457763672 12200
9.779999732971191 9.779999732971191 9.75 9.75 6300
9.75 9.765000343322754 9.75 9.765000343322754 29200
9.770000457763672 9.770000457763672 9.770000457763672 9.770000457763672 800
9.770000457763672 9.770000457763672 9.75 9.770000457763672 4200
9.760000228881836 9.774999618530273 9.75 9.770000457763672 1000
9.779999732971191 9.788000106811523 9.779999732971191 9.788000106811523 600
9.760000228881836 9.770000457763672 9.760000228881836 9.770000457763672 1200
9.760000228881836 9.770000457763672 9.760000228881836 9.760000228881836 1500
9.779999732971191 9.779999732971191 9.770000457763672 9.770000457763672 7400
9.779999732971191 9.779999732971191 9.770000457763672 9.774999618530273 17300
9.760000228881836 9.779999732971191 9.760000228881836 9.770000457763672 5000
9.779999732971191 9.789999961853027 9.779999732971191 9.789999961853027 10900
9.789999961853027 9.79699993133545 9.789999961853027 9.79699993133545 300
9.800000190734863 9.8100004196167 9.789999961853027 9.8100004196167 6400
9.800000190734863 9.800000190734863 9.79800033569336 9.800000190734863 9600
9.8100004196167 9.8100004196167 9.800000190734863 9.8100004196167 155700
9.800000190734863 9.819999694824219 9.800000190734863 9.819999694824219 400
9.819999694824219 9.819999694824219 9.789999961853027 9.795000076293945 11100
9.789999961853027 9.789999961853027 9.789999961853027 9.789999961853027 1600
9.8100004196167 9.8100004196167 9.8100004196167 9.8100004196167 700
9.789999961853027 9.789999961853027 9.789999961853027 9.789999961853027 3100
9.789999961853027 9.798999786376953 9.779999732971191 9.789999961853027 33400
9.805000305175781 9.805000305175781 9.789999961853027 9.789999961853027 8900
9.789999961853027 9.819999694824219 9.779999732971191 9.819999694824219 66800
9.819999694824219 9.819999694824219 9.819999694824219 9.819999694824219 0
9.819999694824219 9.84000015258789 9.800000190734863 9.829999923706055 98300
9.829999923706055 9.829999923706055 9.800000190734863 9.8100004196167 35600
9.779999732971191 9.800000190734863 9.779999732971191 9.779999732971191 1200
9.779999732971191 9.779999732971191 9.779999732971191 9.779999732971191 0
9.779999732971191 9.779999732971191 9.779999732971191 9.779999732971191 0
9.760000228881836 9.760000228881836 9.760000228881836 9.760000228881836 700
9.760000228881836 9.770000457763672 9.760000228881836 9.770000457763672 19700
9.760000228881836 9.779999732971191 9.760000228881836 9.770000457763672 1507100
9.760000228881836 9.789999961853027 9.760000228881836 9.763999938964844 5400
9.770000457763672 9.779999732971191 9.770000457763672 9.779999732971191 1100
9.789999961853027 9.795000076293945 9.779999732971191 9.779999732971191 9600
9.760000228881836 9.789999961853027 9.760000228881836 9.779999732971191 6500
9.779999732971191 9.789999961853027 9.760000228881836 9.779999732971191 33300
9.8100004196167 9.8100004196167 9.770000457763672 9.770000457763672 2900
9.770000457763672 9.770000457763672 9.770000457763672 9.770000457763672 1600
9.789999961853027 9.789999961853027 9.789999961853027 9.789999961853027 2000
9.789999961853027 9.800000190734863 9.760000228881836 9.760000228881836 193100
9.75 9.789999961853027 9.75 9.770000457763672 42600
9.770000457763672 9.789999961853027 9.770000457763672 9.789999961853027 3500
9.789999961853027 9.789999961853027 9.770000457763672 9.789999961853027 16100
9.789999961853027 9.789999961853027 9.789999961853027 9.789999961853027 0
9.779999732971191 9.800000190734863 9.779999732971191 9.779999732971191 1800
9.770000457763672 9.800000190734863 9.770000457763672 9.800000190734863 11000
9.800000190734863 9.8100004196167 9.779999732971191 9.800000190734863 462000
9.789999961853027 9.789999961853027 9.789999961853027 9.789999961853027 16400
9.779999732971191 9.800000190734863 9.774999618530273 9.800000190734863 60700
9.779999732971191 9.789999961853027 9.770000457763672 9.770000457763672 106500
9.79800033569336 9.79800033569336 9.79800033569336 9.79800033569336 200
9.800999641418457 9.805000305175781 9.779999732971191 9.779999732971191 14100
9.829999923706055 9.829999923706055 9.779999732971191 9.789999961853027 10000
9.789999961853027 9.789999961853027 9.789999961853027 9.789999961853027 1500
9.789999961853027 9.789999961853027 9.779999732971191 9.789999961853027 12500
9.779999732971191 9.78499984741211 9.779999732971191 9.779999732971191 28100
9.800000190734863 9.800000190734863 9.800000190734863 9.800000190734863 2600
9.795000076293945 9.795000076293945 9.795000076293945 9.795000076293945 600
9.8100004196167 9.8100004196167 9.789999961853027 9.789999961853027 8500
9.789999961853027 9.8100004196167 9.789999961853027 9.789999961853027 3900
9.8100004196167 9.8100004196167 9.779999732971191 9.789999961853027 41800
9.800000190734863 9.800000190734863 9.789999961853027 9.789999961853027 700
9.78499984741211 9.78499984741211 9.779999732971191 9.779999732971191 32500
9.789999961853027 9.819999694824219 9.779999732971191 9.8100004196167 2300
9.8100004196167 9.8100004196167 9.8100004196167 9.8100004196167 0
9.8100004196167 9.8100004196167 9.779999732971191 9.789999961853027 58600
9.829999923706055 9.829999923706055 9.779999732971191 9.800000190734863 53100
9.800000190734863 9.800000190734863 9.800000190734863 9.800000190734863 200
9.819999694824219 9.819999694824219 9.800000190734863 9.800000190734863 5000
9.800000190734863 9.800000190734863 9.800000190734863 9.800000190734863 1600
9.800000190734863 9.800000190734863 9.800000190734863 9.800000190734863 0
9.829999923706055 9.829999923706055 9.800000190734863 9.800000190734863 15600
9.829999923706055 9.829999923706055 9.800000190734863 9.8100004196167 16400
9.8100004196167 9.8100004196167 9.8100004196167 9.8100004196167 100
9.8100004196167 9.8100004196167 9.8100004196167 9.8100004196167 21800
9.8100004196167 9.829999923706055 9.8100004196167 9.829999923706055 900
9.84000015258789 9.84000015258789 9.819999694824219 9.819999694824219 1800
9.84000015258789 9.84000015258789 9.84000015258789 9.84000015258789 300
9.829999923706055 9.84000015258789 9.819999694824219 9.84000015258789 43600
9.835000038146973 9.84000015258789 9.819999694824219 9.829999923706055 2500
9.829999923706055 9.84000015258789 9.829000473022461 9.829999923706055 37000
9.819999694824219 9.829999923706055 9.819999694824219 9.829000473022461 335100
9.819999694824219 9.831999778747559 9.819999694824219 9.829999923706055 6400
9.829999923706055 9.843000411987305 9.829999923706055 9.84000015258789 702100
9.829999923706055 9.83899974822998 9.819999694824219 9.829999923706055 4400
9.829999923706055 9.84000015258789 9.819999694824219 9.84000015258789 5100
9.829999923706055 9.84000015258789 9.829999923706055 9.84000015258789 1200
9.829999923706055 9.84000015258789 9.829999923706055 9.829999923706055 33600
9.84000015258789 9.850000381469727 9.84000015258789 9.84000015258789 900
9.850000381469727 9.850000381469727 9.84000015258789 9.84000015258789 1500
9.838000297546387 9.84000015258789 9.838000297546387 9.84000015258789 1900
9.84000015258789 9.850000381469727 9.829999923706055 9.850000381469727 38800
9.84000015258789 9.845000267028809 9.84000015258789 9.845000267028809 4100
9.84000015258789 9.850000381469727 9.829999923706055 9.829999923706055 1017800
9.829999923706055 9.84000015258789 9.829999923706055 9.84000015258789 300
9.850000381469727 9.859999656677246 9.84000015258789 9.84000015258789 127900
9.869999885559082 9.869999885559082 9.829999923706055 9.829999923706055 518000
9.829999923706055 9.84000015258789 9.8100004196167 9.84000015258789 62700
9.829999923706055 9.84000015258789 9.819999694824219 9.829999923706055 309900
9.859999656677246 9.859999656677246 9.829999923706055 9.829999923706055 7100
9.829999923706055 9.842000007629395 9.8100004196167 9.829999923706055 33400
9.819999694824219 9.819999694824219 9.819999694824219 9.819999694824219 1600
9.84000015258789 9.84000015258789 9.829999923706055 9.829999923706055 3700
9.829999923706055 9.829999923706055 9.829999923706055 9.829999923706055 0
9.829999923706055 10.050000190734863 9.760000228881836 9.789999961853027 1790000
9.829999923706055 9.829999923706055 9.800000190734863 9.819999694824219 45900
9.800000190734863 9.829999923706055 9.800000190734863 9.819999694824219 33200
9.819999694824219 9.819999694824219 9.8100004196167 9.819999694824219 31700
9.819999694824219 9.829999923706055 9.789999961853027 9.819999694824219 481000
9.819999694824219 9.819999694824219 9.800000190734863 9.8100004196167 7800
9.8100004196167 9.819999694824219 9.800000190734863 9.8100004196167 38900
9.8100004196167 9.850000381469727 9.8100004196167 9.829999923706055 249200
9.880000114440918 9.880000114440918 9.8100004196167 9.829999923706055 38600
9.829999923706055 9.829999923706055 9.829999923706055 9.829999923706055 3000
9.831999778747559 9.850000381469727 9.829999923706055 9.829999923706055 108400
9.819999694824219 9.819999694824219 9.819999694824219 9.819999694824219 7000
9.819999694824219 9.824999809265137 9.819999694824219 9.824999809265137 28200
9.829999923706055 9.829999923706055 9.819999694824219 9.819999694824219 103700
9.819999694824219 9.829999923706055 9.819999694824219 9.819999694824219 36200
9.819999694824219 9.829999923706055 9.8100004196167 9.8100004196167 125600
9.819999694824219 9.824999809265137 9.819999694824219 9.819999694824219 69100
9.819999694824219 9.829999923706055 9.805000305175781 9.819999694824219 189900
9.8100004196167 9.84000015258789 9.8100004196167 9.819999694824219 35000
9.819999694824219 9.831000328063965 9.8100004196167 9.819999694824219 39400
9.8100004196167 9.831999778747559 9.8100004196167 9.829999923706055 65500
9.850000381469727 9.850000381469727 9.829999923706055 9.829999923706055 44600
9.850000381469727 9.850000381469727 9.835000038146973 9.84000015258789 63800
9.84000015258789 9.850000381469727 9.84000015258789 9.850000381469727 204500
9.850000381469727 9.859999656677246 9.850000381469727 9.859999656677246 89500
9.852999687194824 9.859999656677246 9.852999687194824 9.859999656677246 1000
9.864999771118164 9.869999885559082 9.854999542236328 9.869999885559082 22600
9.859999656677246 9.869999885559082 9.859999656677246 9.869999885559082 215600
9.869999885559082 9.880000114440918 9.869999885559082 9.880000114440918 30400
9.859999656677246 9.890000343322754 9.859999656677246 9.890000343322754 24800
9.887999534606934 9.890000343322754 9.880000114440918 9.880000114440918 500
9.869999885559082 9.890000343322754 9.869999885559082 9.890000343322754 44800
9.920000076293945 9.920000076293945 9.880000114440918 9.90999984741211 1283700
9.90999984741211 9.90999984741211 9.899999618530273 9.899999618530273 169500
9.916999816894531 9.920000076293945 9.90999984741211 9.90999984741211 6400
9.90999984741211 9.90999984741211 9.899999618530273 9.904999732971191 3100
9.90999984741211 9.90999984741211 9.895000457763672 9.895000457763672 8000
9.890000343322754 9.899999618530273 9.890000343322754 9.890000343322754 17700
9.920000076293945 9.9399995803833 9.899999618530273 9.9399995803833 149500
9.949999809265137 9.960000038146973 9.9399995803833 9.954999923706055 97100
9.960000038146973 9.960000038146973 9.960000038146973 9.960000038146973 800
9.9399995803833 9.949999809265137 9.9399995803833 9.949999809265137 600
9.960000038146973 9.960000038146973 9.925000190734863 9.944999694824219 36700
9.9399995803833 9.9399995803833 9.9399995803833 9.9399995803833 1300
9.949999809265137 9.960000038146973 9.9399995803833 9.949999809265137 341600
9.9399995803833 9.960000038146973 9.9399995803833 9.960000038146973 65900
9.949999809265137 9.960000038146973 9.9399995803833 9.944999694824219 38800
9.9399995803833 9.989999771118164 9.9399995803833 9.970000267028809 751800
9.970000267028809 10.050000190734863 9.949999809265137 10.010000228881836 4017600
10.050000190734863 10.050000190734863 10.0 10.0 256400
10.050000190734863 10.050000190734863 10.020000457763672 10.029999732971191 952400
10.050000190734863 10.050000190734863 10.029999732971191 10.029999732971191 11200
10.050000190734863 10.050000190734863 10.029999732971191 10.029999732971191 1700
10.020000457763672 10.0600004196167 10.020000457763672 10.029999732971191 63400
10.0 10.050000190734863 10.0 10.029999732971191 36000
10.029999732971191 10.039999961853027 10.029999732971191 10.029999732971191 70100
10.050000190734863 10.050000190734863 10.029999732971191 10.039999961853027 785800
10.050000190734863 10.050000190734863 10.029999732971191 10.039999961853027 287500
10.039999961853027 10.050000190734863 10.039999961853027 10.050000190734863 2900
10.039999961853027 10.0600004196167 10.03499984741211 10.055000305175781 38800
10.029999732971191 10.0600004196167 10.029999732971191 10.050000190734863 56000
10.0600004196167 10.149999618530273 10.050000190734863 10.130000114440918 6221100
10.0 10.149999618530273 10.0 10.109999656677246 368300
10.109999656677246 10.109999656677246 10.09000015258789 10.100000381469727 64000
10.104999542236328 10.109999656677246 10.100000381469727 10.100000381469727 6000
10.100000381469727 10.109999656677246 10.100000381469727 10.100000381469727 81400
10.109999656677246 10.109999656677246 10.079999923706055 10.09000015258789 40300
10.09000015258789 10.140000343322754 10.085000038146973 10.109999656677246 53700
10.09000015258789 10.109999656677246 10.079999923706055 10.079999923706055 33100
10.149999618530273 10.149999618530273 9.90999984741211 9.90999984741211 29700
9.979999542236328 10.069999694824219 9.979999542236328 9.989999771118164 116200
10.069999694824219 10.079999923706055 10.029999732971191 10.029999732971191 267800
10.050000190734863 10.050000190734863 10.050000190734863 10.050000190734863 1300
10.050000190734863 10.050000190734863 9.994999885559082 9.994999885559082 1900
10.026000022888184 10.026000022888184 9.989999771118164 10.0 30500
10.029999732971191 10.032999992370605 10.029999732971191 10.032999992370605 1200
9.998000144958496 9.998000144958496 9.998000144958496 9.998000144958496 1100
9.998000144958496 9.998000144958496 9.998000144958496 9.998000144958496 0
10.039999961853027 10.039999961853027 10.010000228881836 10.039999961853027 60300
10.039999961853027 10.039999961853027 10.029999732971191 10.029999732971191 76600
10.010000228881836 10.039999961853027 10.010000228881836 10.029999732971191 23300
10.039999961853027 10.039999961853027 10.020000457763672 10.020000457763672 95300
10.029999732971191 10.039999961853027 10.020000457763672 10.029999732971191 48500
10.050000190734863 10.050000190734863 10.039999961853027 10.050000190734863 409500
10.09000015258789 10.100000381469727 10.079999923706055 10.079999923706055 700
10.050000190734863 10.050000190734863 10.050000190734863 10.050000190734863 116100
10.050000190734863 10.055000305175781 10.050000190734863 10.055000305175781 220100
10.055000305175781 10.055000305175781 10.055000305175781 10.055000305175781 0
10.050000190734863 10.055000305175781 10.039999961853027 10.050000190734863 124900
10.050000190734863 10.074999809265137 10.050000190734863 10.069999694824219 349200
10.069999694824219 10.079999923706055 10.069999694824219 10.069999694824219 384600
10.069999694824219 10.100000381469727 10.069999694824219 10.100000381469727 67700
10.100000381469727 10.100000381469727 10.085000038146973 10.100000381469727 12000
10.100000381469727 10.140000343322754 10.095000267028809 10.109999656677246 4700
10.100000381469727 10.119999885559082 10.095000267028809 10.119999885559082 14200
10.114999771118164 10.12600040435791 10.100000381469727 10.109999656677246 6600
10.130000114440918 10.130000114440918 10.100000381469727 10.109999656677246 3200
10.114999771118164 10.130000114440918 10.114999771118164 10.119999885559082 58900
10.130000114440918 10.130000114440918 10.130000114440918 10.130000114440918 1800
10.15999984741211 10.15999984741211 10.130000114440918 10.149999618530273 515400
10.15999984741211 10.15999984741211 10.140000343322754 10.140000343322754 123500
10.145000457763672 10.145000457763672 10.130000114440918 10.140000343322754 11600
10.119999885559082 10.140000343322754 10.119999885559082 10.130000114440918 15900
10.149999618530273 10.15999984741211 10.119999885559082 10.140000343322754 101500
10.145000457763672 10.15999984741211 10.119999885559082 10.130000114440918 11800
10.119999885559082 10.140000343322754 10.119999885559082 10.140000343322754 44600
10.140000343322754 10.140000343322754 10.119999885559082 10.119999885559082 407100
10.119999885559082 10.15999984741211 10.119999885559082 10.119999885559082 1174600
10.149999618530273 10.15999984741211 10.149999618530273 10.15999984741211 200
10.156999588012695 10.15999984741211 10.119999885559082 10.119999885559082 15700
10.119999885559082 10.119999885559082 10.119999885559082 10.119999885559082 0
10.130000114440918 10.130000114440918 10.130000114440918 10.130000114440918 1200
10.133999824523926 10.133999824523926 10.125 10.125 700
10.119999885559082 10.145000457763672 10.119999885559082 10.130000114440918 36400
10.119999885559082 10.140000343322754 10.109999656677246 10.114999771118164 3105700
10.119999885559082 10.130000114440918 10.109999656677246 10.119999885559082 2521700
10.140000343322754 10.140000343322754 10.130000114440918 10.140000343322754 664700
10.149999618530273 10.15999984741211 10.121999740600586 10.130000114440918 184100
10.069999694824219 10.069999694824219 10.050000190734863 10.050000190734863 3100
10.050000190734863 10.050000190734863 10.050000190734863 10.050000190734863 0
10.09000015258789 10.460000038146973 10.09000015258789 10.095000267028809 96400
10.199999809265137 10.369999885559082 10.119999885559082 10.199999809265137 63800
10.079999923706055 10.300000190734863 10.079999923706055 10.300000190734863 4200
10.335000038146973 10.460000038146973 10.279999732971191 10.279999732971191 34000
10.25 10.25 10.109999656677246 10.199999809265137 8200
10.470000267028809 10.470000267028809 10.199999809265137 10.260000228881836 26800
10.369999885559082 10.369999885559082 10.270000457763672 10.300000190734863 4300
10.369999885559082 10.369999885559082 10.369999885559082 10.369999885559082 100
10.270000457763672 10.3100004196167 10.130000114440918 10.140000343322754 43600
10.130000114440918 10.180000305175781 10.100000381469727 10.119999885559082 14800
10.079999923706055 10.119999885559082 10.079999923706055 10.119999885559082 7700
10.121000289916992 10.121000289916992 10.119999885559082 10.119999885559082 4100
10.107000350952148 10.149999618530273 10.100000381469727 10.100000381469727 2900
10.130000114440918 10.149999618530273 10.130000114440918 10.149999618530273 200
10.149999618530273 10.149999618530273 10.140000343322754 10.140000343322754 300
10.149999618530273 10.149999618530273 10.145000457763672 10.149999618530273 3700
10.130000114440918 10.130000114440918 10.130000114440918 10.130000114440918 600
10.130000114440918 10.149999618530273 10.130000114440918 10.149999618530273 1900
10.149999618530273 10.149999618530273 10.149999618530273 10.149999618530273 0
10.130000114440918 10.149999618530273 10.109999656677246 10.114999771118164 41800
10.119999885559082 10.149999618530273 10.114999771118164 10.149999618530273 17300
10.180000305175781 10.180000305175781 10.130000114440918 10.149999618530273 20800
10.130000114440918 10.145000457763672 10.130000114440918 10.140000343322754 8500
10.130000114440918 10.149999618530273 10.130000114440918 10.149999618530273 3100
10.180000305175781 10.180000305175781 10.130000114440918 10.130000114440918 4300
10.119999885559082 10.130000114440918 10.119999885559082 10.130000114440918 500
10.149999618530273 10.180000305175781 10.130000114440918 10.140000343322754 25500
10.149999618530273 10.149999618530273 10.140000343322754 10.140000343322754 200
10.140000343322754 10.140000343322754 10.140000343322754 10.140000343322754 100
10.130000114440918 10.140000343322754 10.130000114440918 10.130000114440918 53200
10.130000114440918 10.130000114440918 10.130000114440918 10.130000114440918 0
10.130000114440918 10.130000114440918 10.130000114440918 10.130000114440918 0
10.130000114440918 10.135000228881836 10.130000114440918 10.135000228881836 10200
10.180000305175781 10.180000305175781 10.149999618530273 10.149999618530273 1600
10.130000114440918 10.135000228881836 10.130000114440918 10.130000114440918 900
10.130000114440918 10.130000114440918 10.130000114440918 10.130000114440918 3200
10.130000114440918 10.130000114440918 10.130000114440918 10.130000114440918 0
10.119999885559082 10.149999618530273 10.119999885559082 10.140000343322754 13300
10.140000343322754 10.140000343322754 10.140000343322754 10.140000343322754 100
10.130000114440918 10.149999618530273 10.130000114440918 10.140000343322754 10400
10.149999618530273 10.149999618530273 10.140000343322754 10.149999618530273 8000
10.140000343322754 10.15999984741211 10.140000343322754 10.15999984741211 10900
10.15999984741211 10.15999984741211 10.15999984741211 10.15999984741211 0
10.149999618530273 10.149999618530273 10.130000114440918 10.130000114440918 16900
10.130000114440918 10.180000305175781 10.130000114440918 10.180000305175781 2500
10.180000305175781 10.180000305175781 10.180000305175781 10.180000305175781 0
10.180000305175781 10.180000305175781 10.180000305175781 10.180000305175781 0
10.130000114440918 10.15999984741211 10.130000114440918 10.140000343322754 2800
10.140000343322754 10.140000343322754 10.140000343322754 10.140000343322754 0
10.149999618530273 10.149999618530273 10.149999618530273 10.149999618530273 300
10.149999618530273 10.149999618530273 10.149999618530273 10.149999618530273 31800
10.149999618530273 10.170000076293945 10.149999618530273 10.149999618530273 17900
10.149999618530273 10.149999618530273 10.149999618530273 10.149999618530273 21800
10.149999618530273 10.149999618530273 10.149999618530273 10.149999618530273 100
10.180000305175781 10.180000305175781 10.149999618530273 10.149999618530273 11200
10.149999618530273 10.180000305175781 10.149999618530273 10.180000305175781 1200
10.180000305175781 10.180000305175781 10.180000305175781 10.180000305175781 0
10.15999984741211 10.15999984741211 10.15999984741211 10.15999984741211 200
10.15999984741211 10.15999984741211 10.15999984741211 10.15999984741211 100
10.15999984741211 10.15999984741211 10.149999618530273 10.15999984741211 41900
10.15999984741211 10.180000305175781 10.149999618530273 10.15999984741211 424400
10.15999984741211 10.180000305175781 10.15999984741211 10.170000076293945 114300
10.170000076293945 10.180000305175781 10.170000076293945 10.180000305175781 176800
10.180000305175781 10.199999809265137 10.170000076293945 10.170000076293945 930000
10.170000076293945 10.170000076293945 10.15999984741211 10.15999984741211 507900
10.130000114440918 10.1899995803833 10.130000114440918 10.175000190734863 69900
10.180000305175781 10.1899995803833 10.180000305175781 10.1899995803833 652000
10.1899995803833 10.199999809265137 10.180000305175781 10.1899995803833 625500
10.180000305175781 10.239999771118164 10.180000305175781 10.1899995803833 52100
10.180000305175781 10.1899995803833 10.180000305175781 10.1899995803833 54600
10.1899995803833 10.1899995803833 10.180000305175781 10.180000305175781 122900
10.180000305175781 10.1899995803833 10.180000305175781 10.1899995803833 132700
10.1899995803833 10.1899995803833 10.1899995803833 10.1899995803833 58400
10.199999809265137 10.199999809265137 10.199999809265137 10.199999809265137 1100
10.1899995803833 10.194999694824219 10.1899995803833 10.1899995803833 25500
10.1899995803833 10.210000038146973 10.1899995803833 10.210000038146973 12800
10.199999809265137 10.210000038146973 10.199999809265137 10.210000038146973 129700
10.210000038146973 10.220000267028809 10.210000038146973 10.220000267028809 4200
10.210000038146973 10.210000038146973 10.210000038146973 10.210000038146973 100
10.210000038146973 10.210000038146973 10.210000038146973 10.210000038146973 1500
10.229999542236328 10.229999542236328 10.225000381469727 10.229999542236328 4800
10.25 10.390000343322754 10.25 10.25 19700
10.25 10.25 10.25 10.25 100
10.25 10.25 10.25 10.25 0
10.220000267028809 10.270000457763672 10.220000267028809 10.260000228881836 4400
10.270000457763672 10.300000190734863 10.265000343322754 10.270000457763672 8000
10.279999732971191 10.279999732971191 10.270000457763672 10.270000457763672 43200
10.270000457763672 10.274999618530273 10.260000228881836 10.270000457763672 162900
10.270000457763672 10.270000457763672 10.270000457763672 10.270000457763672 26900
10.279999732971191 10.279999732971191 10.260000228881836 10.270000457763672 11900
10.26099967956543 10.270000457763672 10.260000228881836 10.270000457763672 3800
10.279999732971191 10.279999732971191 10.260000228881836 10.270000457763672 6600
10.270000457763672 10.270000457763672 10.270000457763672 10.270000457763672 0
10.270000457763672 10.270000457763672 10.270000457763672 10.270000457763672 335200
10.270000457763672 10.270000457763672 10.270000457763672 10.270000457763672 0
10.270000457763672 10.270000457763672 10.270000457763672 10.270000457763672 0
10.270000457763672 10.270000457763672 10.270000457763672 10.270000457763672 300
10.279999732971191 10.300000190734863 10.279999732971191 10.279999732971191 32200
10.289999961853027 10.390000343322754 10.279999732971191 10.279999732971191 8600
10.300000190734863 10.300000190734863 10.289999961853027 10.300000190734863 3700
10.300000190734863 10.300000190734863 10.300000190734863 10.300000190734863 0
10.319999694824219 10.319999694824219 10.3100004196167 10.3100004196167 1800
10.307999610900879 10.3100004196167 10.307999610900879 10.3100004196167 1600
10.3100004196167 10.3100004196167 10.3100004196167 10.3100004196167 0
10.3100004196167 10.3100004196167 10.3100004196167 10.3100004196167 0
10.3100004196167 10.3100004196167 10.3100004196167 10.3100004196167 600
10.3100004196167 10.3100004196167 10.279999732971191 10.279999732971191 276200
10.300000190734863 10.300000190734863 10.279999732971191 10.289999961853027 228600
10.289999961853027 10.289999961853027 10.289999961853027 10.289999961853027 7900
10.289999961853027 10.289999961853027 10.289999961853027 10.289999961853027 0
10.279999732971191 10.28499984741211 10.279999732971191 10.279999732971191 99500
10.279999732971191 10.279999732971191 10.270000457763672 10.279999732971191 21000
10.274999618530273 10.300000190734863 10.270000457763672 10.300000190734863 42400
10.300000190734863 10.449999809265137 10.300000190734863 10.359999656677246 1194100
10.319999694824219 10.369999885559082 10.319999694824219 10.369999885559082 11300
10.359999656677246 10.359999656677246 10.350000381469727 10.359999656677246 39400
10.350000381469727 10.369999885559082 10.350000381469727 10.369999885559082 13400
10.352999687194824 10.352999687194824 10.350000381469727 10.350000381469727 21700
10.357999801635742 10.357999801635742 10.350000381469727 10.350000381469727 300
10.359999656677246 10.380000114440918 10.359999656677246 10.380000114440918 17400
10.359999656677246 10.380000114440918 10.359999656677246 10.380000114440918 9500
10.380000114440918 10.380000114440918 10.380000114440918 10.380000114440918 0
10.369999885559082 10.369999885559082 10.359999656677246 10.369999885559082 30600
10.378999710083008 10.380000114440918 10.350000381469727 10.37600040435791 3500
10.350000381469727 10.350000381469727 10.329999923706055 10.350000381469727 126900
10.350000381469727 10.350000381469727 10.350000381469727 10.350000381469727 0
10.399999618530273 10.399999618530273 10.260000228881836 10.3100004196167 22200
10.289999961853027 10.399999618530273 10.260000228881836 10.369999885559082 211500
10.399999618530273 10.399999618530273 10.399999618530273 10.399999618530273 300
10.350000381469727 10.399999618530273 10.350000381469727 10.390000343322754 301600
10.390000343322754 10.390000343322754 10.390000343322754 10.390000343322754 0
10.300000190734863 10.3100004196167 10.300000190734863 10.300000190734863 1300
10.270000457763672 10.350000381469727 10.270000457763672 10.329999923706055 600
10.350000381469727 10.399999618530273 10.34000015258789 10.350000381469727 30900
10.390000343322754 10.390000343322754 10.390000343322754 10.390000343322754 300
10.3100004196167 10.489999771118164 10.3100004196167 10.489999771118164 42600
10.5 10.5 10.3100004196167 10.335000038146973 16800
10.420000076293945 10.65999984741211 10.329999923706055 10.430000305175781 47100
10.319999694824219 10.579999923706055 10.319999694824219 10.40999984741211 32500
10.420000076293945 10.489999771118164 10.34000015258789 10.34000015258789 7500
10.34000015258789 10.34000015258789 10.34000015258789 10.34000015258789 0
10.399999618530273 10.420000076293945 10.380000114440918 10.380000114440918 4800
10.470000267028809 10.470000267028809 10.470000267028809 10.470000267028809 200
10.399999618530273 10.399999618530273 10.399999618530273 10.399999618530273 1600
10.399999618530273 10.399999618530273 10.399999618530273 10.399999618530273 0
10.40999984741211 10.40999984741211 10.40999984741211 10.40999984741211 200
10.414999961853027 10.414999961853027 10.414999961853027 10.414999961853027 200
10.414999961853027 10.414999961853027 10.414999961853027 10.414999961853027 0
10.414999961853027 10.414999961853027 10.414999961853027 10.414999961853027 0
10.489999771118164 10.489999771118164 10.489999771118164 10.489999771118164 1600
10.458000183105469 10.460000038146973 10.458000183105469 10.460000038146973 2000
10.479999542236328 10.5 10.449999809265137 10.460000038146973 22500
10.460000038146973 10.460000038146973 10.460000038146973 10.460000038146973 0
10.5 10.5 10.5 10.5 200
10.489999771118164 10.5 10.489999771118164 10.5 3100
10.5 10.5 10.470000267028809 10.5 15000
10.5 10.5 10.5 10.5 0
10.449999809265137 10.449999809265137 10.449999809265137 10.449999809265137 100
10.449999809265137 10.489999771118164 10.4399995803833 10.489999771118164 175500
10.489999771118164 10.489999771118164 10.489999771118164 10.489999771118164 0
10.59000015258789 10.600000381469727 10.539999961853027 10.574999809265137 2300
10.600000381469727 10.600000381469727 10.539999961853027 10.539999961853027 1700
10.529999732971191 10.529999732971191 10.529999732971191 10.529999732971191 400
10.600000381469727 10.600000381469727 10.581000328063965 10.59000015258789 700
10.600000381469727 10.600000381469727 10.555999755859375 10.555999755859375 1100
10.460000038146973 10.520000457763672 10.460000038146973 10.520000457763672 1
