15.210000038146973 15.460000038146973 14.0 14.260000228881836 8837700
14.5600004196167 14.779999732971191 13.0600004196167 13.710000038146973 2777400
13.329999923706055 13.710000038146973 13.180000305175781 13.609999656677246 1210500
13.609999656677246 13.668999671936035 13.0 13.119999885559082 484200
13.069999694824219 13.145000457763672 12.5 12.5 3142100
12.59000015258789 13.270000457763672 12.555999755859375 12.770000457763672 507100
12.8100004196167 13.17199993133545 12.579999923706055 12.800000190734863 392000
12.970000267028809 13.0 12.329999923706055 12.399999618530273 213800
12.420000076293945 12.630000114440918 12.020000457763672 12.050000190734863 375700
12.0 12.130000114440918 11.670000076293945 11.699999809265137 1023100
11.020000457763672 11.204999923706055 7.789999961853027 8.760000228881836 4905700
8.59000015258789 8.649999618530273 7.869999885559082 8.279999732971191 2433100
8.449999809265137 8.529999732971191 8.199999809265137 8.380000114440918 478800
8.470000267028809 8.600000381469727 8.04800033569336 8.229999542236328 235300
8.210000038146973 8.5 8.15999984741211 8.270000457763672 682700
8.210000038146973 8.460000038146973 8.050000190734863 8.390000343322754 238700
8.539999961853027 8.875 8.473999977111816 8.680000305175781 274300
8.760000228881836 8.760000228881836 8.40999984741211 8.619999885559082 243900
9.050000190734863 9.529999732971191 9.0 9.390000343322754 1614100
9.789999961853027 9.90999984741211 9.300000190734863 9.449999809265137 783500
9.713000297546387 10.5 9.520000457763672 9.90999984741211 946900
10.0 10.78499984741211 10.0 10.720000267028809 678200
10.859999656677246 11.260000228881836 10.529999732971191 10.760000228881836 733400
11.210000038146973 11.25 10.399999618530273 10.550000190734863 720900
10.460000038146973 10.8100004196167 10.190999984741211 10.670000076293945 533100
10.640000343322754 10.918999671936035 10.281000137329102 10.779999732971191 353400
10.920000076293945 11.609999656677246 10.859999656677246 11.25 492300
11.369999885559082 11.369999885559082 10.760000228881836 10.880000114440918 810500
10.649999618530273 11.260000228881836 10.140999794006348 11.130000114440918 755800
11.029999732971191 11.25 10.300000190734863 10.8100004196167 720600
10.75 11.029999732971191 10.430000305175781 11.010000228881836 469400
11.020000457763672 11.149999618530273 10.529999732971191 10.800000190734863 245700
10.869999885559082 11.729999542236328 10.829999923706055 11.470000267028809 1004400
11.479999542236328 11.777000427246094 11.0 11.109999656677246 614500
11.170000076293945 12.083999633789062 11.170000076293945 11.8100004196167 1022000
11.869999885559082 12.600000381469727 11.84000015258789 12.25 1130100
12.430000305175781 12.489999771118164 11.630000114440918 11.8100004196167 1297000
11.899999618530273 12.15999984741211 11.569999694824219 11.569999694824219 704800
11.479999542236328 11.78600025177002 11.050000190734863 11.550000190734863 763500
11.699999809265137 13.180000305175781 11.6899995803833 12.930000305175781 2101700
12.930000305175781 13.170000076293945 12.3100004196167 12.84000015258789 1154700
12.75 13.024999618530273 11.850000381469727 12.100000381469727 4297800
12.300000190734863 12.970000267028809 11.930000305175781 12.619999885559082 1393500
12.789999961853027 13.529999732971191 12.560999870300293 13.140000343322754 5493600
13.149999618530273 13.979999542236328 12.920000076293945 13.3100004196167 774800
13.319999694824219 13.680000305175781 12.880000114440918 13.229999542236328 760200
13.25 13.25 12.65999984741211 12.720000267028809 502700
12.649999618530273 12.739999771118164 11.729999542236328 12.15999984741211 725400
12.260000228881836 12.270000457763672 11.579999923706055 12.029999732971191 512800
11.800000190734863 12.170000076293945 11.510000228881836 11.84000015258789 406000
11.960000038146973 11.960000038146973 11.210000038146973 11.279999732971191 465600
11.279999732971191 11.520000457763672 11.015000343322754 11.470000267028809 328900
11.319999694824219 11.600000381469727 11.15999984741211 11.4399995803833 407000
11.619999885559082 11.699999809265137 10.640000343322754 10.739999771118164 472700
10.850000381469727 11.050000190734863 10.51099967956543 10.600000381469727 422000
10.670000076293945 10.770000457763672 10.109999656677246 10.220000267028809 588800
10.0 10.100000381469727 9.430000305175781 9.779999732971191 453800
9.899999618530273 10.210000038146973 9.739999771118164 10.079999923706055 453800
10.199999809265137 10.5600004196167 10.119999885559082 10.539999961853027 274800
10.470000267028809 10.880000114440918 10.119999885559082 10.5600004196167 232700
10.59000015258789 10.654999732971191 10.100000381469727 10.399999618530273 283500
10.369999885559082 10.59000015258789 9.9399995803833 10.100000381469727 295900
9.960000038146973 10.0 9.5600004196167 9.890000343322754 174500
9.930000305175781 10.720000267028809 9.800000190734863 10.529999732971191 448900
10.5 10.630000114440918 10.329999923706055 10.5600004196167 249300
10.40999984741211 10.569999694824219 10.020000457763672 10.140000343322754 232400
10.289999961853027 10.34000015258789 10.010000228881836 10.210000038146973 206200
10.239999771118164 10.434000015258789 10.010000228881836 10.079999923706055 240200
10.0 10.350000381469727 9.890000343322754 10.319999694824219 171900
10.359999656677246 10.460000038146973 10.199999809265137 10.399999618530273 158400
10.520000457763672 10.520000457763672 10.220000267028809 10.350000381469727 130400
10.350000381469727 10.829999923706055 10.329999923706055 10.529999732971191 258600
10.619999885559082 11.220000267028809 10.600000381469727 11.100000381469727 934500
11.470000267028809 11.539999961853027 9.925999641418457 10.449999809265137 992900
10.3100004196167 10.680000305175781 10.3100004196167 10.510000228881836 445500
10.40999984741211 10.418000221252441 9.920000076293945 10.010000228881836 617800
9.880000114440918 9.979999542236328 9.109000205993652 9.430000305175781 712000
9.329999923706055 9.390000343322754 8.871000289916992 9.020000457763672 315600
9.079999923706055 9.369999885559082 8.960000038146973 9.180000305175781 282100
9.079999923706055 9.319999694824219 8.970000267028809 9.0600004196167 246200
9.010000228881836 9.5600004196167 8.979999542236328 9.529999732971191 313500
9.729999542236328 9.960000038146973 9.630000114440918 9.890000343322754 244500
9.78499984741211 10.140000343322754 9.539999961853027 10.109999656677246 146300
10.09000015258789 10.390000343322754 10.050000190734863 10.170000076293945 249100
10.270000457763672 10.970000267028809 10.270000457763672 10.579999923706055 278600
10.59000015258789 10.850000381469727 10.550000190734863 10.819999694824219 340100
10.90999984741211 11.430000305175781 10.739999771118164 10.84000015258789 541200
10.859999656677246 11.0600004196167 10.8100004196167 10.850000381469727 168300
10.899999618530273 11.149999618530273 10.739999771118164 10.8100004196167 224000
10.869999885559082 10.9399995803833 10.40999984741211 10.489999771118164 467000
10.510000228881836 10.670000076293945 10.0 10.319999694824219 274600
10.369999885559082 10.489999771118164 10.229999542236328 10.289999961853027 153100
10.350000381469727 10.350000381469727 9.739999771118164 9.779999732971191 664200
9.779999732971191 9.949999809265137 9.319999694824219 9.8100004196167 607800
9.859999656677246 10.005000114440918 9.380000114440918 9.59000015258789 824300
9.539999961853027 10.15999984741211 9.539999961853027 9.920000076293945 845200
9.899999618530273 10.029999732971191 9.680000305175781 9.720000267028809 262300
9.670000076293945 9.670000076293945 9.010000228881836 9.359999656677246 982000
9.3100004196167 9.5 9.039999961853027 9.130000114440918 428800
9.199999809265137 9.569999694824219 9.09000015258789 9.300000190734863 1737800
9.0 9.239999771118164 8.5600004196167 8.729999542236328 577600
8.760000228881836 8.789999961853027 8.529999732971191 8.710000038146973 398300
8.850000381469727 9.050000190734863 8.670000076293945 8.75 338600
8.84000015258789 8.961000442504883 8.529999732971191 8.59000015258789 515200
8.569999694824219 8.630000114440918 8.130000114440918 8.140000343322754 530600
8.1899995803833 8.1899995803833 7.730000019073486 8.140000343322754 732200
8.010000228881836 8.350000381469727 7.670000076293945 7.769999980926514 775800
7.869999885559082 8.119999885559082 7.710000038146973 7.78000020980835 768300
7.900000095367432 7.900000095367432 7.570000171661377 7.789999961853027 809500
7.820000171661377 7.880000114440918 7.510000228881836 7.619999885559082 542700
7.630000114440918 7.670000076293945 6.630000114440918 6.809999942779541 1898100
6.960000038146973 7.0 6.442999839782715 6.690000057220459 972100
6.599999904632568 6.704999923706055 6.420000076293945 6.510000228881836 640900
6.610000133514404 7.070000171661377 6.610000133514404 6.809999942779541 879500
6.809999942779541 6.96999979019165 6.695000171661377 6.840000152587891 535600
6.840000152587891 6.840000152587891 6.550000190734863 6.559999942779541 723200
6.590000152587891 6.800000190734863 6.429999828338623 6.699999809265137 1204400
6.739999771118164 6.880000114440918 6.5229997634887695 6.78000020980835 680700
6.860000133514404 6.889999866485596 6.570000171661377 6.670000076293945 400000
6.75 6.75 6.480000019073486 6.579999923706055 988300
6.5 6.610000133514404 6.21999979019165 6.300000190734863 582300
6.329999923706055 6.920000076293945 6.329999923706055 6.760000228881836 989600
6.900000095367432 7.170000076293945 6.699999809265137 7.150000095367432 1617000
7.699999809265137 8.149999618530273 7.309999942779541 7.820000171661377 2771400
7.920000076293945 8.050000190734863 7.300000190734863 7.650000095367432 1571300
7.739999771118164 8.149999618530273 7.300000190734863 7.889999866485596 1354200
8.0 8.5 7.710000038146973 8.140000343322754 899600
8.3100004196167 8.75 8.289999961853027 8.460000038146973 1001700
8.550000190734863 9.210000038146973 8.529999732971191 9.109999656677246 1404300
9.069999694824219 9.550000190734863 9.015000343322754 9.539999961853027 911500
9.619999885559082 10.149999618530273 9.619999885559082 10.079999923706055 1056400
9.53600025177002 9.75 8.770000457763672 9.40999984741211 1434200
9.0 9.989999771118164 8.979999542236328 9.90999984741211 733400
9.930000305175781 10.0 9.680000305175781 9.890000343322754 442300
9.970000267028809 10.350000381469727 9.944999694824219 10.180000305175781 649900
10.350000381469727 10.4399995803833 9.812000274658203 9.920000076293945 546100
9.949999809265137 9.949999809265137 9.260000228881836 9.420000076293945 901400
7.914999961853027 8.59000015258789 7.420000076293945 8.25 2815400
8.40999984741211 9.75 8.399999618530273 9.149999618530273 1392100
9.229999542236328 10.449999809265137 9.1899995803833 10.270000457763672 1713500
10.574999809265137 11.199999809265137 10.574999809265137 10.800000190734863 1914900
10.829999923706055 10.970000267028809 10.319999694824219 10.800000190734863 824500
10.600000381469727 10.899999618530273 10.430000305175781 10.729999542236328 297800
10.579999923706055 10.710000038146973 9.3100004196167 9.489999771118164 966800
9.420000076293945 9.90999984741211 9.399999618530273 9.579999923706055 445600
9.5 9.6899995803833 8.75 9.039999961853027 774400
9.020000457763672 9.055000305175781 8.460000038146973 8.829999923706055 979100
8.680000305175781 9.050000190734863 8.25 9.020000457763672 1158100
8.739999771118164 8.958999633789062 8.479999542236328 8.75 561800
8.779999732971191 8.890000343322754 7.929999828338623 8.640000343322754 905700
8.586000442504883 8.75 8.069999694824219 8.5600004196167 662400
8.710000038146973 8.819999694824219 7.505000114440918 7.800000190734863 1107000
7.71999979019165 8.210000038146973 7.570000171661377 8.09000015258789 1340700
8.09000015258789 8.09000015258789 7.414999961853027 7.5 921600
7.5 7.829999923706055 7.110000133514404 7.630000114440918 440200
7.900000095367432 8.149999618530273 7.579999923706055 7.96999979019165 1361900
8.0 8.34000015258789 7.815000057220459 8.260000228881836 1456000
8.260000228881836 8.520000457763672 7.989999771118164 8.170000076293945 1142000
8.199999809265137 8.260000228881836 7.980000019073486 8.050000190734863 553600
8.119999885559082 8.6899995803833 8.0600004196167 8.5 842700
8.25 8.609999656677246 7.920000076293945 8.0 863000
8.0 8.069999694824219 7.190000057220459 7.989999771118164 1112900
8.170000076293945 8.289999961853027 7.730000019073486 7.849999904632568 767700
7.739999771118164 7.880000114440918 7.460000038146973 7.710000038146973 2622700
7.409999847412109 7.480000019073486 6.800000190734863 7.050000190734863 1589800
7.21999979019165 7.75 7.210000038146973 7.559999942779541 725800
7.5 7.670000076293945 7.400000095367432 7.599999904632568 534800
7.570000171661377 7.679999828338623 7.309999942779541 7.519999980926514 405500
7.610000133514404 7.610000133514404 7.199999809265137 7.489999771118164 877500
7.389999866485596 7.550000190734863 7.179999828338623 7.320000171661377 439100
7.210000038146973 7.554999828338623 7.039999961853027 7.170000076293945 796000
7.21999979019165 7.670000076293945 7.21999979019165 7.489999771118164 471000
7.460000038146973 7.71999979019165 7.389999866485596 7.559999942779541 406600
7.739999771118164 7.739999771118164 7.46999979019165 7.670000076293945 409400
7.670000076293945 7.75 6.960000038146973 7.070000171661377 734700
6.96999979019165 7.130000114440918 6.46999979019165 6.5 899500
6.46999979019165 6.639999866485596 6.210000038146973 6.380000114440918 1131700
6.360000133514404 6.885000228881836 6.340000152587891 6.809999942779541 874300
6.800000190734863 6.855999946594238 6.199999809265137 6.570000171661377 671000
6.650000095367432 6.739999771118164 6.460000038146973 6.710000038146973 679900
6.699999809265137 6.920000076293945 6.46999979019165 6.610000133514404 487700
6.650000095367432 6.650000095367432 6.059999942779541 6.079999923706055 984400
5.590000152587891 5.679999828338623 5.050000190734863 5.130000114440918 3054500
5.070000171661377 5.090000152587891 4.480000019073486 4.75 2755500
4.809999942779541 4.820000171661377 4.349999904632568 4.460000038146973 1495900
4.539999961853027 4.75 4.380000114440918 4.380000114440918 870600
4.300000190734863 4.400000095367432 4.059999942779541 4.110000133514404 1855800
3.940000057220459 4.190000057220459 3.680000066757202 4.179999828338623 1384600
4.019999980926514 4.150000095367432 3.819999933242798 3.990000009536743 838600
4.099999904632568 4.389999866485596 3.940000057220459 3.9600000381469727 1331700
4.211999893188477 4.211999893188477 3.5950000286102295 3.630000114440918 1602300
3.619999885559082 3.759999990463257 3.3499999046325684 3.740000009536743 1100000
3.759999990463257 4.21999979019165 3.759999990463257 4.21999979019165 957600
4.260000228881836 4.340000152587891 4.019999980926514 4.210000038146973 1736300
4.260000228881836 4.360000133514404 4.03000020980835 4.050000190734863 1147900
3.950000047683716 4.0 3.690000057220459 3.7100000381469727 761300
3.7100000381469727 3.8299999237060547 3.6600000858306885 3.759999990463257 403400
3.9149999618530273 3.9149999618530273 3.5799999237060547 3.7100000381469727 2159400
3.6600000858306885 3.931999921798706 3.640000104904175 3.859999895095825 821400
4.03000020980835 4.329999923706055 3.9100000858306885 4.21999979019165 1988400
4.059999942779541 4.329999923706055 3.9600000381469727 3.9800000190734863 1005600
4.019999980926514 4.070000171661377 3.7100000381469727 3.7200000286102295 1204400
3.700000047683716 4.010000228881836 3.6500000953674316 3.809999942779541 750800
3.940000057220459 4.300000190734863 3.9000000953674316 4.260000228881836 983400
4.199999809265137 4.25 3.9649999141693115 4.210000038146973 668300
4.090000152587891 4.199999809265137 3.9100000858306885 3.9200000762939453 576900
4.090000152587891 4.090000152587891 3.765000104904175 3.8399999141693115 539600
3.7799999713897705 3.8399999141693115 3.569999933242798 3.5999999046325684 912900
3.690000057220459 3.7200000286102295 3.4700000286102295 3.5199999809265137 695800
3.319999933242798 4.179999828338623 3.299999952316284 4.159999847412109 976300
4.199999809265137 4.300000190734863 3.9000000953674316 4.300000190734863 868700
4.380000114440918 4.730000019073486 4.309999942779541 4.710000038146973 1410900
4.710000038146973 4.980000019073486 4.489999771118164 4.639999866485596 992200
4.670000076293945 4.670000076293945 4.170000076293945 4.489999771118164 1178000
4.489999771118164 4.698999881744385 4.300000190734863 4.690000057220459 621400
4.699999809265137 4.75 4.099999904632568 4.199999809265137 994100
4.25 4.690000057220459 4.25 4.675000190734863 1055400
4.940000057220459 5.400000095367432 4.53000020980835 5.320000171661377 2083000
5.380000114440918 5.78000020980835 5.21999979019165 5.650000095367432 1944000
5.46999979019165 5.760000228881836 5.429999828338623 5.630000114440918 535100
5.690000057220459 5.829999923706055 5.380000114440918 5.440000057220459 986100
5.400000095367432 5.400000095367432 4.920000076293945 4.949999809265137 1301800
4.730000019073486 5.650000095367432 4.650000095367432 5.619999885559082 1420500
5.639999866485596 6.289999961853027 5.639999866485596 6.269999980926514 1659200
6.190000057220459 6.824999809265137 6.150000095367432 6.639999866485596 1824400
6.489999771118164 6.715000152587891 6.409999847412109 6.489999771118164 3797200
6.539999961853027 6.650000095367432 6.269999980926514 6.519999980926514 1213200
6.510000228881836 6.75 6.244999885559082 6.340000152587891 831700
6.260000228881836 6.46999979019165 5.909999847412109 6.150000095367432 890700
6.289999961853027 6.599999904632568 6.199999809265137 6.449999809265137 738300
6.46999979019165 6.489999771118164 5.929999828338623 6.090000152587891 476100
6.090000152587891 6.190000057220459 5.610000133514404 5.849999904632568 853900
6.09499979019165 6.09499979019165 5.28000020980835 5.329999923706055 1856600
5.340000152587891 5.375 4.940000057220459 4.96999979019165 1330700
4.96999979019165 5.099999904632568 4.800000190734863 4.929999828338623 1126100
5.010000228881836 5.2779998779296875 4.960000038146973 5.130000114440918 955800
5.130000114440918 5.550000190734863 5.130000114440918 5.349999904632568 748500
5.420000076293945 5.420000076293945 4.889999866485596 4.920000076293945 696000
4.949999809265137 5.010000228881836 4.599999904632568 4.889999866485596 850100
4.840000152587891 4.840000152587891 4.400000095367432 4.625 856100
4.320000171661377 4.320000171661377 3.680000066757202 3.9600000381469727 3406200
3.930000066757202 4.114999771118164 3.8299999237060547 3.930000066757202 1564900
3.9600000381469727 4.050000190734863 3.75 3.759999990463257 1320300
3.75 3.825000047683716 3.5799999237060547 3.7899999618530273 1090800
3.7699999809265137 3.799999952316284 3.569999933242798 3.5899999141693115 1342200
3.549999952316284 3.565000057220459 3.380000114440918 3.450000047683716 868000
3.430000066757202 3.5810000896453857 3.359999895095825 3.430000066757202 868900
3.4800000190734863 3.569999933242798 3.1700000762939453 3.2100000381469727 1254300
3.059999942779541 3.0899999141693115 2.799999952316284 2.990000009536743 2416700
2.9700000286102295 3.0999999046325684 2.88100004196167 3.0299999713897705 2473400
2.9000000953674316 3.0999999046325684 2.8299999237060547 3.0899999141693115 1245300
3.0299999713897705 3.069999933242798 2.869999885559082 2.9200000762939453 1041600
2.9000000953674316 3.015000104904175 2.819999933242798 2.859999895095825 915200
2.869999885559082 2.9600000381469727 2.690000057220459 2.940000057220459 1099600
2.880000114440918 3.0399999618530273 2.7699999809265137 2.799999952316284 1037200
2.7799999713897705 3.0999999046325684 2.7300000190734863 3.0799999237060547 1215600
3.119999885559082 3.569999933242798 2.990000009536743 3.5399999618530273 1383900
3.559999942779541 3.819999933242798 3.319999933242798 3.809999942779541 1415100
3.7799999713897705 3.8299999237060547 3.380000114440918 3.6600000858306885 863900
3.619999885559082 3.6600000858306885 3.4200000762939453 3.6500000953674316 488700
3.5399999618530273 3.569999933242798 3.194999933242798 3.2899999618530273 593800
2.809999942779541 2.934999942779541 2.115000009536743 2.869999885559082 2350400
2.680000066757202 3.140000104904175 2.5999999046325684 2.8299999237060547 830600
2.75 2.940000057220459 2.5 2.799999952316284 932300
2.819999933242798 3.240000009536743 2.819999933242798 3.240000009536743 875800
3.2100000381469727 3.299999952316284 2.944999933242798 2.9600000381469727 871200
3.049999952316284 3.4800000190734863 3.0 3.4600000381469727 1321000
3.509999990463257 4.139999866485596 3.490000009536743 3.7899999618530273 2804500
3.740000009536743 4.190000057220459 3.740000009536743 4.139999866485596 1413900
4.139999866485596 4.210000038146973 3.6500000953674316 3.8299999237060547 800200
3.9600000381469727 3.9600000381469727 3.5899999141693115 3.950000047683716 703700
3.880000114440918 3.884999990463257 3.640000104904175 3.859999895095825 787800
3.8399999141693115 4.139999866485596 3.7300000190734863 3.990000009536743 704900
3.990000009536743 4.255000114440918 3.880000114440918 4.150000095367432 695500
4.190000057220459 4.639999866485596 4.179999828338623 4.5 900400
4.5 4.579999923706055 4.034999847412109 4.050000190734863 1075200
4.110000133514404 4.135000228881836 3.559999942779541 3.5999999046325684 1056000
3.6600000858306885 4.21999979019165 3.569999933242798 4.110000133514404 828800
4.010000228881836 4.340000152587891 3.8989999294281006 3.9700000286102295 584800
4.96999979019165 5.309999942779541 4.739999771118164 5.230000019073486 8601400
5.130000114440918 5.670000076293945 5.039999961853027 5.630000114440918 2196200
5.590000152587891 6.139999866485596 5.335000038146973 5.360000133514404 1822300
5.289999961853027 6.059999942779541 5.269999980926514 5.46999979019165 2005300
5.210999965667725 5.489999771118164 5.070000171661377 5.269999980926514 930800
4.994999885559082 5.179999828338623 4.389999866485596 5.039999961853027 2258600
5.130000114440918 5.21999979019165 4.289999961853027 4.369999885559082 1897400
4.46999979019165 4.989999771118164 4.260000228881836 4.96999979019165 2179100
4.639999866485596 4.815999984741211 4.070000171661377 4.159999847412109 1527800
4.170000076293945 4.670000076293945 4.170000076293945 4.46999979019165 3003400
4.599999904632568 4.929999828338623 4.432000160217285 4.71999979019165 1179400
4.53000020980835 4.880000114440918 4.480000019073486 4.75 897000
4.75 5.010000228881836 4.564000129699707 4.960000038146973 1177200
5.099999904632568 5.239999771118164 4.550000190734863 4.570000171661377 1408600
4.619999885559082 4.800000190734863 4.079999923706055 4.260000228881836 1614900
4.369999885559082 4.369999885559082 3.6050000190734863 3.6549999713897705 1764500
3.609999895095825 3.609999895095825 3.180000066757202 3.2850000858306885 1765900
3.2100000381469727 3.690000057220459 3.2100000381469727 3.619999885559082 987100
3.609999895095825 3.9800000190734863 3.5999999046325684 3.740000009536743 1018500
3.5799999237060547 3.9000000953674316 3.4100000858306885 3.9000000953674316 1069800
3.880000114440918 4.039999961853027 3.759999990463257 3.940000057220459 764400
3.990000009536743 4.260000228881836 3.9700000286102295 4.130000114440918 1099300
4.010000228881836 4.380000114440918 3.9059998989105225 4.260000228881836 677800
4.190000057220459 4.289999961853027 3.6050000190734863 3.6700000762939453 958600
3.680000066757202 3.825000047683716 3.619999885559082 3.759999990463257 702100
3.6600000858306885 3.8299999237060547 3.569999933242798 3.7300000190734863 753400
3.6700000762939453 3.7200000286102295 3.569999933242798 3.690000057220459 774400
3.6500000953674316 3.7200000286102295 3.174999952316284 3.5 1460800
3.619999885559082 3.9089999198913574 3.5299999713897705 3.549999952316284 1238100
3.7300000190734863 4.03000020980835 3.700000047683716 3.950000047683716 1131200
3.940000057220459 4.329999923706055 3.940000057220459 4.300000190734863 961700
4.25 4.289999961853027 4.0 4.260000228881836 697900
4.309999942779541 4.340000152587891 3.869999885559082 3.9000000953674316 929200
3.9600000381469727 4.090000152587891 3.799999952316284 4.059999942779541 659200
3.990000009536743 4.070000171661377 3.880000114440918 3.940000057220459 412200
4.099999904632568 4.28000020980835 3.9800000190734863 4.139999866485596 1052400
4.429999828338623 4.995999813079834 4.429999828338623 4.96999979019165 2959400
4.900000095367432 5.099999904632568 4.724999904632568 5.019999980926514 1329000
5.059999942779541 5.130000114440918 4.610000133514404 5.039999961853027 1134800
4.940000057220459 5.204999923706055 4.869999885559082 5.03000020980835 885400
5.039999961853027 5.090000152587891 4.769999980926514 4.909999847412109 577000
4.980000019073486 5.050000190734863 4.789999961853027 4.949999809265137 592100
5.090000152587891 5.289999961853027 4.800000190734863 4.860000133514404 1275100
5.0 5.505000114440918 4.744999885559082 4.920000076293945 1570100
4.559999942779541 4.989999771118164 4.392000198364258 4.769999980926514 1203500
5.039999961853027 5.510000228881836 4.931000232696533 5.46999979019165 1787500
5.599999904632568 5.659999847412109 4.960000038146973 5.050000190734863 1319100
5.099999904632568 5.449999809265137 4.909999847412109 5.400000095367432 1149200
5.309999942779541 5.340000152587891 5.050000190734863 5.190000057220459 1065300
5.139999866485596 5.190000057220459 4.809999942779541 4.880000114440918 1152800
4.78000020980835 4.889999866485596 4.53000020980835 4.53000020980835 1313100
4.519999980926514 4.775000095367432 4.440000057220459 4.71999979019165 1137900
4.559999942779541 4.579999923706055 4.275000095367432 4.360000133514404 825800
4.199999809265137 4.300000190734863 4.110000133514404 4.170000076293945 800400
4.150000095367432 4.355000019073486 4.139999866485596 4.340000152587891 680100
4.349999904632568 4.699999809265137 4.300000190734863 4.639999866485596 649200
4.739999771118164 4.800000190734863 4.429999828338623 4.510000228881836 517000
4.489999771118164 4.579999923706055 4.309999942779541 4.380000114440918 488600
4.210000038146973 4.5 4.179999828338623 4.349999904632568 674000
4.409999847412109 4.429999828338623 4.03000020980835 4.070000171661377 499300
4.079999923706055 4.170000076293945 3.950000047683716 4.139999866485596 946100
4.019999980926514 4.119999885559082 3.880000114440918 4.010000228881836 486100
4.059999942779541 4.156000137329102 3.7699999809265137 3.9100000858306885 567700
3.9100000858306885 4.150000095367432 3.8499999046325684 4.059999942779541 565100
4.079999923706055 4.375 4.019999980926514 4.360000133514404 741600
4.28000020980835 4.349999904632568 4.190000057220459 4.309999942779541 417700
4.380000114440918 4.409999847412109 4.210000038146973 4.300000190734863 423300
4.369999885559082 4.385000228881836 4.099999904632568 4.25 574500
4.090000152587891 4.21999979019165 3.9700000286102295 4.190000057220459 658100
4.190000057220459 4.409999847412109 4.010000228881836 4.349999904632568 748800
4.360000133514404 4.375 3.7200000286102295 3.7699999809265137 1818500
3.630000114440918 3.9100000858306885 3.505000114440918 3.7699999809265137 1255100
3.700000047683716 3.930000066757202 3.690000057220459 3.7300000190734863 731200
3.6600000858306885 3.75 3.559999942779541 3.5799999237060547 708600
3.640000104904175 3.7200000286102295 3.369999885559082 3.549999952316284 769000
3.509999990463257 3.619999885559082 3.299999952316284 3.3299999237060547 904600
3.359999895095825 3.359999895095825 3.130000114440918 3.1700000762939453 962500
3.109999895095825 3.359999895095825 3.059999942779541 3.140000104904175 1125500
3.1500000953674316 3.3499999046325684 3.059999942779541 3.0999999046325684 1319600
3.119999885559082 3.2100000381469727 3.009999990463257 3.200000047683716 1189200
3.2300000190734863 3.2300000190734863 2.930000066757202 3.049999952316284 4275600
2.940000057220459 3.190000057220459 2.930000066757202 2.9600000381469727 995500
3.009999990463257 3.4149999618530273 2.7799999713897705 3.180000066757202 1767800
3.299999952316284 3.4000000953674316 3.2100000381469727 3.3299999237060547 951600
3.2100000381469727 3.259999990463257 3.002000093460083 3.0899999141693115 661800
3.059999942779541 3.25 2.890000104904175 2.930000066757202 1199200
2.8499999046325684 2.8949999809265137 2.75 2.799999952316284 1066200
2.819999933242798 2.8299999237060547 2.6600000858306885 2.7100000381469727 578400
2.619999885559082 2.809999942779541 2.569999933242798 2.7799999713897705 963800
2.7899999618530273 2.819999933242798 2.630000114440918 2.7300000190734863 665400
2.619999885559082 2.680000066757202 2.5220000743865967 2.609999895095825 1144900
2.6600000858306885 2.759999990463257 2.434999942779541 2.440000057220459 686500
2.549999952316284 2.575000047683716 2.2149999141693115 2.309999942779541 1547300
2.390000104904175 2.4700000286102295 2.2300000190734863 2.2799999713897705 1037400
2.240000009536743 2.25 2.109999895095825 2.180000066757202 1105300
2.180000066757202 2.180000066757202 2.069999933242798 2.0999999046325684 1517700
2.130000114440918 2.1600000858306885 2.0199999809265137 2.109999895095825 896800
2.0999999046325684 2.130000114440918 1.8049999475479126 1.840000033378601 2313700
1.909999966621399 2.049999952316284 1.8799999952316284 2.0199999809265137 2162900
2.0799999237060547 2.1700000762939453 2.009999990463257 2.0399999618530273 1256100
2.069999933242798 2.119999885559082 2.0299999713897705 2.0399999618530273 800300
2.049999952316284 2.049999952316284 1.9199999570846558 2.009999990463257 594900
2.0 2.119999885559082 1.9800000190734863 2.069999933242798 1102000
2.130000114440918 2.1500000953674316 2.009999990463257 2.0199999809265137 717100
2.059999942779541 2.059999942779541 1.840000033378601 1.850000023841858 1041500
1.8200000524520874 1.9850000143051147 1.8200000524520874 1.909999966621399 722100
1.9199999570846558 1.9800000190734863 1.7999999523162842 1.899999976158142 706200
1.899999976158142 1.9299999475479126 1.784999966621399 1.8600000143051147 1229200
1.909999966621399 2.119999885559082 1.8600000143051147 1.9299999475479126 1756300
1.7799999713897705 2.309999942779541 1.7799999713897705 2.180000066757202 3387200
2.299999952316284 2.815000057220459 2.2049999237060547 2.7799999713897705 2215700
2.809999942779541 3.009999990463257 2.490000009536743 2.5799999237060547 1788100
2.619999885559082 2.6600000858306885 2.2300000190734863 2.359999895095825 1818300
2.4600000381469727 2.694999933242798 2.380000114440918 2.4100000858306885 1382600
2.369999885559082 2.4100000858306885 2.194999933242798 2.259999990463257 1170800
2.190000057220459 2.3889999389648438 2.119999885559082 2.299999952316284 1633600
2.299999952316284 2.3299999237060547 2.140000104904175 2.190000057220459 677900
2.130000114440918 2.2100000381469727 2.0899999141693115 2.130000114440918 686200
2.119999885559082 2.178999900817871 2.049999952316284 2.0899999141693115 676000
2.059999942779541 2.380000114440918 2.059999942779541 2.2799999713897705 1311800
2.25 2.25 2.130000114440918 2.180000066757202 504200
2.1700000762939453 2.190000057220459 1.9600000381469727 1.9600000381469727 1725900
1.9600000381469727 2.0899999141693115 1.9249999523162842 1.9600000381469727 1344700
1.9800000190734863 2.2049999237060547 1.9450000524520874 2.119999885559082 3417600
2.1500000953674316 2.3299999237060547 2.0199999809265137 2.2799999713897705 2013800
2.190000057220459 2.5 2.1600000858306885 2.440000057220459 1297000
2.440000057220459 2.505000114440918 2.3499999046325684 2.4100000858306885 922700
2.3550000190734863 2.359999895095825 2.1649999618530273 2.259999990463257 1011600
2.1700000762939453 2.4000000953674316 2.049999952316284 2.390000104904175 1316500
2.380000114440918 2.5899999141693115 2.319999933242798 2.5299999713897705 1149200
2.4800000190734863 2.740000009536743 2.4690001010894775 2.630000114440918 1451100
2.640000104904175 2.744999885559082 2.5 2.569999933242798 965500
2.7200000286102295 2.7899999618530273 2.6549999713897705 2.7100000381469727 932500
2.7300000190734863 2.930000066757202 2.7079999446868896 2.8299999237060547 1229400
2.759999990463257 2.984999895095825 2.5899999141693115 2.5999999046325684 1122800
2.549999952316284 2.6600000858306885 2.384999990463257 2.630000114440918 1557700
2.609999895095825 2.609999895095825 2.430000066757202 2.450000047683716 939200
2.430000066757202 2.5199999809265137 2.319999933242798 2.390000104904175 903200
2.430000066757202 2.609999895095825 2.2899999618530273 2.5999999046325684 908700
2.509999990463257 2.5480000972747803 2.3499999046325684 2.4700000286102295 916600
2.440000057220459 2.4600000381469727 2.3299999237060547 2.369999885559082 732700
2.3499999046325684 2.3499999046325684 2.1600000858306885 2.2300000190734863 1042200
2.2300000190734863 2.319999933242798 2.194999933242798 2.2799999713897705 810100
2.309999942779541 2.575000047683716 2.2899999618530273 2.549999952316284 1005300
2.490000009536743 2.690000057220459 2.4649999141693115 2.680000066757202 699100
2.759999990463257 2.8399999141693115 2.5399999618530273 2.5899999141693115 823000
2.609999895095825 2.7049999237060547 2.5199999809265137 2.6700000762939453 958000
2.6500000953674316 2.6500000953674316 2.509999990463257 2.609999895095825 790500
2.6500000953674316 2.690000057220459 2.559999942779541 2.640000104904175 534300
2.630000114440918 2.7950000762939453 2.549999952316284 2.569999933242798 505400
2.559999942779541 2.7799999713897705 2.5350000858306885 2.7799999713897705 608800
2.8299999237060547 2.984999895095825 2.75 2.9200000762939453 1400300
2.880000114440918 3.0299999713897705 2.799999952316284 2.819999933242798 913600
2.700000047683716 2.8010001182556152 2.484999895095825 2.5199999809265137 2257500
2.5199999809265137 2.7100000381469727 2.5199999809265137 2.5999999046325684 1956900
2.5999999046325684 3.0199999809265137 2.5999999046325684 2.950000047683716 2916500
2.9700000286102295 2.9800000190734863 2.7699999809265137 2.8299999237060547 1071500
2.8499999046325684 2.9200000762939453 2.7899999618530273 2.9100000858306885 765000
2.940000057220459 3.190000057220459 2.9100000858306885 3.1500000953674316 1551800
3.0999999046325684 3.1500000953674316 2.934999942779541 2.990000009536743 958700
2.930000066757202 2.930000066757202 2.7750000953674316 2.8299999237060547 1443100
2.8550000190734863 2.9600000381469727 2.759999990463257 2.819999933242798 872300
2.7799999713897705 3.0250000953674316 2.750999927520752 2.940000057220459 911200
2.869999885559082 2.9800000190734863 2.6449999809265137 2.674999952316284 945600
2.7300000190734863 2.759999990463257 2.6500000953674316 2.75 662600
2.7300000190734863 2.8450000286102295 2.6500000953674316 2.819999933242798 757200
2.930000066757202 3.1510000228881836 2.690000057220459 2.7200000286102295 2685400
2.7300000190734863 2.950000047683716 2.690000057220459 2.809999942779541 970700
2.799999952316284 3.009999990463257 2.7899999618530273 2.9000000953674316 1006400
2.9000000953674316 2.950000047683716 2.8299999237060547 2.930000066757202 616700
2.9600000381469727 3.069999933242798 2.890000104904175 2.9000000953674316 680200
2.990000009536743 3.1449999809265137 2.8299999237060547 2.8499999046325684 1368000
2.799999952316284 2.8550000190734863 2.684999942779541 2.7200000286102295 1151500
2.7300000190734863 2.740000009536743 2.630000114440918 2.680000066757202 786500
2.640000104904175 2.7960000038146973 2.5999999046325684 2.7799999713897705 663400
2.7200000286102295 2.990000009536743 2.7200000286102295 2.9800000190734863 509900
2.9200000762939453 3.0420000553131104 2.7890000343322754 2.859999895095825 912500
2.809999942779541 2.9700000286102295 2.559999942779541 2.9200000762939453 1545200
2.890000104904175 2.924999952316284 2.6600000858306885 2.700000047683716 960500
2.7200000286102295 2.7799999713897705 2.630000114440918 2.7200000286102295 689100
2.7799999713897705 2.8550000190734863 2.674999952316284 2.809999942779541 812200
2.740000009536743 2.7799999713897705 2.630000114440918 2.690000057220459 584000
2.7300000190734863 2.8499999046325684 2.619999885559082 2.819999933242798 1022600
2.819999933242798 3.1549999713897705 2.819999933242798 3.069999933242798 1500600
3.130000114440918 3.318000078201294 2.8399999141693115 2.890000104904175 2067200
2.880000114440918 2.9700000286102295 2.740000009536743 2.869999885559082 1306900
2.940000057220459 3.180000066757202 2.8399999141693115 2.859999895095825 3158300
2.9100000858306885 3.2300000190734863 2.865000009536743 3.059999942779541 2030600
3.059999942779541 3.119999885559082 2.9049999713897705 3.0 815100
2.990000009536743 3.009999990463257 2.880000114440918 2.9000000953674316 979500
2.9100000858306885 2.9800000190734863 2.700000047683716 2.7200000286102295 1020800
2.75 2.7699999809265137 2.4800000190734863 2.5399999618530273 1586900
2.5 2.7100000381469727 2.309999942779541 2.6600000858306885 1322800
2.6700000762939453 2.700000047683716 2.3499999046325684 2.430000066757202 1683300
2.509999990463257 2.799999952316284 2.4200000762939453 2.4200000762939453 1950800
2.3499999046325684 2.369999885559082 2.1700000762939453 2.2699999809265137 1486300
2.319999933242798 2.3499999046325684 2.0899999141693115 2.130000114440918 1723300
2.119999885559082 2.1500000953674316 1.9900000095367432 2.0199999809265137 1533100
2.0899999141693115 2.109999895095825 1.9800000190734863 2.069999933242798 1754300
2.0899999141693115 2.2200000286102295 2.0199999809265137 2.0299999713897705 1199800
2.059999942779541 2.2799999713897705 2.009999990463257 2.140000104904175 1726100
2.109999895095825 2.109999895095825 2.009999990463257 2.059999942779541 1476500
2.059999942779541 2.0799999237060547 2.009999990463257 2.069999933242798 854600
2.049999952316284 2.119999885559082 2.049999952316284 2.109999895095825 718300
2.0999999046325684 2.119999885559082 1.9900000095367432 2.0999999046325684 1955400
2.119999885559082 2.2699999809265137 2.0999999046325684 2.0999999046325684 2462400
2.0999999046325684 2.2750000953674316 2.0999999046325684 2.25 1631800
2.2300000190734863 2.325000047683716 2.197999954223633 2.240000009536743 1559100
2.380000114440918 2.4600000381469727 2.2699999809265137 2.380000114440918 1975700
2.390000104904175 2.4619998931884766 2.2100000381469727 2.3299999237060547 2131500
2.4000000953674316 2.4649999141693115 2.25 2.4100000858306885 1502500
2.4600000381469727 2.5299999713897705 2.380000114440918 2.5199999809265137 1925800
2.5299999713897705 2.75 2.509999990463257 2.700000047683716 1801200
2.7300000190734863 2.7920000553131104 2.6500000953674316 2.740000009536743 1044800
2.809999942779541 2.9000000953674316 2.678999900817871 2.819999933242798 1174100
2.809999942779541 2.869999885559082 2.75 2.859999895095825 979700
2.809999942779541 2.890000104904175 2.759999990463257 2.7799999713897705 1690000
2.7799999713897705 2.825000047683716 2.5399999618530273 2.5999999046325684 2098500
2.569999933242798 2.630000114440918 2.5 2.609999895095825 732700
2.5199999809265137 2.5899999141693115 2.4600000381469727 2.5799999237060547 784100
2.5799999237060547 2.75 2.569999933242798 2.680000066757202 2810900
2.680000066757202 2.700000047683716 2.5399999618530273 2.640000104904175 891000
2.5899999141693115 2.640000104904175 2.5 2.5799999237060547 944200
2.5399999618530273 2.694999933242798 2.5199999809265137 2.569999933242798 1164600
2.630000114440918 2.75 2.609999895095825 2.7100000381469727 841300
2.7100000381469727 2.819999933242798 2.640000104904175 2.7300000190734863 792700
2.690000057220459 2.7100000381469727 2.5980000495910645 2.640000104904175 589800
2.619999885559082 2.630000114440918 2.5 2.5199999809265137 541500
2.5199999809265137 2.6500000953674316 2.509999990463257 2.5799999237060547 489800
2.5999999046325684 2.618000030517578 2.5 2.5199999809265137 614900
2.569999933242798 2.630000114440918 2.5329999923706055 2.609999895095825 503400
2.569999933242798 2.674999952316284 2.569999933242798 2.640000104904175 504800
2.7100000381469727 2.7149999141693115 2.559999942779541 2.6500000953674316 1323600
2.819999933242798 2.9600000381469727 2.7100000381469727 2.7699999809265137 1811400
2.809999942779541 2.9709999561309814 2.7699999809265137 2.890000104904175 1221300
2.9200000762939453 3.1700000762939453 2.8949999809265137 3.0999999046325684 2251300
3.059999942779541 3.505000114440918 3.0199999809265137 3.4000000953674316 2870100
3.390000104904175 3.509999990463257 3.0899999141693115 3.200000047683716 1672300
3.25 3.5 3.2149999141693115 3.4000000953674316 1257500
3.4000000953674316 3.4100000858306885 2.990000009536743 3.0199999809265137 1864100
3.0199999809265137 3.2300000190734863 3.0 3.0799999237060547 1250500
3.0899999141693115 3.4200000762939453 3.0299999713897705 3.380000114440918 1441500
3.3399999141693115 3.555000066757202 3.3350000381469727 3.4100000858306885 1193700
3.390000104904175 3.390000104904175 3.2300000190734863 3.240000009536743 1358300
3.2699999809265137 3.2899999618530273 2.630000114440918 2.8399999141693115 4800700
2.890000104904175 2.9749999046325684 2.7899999618530273 2.8499999046325684 966900
2.9000000953674316 3.010999917984009 2.630000114440918 2.680000066757202 2490500
2.680000066757202 2.8499999046325684 2.6500000953674316 2.759999990463257 2084600
2.75 2.8289999961853027 2.694999933242798 2.7799999713897705 1252200
2.8399999141693115 2.9609999656677246 2.75 2.819999933242798 1216200
2.809999942779541 2.890000104904175 2.765000104904175 2.819999933242798 923400
2.7899999618530273 2.8399999141693115 2.6600000858306885 2.740000009536743 1136000
2.7300000190734863 2.809999942779541 2.680000066757202 2.740000009536743 984100
2.7300000190734863 2.7750000953674316 2.690000057220459 2.75 793700
2.75 2.7699999809265137 2.640000104904175 2.7100000381469727 1042000
2.700000047683716 2.75 2.575000047683716 2.5999999046325684 1618900
2.5999999046325684 2.6700000762939453 2.556999921798706 2.640000104904175 2074100
2.6700000762939453 2.674999952316284 2.549999952316284 2.569999933242798 1216500
2.559999942779541 2.7100000381469727 2.509999990463257 2.700000047683716 1422100
2.700000047683716 2.75 2.569999933242798 2.5799999237060547 2330400
2.619999885559082 2.619999885559082 2.430000066757202 2.4800000190734863 1086100
2.4800000190734863 2.5399999618530273 2.390000104904175 2.4800000190734863 1534700
2.4800000190734863 2.7100000381469727 2.440000057220459 2.6600000858306885 3615600
2.640000104904175 2.640000104904175 2.440000057220459 2.5399999618530273 6246800
2.5199999809265137 2.5899999141693115 2.4700000286102295 2.5299999713897705 2295600
2.5299999713897705 2.680000066757202 2.424999952316284 2.640000104904175 2274400
2.609999895095825 2.8499999046325684 2.5999999046325684 2.8399999141693115 1912300
2.8399999141693115 2.9700000286102295 2.7899999618530273 2.9600000381469727 4339300
2.9700000286102295 3.2799999713897705 2.930000066757202 3.2200000286102295 3458100
3.200000047683716 3.299999952316284 3.1700000762939453 3.2699999809265137 1467800
3.25 3.25 3.075000047683716 3.1500000953674316 1439100
3.059999942779541 3.069999933242798 2.940000057220459 3.0199999809265137 1181700
3.0399999618530273 3.2200000286102295 3.0199999809265137 3.130000114440918 1283800
3.109999895095825 3.2100000381469727 3.0250000953674316 3.200000047683716 1280000
3.190000057220459 3.2300000190734863 3.0899999141693115 3.130000114440918 988200
3.180000066757202 3.2950000762939453 3.0799999237060547 3.2799999713897705 1400100
3.2699999809265137 3.3499999046325684 3.1649999618530273 3.2300000190734863 1222500
3.25 3.2799999713897705 3.119999885559082 3.130000114440918 895000
3.140000104904175 3.359999895095825 3.0299999713897705 3.319999933242798 1245600
3.3299999237060547 3.4800000190734863 3.2100000381469727 3.2799999713897705 1638000
3.299999952316284 3.575000047683716 3.299999952316284 3.3399999141693115 2182200
3.3499999046325684 3.4700000286102295 3.190000057220459 3.450000047683716 1203600
3.4800000190734863 3.7049999237060547 3.4600000381469727 3.6500000953674316 2024100
3.6700000762939453 3.809999942779541 3.440000057220459 3.7899999618530273 2186200
3.8299999237060547 3.8499999046325684 3.4600000381469727 3.549999952316284 1823600
3.4700000286102295 3.634999990463257 3.4519999027252197 3.5799999237060547 882600
3.609999895095825 3.759999990463257 3.559999942779541 3.630000114440918 1676700
3.630000114440918 3.7049999237060547 3.5899999141693115 3.680000066757202 1188000
3.700000047683716 3.809999942779541 3.6600000858306885 3.799999952316284 906300
3.759999990463257 3.869999885559082 3.7300000190734863 3.75 1072400
3.7200000286102295 3.7200000286102295 3.359999895095825 3.509999990463257 1111400
3.490000009536743 3.6500000953674316 3.4800000190734863 3.505000114440918 471400
3.5899999141693115 3.5899999141693115 3.38100004196167 3.4700000286102295 1048100
3.440000057220459 3.450000047683716 3.299999952316284 3.380000114440918 931500
3.3399999141693115 3.509999990463257 3.109999895095825 3.4600000381469727 3081300
2.6600000858306885 3.134999990463257 2.25 2.299999952316284 10255000
2.3299999237060547 2.549999952316284 2.2149999141693115 2.2200000286102295 4939000
2.200000047683716 2.4800000190734863 2.005000114440918 2.309999942779541 5340800
2.2799999713897705 2.2799999713897705 2.0299999713897705 2.140000104904175 2616200
2.0999999046325684 2.125 1.9600000381469727 1.9900000095367432 2556500
2.0 2.0299999713897705 1.909999966621399 1.9500000476837158 1658200
1.9299999475479126 1.9800000190734863 1.8700000047683716 1.9199999570846558 2257300
1.9199999570846558 1.9500000476837158 1.8550000190734863 1.9299999475479126 998800
1.940000057220459 1.975000023841858 1.8899999856948853 1.9199999570846558 1269600
1.9500000476837158 1.9900000095367432 1.875 1.9700000286102295 1219600
1.9500000476837158 2.0299999713897705 1.909999966621399 1.909999966621399 1101300
1.899999976158142 1.899999976158142 1.809999942779541 1.8200000524520874 1293900
1.8200000524520874 1.8899999856948853 1.7999999523162842 1.8700000047683716 950500
1.8899999856948853 1.9900000095367432 1.8799999952316284 1.9700000286102295 884100
1.9700000286102295 2.0850000381469727 1.9179999828338623 2.069999933242798 1409800
2.069999933242798 2.1050000190734863 1.899999976158142 1.9199999570846558 1850400
1.9199999570846558 2.0399999618530273 1.8700000047683716 1.8799999952316284 1161200
1.9199999570846558 2.009999990463257 1.9199999570846558 1.9900000095367432 753600
2.009999990463257 2.0199999809265137 1.940000057220459 1.9500000476837158 899600
1.940000057220459 1.9500000476837158 1.8200000524520874 1.850000023841858 1152300
1.850000023841858 1.850000023841858 1.7000000476837158 1.7400000095367432 1744900
1.7000000476837158 1.7549999952316284 1.590000033378601 1.649999976158142 1861100
1.6699999570846558 1.7000000476837158 1.5800000429153442 1.6200000047683716 832500
1.6200000047683716 1.684999942779541 1.4800000190734863 1.5199999809265137 2720500
1.4900000095367432 1.5 1.2999999523162842 1.3200000524520874 2741000
1.3200000524520874 1.4500000476837158 1.309999942779541 1.3799999952316284 2092300
1.399999976158142 1.4800000190734863 1.3420000076293945 1.4199999570846558 3314700
1.4199999570846558 1.4520000219345093 1.315000057220459 1.350000023841858 1589900
1.3799999952316284 1.5700000524520874 1.3550000190734863 1.4600000381469727 3794000
1.4800000190734863 1.565000057220459 1.409999966621399 1.4600000381469727 1817600
1.409999966621399 1.440000057220459 1.309999942779541 1.350000023841858 2526900
1.3600000143051147 1.3899999856948853 1.2699999809265137 1.3899999856948853 3107400
1.3700000047683716 1.3799999952316284 1.284999966621399 1.3200000524520874 2084500
1.309999942779541 1.3179999589920044 1.2300000190734863 1.2599999904632568 1677900
1.2799999713897705 1.2949999570846558 1.149999976158142 1.1799999475479126 1940200
1.190000057220459 1.2400000095367432 1.1299999952316284 1.190000057220459 3243200
1.2100000381469727 1.2899999618530273 1.2000000476837158 1.2799999713897705 2018700
1.2899999618530273 1.2949999570846558 1.190000057220459 1.2100000381469727 1376800
1.2000000476837158 1.2200000286102295 1.1150000095367432 1.1799999475479126 1285800
1.2000000476837158 1.2200000286102295 1.0800000429153442 1.1100000143051147 2485700
1.1200000047683716 1.2599999904632568 1.0700000524520874 1.190000057220459 2396300
1.149999976158142 1.2699999809265137 1.100000023841858 1.2599999904632568 1829900
1.2200000286102295 1.2949999570846558 1.2200000286102295 1.2799999713897705 981900
1.2999999523162842 1.4800000190734863 1.2999999523162842 1.4500000476837158 1586500
1.4600000381469727 1.4850000143051147 1.3200000524520874 1.3899999856948853 892100
1.3600000143051147 1.3899999856948853 1.284999966621399 1.309999942779541 635600
1.309999942779541 1.3300000429153442 1.2799999713897705 1.309999942779541 660400
1.2899999618530273 1.3300000429153442 1.25 1.309999942779541 836000
1.3200000524520874 1.4500000476837158 1.2899999618530273 1.409999966621399 684300
1.3899999856948853 1.409999966621399 1.25 1.350000023841858 771700
1.3300000429153442 1.3799999952316284 1.2920000553131104 1.315000057220459 332200
1.2999999523162842 1.2999999523162842 1.2000000476837158 1.2200000286102295 863400
1.2000000476837158 1.2799999713897705 1.1799999475479126 1.2549999952316284 198494
