9.710000038146973 9.710000038146973 9.710000038146973 9.710000038146973 500
9.710000038146973 9.710000038146973 9.710000038146973 9.710000038146973 0
10.0 10.010000228881836 10.0 10.010000228881836 2100
10.710000038146973 10.710000038146973 9.899999618530273 10.010000228881836 8900
9.920000076293945 9.920000076293945 9.920000076293945 9.920000076293945 1500
9.920000076293945 9.920000076293945 9.920000076293945 9.920000076293945 0
9.75 9.75 9.699999809265137 9.699999809265137 500
9.75 9.75 9.75 9.75 31500
9.75 9.850000381469727 9.75 9.850000381469727 73100
9.859999656677246 9.899999618530273 9.75 9.779999732971191 2300
10.0 10.0 9.829999923706055 9.829999923706055 500
9.829999923706055 9.829999923706055 9.829999923706055 9.829999923706055 200
9.829999923706055 9.829999923706055 9.829999923706055 9.829999923706055 0
9.829999923706055 9.829999923706055 9.829999923706055 9.829999923706055 0
9.75 9.75 9.75 9.75 13100
9.729999542236328 9.729999542236328 9.720000267028809 9.729999542236328 5600
9.720000267028809 9.720000267028809 9.720000267028809 9.720000267028809 1000
9.720000267028809 9.850000381469727 9.720000267028809 9.850000381469727 89700
9.760000228881836 9.760000228881836 9.760000228881836 9.760000228881836 100
9.760000228881836 9.760000228881836 9.739999771118164 9.739999771118164 5000
9.739999771118164 9.739999771118164 9.739999771118164 9.739999771118164 0
9.729999542236328 9.739999771118164 9.720000267028809 9.739999771118164 5000
9.9350004196167 10.0 9.829999923706055 9.859999656677246 7300
9.859999656677246 9.859999656677246 9.859999656677246 9.859999656677246 0
9.9399995803833 9.9399995803833 9.729999542236328 9.729999542236328 8100
9.75 9.75 9.75 9.75 300
9.800000190734863 9.800000190734863 9.729999542236328 9.779999732971191 5100
9.800000190734863 9.800000190734863 9.710000038146973 9.710000038146973 16900
9.720000267028809 9.720000267028809 9.720000267028809 9.720000267028809 200
9.720000267028809 9.720000267028809 9.710000038146973 9.720000267028809 8100
9.710000038146973 9.720000267028809 9.710000038146973 9.720000267028809 11800
9.699999809265137 9.699999809265137 9.699999809265137 9.699999809265137 5100
9.699999809265137 9.720000267028809 9.699999809265137 9.699999809265137 2600
9.770000457763672 9.770000457763672 9.770000457763672 9.770000457763672 100
9.699999809265137 9.699999809265137 9.699999809265137 9.699999809265137 3000
9.699999809265137 9.699999809265137 9.699999809265137 9.699999809265137 800
9.739999771118164 9.739999771118164 9.739999771118164 9.739999771118164 200
9.739999771118164 9.739999771118164 9.739999771118164 9.739999771118164 0
9.75 9.75 9.75 9.75 1000
9.725000381469727 9.75 9.725000381469727 9.75 3500
9.75 9.75 9.75 9.75 0
9.770000457763672 9.770000457763672 9.770000457763672 9.770000457763672 300
9.710000038146973 9.75 9.710000038146973 9.75 500
9.779999732971191 9.779999732971191 9.739999771118164 9.739999771118164 2700
9.710000038146973 9.720000267028809 9.710000038146973 9.710000038146973 900
9.699999809265137 9.725000381469727 9.699999809265137 9.699999809265137 21100
9.699999809265137 9.699999809265137 9.699999809265137 9.699999809265137 200
9.699999809265137 9.699999809265137 9.699999809265137 9.699999809265137 23900
9.690999984741211 9.779999732971191 9.6899995803833 9.779999732971191 6700
9.800000190734863 9.800000190734863 9.6899995803833 9.699999809265137 9600
9.699999809265137 9.699999809265137 9.699999809265137 9.699999809265137 1100
9.699999809265137 9.699999809265137 9.699999809265137 9.699999809265137 1000
9.70300006866455 9.70300006866455 9.70300006866455 9.70300006866455 1800
9.779999732971191 9.779999732971191 9.6899995803833 9.6899995803833 7900
9.6899995803833 9.6899995803833 9.6899995803833 9.6899995803833 0
9.699999809265137 9.699999809265137 9.699999809265137 9.699999809265137 300
9.699999809265137 9.699999809265137 9.694999694824219 9.694999694824219 300
9.6899995803833 9.6899995803833 9.6899995803833 9.6899995803833 1000
9.6899995803833 9.6899995803833 9.684000015258789 9.6899995803833 1600
9.6899995803833 9.6899995803833 9.6899995803833 9.6899995803833 0
9.710000038146973 9.710000038146973 9.65999984741211 9.699999809265137 101200
9.779999732971191 9.779999732971191 9.649999618530273 9.699999809265137 6000
9.760000228881836 9.789999961853027 9.758999824523926 9.789999961853027 2300
9.789999961853027 9.789999961853027 9.755999565124512 9.755999565124512 1000
9.800000190734863 9.800000190734863 9.670000076293945 9.800000190734863 14700
9.789999961853027 9.789999961853027 9.680000305175781 9.760000228881836 6800
9.789999961853027 10.0 9.670000076293945 9.680000305175781 12800
9.649999618530273 9.960000038146973 9.649999618530273 9.960000038146973 7800
9.920000076293945 9.920000076293945 9.670000076293945 9.680000305175781 11800
9.760000228881836 9.829999923706055 9.75 9.819999694824219 22900
9.760000228881836 9.800000190734863 9.699999809265137 9.699999809265137 26700
9.84000015258789 9.84000015258789 9.710000038146973 9.710000038146973 8100
9.789999961853027 9.789999961853027 9.720000267028809 9.75 2200
9.850000381469727 9.850000381469727 9.720000267028809 9.75 22700
9.800000190734863 9.800000190734863 9.75 9.779999732971191 1700
9.800000190734863 9.84000015258789 9.725000381469727 9.734999656677246 3600
9.720000267028809 9.850000381469727 9.720000267028809 9.850000381469727 2100
9.850000381469727 9.850000381469727 9.675000190734863 9.739999771118164 26000
9.779999732971191 9.819999694824219 9.699999809265137 9.699999809265137 12800
9.899999618530273 9.899999618530273 9.710000038146973 9.770000457763672 6400
9.899999618530273 9.899999618530273 9.720999717712402 9.720999717712402 4400
9.850000381469727 9.850000381469727 9.758000373840332 9.760000228881836 3300
9.760000228881836 9.760000228881836 9.670000076293945 9.720000267028809 5900
9.720000267028809 9.800000190734863 9.65999984741211 9.720000267028809 9800
9.720000267028809 9.720000267028809 9.6899995803833 9.706000328063965 3100
9.6899995803833 9.6899995803833 9.65999984741211 9.666999816894531 7100
9.649999618530273 9.675999641418457 9.649999618530273 9.67300033569336 2400
9.670000076293945 9.809000015258789 9.670000076293945 9.739999771118164 5100
9.779999732971191 9.779999732971191 9.670000076293945 9.699999809265137 5000
9.8100004196167 9.84000015258789 9.6899995803833 9.760000228881836 52000
9.949999809265137 9.949999809265137 9.720000267028809 9.75 26500
9.75 9.75 9.711999893188477 9.743000030517578 7000
9.829999923706055 9.829999923706055 9.710000038146973 9.770000457763672 7400
9.949999809265137 9.949999809265137 9.670000076293945 9.710000038146973 45000
9.65999984741211 9.75 9.65999984741211 9.720000267028809 4300
9.75 9.760000228881836 9.699999809265137 9.706000328063965 3200
9.710000038146973 9.770000457763672 9.710000038146973 9.729999542236328 1500
9.859999656677246 9.859999656677246 9.720000267028809 9.729999542236328 4000
9.729999542236328 9.75 9.720000267028809 9.75 52100
9.770000457763672 9.770000457763672 9.710000038146973 9.73799991607666 6400
9.800000190734863 9.800000190734863 9.720000267028809 9.760000228881836 6800
9.720000267028809 9.75 9.720000267028809 9.744999885559082 4600
9.770000457763672 9.789999961853027 9.670000076293945 9.720000267028809 12100
9.6899995803833 9.789999961853027 9.6899995803833 9.758999824523926 3100
9.779999732971191 9.850000381469727 9.75 9.779999732971191 708800
9.75 9.800000190734863 9.75 9.800000190734863 4600
9.800000190734863 9.800000190734863 9.760000228881836 9.800000190734863 2400
9.800000190734863 9.800000190734863 9.770000457763672 9.770000457763672 4000
9.760000228881836 9.760000228881836 9.670000076293945 9.729999542236328 7600
9.739999771118164 9.84000015258789 9.670000076293945 9.819999694824219 7200
9.800000190734863 9.800000190734863 9.710000038146973 9.779999732971191 3000
9.800000190734863 9.800000190734863 9.755000114440918 9.760000228881836 8600
9.760000228881836 9.760000228881836 9.739999771118164 9.75 8600
9.75 9.770000457763672 9.699999809265137 9.75 1500
9.770000457763672 9.770000457763672 9.720000267028809 9.75 15200
9.75 9.75 9.706999778747559 9.75 15500
9.75 9.75 9.677000045776367 9.699999809265137 2900
9.760000228881836 9.769000053405762 9.736000061035156 9.760000228881836 3100
9.770000457763672 9.770000457763672 9.739999771118164 9.760000228881836 1100
9.770000457763672 9.770000457763672 9.720000267028809 9.760000228881836 2500
9.75 9.75 9.739999771118164 9.739999771118164 2000
9.739999771118164 9.770000457763672 9.730999946594238 9.760000228881836 4700
9.770000457763672 9.770000457763672 9.739999771118164 9.75 16400
9.710000038146973 9.75 9.710000038146973 9.75 8600
9.770000457763672 9.770000457763672 9.710000038146973 9.74899959564209 710200
9.75 9.75 9.729999542236328 9.75 52200
9.75 9.770000457763672 9.75 9.760000228881836 10500
9.770000457763672 9.789999961853027 9.734999656677246 9.789999961853027 54100
9.789999961853027 9.789999961853027 9.76200008392334 9.779999732971191 4200
9.789999961853027 9.800000190734863 9.75 9.779999732971191 119400
9.800000190734863 9.819999694824219 9.779999732971191 9.819999694824219 70000
9.819999694824219 9.819999694824219 9.795000076293945 9.819999694824219 6900
9.819999694824219 9.829999923706055 9.789999961853027 9.800000190734863 103100
9.800000190734863 9.829999923706055 9.789999961853027 9.829999923706055 4800
9.779999732971191 9.829999923706055 9.779999732971191 9.829999923706055 15500
9.829999923706055 9.829999923706055 9.789999961853027 9.800000190734863 79200
9.779999732971191 9.829999923706055 9.779999732971191 9.789999961853027 74700
9.819999694824219 9.819999694824219 9.789999961853027 9.800000190734863 62400
9.819999694824219 9.819999694824219 9.779999732971191 9.779999732971191 25100
9.819999694824219 9.84000015258789 9.770000457763672 9.800000190734863 90600
9.800000190734863 9.829999923706055 9.779999732971191 9.800000190734863 13700
9.829999923706055 9.829999923706055 9.789999961853027 9.8100004196167 4800
9.829999923706055 9.831000328063965 9.815999984741211 9.829999923706055 1600
9.84000015258789 9.84000015258789 9.789999961853027 9.8100004196167 26200
9.779999732971191 9.829999923706055 9.779999732971191 9.829999923706055 26500
9.800000190734863 9.8100004196167 9.760000228881836 9.770000457763672 95100
9.779999732971191 9.789999961853027 9.770000457763672 9.779999732971191 5000
9.800000190734863 9.800000190734863 9.760000228881836 9.789999961853027 4500
9.789999961853027 9.789999961853027 9.739999771118164 9.75 31200
9.720000267028809 9.760000228881836 9.720000267028809 9.75 2300
9.699999809265137 9.748000144958496 9.699999809265137 9.748000144958496 14500
9.710000038146973 9.760000228881836 9.710000038146973 9.75 1800
9.75 9.75 9.73799991607666 9.739999771118164 800
9.725000381469727 9.75 9.725000381469727 9.729999542236328 3600
9.729999542236328 9.75 9.720000267028809 9.739999771118164 17300
9.710000038146973 9.75 9.710000038146973 9.739999771118164 2900
9.760000228881836 9.760000228881836 9.710000038146973 9.75 2600
9.770000457763672 9.770000457763672 9.720000267028809 9.734999656677246 5000
9.75 9.75 9.720000267028809 9.75 3800
9.75 9.75 9.729999542236328 9.729999542236328 300
9.699999809265137 9.729999542236328 9.699999809265137 9.729999542236328 78300
9.75 9.75 9.710000038146973 9.739999771118164 29000
9.720000267028809 9.729999542236328 9.720000267028809 9.729999542236328 6000
9.699999809265137 9.729999542236328 9.699999809265137 9.729999542236328 3000
9.75 9.75 9.710000038146973 9.720000267028809 3200
9.710000038146973 9.729999542236328 9.710000038146973 9.729999542236328 5900
9.739999771118164 9.739999771118164 9.699999809265137 9.710000038146973 6200
9.710000038146973 9.710000038146973 9.710000038146973 9.710000038146973 1300
9.71500015258789 9.729999542236328 9.699999809265137 9.720000267028809 22000
9.729999542236328 9.729999542236328 9.699999809265137 9.710000038146973 5400
9.760000228881836 9.760000228881836 9.699999809265137 9.720000267028809 11900
9.699999809265137 9.75 9.520000457763672 9.699999809265137 3900
9.6899995803833 9.6899995803833 9.6899995803833 9.6899995803833 1000
9.6850004196167 9.710000038146973 9.6850004196167 9.710000038146973 3300
9.699999809265137 9.710000038146973 9.680000305175781 9.699999809265137 20800
9.704999923706055 9.720000267028809 9.6899995803833 9.6899995803833 48700
9.6899995803833 9.729999542236328 9.6899995803833 9.710000038146973 12200
9.699999809265137 9.729999542236328 9.699999809265137 9.720000267028809 7900
9.6899995803833 9.729999542236328 9.6899995803833 9.710000038146973 20900
9.729999542236328 9.729999542236328 9.692000389099121 9.710000038146973 1000
9.75 9.75 9.699999809265137 9.729999542236328 8400
9.729999542236328 9.729999542236328 9.6899995803833 9.720000267028809 6000
9.720000267028809 9.729999542236328 9.720000267028809 9.729999542236328 2700
9.720000267028809 9.720000267028809 9.699999809265137 9.720000267028809 2300
9.680000305175781 9.710000038146973 9.680000305175781 9.710000038146973 400
9.739999771118164 9.739999771118164 9.699999809265137 9.710000038146973 10500
9.720000267028809 9.720000267028809 9.699999809265137 9.720000267028809 2700
9.699999809265137 9.710000038146973 9.65999984741211 9.65999984741211 105600
9.699999809265137 9.710000038146973 9.680000305175781 9.6899995803833 206900
9.710000038146973 9.710000038146973 9.65999984741211 9.680000305175781 14100
9.710000038146973 9.710000038146973 9.65999984741211 9.680000305175781 5100
9.710000038146973 9.710000038146973 9.680000305175781 9.6899995803833 1200
9.710000038146973 9.710000038146973 9.65999984741211 9.680000305175781 7000
9.649999618530273 9.6899995803833 9.649999618530273 9.65999984741211 2000
9.6899995803833 9.692999839782715 9.65999984741211 9.678999900817871 5500
9.65999984741211 9.710000038146973 9.65999984741211 9.710000038146973 13700
9.6899995803833 9.699999809265137 9.6899995803833 9.699999809265137 800
9.6899995803833 9.699999809265137 9.6899995803833 9.699999809265137 1000
9.6899995803833 9.699999809265137 9.6899995803833 9.699999809265137 1000
9.6899995803833 9.720000267028809 9.6899995803833 9.720000267028809 10300
9.6899995803833 9.710000038146973 9.6899995803833 9.710000038146973 800
9.6899995803833 9.718000411987305 9.6899995803833 9.710000038146973 3600
9.6899995803833 9.699999809265137 9.6899995803833 9.699999809265137 3900
9.6899995803833 9.710000038146973 9.680000305175781 9.710000038146973 6900
9.729999542236328 9.729999542236328 9.680000305175781 9.699999809265137 6300
9.680000305175781 9.710000038146973 9.680000305175781 9.710000038146973 900
9.710000038146973 9.720000267028809 9.710000038146973 9.710000038146973 1500
9.729999542236328 9.729999542236328 9.6899995803833 9.710000038146973 2800
9.680000305175781 9.699999809265137 9.680000305175781 9.699999809265137 600
9.720000267028809 9.72599983215332 9.704999923706055 9.710000038146973 1300
9.6899995803833 9.720000267028809 9.6899995803833 9.720000267028809 2500
9.680000305175781 9.720000267028809 9.680000305175781 9.720000267028809 2200
9.729999542236328 9.729999542236328 9.701000213623047 9.710000038146973 3300
9.680000305175781 9.710000038146973 9.680000305175781 9.710000038146973 500
9.680000305175781 9.75 9.680000305175781 9.729999542236328 166600
9.727999687194824 9.75 9.727999687194824 9.75 216700
9.729999542236328 9.75 9.729999542236328 9.739999771118164 3800
9.739999771118164 9.75 9.739999771118164 9.741999626159668 2000
9.729999542236328 9.739999771118164 9.729999542236328 9.739999771118164 1100
9.75 9.75 9.734999656677246 9.734999656677246 1100
9.75 9.75 9.739999771118164 9.739999771118164 900
9.6899995803833 9.75 9.6899995803833 9.75 1500
9.75 9.75 9.75 9.75 1900
9.699999809265137 9.760000228881836 9.699999809265137 9.75 15900
9.744999885559082 9.744999885559082 9.729999542236328 9.744999885559082 3900
9.760000228881836 9.760000228881836 9.760000228881836 9.760000228881836 3100
9.760000228881836 9.779999732971191 9.760000228881836 9.779999732971191 1400
9.779999732971191 9.779999732971191 9.75 9.75 400
9.75 9.75 9.75 9.75 200
9.774999618530273 9.774999618530273 9.774999618530273 9.774999618530273 300
9.770000457763672 9.779999732971191 9.770000457763672 9.779999732971191 1300
9.800000190734863 9.800000190734863 9.800000190734863 9.800000190734863 300
9.800000190734863 9.800000190734863 9.760000228881836 9.760000228881836 700
9.729999542236328 9.777999877929688 9.729999542236328 9.777999877929688 1900
9.789999961853027 9.789999961853027 9.760000228881836 9.779999732971191 1300
9.789999961853027 9.789999961853027 9.770000457763672 9.770000457763672 34500
9.770000457763672 9.779999732971191 9.770000457763672 9.770000457763672 4500
9.779999732971191 9.779999732971191 9.779999732971191 9.779999732971191 5100
9.829999923706055 9.829999923706055 9.819999694824219 9.819999694824219 1400
9.789999961853027 9.789999961853027 9.789999961853027 9.789999961853027 800
9.829999923706055 9.829999923706055 9.779999732971191 9.829999923706055 1200
9.779999732971191 9.789999961853027 9.779999732971191 9.789999961853027 1700
9.789999961853027 9.789999961853027 9.789999961853027 9.789999961853027 0
9.779999732971191 9.829999923706055 9.779999732971191 9.800000190734863 1800
9.805000305175781 9.805000305175781 9.805000305175781 9.805000305175781 800
9.805000305175781 9.8100004196167 9.805000305175781 9.8100004196167 7700
9.770000457763672 9.770000457763672 9.770000457763672 9.770000457763672 800
9.789999961853027 9.789999961853027 9.789999961853027 9.789999961853027 2100
9.770000457763672 9.800000190734863 9.770000457763672 9.789999961853027 2400
9.789999961853027 9.800000190734863 9.789999961853027 9.800000190734863 900
9.800000190734863 9.800000190734863 9.789999961853027 9.800000190734863 3000
9.800000190734863 9.800000190734863 9.800000190734863 9.800000190734863 0
9.800000190734863 9.800000190734863 9.800000190734863 9.800000190734863 200
9.8100004196167 9.8100004196167 9.800000190734863 9.800000190734863 1500
9.800000190734863 9.800000190734863 9.770000457763672 9.800000190734863 32800
9.79699993133545 9.800000190734863 9.779999732971191 9.800000190734863 600
9.800000190734863 9.803999900817871 9.789999961853027 9.800000190734863 2900
9.819999694824219 9.819999694824219 9.789999961853027 9.819999694824219 4200
9.819999694824219 9.819999694824219 9.819999694824219 9.819999694824219 200
9.800000190734863 9.8100004196167 9.800000190734863 9.800000190734863 1700
9.8100004196167 9.8100004196167 9.800000190734863 9.800000190734863 23500
9.779999732971191 9.779999732971191 9.779999732971191 9.779999732971191 500
9.770000457763672 9.779999732971191 9.770000457763672 9.770000457763672 800
9.78499984741211 9.78499984741211 9.78499984741211 9.78499984741211 800
9.800000190734863 9.800000190734863 9.770000457763672 9.770000457763672 9300
9.760000228881836 9.770000457763672 9.744999885559082 9.744999885559082 8100
9.75 9.75 9.739999771118164 9.75 9400
9.800000190734863 9.800000190734863 9.800000190734863 9.800000190734863 800
9.729999542236328 9.75 9.729999542236328 9.75 6800
9.75 9.75 9.739999771118164 9.739999771118164 46500
9.760000228881836 9.760000228881836 9.739999771118164 9.739999771118164 22200
9.760000228881836 9.760000228881836 9.75 9.75 700
9.720000267028809 9.75 9.720000267028809 9.75 1900
9.75 9.760000228881836 9.75 9.760000228881836 800
9.770000457763672 9.779999732971191 9.770000457763672 9.779999732971191 3400
9.770000457763672 9.770000457763672 9.760000228881836 9.760000228881836 3300
9.779999732971191 9.789999961853027 9.779999732971191 9.789999961853027 13200
9.770000457763672 9.779999732971191 9.770000457763672 9.779999732971191 6800
9.78499984741211 9.78499984741211 9.779999732971191 9.779999732971191 9700
9.800000190734863 9.8100004196167 9.779999732971191 9.800000190734863 161400
9.829999923706055 9.829999923706055 9.770000457763672 9.770000457763672 8000
9.779999732971191 9.789999961853027 9.779999732971191 9.789999961853027 900
9.779999732971191 9.789999961853027 9.779999732971191 9.789999961853027 6700
9.800000190734863 9.800000190734863 9.779999732971191 9.789999961853027 1500
9.779999732971191 9.789999961853027 9.779999732971191 9.789999961853027 4800
9.779999732971191 9.788999557495117 9.779999732971191 9.788999557495117 1700
9.779999732971191 9.789999961853027 9.774999618530273 9.779999732971191 41300
9.779999732971191 9.788999557495117 9.770000457763672 9.779999732971191 314800
9.789999961853027 9.800000190734863 9.779999732971191 9.784000396728516 277400
9.770000457763672 9.800000190734863 9.770000457763672 9.800000190734863 12400
9.770000457763672 9.800000190734863 9.770000457763672 9.800000190734863 1700
9.770000457763672 9.800000190734863 9.770000457763672 9.800000190734863 2000
9.770000457763672 9.800000190734863 9.770000457763672 9.789999961853027 58500
9.777999877929688 9.777999877929688 9.777999877929688 9.777999877929688 700
9.770000457763672 9.770000457763672 9.770000457763672 9.770000457763672 300
9.779999732971191 9.800000190734863 9.779999732971191 9.78600025177002 5100
9.779999732971191 9.805000305175781 9.779999732971191 9.779999732971191 27300
9.779999732971191 9.79699993133545 9.779999732971191 9.779999732971191 128900
9.829999923706055 9.829999923706055 9.779999732971191 9.789999961853027 17000
9.779999732971191 9.800000190734863 9.779999732971191 9.800000190734863 2700
9.779999732971191 9.800000190734863 9.779999732971191 9.795000076293945 1400
9.789999961853027 9.789999961853027 9.789999961853027 9.789999961853027 200
9.789999961853027 9.789999961853027 9.789999961853027 9.789999961853027 3000
9.800000190734863 9.800000190734863 9.800000190734863 9.800000190734863 26100
9.800000190734863 9.8100004196167 9.800000190734863 9.8100004196167 2800
9.829999923706055 9.829999923706055 9.800000190734863 9.8100004196167 150400
9.812000274658203 9.812000274658203 9.812000274658203 9.812000274658203 500
9.805000305175781 9.805000305175781 9.800000190734863 9.803999900817871 5700
9.819999694824219 9.819999694824219 9.819999694824219 9.819999694824219 100
9.84000015258789 9.84000015258789 9.800999641418457 9.812000274658203 1100
9.800000190734863 9.805000305175781 9.800000190734863 9.802000045776367 820600
9.805000305175781 9.8100004196167 9.800000190734863 9.8100004196167 31300
9.8100004196167 9.819999694824219 9.8100004196167 9.8100004196167 4200
9.829999923706055 9.829999923706055 9.819999694824219 9.819999694824219 2500
9.829999923706055 9.829999923706055 9.819999694824219 9.819999694824219 400
9.829999923706055 9.829999923706055 9.819999694824219 9.819999694824219 52200
9.819999694824219 9.829999923706055 9.819999694824219 9.829999923706055 2000
9.819999694824219 9.84000015258789 9.819999694824219 9.829999923706055 11800
9.829999923706055 9.835000038146973 9.829999923706055 9.829999923706055 119900
9.829999923706055 9.829999923706055 9.829999923706055 9.829999923706055 112000
9.835000038146973 9.835000038146973 9.835000038146973 9.835000038146973 400
9.829999923706055 9.84000015258789 9.829999923706055 9.835000038146973 1100
9.829999923706055 9.850000381469727 9.829999923706055 9.829999923706055 419000
9.829999923706055 9.850000381469727 9.829999923706055 9.84000015258789 400
9.859999656677246 9.859999656677246 9.84000015258789 9.84000015258789 400
9.829999923706055 9.84000015258789 9.829999923706055 9.84000015258789 400
9.84000015258789 9.84000015258789 9.84000015258789 9.84000015258789 0
9.829999923706055 9.829999923706055 9.829999923706055 9.829999923706055 700
9.829999923706055 9.829999923706055 9.829999923706055 9.829999923706055 0
9.84000015258789 9.845999717712402 9.84000015258789 9.84000015258789 66700
9.850000381469727 9.850000381469727 9.84000015258789 9.84000015258789 3400
9.845999717712402 9.850000381469727 9.84000015258789 9.850000381469727 50800
9.84000015258789 9.845000267028809 9.84000015258789 9.845000267028809 900
9.84000015258789 9.845000267028809 9.84000015258789 9.84000015258789 2400
9.850000381469727 9.850000381469727 9.84000015258789 9.84000015258789 2000
9.850000381469727 9.850000381469727 9.850000381469727 9.850000381469727 100
9.84000015258789 9.84000015258789 9.84000015258789 9.84000015258789 100
9.84000015258789 9.84000015258789 9.84000015258789 9.84000015258789 0
9.84000015258789 9.845000267028809 9.84000015258789 9.84000015258789 510100
9.84000015258789 9.850000381469727 9.84000015258789 9.850000381469727 2200
9.84000015258789 9.845000267028809 9.84000015258789 9.84000015258789 2500
9.850000381469727 9.850000381469727 9.845000267028809 9.850000381469727 12000
9.859999656677246 9.859999656677246 9.859999656677246 9.859999656677246 300
9.854999542236328 9.854999542236328 9.850000381469727 9.850000381469727 5200
9.84000015258789 9.859999656677246 9.84000015258789 9.84000015258789 900
9.84000015258789 9.847000122070312 9.84000015258789 9.84000015258789 400
9.850000381469727 9.850000381469727 9.850000381469727 9.850000381469727 1300
9.84000015258789 9.84000015258789 9.84000015258789 9.84000015258789 100
9.84000015258789 9.84000015258789 9.84000015258789 9.84000015258789 4400
9.845000267028809 9.850000381469727 9.84000015258789 9.84000015258789 1800
9.84000015258789 9.843999862670898 9.84000015258789 9.84000015258789 500
9.84000015258789 9.84000015258789 9.84000015258789 9.84000015258789 12600
9.84000015258789 9.850000381469727 9.84000015258789 9.845000267028809 7400
9.84000015258789 9.850000381469727 9.84000015258789 9.850000381469727 19400
9.84000015258789 9.84000015258789 9.84000015258789 9.84000015258789 300
9.84000015258789 9.84000015258789 9.84000015258789 9.84000015258789 1000
9.84000015258789 9.850000381469727 9.84000015258789 9.84000015258789 38900
9.845000267028809 9.845000267028809 9.84000015258789 9.84000015258789 1400
9.84000015258789 9.850000381469727 9.829999923706055 9.829999923706055 103000
9.829999923706055 9.83899974822998 9.829999923706055 9.829999923706055 8400
9.829999923706055 9.829999923706055 9.829999923706055 9.829999923706055 3700
9.835000038146973 9.84000015258789 9.835000038146973 9.84000015258789 6100
9.840999603271484 9.840999603271484 9.840999603271484 9.840999603271484 43800
9.829999923706055 9.850000381469727 9.829999923706055 9.84000015258789 104500
9.850000381469727 9.850000381469727 9.84000015258789 9.84000015258789 400
9.84000015258789 9.84000015258789 9.84000015258789 9.84000015258789 0
9.84000015258789 9.84000015258789 9.84000015258789 9.84000015258789 0
9.84000015258789 9.850000381469727 9.84000015258789 9.84000015258789 22300
9.829999923706055 9.829999923706055 9.829999923706055 9.829999923706055 233900
9.829999923706055 9.845000267028809 9.829999923706055 9.845000267028809 13900
9.829999923706055 9.829999923706055 9.829999923706055 9.829999923706055 700
9.829999923706055 9.84000015258789 9.829999923706055 9.84000015258789 1700
9.829999923706055 9.859999656677246 9.829999923706055 9.850000381469727 13700
9.859999656677246 9.859999656677246 9.850000381469727 9.850000381469727 26200
9.850000381469727 9.850000381469727 9.850000381469727 9.850000381469727 1100
9.850000381469727 9.869999885559082 9.850000381469727 9.859999656677246 90500
9.880000114440918 9.880000114440918 9.859999656677246 9.869999885559082 1400
9.864999771118164 9.864999771118164 9.859999656677246 9.864999771118164 7300
9.869999885559082 9.869999885559082 9.864999771118164 9.864999771118164 118000
9.869999885559082 9.880000114440918 9.869999885559082 9.869999885559082 8900
9.850000381469727 9.885000228881836 9.850000381469727 9.885000228881836 7000
9.880000114440918 9.890000343322754 9.880000114440918 9.885000228881836 72300
9.880000114440918 9.899999618530273 9.880000114440918 9.899999618530273 14700
9.880000114440918 9.880000114440918 9.880000114440918 9.880000114440918 100
9.904999732971191 9.904999732971191 9.904999732971191 9.904999732971191 20500
9.899999618530273 9.928999900817871 9.895000457763672 9.920000076293945 264200
9.880000114440918 9.880000114440918 9.880000114440918 9.880000114440918 100
9.890000343322754 9.890000343322754 9.890000343322754 9.890000343322754 30300
9.890000343322754 9.930000305175781 9.890000343322754 9.930000305175781 9200
9.890000343322754 9.9350004196167 9.890000343322754 9.9350004196167 21800
9.930999755859375 9.944999694824219 9.930000305175781 9.944999694824219 31600
9.9399995803833 9.949999809265137 9.9399995803833 9.949999809265137 7000
9.944999694824219 9.960000038146973 9.944999694824219 9.960000038146973 400
9.949999809265137 9.954999923706055 9.949999809265137 9.949999809265137 6300
9.954999923706055 9.956999778747559 9.9399995803833 9.944999694824219 119300
10.0 10.010000228881836 9.970000267028809 10.010000228881836 1006600
10.010000228881836 10.029999732971191 10.010000228881836 10.020000457763672 498800
10.020000457763672 10.029999732971191 10.010000228881836 10.010000228881836 349600
10.029999732971191 10.029999732971191 10.0 10.024999618530273 533800
10.020000457763672 10.024999618530273 10.020000457763672 10.024999618530273 10200
9.994999885559082 10.029999732971191 9.989999771118164 10.020000457763672 3800
10.010000228881836 10.020000457763672 10.010000228881836 10.020000457763672 1200
10.0 10.039999961853027 9.979999542236328 10.029999732971191 226900
10.029999732971191 10.050000190734863 10.029999732971191 10.039999961853027 51200
10.029999732971191 10.039999961853027 10.029999732971191 10.039999961853027 70100
10.039999961853027 10.170000076293945 10.029999732971191 10.055000305175781 181200
9.949999809265137 9.949999809265137 8.300000190734863 8.90999984741211 471600
8.84000015258789 9.100000381469727 8.729999542236328 9.024999618530273 51700
9.020000457763672 9.020000457763672 8.720000267028809 8.800000190734863 55300
8.699999809265137 8.829999923706055 8.510000228881836 8.800000190734863 23500
8.680000305175781 8.880000114440918 8.640000343322754 8.8149995803833 10000
2.9000000953674316 3.2899999618530273 2.619999885559082 3.0199999809265137 1529900
3.0899999141693115 3.0899999141693115 2.0390000343322754 2.049999952316284 893400
1.9600000381469727 2.0 1.3600000143051147 1.3700000047683716 1827500
1.2100000381469727 1.2400000095367432 0.9700000286102295 0.9700000286102295 2314700
1.059999942779541 1.2799999713897705 0.9700000286102295 1.1399999856948853 9436400
1.0499999523162842 1.0800000429153442 0.9800000190734863 1.0 2159000
0.9700000286102295 0.9929999709129333 0.9300000071525574 0.9599999785423279 1069800
0.949999988079071 1.024999976158142 0.9200000166893005 0.9599999785423279 294000
0.9850000143051147 1.0299999713897705 0.8529999852180481 0.9399999976158142 444700
0.949999988079071 0.949999988079071 0.8149999976158142 0.8600000143051147 281100
0.8600000143051147 0.8600000143051147 0.7279999852180481 0.75 898500
0.7400000095367432 0.75 0.6579999923706055 0.6700000166893005 754800
0.6629999876022339 0.699999988079071 0.5419999957084656 0.5419999957084656 1201000
0.6000000238418579 0.6000000238418579 0.49900001287460327 0.5 2115200
0.5249999761581421 0.6740000247955322 0.5199999809265137 0.652999997138977 2979200
0.7400000095367432 0.800000011920929 0.5509999990463257 0.6480000019073486 2763800
0.6439999938011169 0.6439999938011169 0.5619999766349792 0.6000000238418579 923000
0.6000000238418579 0.6259999871253967 0.5699999928474426 0.6000000238418579 338800
0.5899999737739563 0.6790000200271606 0.5799999833106995 0.6050000190734863 576000
0.6349999904632568 0.6399999856948853 0.578000009059906 0.5989999771118164 469600
0.5809999704360962 0.6200000047683716 0.5799999833106995 0.6100000143051147 348600
0.6079999804496765 0.6759999990463257 0.5979999899864197 0.6600000262260437 606900
0.6779999732971191 0.6880000233650208 0.6499999761581421 0.6499999761581421 586400
0.7599999904632568 0.8100000023841858 0.6899999976158142 0.7200000286102295 3807000
0.7200000286102295 0.7300000190734863 0.6800000071525574 0.6899999976158142 679800
0.7160000205039978 0.7300000190734863 0.6850000023841858 0.7099999785423279 569400
0.6899999976158142 0.7099999785423279 0.6669999957084656 0.6800000071525574 485100
0.6850000023841858 0.7099999785423279 0.6679999828338623 0.6790000200271606 230800
0.6710000038146973 0.6930000185966492 0.6100000143051147 0.6600000262260437 550700
0.6710000038146973 0.6869999766349792 0.6259999871253967 0.6700000166893005 347500
0.6480000019073486 0.6600000262260437 0.6200000047683716 0.6299999952316284 294400
0.6449999809265137 0.6499999761581421 0.6190000176429749 0.6389999985694885 356600
0.6600000262260437 0.6700000166893005 0.6200000047683716 0.6389999985694885 520300
0.6600000262260437 0.6600000262260437 0.6200000047683716 0.6290000081062317 289200
0.6150000095367432 0.6399999856948853 0.6129999756813049 0.6399999856948853 304100
0.6399999856948853 0.6399999856948853 0.6100000143051147 0.6399999856948853 474700
0.621999979019165 0.6600000262260437 0.6209999918937683 0.6539999842643738 1349000
0.6299999952316284 0.7089999914169312 0.6299999952316284 0.6600000262260437 1308800
0.6600000262260437 0.6899999976158142 0.6349999904632568 0.6899999976158142 626400
0.6899999976158142 0.7300000190734863 0.6800000071525574 0.7129999995231628 864100
0.6899999976158142 0.7229999899864197 0.6600000262260437 0.671999990940094 421300
0.6610000133514404 0.6899999976158142 0.6610000133514404 0.6800000071525574 269400
0.6600000262260437 0.6800000071525574 0.6399999856948853 0.6399999856948853 363500
0.6499999761581421 0.6800000071525574 0.6309999823570251 0.6499999761581421 123200
0.6499999761581421 0.6589999794960022 0.6010000109672546 0.6399999856948853 229800
0.6100000143051147 0.6600000262260437 0.6100000143051147 0.6399999856948853 243400
0.6380000114440918 0.6600000262260437 0.6349999904632568 0.6600000262260437 87400
0.6700000166893005 0.6700000166893005 0.6370000243186951 0.6499999761581421 94100
0.6299999952316284 0.6489999890327454 0.6179999709129333 0.6240000128746033 321400
0.6000000238418579 0.6499999761581421 0.6000000238418579 0.6150000095367432 257200
0.6200000047683716 0.6700000166893005 0.593999981880188 0.6299999952316284 869400
0.6230000257492065 0.6230000257492065 0.42800000309944153 0.45500001311302185 2808500
0.47999998927116394 0.47999998927116394 0.4300000071525574 0.45500001311302185 368500
0.4620000123977661 0.4749999940395355 0.4449999928474426 0.4729999899864197 139000
0.4729999899864197 0.4729999899864197 0.4129999876022339 0.4569999873638153 455600
0.47999998927116394 0.47999998927116394 0.4399999976158142 0.4519999921321869 304600
0.453000009059906 0.4699999988079071 0.4300000071525574 0.4560000002384186 198400
0.4699999988079071 0.5230000019073486 0.4449999928474426 0.5230000019073486 824400
0.5199999809265137 0.5649999976158142 0.5 0.5649999976158142 559200
0.5730000138282776 0.5799999833106995 0.5139999985694885 0.5299999713897705 220000
0.5600000023841858 0.5600000023841858 0.4749999940395355 0.49900001287460327 296700
0.492000013589859 0.5170000195503235 0.4519999921321869 0.4650000035762787 374000
0.46000000834465027 0.4650000035762787 0.4020000100135803 0.40799999237060547 388400
0.43700000643730164 0.43700000643730164 0.4020000100135803 0.4189999997615814 128200
0.41999998688697815 0.42500001192092896 0.38999998569488525 0.39500001072883606 142600
0.4059999883174896 0.4399999976158142 0.36000001430511475 0.4099999964237213 235800
0.4399999976158142 0.4399999976158142 0.25999999046325684 0.25999999046325684 1164900
0.33000001311302185 0.3370000123977661 0.2800000011920929 0.2800000011920929 498600
0.2720000147819519 0.28999999165534973 0.25 0.25999999046325684 735000
0.27300000190734863 0.27900001406669617 0.25999999046325684 0.27000001072883606 223500
0.27000001072883606 0.31299999356269836 0.27000001072883606 0.31299999356269836 453500
0.3199999928474426 0.3199999928474426 0.2800000011920929 0.29100000858306885 308500
0.28999999165534973 0.3050000071525574 0.27799999713897705 0.27900001406669617 154400
0.2800000011920929 0.29100000858306885 0.25999999046325684 0.2709999978542328 222800
0.27799999713897705 0.29499998688697815 0.2549999952316284 0.2800000011920929 416700
0.30000001192092896 0.30399999022483826 0.2720000147819519 0.2800000011920929 241500
0.28999999165534973 0.2919999957084656 0.26899999380111694 0.2849999964237213 303100
0.2809999883174896 0.3100000023841858 0.2809999883174896 0.289000004529953 311800
0.2800000011920929 0.28999999165534973 0.26100000739097595 0.2720000147819519 201100
0.2800000011920929 0.2800000011920929 0.2529999911785126 0.27000001072883606 158100
0.27900001406669617 0.27900001406669617 0.23000000417232513 0.25 302800
0.2680000066757202 0.27000001072883606 0.25999999046325684 0.2669999897480011 444800
0.2800000011920929 0.2800000011920929 0.2549999952316284 0.26899999380111694 408300
0.27000001072883606 0.2800000011920929 0.2529999911785126 0.2529999911785126 100500
0.2720000147819519 0.2720000147819519 0.25 0.26899999380111694 203800
0.25999999046325684 0.27000001072883606 0.25 0.2529999911785126 227600
0.25200000405311584 0.25999999046325684 0.2409999966621399 0.25999999046325684 277200
0.27900001406669617 0.27900001406669617 0.24400000274181366 0.2549999952316284 229400
0.32600000500679016 0.38499999046325684 0.2840000092983246 0.36000001430511475 22978500
0.5360000133514404 0.6000000238418579 0.4410000145435333 0.5199999809265137 55905500
0.4699999988079071 0.5899999737739563 0.44999998807907104 0.5199999809265137 13901700
0.5540000200271606 0.6100000143051147 0.4819999933242798 0.6100000143051147 10294400
0.6000000238418579 0.7210000157356262 0.5099999904632568 0.6499999761581421 17199500
0.7200000286102295 0.8100000023841858 0.4059999883174896 0.45500001311302185 21762100
0.4699999988079071 0.5350000262260437 0.4300000071525574 0.4740000069141388 5814600
0.4180000126361847 0.46000000834465027 0.3610000014305115 0.46000000834465027 4418000
0.4390000104904175 0.4399999976158142 0.35100001096725464 0.37700000405311584 2832100
0.35899999737739563 0.3700000047683716 0.3310000002384186 0.34700000286102295 1046100
0.3529999852180481 0.39500001072883606 0.3310000002384186 0.38199999928474426 1220500
0.3799999952316284 0.4399999976158142 0.3610000014305115 0.39899998903274536 794100
0.41999998688697815 0.41999998688697815 0.3720000088214874 0.38999998569488525 509100
0.3889999985694885 0.4020000100135803 0.35499998927116394 0.3619999885559082 483500
0.3700000047683716 0.38999998569488525 0.35100001096725464 0.3779999911785126 281800
0.3779999911785126 0.382999986410141 0.35199999809265137 0.3529999852180481 372100
0.34700000286102295 0.3610000014305115 0.3269999921321869 0.3310000002384186 20863900
0.6389999985694885 0.699999988079071 0.4560000002384186 0.47999998927116394 60595100
0.4399999976158142 0.699999988079071 0.4269999861717224 0.6800000071525574 20173900
0.5699999928474426 0.6499999761581421 0.5400000214576721 0.5889999866485596 5651900
0.5799999833106995 0.6600000262260437 0.550000011920929 0.5799999833106995 4739300
0.550000011920929 0.5809999704360962 0.4819999933242798 0.5799999833106995 2391300
0.5600000023841858 0.5799999833106995 0.5320000052452087 0.5600000023841858 655700
0.5149999856948853 0.5299999713897705 0.4860000014305115 0.5149999856948853 1205300
0.5680000185966492 0.6399999856948853 0.5099999904632568 0.5609999895095825 1115900
0.6000000238418579 0.6359999775886536 0.5509999990463257 0.5830000042915344 1113800
0.5799999833106995 0.5899999737739563 0.5260000228881836 0.531000018119812 759000
0.5669999718666077 0.6000000238418579 0.5490000247955322 0.5659999847412109 935800
0.5799999833106995 0.5799999833106995 0.5289999842643738 0.5329999923706055 475100
0.6000000238418579 0.6039999723434448 0.4909999966621399 0.5389999747276306 6598600
0.5339999794960022 0.5899999737739563 0.5210000276565552 0.5669999718666077 1476600
0.5400000214576721 0.5989999771118164 0.531000018119812 0.5950000286102295 1628100
0.5799999833106995 0.625 0.5550000071525574 0.5609999895095825 648700
0.5989999771118164 0.5989999771118164 0.5440000295639038 0.5529999732971191 437900
0.5600000023841858 0.5899999737739563 0.531000018119812 0.5509999990463257 1718600
0.5479999780654907 0.5580000281333923 0.5320000052452087 0.5400000214576721 366400
0.5389999747276306 0.5519999861717224 0.47999998927116394 0.5149999856948853 1561800
0.49799999594688416 0.5299999713897705 0.48100000619888306 0.48100000619888306 487400
0.44999998807907104 0.49000000953674316 0.4309999942779541 0.4449999928474426 733300
0.4350000023841858 0.4580000042915344 0.4050000011920929 0.4399999976158142 737700
0.4390000104904175 0.4390000104904175 0.3630000054836273 0.37299999594688416 2606500
0.36500000953674316 0.37599998712539673 0.36000001430511475 0.36000001430511475 827400
0.382999986410141 0.382999986410141 0.3319999873638153 0.3440000116825104 977700
0.33000001311302185 0.3700000047683716 0.33000001311302185 0.3630000054836273 488400
0.3700000047683716 0.4399999976158142 0.3540000021457672 0.4300000071525574 807400
0.4230000078678131 0.42899999022483826 0.38100001215934753 0.38999998569488525 375800
0.38199999928474426 0.41600000858306885 0.3700000047683716 0.38600000739097595 247700
0.37599998712539673 0.4050000011920929 0.3499999940395355 0.38100001215934753 375800
0.3700000047683716 0.39800000190734863 0.35100001096725464 0.36500000953674316 241100
0.3880000114440918 0.3880000114440918 0.33799999952316284 0.36000001430511475 341200
0.35899999737739563 0.37299999594688416 0.3400000035762787 0.3499999940395355 130100
0.3499999940395355 0.3700000047683716 0.3400000035762787 0.36000001430511475 199700
0.3400000035762787 0.3700000047683716 0.3400000035762787 0.3540000021457672 365700
0.3499999940395355 0.36500000953674316 0.34200000762939453 0.35100001096725464 198100
0.33000001311302185 0.36899998784065247 0.33000001311302185 0.3619999885559082 219100
0.38999998569488525 0.38999998569488525 0.3499999940395355 0.35100001096725464 166500
0.3400000035762787 0.3659999966621399 0.3319999873638153 0.3540000021457672 312500
0.33899998664855957 0.367000013589859 0.33899998664855957 0.3449999988079071 641200
0.3540000021457672 0.38600000739097595 0.33799999952316284 0.3610000014305115 1289500
0.35499998927116394 0.41999998688697815 0.35499998927116394 0.40799999237060547 1494100
0.4309999942779541 0.4309999942779541 0.3499999940395355 0.3970000147819519 788200
0.39100000262260437 0.4099999964237213 0.3700000047683716 0.4000000059604645 489300
0.40700000524520874 0.46299999952316284 0.4000000059604645 0.4569999873638153 707400
0.4779999852180481 0.4779999852180481 0.42800000309944153 0.4339999854564667 344600
0.44699999690055847 0.49000000953674316 0.43299999833106995 0.47600001096725464 984200
0.4869999885559082 0.5299999713897705 0.45899999141693115 0.5149999856948853 1060000
0.5 0.5699999928474426 0.492000013589859 0.550000011920929 1292300
0.5419999957084656 0.574999988079071 0.4699999988079071 0.5130000114440918 1214500
0.5130000114440918 0.550000011920929 0.492000013589859 0.5490000247955322 415500
0.5329999923706055 0.5899999737739563 0.5230000019073486 0.5899999737739563 769400
0.5899999737739563 0.6200000047683716 0.5630000233650208 0.597000002861023 1153300
0.5799999833106995 0.6499999761581421 0.550000011920929 0.6489999890327454 678400
0.6449999809265137 0.6949999928474426 0.6150000095367432 0.6790000200271606 819000
0.6420000195503235 0.6690000295639038 0.6079999804496765 0.6320000290870667 331500
0.6549999713897705 0.656000018119812 0.5 0.5699999928474426 742200
0.5509999990463257 0.5609999895095825 0.5120000243186951 0.527999997138977 256100
0.527999997138977 0.527999997138977 0.49000000953674316 0.49900001287460327 250600
0.4950000047683716 0.5299999713897705 0.48100000619888306 0.5239999890327454 169200
0.5230000019073486 0.5360000133514404 0.492000013589859 0.5090000033378601 104600
0.5099999904632568 0.5699999928474426 0.49300000071525574 0.5609999895095825 200900
0.5400000214576721 0.5640000104904175 0.5199999809265137 0.546999990940094 65800
0.5509999990463257 0.5509999990463257 0.5049999952316284 0.5389999747276306 154000
0.5339999794960022 0.5339999794960022 0.49000000953674316 0.49399998784065247 165700
0.453000009059906 0.49000000953674316 0.44999998807907104 0.48500001430511475 102900
0.4740000069141388 0.5440000295639038 0.460999995470047 0.5440000295639038 99900
0.5400000214576721 0.5429999828338623 0.5 0.5 39000
0.5099999904632568 0.5270000100135803 0.48100000619888306 0.515999972820282 49700
0.5199999809265137 0.5199999809265137 0.49000000953674316 0.5 38000
0.5 0.5099999904632568 0.49000000953674316 0.5 153300
0.4699999988079071 0.4699999988079071 0.3499999940395355 0.4490000009536743 353500
0.44699999690055847 0.45100000500679016 0.41999998688697815 0.421999990940094 115000
0.41999998688697815 0.45500001311302185 0.4099999964237213 0.4269999861717224 335100
0.4490000009536743 0.46000000834465027 0.4269999861717224 0.43299999833106995 100700
0.41999998688697815 0.44999998807907104 0.4000000059604645 0.4000000059604645 85500
0.4000000059604645 0.4399999976158142 0.4000000059604645 0.41600000858306885 81600
0.4099999964237213 0.4449999928474426 0.4000000059604645 0.4269999861717224 51700
0.4269999861717224 0.4269999861717224 0.38499999046325684 0.38999998569488525 136900
0.4099999964237213 0.4099999964237213 0.3790000081062317 0.3889999985694885 191000
0.38199999928474426 0.4099999964237213 0.38199999928474426 0.40799999237060547 114600
0.4300000071525574 0.4399999976158142 0.375 0.4399999976158142 86700
0.4099999964237213 0.4490000009536743 0.4099999964237213 0.4440000057220459 95900
0.4000000059604645 0.4350000023841858 0.4000000059604645 0.41100001335144043 93900
0.47999998927116394 0.47999998927116394 0.3869999945163727 0.39500001072883606 171900
0.3799999952316284 0.3970000147819519 0.32499998807907104 0.32499998807907104 699800
0.3499999940395355 0.36000001430511475 0.3199999928474426 0.3240000009536743 254800
0.3499999940395355 0.35100001096725464 0.3149999976158142 0.32499998807907104 261100
0.3440000116825104 0.35499998927116394 0.3050000071525574 0.3059999942779541 202500
0.3240000009536743 0.3499999940395355 0.3100000023841858 0.33399999141693115 180400
0.3400000035762787 0.3799999952316284 0.33500000834465027 0.34700000286102295 139000
0.3499999940395355 0.3499999940395355 0.33399999141693115 0.33799999952316284 52800
0.3540000021457672 0.3540000021457672 0.33399999141693115 0.3449999988079071 39900
0.3499999940395355 0.35899999737739563 0.3400000035762787 0.3490000069141388 86800
0.3440000116825104 0.35499998927116394 0.33000001311302185 0.33899998664855957 99600
0.3109999895095825 0.3499999940395355 0.3109999895095825 0.3490000069141388 162500
0.36500000953674316 0.36500000953674316 0.3199999928474426 0.3440000116825104 116300
0.3449999988079071 0.3449999988079071 0.3199999928474426 0.3319999873638153 85400
0.35499998927116394 0.35499998927116394 0.3199999928474426 0.33000001311302185 107800
0.3400000035762787 0.3400000035762787 0.3149999976158142 0.3149999976158142 54000
0.3149999976158142 0.3400000035762787 0.3100000023841858 0.3179999887943268 57100
0.33000001311302185 0.3400000035762787 0.25 0.2840000092983246 408800
0.26100000739097595 0.289000004529953 0.25699999928474426 0.2720000147819519 326400
0.28999999165534973 0.28999999165534973 0.2630000114440918 0.2639999985694885 117900
0.30399999022483826 0.30399999022483826 0.2529999911785126 0.2770000100135803 686500
0.28999999165534973 0.3160000145435333 0.25200000405311584 0.2800000011920929 1223500
0.2720000147819519 0.2849999964237213 0.2590000033378601 0.2639999985694885 275700
0.27000001072883606 0.296999990940094 0.26499998569488525 0.2770000100135803 233000
0.30000001192092896 0.30000001192092896 0.2639999985694885 0.2849999964237213 323200
0.29600000381469727 0.29600000381469727 0.26499998569488525 0.26600000262260437 83500
0.26499998569488525 0.26499998569488525 0.23999999463558197 0.25600001215934753 186400
0.2549999952316284 0.2531000077724457 0.23999999463558197 0.25 98803
