29.219999313354492 29.3799991607666 28.96299934387207 29.038999557495117 1630800
29.1299991607666 29.1299991607666 28.8799991607666 29.010000228881836 263400
29.1200008392334 29.128999710083008 28.850000381469727 29.100000381469727 1277300
28.850000381469727 28.950000762939453 28.760000228881836 28.93000030517578 242200
29.04199981689453 29.118999481201172 28.908000946044922 28.979999542236328 264500
28.969999313354492 29.049999237060547 28.895000457763672 28.940000534057617 146000
28.90999984741211 28.959999084472656 28.753999710083008 28.860000610351562 350200
28.790000915527344 29.040000915527344 28.770000457763672 29.010000228881836 255600
29.110000610351562 29.270000457763672 29.059999465942383 29.229999542236328 170300
29.31999969482422 29.3799991607666 29.209999084472656 29.2450008392334 139100
29.200000762939453 29.280000686645508 28.954999923706055 28.979999542236328 52800
29.040000915527344 29.059999465942383 28.92799949645996 29.040000915527344 159800
29.082000732421875 29.118999481201172 28.665000915527344 28.760000228881836 102400
28.75 28.75 28.420000076293945 28.47100067138672 31200
28.350000381469727 28.7189998626709 28.329999923706055 28.54599952697754 23700
28.78499984741211 28.889999389648438 28.610000610351562 28.790000915527344 644500
28.579999923706055 28.716999053955078 28.479999542236328 28.716999053955078 134500
28.6299991607666 28.989999771118164 28.59000015258789 28.989999771118164 59100
28.950000762939453 28.959999084472656 28.746000289916992 28.77400016784668 43600
28.75 28.969999313354492 28.75 28.93000030517578 54500
29.1200008392334 29.148000717163086 28.989999771118164 29.148000717163086 64500
29.14900016784668 29.329999923706055 28.909000396728516 28.909000396728516 85700
29.059999465942383 29.18899917602539 28.801000595092773 28.920000076293945 67900
28.829999923706055 29.07900047302246 28.81599998474121 29.01799964904785 34500
29.110000610351562 29.179000854492188 29.040000915527344 29.05699920654297 21000
29.048999786376953 29.06800079345703 28.93000030517578 29.030000686645508 87100
29.219999313354492 29.299999237060547 29.170000076293945 29.229999542236328 37600
29.43000030517578 29.43000030517578 29.25 29.34000015258789 35600
29.440000534057617 29.610000610351562 29.440000534057617 29.58099937438965 39800
29.65999984741211 29.700000762939453 29.549999237060547 29.700000762939453 111300
29.729999542236328 29.729999542236328 29.530000686645508 29.6299991607666 75400
29.565000534057617 29.608999252319336 29.475000381469727 29.54400062561035 67000
29.540000915527344 29.65999984741211 29.503000259399414 29.65999984741211 23000
29.492000579833984 29.639999389648438 29.489999771118164 29.625999450683594 167000
29.700000762939453 29.71500015258789 29.608999252319336 29.618000030517578 31100
29.760000228881836 29.760000228881836 29.53499984741211 29.55500030517578 119800
29.639999389648438 29.81999969482422 29.6299991607666 29.81999969482422 11600
29.809999465942383 29.829999923706055 29.670000076293945 29.709999084472656 62700
29.797000885009766 29.850000381469727 29.700000762939453 29.850000381469727 43900
29.864999771118164 29.899999618530273 29.770000457763672 29.8700008392334 32600
29.780000686645508 29.8799991607666 29.780000686645508 29.780000686645508 133100
29.75 29.799999237060547 29.670000076293945 29.738000869750977 8100
29.809999465942383 29.809999465942383 29.709999084472656 29.809999465942383 133900
29.719999313354492 29.81999969482422 29.719999313354492 29.788999557495117 238300
29.75 29.75 29.5 29.510000228881836 25800
29.600000381469727 29.6299991607666 29.43000030517578 29.43000030517578 22500
29.600000381469727 29.829999923706055 29.559999465942383 29.829999923706055 12900
29.709999084472656 29.940000534057617 29.709999084472656 29.889999389648438 10400
29.91699981689453 29.999000549316406 29.899999618530273 29.979999542236328 10000
29.90999984741211 29.90999984741211 29.6299991607666 29.757999420166016 6000
29.770000457763672 29.84000015258789 29.600000381469727 29.600000381469727 5900
29.56999969482422 29.59000015258789 29.469999313354492 29.511999130249023 6900
29.719999313354492 29.889999389648438 29.719999313354492 29.819000244140625 12900
29.799999237060547 29.864999771118164 29.791000366210938 29.82900047302246 11200
29.790000915527344 29.81999969482422 29.719999313354492 29.719999313354492 9700
29.940000534057617 29.940000534057617 29.701000213623047 29.847999572753906 3400
29.729999542236328 29.850000381469727 29.729999542236328 29.790000915527344 20400
29.815000534057617 29.81999969482422 29.729999542236328 29.805999755859375 8600
29.799999237060547 29.909000396728516 29.770000457763672 29.81999969482422 11200
29.829999923706055 29.858999252319336 29.709999084472656 29.709999084472656 15400
29.863000869750977 29.979999542236328 29.863000869750977 29.95599937438965 5000
30.010000228881836 30.149999618530273 29.961000442504883 30.079999923706055 16100
30.15999984741211 30.190000534057617 30.027000427246094 30.093000411987305 13300
30.040000915527344 30.139999389648438 30.040000915527344 30.059999465942383 16700
29.959999084472656 30.079999923706055 29.8700008392334 29.916000366210938 19200
29.820999145507812 29.820999145507812 29.711000442504883 29.729999542236328 7900
29.892000198364258 29.944000244140625 29.84000015258789 29.8700008392334 5600
30.020000457763672 30.190000534057617 30.020000457763672 30.100000381469727 9500
30.200000762939453 30.200000762939453 30.097999572753906 30.190000534057617 12600
30.020000457763672 30.149999618530273 29.969999313354492 30.049999237060547 6800
30.110000610351562 30.309999465942383 30.030000686645508 30.232999801635742 6500
30.426000595092773 30.530000686645508 30.426000595092773 30.43000030517578 7400
30.53499984741211 30.53499984741211 30.454999923706055 30.454999923706055 1500
30.420000076293945 30.559999465942383 30.420000076293945 30.469999313354492 12400
30.489999771118164 30.520000457763672 30.413999557495117 30.420000076293945 7000
30.42799949645996 30.6299991607666 30.42799949645996 30.520000457763672 7800
30.594999313354492 30.649999618530273 30.540000915527344 30.540000915527344 10300
30.59000015258789 30.739999771118164 30.540000915527344 30.687000274658203 14100
30.790000915527344 30.815000534057617 30.770000457763672 30.780000686645508 23000
30.878999710083008 30.90999984741211 30.68000030517578 30.790000915527344 8100
30.868999481201172 31.049999237060547 30.868999481201172 30.950000762939453 5000
31.030000686645508 31.06999969482422 30.90999984741211 30.90999984741211 11400
30.809999465942383 30.940000534057617 30.809999465942383 30.8700008392334 199200
30.799999237060547 30.8700008392334 30.799999237060547 30.799999237060547 6200
30.799999237060547 30.87700080871582 30.780000686645508 30.860000610351562 25500
30.750999450683594 30.860000610351562 30.739999771118164 30.80299949645996 13300
30.790000915527344 30.809999465942383 30.753000259399414 30.753000259399414 2700
30.739999771118164 30.959999084472656 30.739999771118164 30.889999389648438 6300
30.850000381469727 30.93000030517578 30.850000381469727 30.899999618530273 7200
30.969999313354492 30.9950008392334 30.90999984741211 30.969999313354492 59300
31.139999389648438 31.229999542236328 31.1299991607666 31.190000534057617 11200
31.184999465942383 31.208999633789062 31.149999618530273 31.15999984741211 9100
31.170000076293945 31.209999084472656 31.1200008392334 31.1299991607666 19600
31.011999130249023 31.099000930786133 31.010000228881836 31.05500030517578 4200
30.979999542236328 31.17799949645996 30.979999542236328 30.989999771118164 8100
30.979999542236328 31.05500030517578 30.979999542236328 31.040000915527344 3800
31.049999237060547 31.219999313354492 31.049999237060547 31.139999389648438 14300
31.350000381469727 31.350000381469727 31.260000228881836 31.270000457763672 7600
31.350000381469727 31.43000030517578 31.350000381469727 31.43000030517578 3900
31.454999923706055 31.469999313354492 31.360000610351562 31.3700008392334 9700
31.360000610351562 31.510000228881836 31.360000610351562 31.40999984741211 6700
31.530000686645508 31.530000686645508 31.459999084472656 31.489999771118164 20300
31.610000610351562 31.610000610351562 31.5 31.5 6500
31.559999465942383 31.559999465942383 31.420000076293945 31.420000076293945 21600
31.540000915527344 31.540000915527344 31.43000030517578 31.43000030517578 88200
31.5 31.579999923706055 31.461000442504883 31.479999542236328 25300
31.489999771118164 31.6200008392334 31.489999771118164 31.6200008392334 157100
31.510000228881836 31.610000610351562 31.489999771118164 31.558000564575195 33200
31.6299991607666 31.65999984741211 31.474000930786133 31.474000930786133 4800
31.621999740600586 31.63800048828125 31.570999145507812 31.600000381469727 1400
31.610000610351562 31.610000610351562 31.559999465942383 31.56999969482422 13100
31.530000686645508 31.610000610351562 31.530000686645508 31.610000610351562 9000
31.420000076293945 31.420000076293945 31.34000015258789 31.360000610351562 10400
31.309999465942383 31.39299964904785 31.309999465942383 31.37700080871582 4900
31.40999984741211 31.520000457763672 31.304000854492188 31.304000854492188 13400
31.450000762939453 31.450000762939453 31.3799991607666 31.40999984741211 5800
31.284000396728516 31.399999618530273 31.284000396728516 31.39299964904785 3000
31.329999923706055 31.3700008392334 31.290000915527344 31.30900001525879 6700
31.332000732421875 31.332000732421875 31.229999542236328 31.270000457763672 30600
31.219999313354492 31.329999923706055 31.219999313354492 31.277999877929688 148200
31.295000076293945 31.40999984741211 31.290000915527344 31.40999984741211 72100
31.309999465942383 31.34000015258789 31.18000030517578 31.229999542236328 23100
31.170000076293945 31.208999633789062 31.059999465942383 31.059999465942383 4200
31.114999771118164 31.1299991607666 30.920000076293945 30.940000534057617 32100
30.958999633789062 30.989999771118164 30.940000534057617 30.959999084472656 2200
30.979000091552734 31.106000900268555 30.940000534057617 31.106000900268555 4100
31.125999450683594 31.125999450683594 31.059999465942383 31.059999465942383 3300
31.170000076293945 31.27199935913086 31.149999618530273 31.25 3300
31.15999984741211 31.190000534057617 31.033000946044922 31.033000946044922 2100
31.06999969482422 31.18000030517578 31.06999969482422 31.170000076293945 2200
31.170000076293945 31.257999420166016 31.170000076293945 31.257999420166016 2600
31.260000228881836 31.481000900268555 31.229999542236328 31.481000900268555 8500
31.459999084472656 31.549999237060547 31.459999084472656 31.547000885009766 5400
31.530000686645508 31.593000411987305 31.520000457763672 31.545000076293945 10800
31.59000015258789 31.59000015258789 31.520000457763672 31.555999755859375 4300
31.52199935913086 31.56999969482422 31.489999771118164 31.5 6000
31.43000030517578 31.440000534057617 31.34000015258789 31.41200065612793 14600
31.270000457763672 31.40999984741211 31.260000228881836 31.371999740600586 11300
31.350000381469727 31.458999633789062 31.350000381469727 31.40999984741211 3100
31.479000091552734 31.540000915527344 31.479000091552734 31.524999618530273 1600
31.510000228881836 31.510000228881836 31.399999618530273 31.479999542236328 6100
31.510000228881836 31.510000228881836 31.420000076293945 31.5 6200
31.540000915527344 31.649999618530273 31.540000915527344 31.621999740600586 3200
31.540000915527344 31.540000915527344 31.415000915527344 31.424999237060547 34800
31.441999435424805 31.459999084472656 31.399999618530273 31.440000534057617 12400
31.360000610351562 31.43000030517578 31.280000686645508 31.400999069213867 17800
31.43000030517578 31.430999755859375 31.229999542236328 31.242000579833984 16900
31.079999923706055 31.100000381469727 30.93400001525879 30.93400001525879 11800
30.940000534057617 31.038999557495117 30.860000610351562 30.860000610351562 10800
30.829999923706055 30.969999313354492 30.81999969482422 30.965999603271484 7600
30.801000595092773 30.801000595092773 30.660999298095703 30.68899917602539 3200
30.709999084472656 30.7450008392334 30.579999923706055 30.68400001525879 6200
30.81999969482422 30.829999923706055 30.770000457763672 30.80900001525879 8500
30.850000381469727 30.860000610351562 30.7189998626709 30.809999465942383 17400
30.760000228881836 30.77899932861328 30.6200008392334 30.756999969482422 5100
30.719999313354492 30.719999313354492 30.440000534057617 30.510000228881836 27000
30.540000915527344 30.700000762939453 30.489999771118164 30.700000762939453 5900
30.638999938964844 30.639999389648438 30.510000228881836 30.628000259399414 5000
30.54400062561035 30.951000213623047 30.444000244140625 30.8799991607666 32600
30.816999435424805 30.985000610351562 30.760000228881836 30.985000610351562 3500
31.034000396728516 31.215999603271484 31.034000396728516 31.059999465942383 19800
31.139999389648438 31.15999984741211 31.020999908447266 31.15999984741211 6100
31.1299991607666 31.15999984741211 30.920000076293945 31.06399917602539 2800
31.149999618530273 31.149999618530273 30.93000030517578 30.965999603271484 12800
31.1299991607666 31.25 31.114999771118164 31.211000442504883 2800
31.09000015258789 31.261999130249023 31.06999969482422 31.18000030517578 8500
31.1299991607666 31.1299991607666 30.886999130249023 30.969999313354492 4500
30.8799991607666 31.010000228881836 30.714000701904297 30.763999938964844 8000
30.59600067138672 30.659000396728516 30.490999221801758 30.510000228881836 7500
30.510000228881836 30.579999923706055 30.487499237060547 30.579999923706055 2264
