26.0 28.8799991607666 22.299999237060547 25.059999465942383 5520900
24.989999771118164 26.200000762939453 24.5 24.799999237060547 758200
25.0 25.479999542236328 24.770000457763672 25.469999313354492 238300
25.0 25.610000610351562 24.559999465942383 25.09000015258789 454300
25.350000381469727 25.350000381469727 24.40999984741211 24.600000381469727 694600
24.280000686645508 24.8799991607666 23.739999771118164 24.0 603500
24.270000457763672 24.6200008392334 21.075000762939453 22.5 621200
22.670000076293945 24.389999389648438 22.600000381469727 22.850000381469727 92600
22.889999389648438 23.395000457763672 22.18000030517578 22.399999618530273 42900
22.389999389648438 22.5 21.280000686645508 21.399999618530273 130400
21.420000076293945 22.268999099731445 21.290000915527344 21.389999389648438 120400
21.459999084472656 21.989999771118164 21.25 21.489999771118164 125700
21.489999771118164 21.489999771118164 20.69499969482422 20.940000534057617 155100
20.729999542236328 21.0049991607666 20.1200008392334 20.420000076293945 88200
20.360000610351562 20.950000762939453 20.329999923706055 20.719999313354492 89400
21.040000915527344 22.600000381469727 21.040000915527344 21.809999465942383 112800
23.0 26.69099998474121 23.0 25.959999084472656 315200
26.299999237060547 28.75 25.514999389648438 28.5 192400
28.950000762939453 33.70000076293945 25.15999984741211 27.6299991607666 398100
27.979999542236328 30.729999542236328 27.889999389648438 30.56999969482422 152000
30.979999542236328 30.979999542236328 28.290000915527344 28.979999542236328 139800
29.209999084472656 29.34600067138672 28.440000534057617 29.18000030517578 99700
28.825000762939453 30.93400001525879 28.1299991607666 29.489999771118164 116800
29.290000915527344 30.559999465942383 29.010000228881836 30.219999313354492 81900
30.079999923706055 30.17799949645996 28.600000381469727 28.940000534057617 54300
29.639999389648438 29.795000076293945 28.110000610351562 28.299999237060547 109700
28.110000610351562 28.110000610351562 27.030000686645508 27.139999389648438 51000
26.899999618530273 27.780000686645508 26.41699981689453 27.530000686645508 34500
27.290000915527344 28.229999542236328 26.0 26.15999984741211 51000
26.5 27.049999237060547 23.700000762939453 23.829999923706055 156400
23.200000762939453 25.010000228881836 23.0 24.729999542236328 68600
25.219999313354492 25.219999313354492 23.75 24.31999969482422 34900
24.799999237060547 24.950000762939453 23.283000946044922 23.510000228881836 72900
23.139999389648438 23.299999237060547 22.010000228881836 22.729999542236328 67100
23.40999984741211 25.84000015258789 23.3700008392334 24.969999313354492 95100
24.81999969482422 24.81999969482422 23.899999618530273 24.100000381469727 358800
24.6200008392334 24.6200008392334 23.600000381469727 23.790000915527344 10800
23.100000381469727 23.399999618530273 21.8700008392334 22.09000015258789 21100
21.950000762939453 22.0 20.389999389648438 21.020000457763672 29900
21.030000686645508 21.954999923706055 20.670000076293945 20.670000076293945 33100
20.989999771118164 22.719999313354492 20.989999771118164 22.170000076293945 11000
22.790000915527344 23.25 21.56999969482422 22.200000762939453 38700
22.030000686645508 22.468000411987305 21.219999313354492 22.040000915527344 25500
21.690000534057617 24.709999084472656 21.690000534057617 23.90999984741211 32500
23.59000015258789 23.59000015258789 21.950000762939453 23.200000762939453 29500
22.809999465942383 24.15999984741211 22.457000732421875 23.18000030517578 21400
22.989999771118164 24.579999923706055 22.399999618530273 23.280000686645508 106600
22.889999389648438 24.385000228881836 22.600000381469727 23.84000015258789 21000
23.5 24.44300079345703 23.06999969482422 23.5 21800
23.34000015258789 24.41200065612793 22.045000076293945 24.309999465942383 294800
24.43000030517578 24.43000030517578 21.760000228881836 22.200000762939453 17100
22.100000381469727 23.450000762939453 19.90999984741211 20.020000457763672 54400
19.6200008392334 20.545000076293945 18.350000381469727 18.790000915527344 42100
18.860000610351562 20.31999969482422 17.290000915527344 17.639999389648438 40600
17.639999389648438 17.679000854492188 15.5 15.5 95100
15.960000038146973 15.960000038146973 14.15999984741211 14.699999809265137 161100
14.84000015258789 16.420000076293945 14.75 15.399999618530273 296200
15.539999961853027 16.440000534057617 13.149999618530273 13.460000038146973 271500
13.90999984741211 13.960000038146973 12.960000038146973 13.0 202100
13.010000228881836 13.25 12.300000190734863 13.0 245800
13.239999771118164 13.6899995803833 12.640000343322754 13.350000381469727 199900
13.449999809265137 14.59000015258789 12.670000076293945 14.319999694824219 97700
14.5600004196167 15.489999771118164 13.204999923706055 13.5 68200
13.979999542236328 14.369999885559082 13.229999542236328 13.890000343322754 53500
13.670000076293945 15.0 13.15999984741211 13.859999656677246 93400
13.949999809265137 14.9399995803833 12.449999809265137 12.9399995803833 202700
13.0 13.880000114440918 13.0 13.789999961853027 28400
13.529999732971191 13.628000259399414 12.899999618530273 12.899999618530273 51400
13.119999885559082 13.246999740600586 12.40999984741211 12.800000190734863 43800
12.729999542236328 12.729999542236328 12.09000015258789 12.34000015258789 31600
12.130000114440918 12.960000038146973 12.020000457763672 12.6899995803833 52500
12.725000381469727 13.390000343322754 12.520000457763672 12.930000305175781 40200
12.880000114440918 13.15999984741211 12.510000228881836 12.880000114440918 46400
13.15999984741211 13.15999984741211 12.699999809265137 12.75 45500
12.949999809265137 12.949999809265137 12.0649995803833 12.399999618530273 98800
12.399999618530273 12.550000190734863 12.149999618530273 12.199999809265137 26300
12.399999618530273 12.729999542236328 12.220000267028809 12.420000076293945 46600
12.75 12.774999618530273 12.100000381469727 12.180000305175781 67000
12.359999656677246 12.510000228881836 11.670000076293945 11.920000076293945 32500
11.90999984741211 12.40999984741211 10.520000457763672 12.220000267028809 62400
12.260000228881836 12.319999694824219 11.670000076293945 11.670000076293945 118100
11.720000267028809 12.234999656677246 11.342000007629395 11.5 20100
11.510000228881836 11.9399995803833 11.399999618530273 11.5 20600
11.649999618530273 11.890000343322754 10.755999565124512 10.979999542236328 29600
10.770000457763672 11.380000114440918 10.5600004196167 11.3100004196167 58100
11.206000328063965 11.236000061035156 10.569999694824219 10.970000267028809 24700
10.9399995803833 10.9399995803833 9.75 9.75 39900
10.119999885559082 11.050000190734863 9.821999549865723 11.050000190734863 62100
11.0 12.149999618530273 11.0 12.140000343322754 55800
12.121999740600586 12.199999809265137 11.550000190734863 11.890000343322754 26800
11.930000305175781 13.354999542236328 11.850000381469727 13.289999961853027 135500
13.40999984741211 14.710000038146973 13.300000190734863 14.59000015258789 206000
15.850000381469727 19.739999771118164 15.670000076293945 17.610000610351562 1238400
17.8799991607666 18.450000762939453 15.1899995803833 18.420000076293945 338500
18.170000076293945 18.280000686645508 15.5 15.510000228881836 142300
15.319999694824219 16.549999237060547 14.930000305175781 16.049999237060547 73100
16.100000381469727 16.979999542236328 15.529999732971191 15.890000343322754 92500
15.859999656677246 15.859999656677246 13.119999885559082 15.0600004196167 304600
14.819999694824219 15.75 14.539999961853027 14.720000267028809 129500
15.020000457763672 16.93000030517578 14.5 14.779999732971191 190200
14.75 16.15999984741211 14.010000228881836 15.010000228881836 124400
14.970000267028809 15.149999618530273 13.199999809265137 13.34000015258789 217700
13.569999694824219 14.96500015258789 13.270000457763672 14.020000457763672 221600
14.25 14.760000228881836 13.779999732971191 13.90999984741211 147500
14.260000228881836 14.859999656677246 13.550000190734863 13.789999961853027 210100
14.0 14.350000381469727 13.729999542236328 14.3100004196167 119800
14.319999694824219 15.081000328063965 14.0 14.369999885559082 32200
14.449999809265137 14.960000038146973 14.289999961853027 14.5600004196167 64200
14.479999542236328 14.850000381469727 13.824999809265137 14.850000381469727 114700
14.850000381469727 14.880000114440918 13.760000228881836 14.0 140500
13.710000038146973 14.5 13.710000038146973 14.119999885559082 49400
14.199999809265137 14.399999618530273 13.3100004196167 13.800000190734863 143700
13.75 14.175000190734863 13.229999542236328 13.609999656677246 173200
13.640000343322754 13.880000114440918 13.130000114440918 13.430000305175781 246600
13.460000038146973 14.350000381469727 13.15999984741211 13.3100004196167 199300
13.5 14.180000305175781 13.460000038146973 13.75 100600
13.760000228881836 13.760000228881836 13.130000114440918 13.520000457763672 77900
13.399999618530273 13.489999771118164 12.899999618530273 13.289999961853027 145500
13.4399995803833 13.479999542236328 13.0 13.149999618530273 115300
13.149999618530273 13.38599967956543 12.199999809265137 13.0 66500
12.8100004196167 13.0 11.614999771118164 12.510000228881836 390700
12.510000228881836 12.65999984741211 11.859999656677246 12.130000114440918 130300
12.149999618530273 12.479999542236328 11.0600004196167 11.15999984741211 190200
11.15999984741211 11.579999923706055 10.890000343322754 11.149999618530273 298000
10.920000076293945 11.770000457763672 10.8100004196167 11.329999923706055 156800
11.4399995803833 12.102999687194824 11.09000015258789 11.869999885559082 85400
11.949999809265137 12.069999694824219 11.479999542236328 11.880000114440918 74700
11.829999923706055 12.045000076293945 11.529999732971191 11.829999923706055 87200
12.0 12.0 11.0 11.319999694824219 104600
11.15999984741211 11.369999885559082 10.529999732971191 11.199999809265137 127000
11.329999923706055 11.850000381469727 11.199999809265137 11.350000381469727 22200
11.289999961853027 11.289999961853027 11.100000381469727 11.229999542236328 35200
11.25 11.664999961853027 11.100000381469727 11.399999618530273 193200
11.210000038146973 12.149999618530273 11.210000038146973 11.880000114440918 211300
12.079999923706055 12.729999542236328 11.739999771118164 12.359999656677246 50000
12.039999961853027 12.470000267028809 11.489999771118164 11.920000076293945 98300
11.6899995803833 11.6899995803833 10.75 11.079999923706055 141700
10.9399995803833 11.789999961853027 10.574999809265137 11.100000381469727 154900
10.512999534606934 12.130000114440918 10.512999534606934 11.479999542236328 32000
12.199999809265137 12.25 11.489999771118164 11.859999656677246 27600
12.0 12.449999809265137 11.800000190734863 12.430000305175781 227100
12.350000381469727 12.350000381469727 11.819999694824219 11.989999771118164 298500
12.170000076293945 12.199999809265137 11.029999732971191 11.180000305175781 100400
11.020000457763672 11.4399995803833 10.4350004196167 10.8100004196167 126600
10.470000267028809 11.270000457763672 10.470000267028809 11.109999656677246 115400
11.319999694824219 12.0 10.8100004196167 11.380000114440918 39700
11.1899995803833 12.1899995803833 11.1899995803833 11.899999618530273 88300
11.760000228881836 12.09000015258789 11.65999984741211 11.989999771118164 32100
11.859999656677246 11.989999771118164 10.989999771118164 11.489999771118164 25900
11.65999984741211 11.84000015258789 11.199999809265137 11.59000015258789 30900
11.420000076293945 12.600000381469727 11.100000381469727 11.59000015258789 65200
11.819999694824219 12.350000381469727 11.369999885559082 11.930000305175781 42600
11.09000015258789 11.789999961853027 10.260000228881836 10.550000190734863 91300
10.359999656677246 11.819999694824219 10.25 10.729999542236328 30900
10.460000038146973 10.779999732971191 10.109999656677246 10.569999694824219 69300
10.390000343322754 10.800000190734863 10.0 10.220000267028809 90000
10.220000267028809 10.970000267028809 10.210000038146973 10.859999656677246 68100
10.699999809265137 11.0 10.430000305175781 10.75 104400
10.470000267028809 10.880000114440918 10.449999809265137 10.449999809265137 67900
10.319999694824219 10.545000076293945 9.777000427246094 9.90999984741211 68200
9.8100004196167 10.569999694824219 9.8100004196167 10.140000343322754 25800
10.25 10.609999656677246 10.0 10.010000228881836 24800
10.079999923706055 10.574999809265137 9.949999809265137 10.430000305175781 113700
10.470000267028809 10.710000038146973 10.119999885559082 10.170000076293945 30400
10.289999961853027 10.444999694824219 9.989999771118164 10.0 61900
10.25 11.520000457763672 10.170000076293945 11.25 66700
11.239999771118164 11.489999771118164 10.75 11.0600004196167 18500
11.039999961853027 12.4399995803833 11.039999961853027 12.329999923706055 51500
12.270000457763672 13.010000228881836 12.239999771118164 12.970000267028809 56200
12.899999618530273 13.09000015258789 12.744999885559082 12.989999771118164 22400
12.890000343322754 13.270000457763672 12.319999694824219 13.029999732971191 33300
12.609999656677246 14.289999961853027 12.609999656677246 14.0 94900
13.979999542236328 14.84000015258789 13.460000038146973 14.84000015258789 43100
14.699999809265137 14.699999809265137 13.100000381469727 13.220000267028809 54600
13.220000267028809 13.760000228881836 13.100000381469727 13.75 30600
13.4399995803833 13.638999938964844 12.300000190734863 12.800000190734863 198800
12.579999923706055 12.829999923706055 12.300000190734863 12.3100004196167 11900
12.319999694824219 12.475000381469727 11.880000114440918 12.34000015258789 6600
12.25 12.84000015258789 12.25 12.789999961853027 4500
12.600000381469727 14.043999671936035 12.5600004196167 13.600000381469727 46400
13.319999694824219 13.949999809265137 13.300000190734863 13.949999809265137 48000
13.770000457763672 14.34000015258789 13.0 14.0 55000
14.09000015258789 14.199999809265137 13.4399995803833 14.199999809265137 38100
13.899999618530273 14.015000343322754 13.420000076293945 13.869999885559082 119400
13.800000190734863 14.899999618530273 13.529999732971191 14.899999618530273 74600
14.890000343322754 15.0 13.484999656677246 14.220000267028809 57300
14.380000114440918 15.0 13.140000343322754 14.770000457763672 27100
14.479999542236328 14.569999694824219 13.739999771118164 14.109999656677246 79500
13.720000267028809 14.364999771118164 13.720000267028809 13.960000038146973 28800
14.0 14.0 13.25 13.550000190734863 157000
13.720000267028809 15.0 13.199999809265137 13.449999809265137 110000
13.5 14.149999618530273 13.289999961853027 13.539999961853027 50900
13.3100004196167 14.229999542236328 13.3100004196167 13.550000190734863 76600
13.75 13.84000015258789 13.479999542236328 13.680000305175781 12100
13.5 14.359999656677246 12.859999656677246 13.239999771118164 193700
12.670000076293945 13.25 12.640000343322754 13.0600004196167 73500
12.729999542236328 13.180000305175781 12.237000465393066 12.350000381469727 103000
12.010000228881836 12.489999771118164 11.5 11.710000038146973 37700
11.319999694824219 12.010000228881836 11.300000190734863 11.720000267028809 105200
11.430000305175781 11.770000457763672 10.199999809265137 10.420000076293945 121400
10.100000381469727 10.529999732971191 10.100000381469727 10.34000015258789 35300
10.09000015258789 10.8100004196167 10.09000015258789 10.5 676700
10.449999809265137 11.149999618530273 10.15999984741211 10.5 447900
10.4399995803833 10.864999771118164 10.4399995803833 10.670000076293945 42700
10.449999809265137 10.899999618530273 10.449999809265137 10.699999809265137 115500
10.529999732971191 11.305000305175781 10.300999641418457 11.130000114440918 81900
10.829999923706055 11.494999885559082 10.829999923706055 11.380000114440918 126700
11.3100004196167 11.64900016784668 11.0600004196167 11.270000457763672 106100
11.25 11.444999694824219 11.093000411987305 11.25 60500
11.239999771118164 11.739999771118164 11.100000381469727 11.630000114440918 131400
11.479999542236328 11.479999542236328 11.079999923706055 11.180000305175781 66500
11.1899995803833 11.5600004196167 11.100000381469727 11.289999961853027 30800
11.260000228881836 11.380000114440918 11.149999618530273 11.239999771118164 53400
11.260000228881836 11.399999618530273 11.104999542236328 11.199999809265137 29000
11.15999984741211 11.350000381469727 10.824999809265137 10.880000114440918 96400
10.84000015258789 11.074999809265137 10.741999626159668 10.920000076293945 88900
11.020000457763672 11.28499984741211 10.9350004196167 11.279999732971191 113300
11.300000190734863 11.640000343322754 11.0600004196167 11.529999732971191 35900
11.510000228881836 11.595000267028809 8.270000457763672 8.979999542236328 240200
10.935999870300293 11.399999618530273 8.3100004196167 8.829999923706055 3021300
8.640000343322754 8.654000282287598 5.855000019073486 6.380000114440918 977300
6.429999828338623 11.800000190734863 6.380000114440918 7.789999961853027 17548200
7.1570000648498535 7.369999885559082 6.039000034332275 7.090000152587891 1551900
6.619999885559082 7.199999809265137 6.599999904632568 7.070000171661377 278500
6.690000057220459 7.420000076293945 6.690000057220459 7.25 499100
7.130000114440918 7.739999771118164 6.900000095367432 7.739999771118164 475400
7.739999771118164 7.960000038146973 6.489999771118164 6.869999885559082 1075600
6.909999847412109 7.139999866485596 6.699999809265137 7.110000133514404 227200
7.039999961853027 7.045000076293945 6.510000228881836 6.840000152587891 439200
6.75 6.949999809265137 6.260000228881836 6.46999979019165 465900
6.679999828338623 6.849999904632568 6.429999828338623 6.510000228881836 199800
6.730000019073486 7.349999904632568 6.349999904632568 7.28000020980835 799300
7.260000228881836 7.590000152587891 6.800000190734863 6.949999809265137 235600
7.059999942779541 7.320000171661377 6.909999847412109 7.050000190734863 191200
7.139999866485596 7.315000057220459 6.724999904632568 6.880000114440918 366000
6.960000038146973 6.980000019073486 6.230000019073486 6.269999980926514 407800
6.349999904632568 6.360000133514404 5.880000114440918 6.239999771118164 227300
6.460000038146973 6.599999904632568 6.090000152587891 6.130000114440918 132600
6.03000020980835 6.739999771118164 5.820000171661377 6.619999885559082 595100
6.550000190734863 6.909999847412109 6.210000038146973 6.559999942779541 102800
6.639999866485596 6.650000095367432 6.26800012588501 6.460000038146973 55500
6.5 6.53000020980835 6.260000228881836 6.329999923706055 47700
6.25 6.519999980926514 6.15500020980835 6.440000057220459 65600
6.440000057220459 6.519999980926514 6.28000020980835 6.289999961853027 60700
6.289999961853027 6.289999961853027 5.795000076293945 5.829999923706055 83300
5.760000228881836 6.019999980926514 5.539999961853027 5.650000095367432 85800
5.570000171661377 6.5970001220703125 5.570000171661377 6.360000133514404 166400
6.199999809265137 6.519999980926514 5.940000057220459 6.039999961853027 61900
5.840000152587891 6.09499979019165 5.409999847412109 5.519999980926514 514100
5.53000020980835 5.659999847412109 5.070000171661377 5.199999809265137 228300
5.239999771118164 5.480000019073486 4.639999866485596 4.639999866485596 575000
4.650000095367432 5.679999828338623 4.650000095367432 5.059999942779541 691400
5.059999942779541 5.132999897003174 4.681000232696533 4.75 149600
4.730000019073486 4.96999979019165 4.5 4.809999942779541 137300
4.755000114440918 5.349999904632568 4.71999979019165 5.150000095367432 92100
5.079999923706055 5.269999980926514 4.960000038146973 5.0 69900
5.110000133514404 5.110000133514404 4.5 4.630000114440918 269100
4.559999942779541 4.7210001945495605 4.369999885559082 4.590000152587891 58800
4.5 4.625 4.389999866485596 4.440000057220459 55100
4.5 4.599999904632568 4.300000190734863 4.46999979019165 70700
4.570000171661377 4.909999847412109 4.429999828338623 4.449999809265137 87800
4.340000152587891 4.53000020980835 4.03000020980835 4.320000171661377 220100
4.21999979019165 4.46999979019165 3.9100000858306885 4.340000152587891 116400
4.239999771118164 4.409999847412109 3.7100000381469727 3.7200000286102295 505600
3.700000047683716 3.799999952316284 3.4600000381469727 3.490000009536743 685900
3.569999933242798 3.640000104904175 3.200000047683716 3.319999933242798 262100
3.3299999237060547 3.430000066757202 3.0 3.390000104904175 1268400
3.4000000953674316 3.7100000381469727 3.3499999046325684 3.549999952316284 425100
3.640000104904175 3.6500000953674316 3.450000047683716 3.4800000190734863 551800
3.5 3.5 2.9700000286102295 2.9800000190734863 184900
3.0299999713897705 3.259999990463257 2.819999933242798 2.890000104904175 319300
2.819999933242798 3.134999990463257 2.7899999618530273 3.049999952316284 165600
3.0 3.369999885559082 3.0 3.2200000286102295 623700
3.240000009536743 3.299999952316284 3.009999990463257 3.049999952316284 121200
3.059999942779541 4.110000133514404 3.059999942779541 4.090000152587891 1661500
3.9700000286102295 4.070000171661377 3.430000066757202 3.619999885559082 430800
3.630000114440918 3.9800000190734863 3.5799999237060547 3.869999885559082 225400
3.819999933242798 3.940000057220459 3.5999999046325684 3.7100000381469727 225300
3.7899999618530273 3.9600000381469727 3.630000114440918 3.9100000858306885 48800
3.819999933242798 3.869999885559082 3.630000114440918 3.759999990463257 77500
3.7799999713897705 3.880000114440918 3.4700000286102295 3.559999942779541 106700
3.5399999618530273 3.609999895095825 3.3299999237060547 3.4700000286102295 137000
3.5399999618530273 3.5399999618530273 3.2699999809265137 3.3299999237060547 89100
3.369999885559082 3.450000047683716 3.1500000953674316 3.359999895095825 161000
3.200000047683716 3.490000009536743 3.200000047683716 3.4600000381469727 77300
3.490000009536743 3.5299999713897705 3.309999942779541 3.3299999237060547 50700
3.25 3.390000104904175 3.1600000858306885 3.190000057220459 304000
3.3010001182556152 3.7300000190734863 3.2160000801086426 3.309999942779541 159100
3.369999885559082 3.559999942779541 3.2300000190734863 3.390000104904175 69000
3.25 3.25 2.755000114440918 2.799999952316284 122000
2.869999885559082 2.9049999713897705 2.6600000858306885 2.799999952316284 100900
2.7899999618530273 2.815000057220459 2.6500000953674316 2.7200000286102295 260100
2.7100000381469727 2.825000047683716 2.509999990463257 2.609999895095825 142700
2.759999990463257 3.0 2.694999933242798 2.930000066757202 160100
2.8499999046325684 2.880000114440918 2.630000114440918 2.880000114440918 528500
2.9000000953674316 2.9800000190734863 2.5 2.549999952316284 114700
2.5199999809265137 2.5299999713897705 1.6799999475479126 1.8300000429153442 223900
1.8899999856948853 2.0899999141693115 1.8350000381469727 1.9500000476837158 121400
2.109999895095825 2.319999933242798 2.059999942779541 2.200000047683716 424800
2.140000104904175 2.2799999713897705 2.119999885559082 2.25 61200
2.319999933242798 2.3299999237060547 2.1600000858306885 2.1700000762939453 388500
2.190000057220459 2.319999933242798 2.0 2.1600000858306885 314800
2.130000114440918 2.2799999713897705 2.0999999046325684 2.190000057220459 356300
2.190000057220459 2.299999952316284 2.119999885559082 2.259999990463257 837800
2.2980000972747803 2.819999933242798 2.240000009536743 2.490000009536743 1707000
2.5899999141693115 2.5999999046325684 2.2200000286102295 2.2300000190734863 267300
2.2300000190734863 2.390000104904175 2.2249999046325684 2.369999885559082 153000
2.440000057220459 2.4800000190734863 2.4000000953674316 2.430000066757202 260000
2.450000047683716 2.5299999713897705 2.2699999809265137 2.2899999618530273 608700
2.309999942779541 2.4200000762939453 2.299999952316284 2.3299999237060547 127500
2.3299999237060547 2.4000000953674316 2.2200000286102295 2.240000009536743 240500
2.680000066757202 2.7899999618530273 2.4600000381469727 2.6500000953674316 692800
2.6700000762939453 2.680000066757202 2.4100000858306885 2.450000047683716 140300
2.3499999046325684 2.4100000858306885 2.299999952316284 2.3299999237060547 127300
2.3299999237060547 2.3299999237060547 2.109999895095825 2.1700000762939453 243000
2.1600000858306885 2.390000104904175 2.059999942779541 2.299999952316284 331800
2.3299999237060547 2.3499999046325684 2.0 2.0399999618530273 159400
2.1500000953674316 2.1519999504089355 2.0220000743865967 2.059999942779541 309500
2.119999885559082 2.180000066757202 2.0399999618530273 2.180000066757202 139100
2.1600000858306885 2.2200000286102295 2.0 2.059999942779541 237400
2.0299999713897705 2.049999952316284 1.8799999952316284 2.009999990463257 100600
1.9800000190734863 2.0799999237060547 1.9500000476837158 2.0199999809265137 47100
2.009999990463257 2.049999952316284 1.9299999475479126 1.9500000476837158 77300
1.9500000476837158 2.0 1.899999976158142 1.9700000286102295 250600
1.9700000286102295 2.119999885559082 1.8600000143051147 2.0299999713897705 96000
2.0299999713897705 2.2899999618530273 1.9249999523162842 2.2699999809265137 101400
2.240000009536743 2.299999952316284 2.130000114440918 2.2100000381469727 63900
2.2100000381469727 2.299999952316284 2.190000057220459 2.2100000381469727 120000
2.2100000381469727 2.380000114440918 2.0999999046325684 2.309999942779541 79300
2.259999990463257 2.3499999046325684 2.2300000190734863 2.25 34200
2.240000009536743 2.490000009536743 2.2100000381469727 2.4800000190734863 61700
2.4200000762939453 2.8399999141693115 2.390000104904175 2.5899999141693115 147600
2.5899999141693115 2.690000057220459 2.309999942779541 2.640000104904175 40000
2.559999942779541 2.799999952316284 2.490000009536743 2.759999990463257 67500
2.759999990463257 2.8399999141693115 2.4700000286102295 2.7300000190734863 132000
2.609999895095825 2.680000066757202 2.3510000705718994 2.5199999809265137 52600
2.5199999809265137 2.809999942779541 2.5199999809265137 2.799999952316284 82500
2.7290000915527344 3.190000057220459 2.619999885559082 2.759999990463257 134400
2.759999990463257 3.1500000953674316 2.690000057220459 3.140000104904175 135200
3.2699999809265137 3.4800000190734863 3.109999895095825 3.3299999237060547 125700
3.3299999237060547 3.4700000286102295 3.0999999046325684 3.430000066757202 315700
3.430000066757202 3.509999990463257 3.0199999809265137 3.509999990463257 110500
3.380000114440918 3.509999990463257 3.299999952316284 3.390000104904175 27900
3.4000000953674316 3.6600000858306885 3.309999942779541 3.6600000858306885 50400
3.7100000381469727 3.8499999046325684 3.509999990463257 3.5199999809265137 140700
3.5 3.5 2.859999895095825 3.069999933242798 115400
2.9700000286102295 3.2100000381469727 2.9700000286102295 3.0999999046325684 171400
3.0899999141693115 3.3499999046325684 3.0 3.0899999141693115 252100
3.059999942779541 3.309999942779541 2.9700000286102295 3.0 63100
3.0199999809265137 3.299999952316284 2.9000000953674316 3.1500000953674316 115200
3.1600000858306885 3.5 3.1600000858306885 3.2899999618530273 34800
3.5999999046325684 3.5999999046325684 3.190000057220459 3.190000057220459 120900
3.1600000858306885 3.25 2.6640000343322754 2.7300000190734863 252300
2.690000057220459 3.200000047683716 2.621999979019165 2.7799999713897705 363800
2.8499999046325684 3.059999942779541 2.8499999046325684 3.0199999809265137 124000
2.950000047683716 3.2739999294281006 2.9000000953674316 3.2200000286102295 61000
3.200000047683716 3.430000066757202 3.119999885559082 3.309999942779541 72100
3.259999990463257 3.259999990463257 3.1500000953674316 3.1500000953674316 14300
3.1500000953674316 3.499000072479248 3.059999942779541 3.299999952316284 123200
3.200000047683716 3.3259999752044678 2.7799999713897705 3.240000009536743 117700
3.240000009536743 3.549999952316284 3.0899999141693115 3.5399999618530273 44000
3.559999942779541 4.084000110626221 3.5299999713897705 3.7100000381469727 104000
3.619999885559082 3.700000047683716 3.2699999809265137 3.680000066757202 37100
3.680000066757202 4.619999885559082 3.6500000953674316 4.230000019073486 320300
4.300000190734863 5.420000076293945 4.300000190734863 5.130000114440918 284500
4.989999771118164 5.690999984741211 4.920000076293945 5.28000020980835 267100
5.389999866485596 5.65500020980835 5.0 5.409999847412109 137400
5.420000076293945 5.433000087738037 4.849999904632568 4.989999771118164 121500
4.909999847412109 5.409999847412109 4.909999847412109 5.139999866485596 54600
5.239999771118164 5.239999771118164 4.920000076293945 5.090000152587891 65000
5.039999961853027 5.5 4.869999885559082 5.460000038146973 71100
5.480000019073486 5.599999904632568 5.070000171661377 5.5 389300
5.389999866485596 5.630000114440918 4.880000114440918 5.099999904632568 241200
4.900000095367432 5.2829999923706055 4.900000095367432 5.150000095367432 44700
5.179999828338623 5.5 4.920000076293945 5.150000095367432 327500
5.179999828338623 5.25 4.820000171661377 4.860000133514404 182400
4.900000095367432 5.190000057220459 4.199999809265137 4.309999942779541 186400
4.300000190734863 4.489999771118164 4.300000190734863 4.46999979019165 42400
4.420000076293945 4.440000057220459 4.010000228881836 4.25 162500
4.170000076293945 4.875 4.070000171661377 4.409999847412109 67300
4.340000152587891 4.440000057220459 4.199999809265137 4.230000019073486 22600
4.269999980926514 4.510000228881836 4.070000171661377 4.099999904632568 41800
4.230000019073486 4.409999847412109 4.050000190734863 4.070000171661377 43000
4.070000171661377 4.260000228881836 4.0 4.099999904632568 39700
4.099999904632568 4.570000171661377 4.070000171661377 4.110000133514404 33900
4.170000076293945 4.170000076293945 3.9700000286102295 3.9700000286102295 38900
3.890000104904175 4.054999828338623 3.690000057220459 3.690000057220459 39100
3.5799999237060547 3.815000057220459 3.5799999237060547 3.5899999141693115 266400
3.5899999141693115 3.890000104904175 3.5899999141693115 3.690000057220459 72800
3.75 3.75 3.049999952316284 3.049999952316284 163600
3.0799999237060547 3.5299999713897705 3.0799999237060547 3.5 60700
3.4700000286102295 3.5899999141693115 3.309999942779541 3.5299999713897705 78700
3.549999952316284 3.549999952316284 3.140000104904175 3.309999942779541 308200
3.25 3.740000009536743 3.121999979019165 3.569999933242798 15100
3.609999895095825 3.890000104904175 3.549999952316284 3.859999895095825 35700
3.9200000762939453 3.938999891281128 3.380000114440918 3.6600000858306885 29900
3.6600000858306885 3.859999895095825 3.515000104904175 3.7899999618530273 16100
3.799999952316284 3.799999952316284 3.430000066757202 3.549999952316284 41000
3.509999990463257 3.8499999046325684 3.450000047683716 3.4600000381469727 41700
3.5299999713897705 3.569999933242798 3.430000066757202 3.509999990463257 45600
3.509999990463257 3.6500000953674316 3.359999895095825 3.4000000953674316 59600
3.4100000858306885 3.559999942779541 3.299999952316284 3.380000114440918 87400
3.25 3.4800000190734863 3.25 3.380000114440918 143900
3.390000104904175 3.490000009536743 3.299999952316284 3.3299999237060547 36500
3.309999942779541 3.3499999046325684 3.134000062942505 3.2899999618530273 52200
3.2899999618530273 3.440000057220459 3.2899999618530273 3.359999895095825 43700
3.369999885559082 3.450000047683716 3.315000057220459 3.380000114440918 51600
3.3299999237060547 3.359999895095825 2.8299999237060547 2.859999895095825 84100
2.859999895095825 3.0899999141693115 2.799999952316284 2.799999952316284 40200
2.7049999237060547 3.059999942779541 2.7049999237060547 2.7799999713897705 37100
2.569999933242798 3.0999999046325684 2.569999933242798 2.819999933242798 60200
2.8399999141693115 3.0 2.6600000858306885 2.7899999618530273 63900
2.7300000190734863 2.8289999961853027 2.4800000190734863 2.4800000190734863 141400
2.5199999809265137 2.6700000762939453 2.5 2.559999942779541 27400
2.619999885559082 2.7200000286102295 2.4100000858306885 2.509999990463257 68000
2.369999885559082 2.740000009536743 2.369999885559082 2.7200000286102295 45300
2.7300000190734863 2.7300000190734863 2.390000104904175 2.4000000953674316 39900
2.4000000953674316 2.450000047683716 2.259999990463257 2.2699999809265137 46300
2.25 2.359999895095825 2.2200000286102295 2.259999990463257 19400
2.2100000381469727 2.4000000953674316 2.2100000381469727 2.3399999141693115 18500
2.359999895095825 2.4800000190734863 2.3299999237060547 2.369999885559082 26800
2.359999895095825 2.611999988555908 2.2799999713897705 2.5 48600
2.509999990463257 2.5999999046325684 2.3399999141693115 2.450000047683716 42000
2.440000057220459 2.5799999237060547 2.3399999141693115 2.390000104904175 35700
2.369999885559082 2.390000104904175 2.180000066757202 2.200000047683716 65600
2.2300000190734863 2.240000009536743 2.0199999809265137 2.1500000953674316 190000
2.0299999713897705 2.1600000858306885 1.850000023841858 2.0799999237060547 242200
2.0999999046325684 2.25 2.0899999141693115 2.2200000286102295 27800
2.2060000896453857 2.549999952316284 2.0999999046325684 2.299999952316284 76500
2.6600000858306885 2.6600000858306885 2.309999942779541 2.5299999713897705 197200
2.5999999046325684 2.619999885559082 2.25 2.509999990463257 51600
2.509999990463257 2.5269999504089355 2.3499999046325684 2.440000057220459 41100
2.2699999809265137 2.549999952316284 2.2699999809265137 2.5399999618530273 14700
2.549999952316284 2.549999952316284 2.4200000762939453 2.5299999713897705 23200
2.559999942779541 2.619999885559082 2.430000066757202 2.5999999046325684 23000
2.5399999618530273 3.440000057220459 2.5299999713897705 3.2200000286102295 134900
3.5299999713897705 3.5299999713897705 2.940000057220459 3.2699999809265137 58900
3.4000000953674316 3.4809999465942383 3.180000066757202 3.3299999237060547 34500
3.3299999237060547 3.549999952316284 3.069999933242798 3.4700000286102295 28800
3.430000066757202 3.5899999141693115 3.0999999046325684 3.5199999809265137 24300
3.549999952316284 3.5999999046325684 3.109999895095825 3.180000066757202 14800
3.109999895095825 3.319999933242798 3.0 3.1600000858306885 20700
3.0999999046325684 3.1700000762939453 2.5799999237060547 2.9100000858306885 34700
2.615000009536743 3.049999952316284 2.609999895095825 3.0 147200
3.0299999713897705 3.049999952316284 2.6700000762939453 3.0 22500
3.049999952316284 3.049999952316284 2.869999885559082 3.009999990463257 1200
3.119999885559082 3.430000066757202 2.7899999618530273 3.430000066757202 86300
3.369999885559082 3.430000066757202 3.109999895095825 3.2899999618530273 13700
3.3499999046325684 3.450000047683716 3.119999885559082 3.1600000858306885 47200
3.309999942779541 3.309999942779541 3.009999990463257 3.109999895095825 14700
3.109999895095825 3.200000047683716 2.7200000286102295 3.0399999618530273 13000
3.0299999713897705 3.0299999713897705 2.559999942779541 2.559999942779541 46500
2.5999999046325684 2.9800000190734863 2.440000057220459 2.8399999141693115 16900
2.890000104904175 3.2899999618530273 2.559999942779541 3.0 127000
2.8399999141693115 3.059999942779541 2.8299999237060547 3.0199999809265137 122000
2.8529999256134033 3.3399999141693115 2.8529999256134033 3.2699999809265137 12200
3.1700000762939453 3.4100000858306885 2.9549999237060547 3.190000057220459 24200
3.140000104904175 3.380000114440918 3.0789999961853027 3.319999933242798 17500
3.3299999237060547 3.490000009536743 3.140000104904175 3.2899999618530273 41400
3.240000009536743 4.059999942779541 3.119999885559082 3.640000104904175 66900
3.759999990463257 3.9700000286102295 3.561000108718872 3.5899999141693115 39100
3.4800000190734863 3.7799999713897705 3.440000057220459 3.609999895095825 5600
3.5799999237060547 3.5999999046325684 3.440000057220459 3.450000047683716 16300
3.4700000286102295 3.5799999237060547 3.318000078201294 3.369999885559082 27400
3.450000047683716 3.7799999713897705 3.114000082015991 3.7799999713897705 36900
3.630000114440918 3.9000000953674316 3.4000000953674316 3.75 13300
3.8499999046325684 4.159999847412109 3.5989999771118164 3.7899999618530273 36000
3.880000114440918 3.9800000190734863 3.7100000381469727 3.7100000381469727 8300
3.5810000896453857 3.8399999141693115 3.5199999809265137 3.6700000762939453 9200
3.740000009536743 4.0 3.740000009536743 3.930000066757202 21800
3.990000009536743 4.050000190734863 3.7100000381469727 3.9600000381469727 17700
3.950000047683716 4.199999809265137 3.819999933242798 3.9200000762939453 19600
3.859999895095825 4.0 3.1700000762939453 3.5 42200
3.7699999809265137 3.7790000438690186 3.319999933242798 3.4800000190734863 12000
3.369999885559082 3.369999885559082 3.369999885559082 3.369999885559082 1700
3.2899999618530273 3.4700000286102295 3.109999895095825 3.1700000762939453 11500
3.5 3.5 3.180000066757202 3.180000066757202 6100
3.3450000286102295 3.5 3.1500000953674316 3.25 11100
3.1500000953674316 3.4800000190734863 3.1500000953674316 3.450000047683716 19200
3.430000066757202 3.700000047683716 3.1600000858306885 3.299999952316284 25500
3.4000000953674316 3.4100000858306885 2.5 2.869999885559082 68400
2.7899999618530273 3.0789999961853027 2.509999990463257 2.5199999809265137 90900
2.549999952316284 3.0 2.549999952316284 2.630000114440918 12100
2.819999933242798 2.9600000381469727 2.5999999046325684 2.859999895095825 34100
3.0 3.0 2.0 2.509999990463257 2980000
2.5299999713897705 2.5789999961853027 2.190000057220459 2.4100000858306885 572900
2.450000047683716 2.5 2.259999990463257 2.4800000190734863 114700
2.240000009536743 2.5899999141693115 2.2300000190734863 2.559999942779541 60200
2.569999933242798 2.569999933242798 2.430000066757202 2.5199999809265137 26700
2.490000009536743 2.490000009536743 2.1700000762939453 2.1700000762939453 138200
2.430000066757202 2.430000066757202 2.0999999046325684 2.2300000190734863 52900
2.299999952316284 2.380000114440918 2.1500000953674316 2.309999942779541 30500
2.390000104904175 2.390000104904175 2.130000114440918 2.2699999809265137 38500
2.240000009536743 2.299999952316284 2.190000057220459 2.240000009536743 45300
2.2100000381469727 2.390000104904175 2.2100000381469727 2.259999990463257 41600
2.369999885559082 2.369999885559082 2.0799999237060547 2.0799999237060547 35700
2.0899999141693115 2.181999921798706 1.9299999475479126 2.0899999141693115 47200
2.0199999809265137 2.440000057220459 2.0199999809265137 2.4100000858306885 35400
2.569999933242798 2.569999933242798 2.2200000286102295 2.299999952316284 156800
2.299999952316284 2.3259999752044678 2.119999885559082 2.1600000858306885 45500
2.180000066757202 2.4549999237060547 2.180000066757202 2.240000009536743 106900
2.3480000495910645 2.390000104904175 2.1600000858306885 2.240000009536743 56400
2.368000030517578 2.368000030517578 2.049999952316284 2.1500000953674316 80200
2.1600000858306885 2.359999895095825 2.1600000858306885 2.1700000762939453 187700
2.2200000286102295 2.2699999809265137 2.190000057220459 2.25 39400
2.2899999618530273 2.2899999618530273 2.190000057220459 2.2300000190734863 65500
2.25 2.3399999141693115 2.140000104904175 2.25 613100
2.2200000286102295 2.3299999237060547 2.180000066757202 2.2300000190734863 669600
2.25 2.259999990463257 2.015000104904175 2.049999952316284 219200
2.049999952316284 2.130000114440918 1.840000033378601 2.009999990463257 192900
2.0299999713897705 2.2100000381469727 2.0299999713897705 2.1500000953674316 93100
2.200000047683716 2.200000047683716 2.0999999046325684 2.200000047683716 67800
2.180000066757202 2.240000009536743 2.109999895095825 2.180000066757202 31900
2.119999885559082 2.180000066757202 2.0899999141693115 2.140000104904175 153000
2.109999895095825 2.190000057220459 2.0299999713897705 2.1700000762939453 71700
2.1700000762939453 2.190000057220459 2.0899999141693115 2.140000104904175 50400
2.180000066757202 2.240000009536743 2.0299999713897705 2.1600000858306885 98300
2.1500000953674316 2.180000066757202 1.9900000095367432 2.0799999237060547 78000
2.119999885559082 2.2300000190734863 2.069999933242798 2.1500000953674316 54500
2.130000114440918 2.2200000286102295 2.0999999046325684 2.180000066757202 57000
2.180000066757202 2.25 2.111999988555908 2.130000114440918 191700
2.3299999237060547 2.5399999618530273 2.0899999141693115 2.109999895095825 9585000
2.2100000381469727 2.5399999618530273 2.131999969482422 2.3499999046325684 3034000
2.430000066757202 2.565000057220459 2.359999895095825 2.5 1048400
2.490000009536743 2.5799999237060547 2.299999952316284 2.4100000858306885 388200
2.4100000858306885 2.5 2.1600000858306885 2.299999952316284 808200
2.240000009536743 2.299999952316284 2.119999885559082 2.1700000762939453 571700
2.190000057220459 2.2799999713897705 2.010999917984009 2.069999933242798 659700
2.130000114440918 2.25 2.049999952316284 2.200000047683716 247000
2.1500000953674316 2.190000057220459 2.0299999713897705 2.119999885559082 715900
2.1700000762939453 2.1700000762939453 2.049999952316284 2.0999999046325684 120800
2.109999895095825 2.190000057220459 2.0799999237060547 2.184999942779541 107400
2.140000104904175 2.140000104904175 2.009999990463257 2.0899999141693115 118100
2.0999999046325684 2.1449999809265137 2.055000066757202 2.0999999046325684 94600
2.119999885559082 2.130000114440918 1.9900000095367432 2.049999952316284 174700
1.9900000095367432 2.0209999084472656 1.9500000476837158 2.0 152100
2.0299999713897705 2.069999933242798 2.0 2.049999952316284 28300
2.119999885559082 2.119999885559082 2.0 2.009999990463257 39400
2.0199999809265137 2.119999885559082 2.0199999809265137 2.0399999618530273 61500
2.0199999809265137 2.059999942779541 1.9800000190734863 2.049999952316284 40500
2.049999952316284 2.0999999046325684 1.9500000476837158 2.0199999809265137 62600
2.0299999713897705 2.0299999713897705 1.9199999570846558 2.0 55600
2.0199999809265137 2.140000104904175 1.9800000190734863 2.069999933242798 75200
2.0399999618530273 2.049999952316284 1.9600000381469727 2.005000114440918 34900
2.049999952316284 2.049999952316284 1.940000057220459 1.9700000286102295 214700
1.9800000190734863 1.9800000190734863 1.6829999685287476 1.8600000143051147 180800
1.75 1.8550000190734863 1.75 1.8049999475479126 50800
1.809999942779541 1.8300000429153442 1.75 1.8200000524520874 54300
1.840000033378601 1.8799999952316284 1.781999945640564 1.8200000524520874 57100
1.7799999713897705 2.049999952316284 1.7799999713897705 2.0 98400
1.909999966621399 2.1600000858306885 1.909999966621399 2.119999885559082 203400
2.0999999046325684 2.0999999046325684 1.9800000190734863 1.9900000095367432 46900
2.049999952316284 2.049999952316284 1.9800000190734863 2.0299999713897705 35600
2.009999990463257 2.0399999618530273 1.9700000286102295 1.9900000095367432 16400
1.9900000095367432 2.0999999046325684 1.9500000476837158 2.059999942779541 76300
2.0 2.069999933242798 1.9329999685287476 1.9800000190734863 401100
2.0299999713897705 2.0299999713897705 1.8899999856948853 1.899999976158142 51500
1.899999976158142 1.9529999494552612 1.8600000143051147 1.940000057220459 20800
1.9299999475479126 1.9700000286102295 1.8799999952316284 1.9500000476837158 20200
1.9199999570846558 1.940000057220459 1.7999999523162842 1.840000033378601 49200
1.9049999713897705 1.9800000190734863 1.8200000524520874 1.8600000143051147 31500
1.9500000476837158 1.9800000190734863 1.850000023841858 1.8899999856948853 32000
1.940000057220459 1.9800000190734863 1.8700000047683716 1.9500000476837158 25400
1.902999997138977 1.9500000476837158 1.8600000143051147 1.8600000143051147 25900
1.8600000143051147 1.9299999475479126 1.8600000143051147 1.8799999952316284 12700
1.8899999856948853 1.8899999856948853 1.7799999713897705 1.8300000429153442 45700
1.809999942779541 1.8519999980926514 1.7599999904632568 1.850000023841858 43600
1.8200000524520874 1.9910000562667847 1.809999942779541 1.8700000047683716 79200
1.875 1.9900000095367432 1.875 1.9600000381469727 11800
1.940000057220459 1.9500000476837158 1.8899999856948853 1.8899999856948853 5900
1.9500000476837158 2.0 1.899999976158142 1.9900000095367432 7700
2.049999952316284 2.049999952316284 1.9600000381469727 1.9700000286102295 26700
1.9900000095367432 1.9900000095367432 1.8899999856948853 1.9600000381469727 55900
1.9600000381469727 1.9600000381469727 1.7400000095367432 1.8899999856948853 30300
1.8700000047683716 1.8949999809265137 1.7899999618530273 1.7899999618530273 14600
1.7899999618530273 1.8250000476837158 1.7200000286102295 1.7450000047683716 23600
1.7100000381469727 1.7100000381469727 1.409999966621399 1.4500000476837158 487500
1.5 1.5889999866485596 1.399999976158142 1.4600000381469727 116300
1.524999976158142 1.5800000429153442 1.5 1.5299999713897705 157400
1.5399999618530273 1.7879999876022339 1.5399999618530273 1.7400000095367432 416500
1.75 1.899999976158142 1.75 1.840000033378601 100700
1.8600000143051147 1.899999976158142 1.840000033378601 1.840000033378601 31100
1.8799999952316284 2.049999952316284 1.8700000047683716 1.9500000476837158 121100
1.9299999475479126 2.130000114440918 1.9119999408721924 1.9800000190734863 181000
1.9900000095367432 2.119999885559082 1.9900000095367432 2.069999933242798 48300
2.069999933242798 2.069999933242798 2.009999990463257 2.0299999713897705 37100
2.0199999809265137 2.130000114440918 1.9600000381469727 2.059999942779541 126200
2.0999999046325684 2.194999933242798 2.059999942779541 2.0999999046325684 135700
2.1500000953674316 2.1600000858306885 2.0399999618530273 2.049999952316284 280300
2.0999999046325684 2.130000114440918 2.0399999618530273 2.0399999618530273 146200
2.055000066757202 2.2699999809265137 2.049999952316284 2.2300000190734863 113400
2.2899999618530273 2.2899999618530273 2.1500000953674316 2.184999942779541 275500
2.190000057220459 2.25 2.119999885559082 2.200000047683716 345900
2.1700000762939453 2.200000047683716 2.119999885559082 2.1700000762939453 208000
2.190000057220459 2.430000066757202 2.1500000953674316 2.380000114440918 86300
2.450000047683716 2.559999942779541 2.3949999809265137 2.430000066757202 106600
2.4000000953674316 2.484999895095825 2.4000000953674316 2.4700000286102295 84200
2.4000000953674316 2.809999942779541 2.302999973297119 2.7300000190734863 218300
2.7799999713897705 2.8350000381469727 2.5199999809265137 2.640000104904175 87600
2.8299999237060547 2.859999895095825 2.690000057220459 2.799999952316284 326400
2.8399999141693115 2.9000000953674316 2.799999952316284 2.9000000953674316 275500
2.9000000953674316 2.9000000953674316 2.700000047683716 2.740000009536743 99400
2.819999933242798 2.990000009536743 2.7100000381469727 2.9800000190734863 85200
2.990000009536743 3.0899999141693115 2.880000114440918 3.059999942779541 86100
3.190000057220459 3.5999999046325684 3.009999990463257 3.559999942779541 421500
3.4200000762939453 3.7799999713897705 3.4100000858306885 3.740000009536743 388600
3.700000047683716 3.7939999103546143 3.4100000858306885 3.609999895095825 179900
3.5799999237060547 3.950000047683716 3.450000047683716 3.930000066757202 761400
3.759999990463257 4.079999923706055 3.700000047683716 4.0 366800
4.210000038146973 4.900000095367432 4.077000141143799 4.739999771118164 880700
4.800000190734863 6.366000175476074 4.800000190734863 6.070000171661377 2181800
6.039999961853027 6.989999771118164 5.610000133514404 5.730000019073486 1492700
5.619999885559082 6.189000129699707 5.380000114440918 5.840000152587891 876300
6.0 6.0 4.789999961853027 4.909999847412109 1109800
4.789999961853027 5.0 3.569999933242798 4.960000038146973 1410300
4.760000228881836 4.849999904632568 4.309999942779541 4.650000095367432 282300
4.619999885559082 4.639999866485596 4.360000133514404 4.360000133514404 93100
4.320000171661377 4.429999828338623 4.119999885559082 4.21999979019165 325600
4.130000114440918 4.300000190734863 3.8499999046325684 4.099999904632568 212700
4.099999904632568 4.239999771118164 4.019999980926514 4.070000171661377 179000
4.050000190734863 4.130000114440918 3.9100000858306885 3.950000047683716 73700
3.9000000953674316 3.9600000381469727 2.9800000190734863 3.0 373600
3.049999952316284 4.210000038146973 3.049999952316284 3.809999942779541 828100
3.859999895095825 4.172999858856201 3.3519999980926514 3.8350000381469727 262300
3.8499999046325684 4.323999881744385 3.759999990463257 4.230000019073486 594000
4.199999809265137 4.289999961853027 3.869999885559082 4.179999828338623 545300
4.199999809265137 4.849999904632568 3.990000009536743 4.559999942779541 374900
4.570000171661377 4.78000020980835 4.5 4.650000095367432 185900
4.630000114440918 4.670000076293945 4.400000095367432 4.5 133600
4.5 4.949999809265137 4.380000114440918 4.800000190734863 759600
4.809999942779541 5.21999979019165 4.744999885559082 4.809999942779541 209400
4.769999980926514 5.0 4.534999847412109 4.900000095367432 108600
4.980000019073486 5.150000095367432 4.630000114440918 4.71999979019165 147000
4.71999979019165 4.840000152587891 4.599999904632568 4.650000095367432 73400
4.659999847412109 5.0 4.340000152587891 4.46999979019165 294800
4.559999942779541 4.710000038146973 4.130000114440918 4.369999885559082 104200
4.340000152587891 4.46999979019165 4.150000095367432 4.21999979019165 54700
4.28000020980835 4.28000020980835 3.8949999809265137 4.019999980926514 98900
4.03000020980835 4.239999771118164 4.03000020980835 4.090000152587891 85400
4.150000095367432 4.150000095367432 3.75 3.75 207900
3.759999990463257 3.859999895095825 3.1700000762939453 3.2100000381469727 226000
3.299999952316284 4.099999904632568 3.299999952316284 4.0 281800
3.9700000286102295 4.050000190734863 3.7200000286102295 3.7699999809265137 151400
3.9200000762939453 3.9200000762939453 3.509999990463257 3.680000066757202 147200
3.5399999618530273 3.6449999809265137 3.4200000762939453 3.4800000190734863 84000
3.4800000190734863 3.640000104904175 3.4200000762939453 3.5399999618530273 33500
3.569999933242798 3.615000009536743 3.4200000762939453 3.4200000762939453 33000
3.8299999237060547 4.159999847412109 3.200000047683716 3.8299999237060547 1053800
3.6700000762939453 3.8499999046325684 3.5 3.680000066757202 80700
3.799999952316284 3.869999885559082 3.4800000190734863 3.8299999237060547 148100
3.8399999141693115 3.875 3.700000047683716 3.75 41400
3.690000057220459 3.9200000762939453 3.690000057220459 3.8399999141693115 113700
3.7699999809265137 3.990000009536743 3.680000066757202 3.890000104904175 138700
3.7799999713897705 4.239999771118164 3.7100000381469727 3.9700000286102295 156500
3.880000114440918 3.9100000858306885 3.25 3.5799999237060547 411400
3.5999999046325684 3.6700000762939453 3.369999885559082 3.4000000953674316 86700
3.4000000953674316 3.5199999809265137 3.2699999809265137 3.319999933242798 80400
3.299999952316284 3.4800000190734863 3.0299999713897705 3.180000066757202 414600
3.240000009536743 3.5199999809265137 3.0999999046325684 3.440000057220459 175800
3.4600000381469727 3.619999885559082 3.359999895095825 3.390000104904175 169500
3.4200000762939453 3.609999895095825 3.2699999809265137 3.299999952316284 91000
3.299999952316284 3.619999885559082 3.1700000762939453 3.569999933242798 130100
3.5799999237060547 3.700000047683716 3.369999885559082 3.450000047683716 166200
3.4200000762939453 3.75 3.4200000762939453 3.569999933242798 150200
3.559999942779541 3.809999942779541 3.5 3.549999952316284 116200
3.5399999618530273 3.7699999809265137 3.259999990463257 3.2799999713897705 155000
3.299999952316284 3.75 3.299999952316284 3.5199999809265137 185900
3.4000000953674316 3.549999952316284 3.200000047683716 3.2100000381469727 212100
3.3499999046325684 3.490000009536743 3.190000057220459 3.25 346700
3.2200000286102295 3.359999895095825 3.0 3.2300000190734863 197100
3.2200000286102295 3.5 2.940000057220459 3.200000047683716 226100
3.3499999046325684 3.369999885559082 3.115000009536743 3.299999952316284 302500
3.2899999618530273 3.305000066757202 3.0899999141693115 3.0999999046325684 122300
3.0199999809265137 3.325000047683716 3.0199999809265137 3.2200000286102295 118700
3.1500000953674316 3.200000047683716 3.0399999618530273 3.119999885559082 150300
3.200000047683716 3.299999952316284 3.0799999237060547 3.2300000190734863 201300
3.2899999618530273 3.319999933242798 3.109999895095825 3.190000057220459 446400
3.2100000381469727 3.299999952316284 3.130000114440918 3.25 71900
3.240000009536743 3.3299999237060547 3.130000114440918 3.1500000953674316 44800
3.119999885559082 3.200000047683716 2.880000114440918 2.9100000858306885 413100
2.9200000762939453 3.1500000953674316 2.9200000762939453 3.0399999618530273 106300
2.940000057220459 3.0899999141693115 2.8299999237060547 2.8299999237060547 126900
2.9100000858306885 3.0999999046325684 2.859999895095825 2.950000047683716 150900
2.990000009536743 3.0999999046325684 2.9100000858306885 3.049999952316284 275000
3.0299999713897705 3.200000047683716 2.9200000762939453 3.0 181300
3.069999933242798 3.1500000953674316 2.8550000190734863 2.880000114440918 823000
2.9600000381469727 3.059999942779541 2.5899999141693115 2.5899999141693115 1973400
2.700000047683716 2.890000104904175 2.3299999237060547 2.740000009536743 2805800
2.7100000381469727 2.8499999046325684 2.0999999046325684 2.5399999618530273 1242500
2.5199999809265137 2.7850000858306885 2.4700000286102295 2.700000047683716 700200
2.700000047683716 2.7899999618530273 2.4700000286102295 2.7100000381469727 197700
2.75 2.9200000762939453 2.559999942779541 2.8299999237060547 246300
2.8499999046325684 2.9100000858306885 2.619999885559082 2.799999952316284 1403400
2.809999942779541 2.9049999713897705 2.5999999046325684 2.700000047683716 205000
2.700000047683716 2.7860000133514404 2.5 2.5299999713897705 517400
2.559999942779541 2.619999885559082 2.3499999046325684 2.430000066757202 677100
2.5 2.625 2.4000000953674316 2.4800000190734863 621000
2.5399999618530273 2.640000104904175 2.430000066757202 2.609999895095825 1314000
2.5399999618530273 2.680000066757202 2.5399999618530273 2.5999999046325684 148800
2.7100000381469727 2.9700000286102295 2.5899999141693115 2.759999990463257 592500
2.680000066757202 2.880000114440918 2.609999895095825 2.880000114440918 198900
2.8399999141693115 3.1424999237060547 2.7750000953674316 3.009999990463257 135800
