9.680000305175781 9.680000305175781 9.65999984741211 9.65999984741211 198300
9.65999984741211 9.670000076293945 9.65999984741211 9.670000076293945 72900
9.65999984741211 9.680000305175781 9.65999984741211 9.680000305175781 85100
9.680000305175781 9.6899995803833 9.649999618530273 9.65999984741211 268400
9.670000076293945 9.680000305175781 9.65999984741211 9.65999984741211 56400
9.65999984741211 9.65999984741211 9.65999984741211 9.65999984741211 0
9.65999984741211 9.65999984741211 9.65999984741211 9.65999984741211 0
9.65999984741211 9.65999984741211 9.65999984741211 9.65999984741211 0
9.649999618530273 9.649999618530273 9.649999618530273 9.649999618530273 1000
9.649999618530273 9.649999618530273 9.649999618530273 9.649999618530273 0
9.649999618530273 9.649999618530273 9.649999618530273 9.649999618530273 0
9.649999618530273 9.649999618530273 9.649999618530273 9.649999618530273 0
9.65999984741211 9.65999984741211 9.649999618530273 9.649999618530273 30500
9.649999618530273 9.65999984741211 9.649999618530273 9.649999618530273 16300
9.649999618530273 9.6899995803833 9.630000114440918 9.649999618530273 14900
9.649999618530273 9.649999618530273 9.649999618530273 9.649999618530273 0
9.6899995803833 9.699999809265137 9.6899995803833 9.699999809265137 10000
9.699999809265137 9.699999809265137 9.649999618530273 9.649999618530273 1000
9.649999618530273 9.649999618530273 9.649999618530273 9.649999618530273 169900
9.649999618530273 9.649999618530273 9.649999618530273 9.649999618530273 0
9.699999809265137 9.699999809265137 9.699999809265137 9.699999809265137 200
9.699999809265137 9.699999809265137 9.699999809265137 9.699999809265137 1200
9.699999809265137 9.699999809265137 9.699999809265137 9.699999809265137 9000
9.699999809265137 9.699999809265137 9.699999809265137 9.699999809265137 0
9.699999809265137 9.699999809265137 9.699999809265137 9.699999809265137 0
9.670000076293945 9.680000305175781 9.670000076293945 9.680000305175781 141200
9.680000305175781 9.680000305175781 9.668000221252441 9.668000221252441 7100
9.670000076293945 9.670000076293945 9.670000076293945 9.670000076293945 21200
9.670000076293945 9.670000076293945 9.670000076293945 9.670000076293945 150000
9.670000076293945 9.670000076293945 9.670000076293945 9.670000076293945 0
9.670000076293945 9.670000076293945 9.670000076293945 9.670000076293945 100000
9.670000076293945 9.694999694824219 9.670000076293945 9.694999694824219 105700
9.670000076293945 9.670000076293945 9.670000076293945 9.670000076293945 112100
9.670000076293945 9.670000076293945 9.664999961853027 9.670000076293945 14300
9.670000076293945 9.670000076293945 9.670000076293945 9.670000076293945 0
9.670000076293945 9.670000076293945 9.670000076293945 9.670000076293945 41300
9.670000076293945 9.850000381469727 9.65999984741211 9.670000076293945 160000
9.699999809265137 9.699999809265137 9.699999809265137 9.699999809265137 5200
9.699999809265137 9.699999809265137 9.699999809265137 9.699999809265137 0
9.699999809265137 9.699999809265137 9.699999809265137 9.699999809265137 0
9.720000267028809 9.720000267028809 9.720000267028809 9.720000267028809 6200
9.720000267028809 9.720000267028809 9.720000267028809 9.720000267028809 0
9.720000267028809 9.720000267028809 9.720000267028809 9.720000267028809 0
9.670000076293945 9.680000305175781 9.670000076293945 9.670000076293945 17000
9.720000267028809 9.722000122070312 9.720000267028809 9.722000122070312 5300
9.722000122070312 9.722000122070312 9.722000122070312 9.722000122070312 0
9.722000122070312 9.722000122070312 9.722000122070312 9.722000122070312 0
9.722000122070312 9.722000122070312 9.722000122070312 9.722000122070312 0
9.722000122070312 9.722000122070312 9.722000122070312 9.722000122070312 0
9.722000122070312 9.722000122070312 9.722000122070312 9.722000122070312 0
9.722000122070312 9.722000122070312 9.722000122070312 9.722000122070312 0
9.722000122070312 9.722000122070312 9.722000122070312 9.722000122070312 0
9.722000122070312 9.722000122070312 9.722000122070312 9.722000122070312 0
9.722000122070312 9.722000122070312 9.722000122070312 9.722000122070312 0
9.722000122070312 9.722000122070312 9.722000122070312 9.722000122070312 0
9.722000122070312 9.722000122070312 9.722000122070312 9.722000122070312 0
9.722000122070312 9.722000122070312 9.722000122070312 9.722000122070312 0
9.722000122070312 9.722000122070312 9.722000122070312 9.722000122070312 0
9.722000122070312 9.722000122070312 9.722000122070312 9.722000122070312 0
9.722000122070312 9.722000122070312 9.722000122070312 9.722000122070312 0
9.722000122070312 9.722000122070312 9.722000122070312 9.722000122070312 0
9.722000122070312 9.722000122070312 9.722000122070312 9.722000122070312 0
9.722000122070312 9.722000122070312 9.722000122070312 9.722000122070312 100
9.722000122070312 9.722000122070312 9.722000122070312 9.722000122070312 0
9.722000122070312 9.722000122070312 9.722000122070312 9.722000122070312 0
9.722000122070312 9.722000122070312 9.722000122070312 9.722000122070312 0
9.699999809265137 9.704000473022461 9.699999809265137 9.704000473022461 39700
9.720000267028809 9.720000267028809 9.699999809265137 9.710000038146973 10100
9.710000038146973 9.710000038146973 9.710000038146973 9.710000038146973 5900
9.710000038146973 9.729999542236328 9.710000038146973 9.729999542236328 45900
9.75 9.760000228881836 9.739999771118164 9.75 151100
9.75 9.75 9.75 9.75 100
9.75 9.75 9.75 9.75 100
9.800000190734863 9.819999694824219 9.800000190734863 9.800000190734863 6700
9.800000190734863 9.800000190734863 9.800000190734863 9.800000190734863 100
9.800000190734863 9.800000190734863 9.800000190734863 9.800000190734863 0
9.800000190734863 9.800000190734863 9.800000190734863 9.800000190734863 0
9.800000190734863 9.800000190734863 9.800000190734863 9.800000190734863 0
9.800000190734863 9.800000190734863 9.800000190734863 9.800000190734863 0
9.800000190734863 9.800000190734863 9.800000190734863 9.800000190734863 0
9.800000190734863 9.800000190734863 9.800000190734863 9.800000190734863 0
9.649999618530273 9.649999618530273 9.649999618530273 9.649999618530273 100
9.649999618530273 9.649999618530273 9.649999618530273 9.649999618530273 100
9.649999618530273 9.649999618530273 9.649999618530273 9.649999618530273 205500
9.649999618530273 9.649999618530273 9.649999618530273 9.649999618530273 0
9.649999618530273 9.649999618530273 9.649999618530273 9.649999618530273 0
9.649999618530273 9.649999618530273 9.649999618530273 9.649999618530273 0
9.649999618530273 9.649999618530273 9.649999618530273 9.649999618530273 0
9.649999618530273 9.649999618530273 9.649999618530273 9.649999618530273 0
9.649999618530273 9.649999618530273 9.649999618530273 9.649999618530273 0
9.649999618530273 9.649999618530273 9.649999618530273 9.649999618530273 0
9.649999618530273 9.649999618530273 9.649999618530273 9.649999618530273 0
9.850000381469727 9.850000381469727 9.850000381469727 9.850000381469727 200
9.850000381469727 9.850000381469727 9.850000381469727 9.850000381469727 0
9.850000381469727 9.850000381469727 9.850000381469727 9.850000381469727 0
9.829999923706055 9.850000381469727 9.829999923706055 9.850000381469727 5000
9.84000015258789 9.850000381469727 9.770000457763672 9.770000457763672 42200
9.770000457763672 9.770000457763672 9.770000457763672 9.770000457763672 0
9.770000457763672 9.770000457763672 9.770000457763672 9.770000457763672 0
9.850000381469727 9.899999618530273 9.850000381469727 9.899999618530273 2900
9.899999618530273 9.899999618530273 9.899999618530273 9.899999618530273 0
9.899999618530273 9.899999618530273 9.899999618530273 9.899999618530273 0
9.899999618530273 9.899999618530273 9.899999618530273 9.899999618530273 100
9.899999618530273 9.899999618530273 9.899999618530273 9.899999618530273 100
9.899999618530273 9.920000076293945 9.800000190734863 9.920000076293945 29300
9.850000381469727 9.880000114440918 9.850000381469727 9.880000114440918 1300
9.880000114440918 9.880000114440918 9.880000114440918 9.880000114440918 0
9.899999618530273 9.899999618530273 9.892000198364258 9.899999618530273 7100
9.920000076293945 9.920000076293945 9.920000076293945 9.920000076293945 1000
9.920000076293945 9.920000076293945 9.920000076293945 9.920000076293945 1000
9.930000305175781 9.949999809265137 9.930000305175781 9.930000305175781 14100
9.899999618530273 9.930000305175781 9.899999618530273 9.930000305175781 16300
9.9399995803833 10.0 9.9399995803833 9.970999717712402 8400
9.9399995803833 9.9399995803833 9.9399995803833 9.9399995803833 7100
9.9399995803833 9.9399995803833 9.9399995803833 9.9399995803833 0
9.9399995803833 9.9399995803833 9.9399995803833 9.9399995803833 0
9.9399995803833 9.9399995803833 9.9399995803833 9.9399995803833 0
10.069999694824219 10.130000114440918 10.020000457763672 10.020000457763672 1600
10.029999732971191 10.029999732971191 10.029999732971191 10.029999732971191 200
10.029999732971191 10.029999732971191 10.029999732971191 10.029999732971191 0
10.020000457763672 10.039999961853027 10.020000457763672 10.039999961853027 200
10.039999961853027 10.039999961853027 10.039999961853027 10.039999961853027 100
10.039999961853027 10.039999961853027 10.039999961853027 10.039999961853027 0
10.039999961853027 10.039999961853027 10.039999961853027 10.039999961853027 0
10.010000228881836 10.039999961853027 10.010000228881836 10.039999961853027 2900
10.039999961853027 10.039999961853027 10.039999961853027 10.039999961853027 0
10.039999961853027 10.039999961853027 10.039999961853027 10.039999961853027 0
10.039999961853027 10.039999961853027 10.039999961853027 10.039999961853027 0
10.039999961853027 10.039999961853027 10.039999961853027 10.039999961853027 100
10.039999961853027 10.039999961853027 10.039999961853027 10.039999961853027 0
10.039999961853027 10.039999961853027 10.039999961853027 10.039999961853027 0
10.039999961853027 10.039999961853027 10.039999961853027 10.039999961853027 0
10.039999961853027 10.039999961853027 10.039999961853027 10.039999961853027 0
10.0 10.039999961853027 9.960000038146973 10.039999961853027 12000
10.039999961853027 10.039999961853027 10.039999961853027 10.039999961853027 0
10.050000190734863 10.050000190734863 10.050000190734863 10.050000190734863 1000
10.050000190734863 10.050000190734863 10.050000190734863 10.050000190734863 0
10.050000190734863 10.050000190734863 10.050000190734863 10.050000190734863 0
10.050000190734863 10.050000190734863 10.050000190734863 10.050000190734863 0
10.050000190734863 10.050000190734863 10.050000190734863 10.050000190734863 0
10.050000190734863 10.050000190734863 10.050000190734863 10.050000190734863 0
10.050000190734863 10.050000190734863 10.050000190734863 10.050000190734863 0
10.050000190734863 10.050000190734863 10.050000190734863 10.050000190734863 1000
10.050000190734863 10.050000190734863 10.050000190734863 10.050000190734863 0
10.050000190734863 10.050000190734863 10.050000190734863 10.050000190734863 400
10.050000190734863 10.050000190734863 10.050000190734863 10.050000190734863 0
10.050000190734863 10.050000190734863 10.050000190734863 10.050000190734863 0
10.050000190734863 10.050000190734863 10.050000190734863 10.050000190734863 0
10.050000190734863 10.050000190734863 10.050000190734863 10.050000190734863 0
10.050000190734863 10.050000190734863 10.050000190734863 10.050000190734863 0
10.050000190734863 10.050000190734863 10.050000190734863 10.050000190734863 0
10.029999732971191 10.069999694824219 10.029999732971191 10.069999694824219 91700
10.039999961853027 10.050000190734863 10.027000427246094 10.050000190734863 8500
10.069999694824219 10.069999694824219 10.069999694824219 10.069999694824219 6000
10.050000190734863 10.0600004196167 10.050000190734863 10.0600004196167 4600
10.079999923706055 10.079999923706055 10.079999923706055 10.079999923706055 5000
10.050000190734863 10.100000381469727 10.039999961853027 10.09000015258789 18700
10.100000381469727 10.100000381469727 10.100000381469727 10.100000381469727 3700
10.100000381469727 10.100000381469727 10.100000381469727 10.100000381469727 0
10.100000381469727 10.100000381469727 10.100000381469727 10.100000381469727 0
10.069999694824219 10.079999923706055 10.069999694824219 10.069999694824219 62800
10.038999557495117 10.039999961853027 10.038999557495117 10.039999961853027 1000
10.100000381469727 10.100000381469727 10.0 10.0 2800
10.0 10.0 10.0 10.0 0
10.050000190734863 10.050000190734863 10.050000190734863 10.050000190734863 800
10.100000381469727 10.149999618530273 10.079999923706055 10.109999656677246 19000
10.100000381469727 10.109999656677246 10.100000381469727 10.109999656677246 14000
10.109999656677246 10.109999656677246 10.109999656677246 10.109999656677246 0
10.119999885559082 10.119999885559082 10.09000015258789 10.09000015258789 600
10.09000015258789 10.09000015258789 10.09000015258789 10.09000015258789 1000
10.09000015258789 10.09000015258789 10.09000015258789 10.09000015258789 1000
10.109999656677246 10.109999656677246 10.109999656677246 10.109999656677246 1000
10.109999656677246 10.109999656677246 10.100000381469727 10.100000381469727 2700
10.100000381469727 10.100000381469727 10.100000381469727 10.100000381469727 0
10.100000381469727 10.109999656677246 10.100000381469727 10.109999656677246 19900
10.121000289916992 10.121000289916992 10.121000289916992 10.121000289916992 1000
10.121000289916992 10.121000289916992 10.121000289916992 10.121000289916992 100
10.149999618530273 10.149999618530273 10.100000381469727 10.100000381469727 1800
10.100000381469727 10.100000381469727 10.100000381469727 10.100000381469727 0
10.142999649047852 10.142999649047852 10.111000061035156 10.111000061035156 1000
10.140000343322754 10.229999542236328 10.140000343322754 10.229999542236328 4000
10.229999542236328 10.229999542236328 10.229999542236328 10.229999542236328 0
10.229999542236328 10.229999542236328 10.229999542236328 10.229999542236328 0
10.229999542236328 10.229999542236328 10.229999542236328 10.229999542236328 0
10.135000228881836 10.140000343322754 10.135000228881836 10.140000343322754 1100
10.140000343322754 10.140000343322754 10.140000343322754 10.140000343322754 0
10.140000343322754 10.140000343322754 10.140000343322754 10.140000343322754 0
10.140000343322754 10.140000343322754 10.140000343322754 10.140000343322754 0
10.140000343322754 10.140000343322754 10.140000343322754 10.140000343322754 0
10.140000343322754 10.140000343322754 10.140000343322754 10.140000343322754 0
10.140000343322754 10.140000343322754 10.140000343322754 10.140000343322754 0
10.130000114440918 10.130000114440918 10.130000114440918 10.130000114440918 1000
10.130000114440918 10.130000114440918 10.130000114440918 10.130000114440918 0
10.130000114440918 10.130000114440918 10.130000114440918 10.130000114440918 0
10.1899995803833 10.1899995803833 10.1899995803833 10.1899995803833 400
10.1899995803833 10.1899995803833 10.1899995803833 10.1899995803833 100
10.15999984741211 10.15999984741211 10.15999984741211 10.15999984741211 200
10.149999618530273 10.152999877929688 10.149999618530273 10.152999877929688 400
10.140000343322754 10.149999618530273 10.140000343322754 10.149999618530273 3100
10.149999618530273 10.149999618530273 10.149999618530273 10.149999618530273 0
10.149999618530273 10.149999618530273 10.149999618530273 10.149999618530273 0
10.170000076293945 10.170000076293945 10.149999618530273 10.149999618530273 600
10.149999618530273 10.149999618530273 10.149999618530273 10.149999618530273 0
10.149999618530273 10.149999618530273 10.149999618530273 10.149999618530273 0
10.149999618530273 10.149999618530273 10.149999618530273 10.149999618530273 0
10.149999618530273 10.149999618530273 10.149999618530273 10.149999618530273 0
10.149999618530273 10.149999618530273 10.149999618530273 10.149999618530273 0
10.149999618530273 10.149999618530273 10.149999618530273 10.149999618530273 100
10.25 10.25 10.180000305175781 10.180000305175781 11300
10.180000305175781 10.180000305175781 10.180000305175781 10.180000305175781 6400
10.199999809265137 10.199999809265137 10.199999809265137 10.199999809265137 1800
10.199999809265137 10.199999809265137 10.199999809265137 10.199999809265137 0
10.199999809265137 10.199999809265137 10.199999809265137 10.199999809265137 0
10.199999809265137 10.199999809265137 10.199999809265137 10.199999809265137 0
10.199999809265137 10.199999809265137 10.199999809265137 10.199999809265137 0
10.149999618530273 10.182999610900879 10.149999618530273 10.182999610900879 3900
10.182999610900879 10.182999610900879 10.182999610900879 10.182999610900879 0
10.182999610900879 10.182999610900879 10.182999610900879 10.182999610900879 0
10.182999610900879 10.182999610900879 10.182999610900879 10.182999610900879 0
10.182999610900879 10.182999610900879 10.182999610900879 10.182999610900879 0
10.182999610900879 10.182999610900879 10.182999610900879 10.182999610900879 0
10.15999984741211 10.15999984741211 10.15999984741211 10.15999984741211 200
10.15999984741211 10.15999984741211 10.15999984741211 10.15999984741211 0
10.15999984741211 10.15999984741211 10.15999984741211 10.15999984741211 0
10.15999984741211 10.15999984741211 10.15999984741211 10.15999984741211 0
10.170000076293945 10.170000076293945 10.15999984741211 10.15999984741211 200
10.180000305175781 10.1899995803833 10.180000305175781 10.1899995803833 1400
10.1899995803833 10.1899995803833 10.1899995803833 10.1899995803833 0
10.1899995803833 10.1899995803833 10.1899995803833 10.1899995803833 0
10.1899995803833 10.1899995803833 10.1899995803833 10.1899995803833 0
10.170000076293945 10.199999809265137 10.170000076293945 10.199999809265137 7300
10.170000076293945 10.170000076293945 10.170000076293945 10.170000076293945 200
10.170000076293945 10.170000076293945 10.170000076293945 10.170000076293945 0
10.25 10.25 10.220000267028809 10.239999771118164 209400
10.199999809265137 10.25 10.199999809265137 10.239999771118164 362900
10.199999809265137 10.25 10.199999809265137 10.201000213623047 6700
10.199999809265137 10.25 10.199999809265137 10.25 1200
10.239999771118164 10.25 10.218000411987305 10.218000411987305 1000
10.218000411987305 10.218000411987305 10.218000411987305 10.218000411987305 0
10.218000411987305 10.218000411987305 10.218000411987305 10.218000411987305 0
10.199999809265137 10.199999809265137 10.199999809265137 10.199999809265137 26000
10.199999809265137 10.229999542236328 10.199999809265137 10.229999542236328 11600
10.229999542236328 10.229999542236328 10.229999542236328 10.229999542236328 16000
10.229999542236328 10.229999542236328 10.229999542236328 10.229999542236328 16000
10.229999542236328 10.229999542236328 10.229999542236328 10.229999542236328 16000
10.25 10.25 10.199999809265137 10.211999893188477 14600
10.229999542236328 10.229999542236328 10.229999542236328 10.229999542236328 100
10.229999542236328 10.229999542236328 10.199999809265137 10.199999809265137 30300
10.229999542236328 10.260000228881836 10.229999542236328 10.260000228881836 7700
10.239999771118164 10.25 10.239999771118164 10.25 41700
10.270000457763672 10.270000457763672 10.239999771118164 10.239999771118164 20200
10.248000144958496 10.248000144958496 10.248000144958496 10.248000144958496 3000
10.248000144958496 10.248000144958496 10.248000144958496 10.248000144958496 3000
10.248000144958496 10.248000144958496 10.248000144958496 10.248000144958496 1000
10.270000457763672 10.270000457763672 10.270000457763672 10.270000457763672 10000
10.260000228881836 10.270000457763672 10.260000228881836 10.270000457763672 447900
10.279999732971191 10.279999732971191 10.279999732971191 10.279999732971191 300
10.279999732971191 10.279999732971191 10.279999732971191 10.279999732971191 0
10.279999732971191 10.279999732971191 10.279999732971191 10.279999732971191 100
10.279999732971191 10.279999732971191 10.279999732971191 10.279999732971191 0
10.300000190734863 10.300000190734863 10.300000190734863 10.300000190734863 200
10.300000190734863 10.300000190734863 10.300000190734863 10.300000190734863 100
10.300000190734863 10.300000190734863 10.300000190734863 10.300000190734863 0
10.286999702453613 10.286999702453613 10.286999702453613 10.286999702453613 300
10.300000190734863 10.300000190734863 10.300000190734863 10.300000190734863 800
10.300000190734863 10.300000190734863 10.300000190734863 10.300000190734863 500
10.300000190734863 10.300000190734863 10.300000190734863 10.300000190734863 0
10.300000190734863 10.300000190734863 10.300000190734863 10.300000190734863 300
10.303000450134277 10.303000450134277 10.300000190734863 10.300000190734863 800
10.300000190734863 10.300000190734863 10.300000190734863 10.300000190734863 0
10.300000190734863 10.300000190734863 10.300000190734863 10.300000190734863 300
10.300000190734863 10.300000190734863 10.300000190734863 10.300000190734863 0
10.319999694824219 10.373000144958496 10.319999694824219 10.373000144958496 500
10.300000190734863 10.350000381469727 10.279999732971191 10.279999732971191 5700
10.279999732971191 10.279999732971191 10.279999732971191 10.279999732971191 100
10.329999923706055 10.329999923706055 10.279999732971191 10.279999732971191 35600
10.312000274658203 10.312000274658203 10.312000274658203 10.312000274658203 1000
10.300000190734863 10.338000297546387 10.291999816894531 10.291999816894531 242400
10.300000190734863 10.329999923706055 10.300000190734863 10.329999923706055 3000
10.350000381469727 10.350000381469727 10.29800033569336 10.300000190734863 6200
10.369999885559082 10.399999618530273 10.3100004196167 10.37399959564209 27300
10.4399995803833 10.4399995803833 10.020000457763672 10.37600040435791 141200
10.4399995803833 10.4399995803833 10.354999542236328 10.369999885559082 28200
10.359999656677246 10.369999885559082 10.350000381469727 10.369999885559082 23600
10.369999885559082 10.369999885559082 10.350000381469727 10.369999885559082 5300
10.369999885559082 10.369999885559082 10.350000381469727 10.350000381469727 18700
10.350000381469727 10.359999656677246 10.345000267028809 10.345000267028809 16500
10.300000190734863 10.359999656677246 10.300000190734863 10.352999687194824 12700
10.329999923706055 10.350000381469727 10.329999923706055 10.34000015258789 10500
10.329999923706055 10.350000381469727 10.329999923706055 10.34000015258789 11400
10.34000015258789 10.350000381469727 10.336999893188477 10.350000381469727 10900
10.350000381469727 10.350000381469727 10.34000015258789 10.350000381469727 5200
10.350000381469727 10.350000381469727 10.329999923706055 10.343999862670898 38500
10.350000381469727 10.350000381469727 10.329999923706055 10.329999923706055 21900
10.34000015258789 10.359999656677246 10.34000015258789 10.359999656677246 29000
10.350000381469727 10.350000381469727 10.300000190734863 10.338000297546387 52600
10.350000381469727 10.350000381469727 10.130000114440918 10.1899995803833 81700
10.1899995803833 10.223999977111816 8.300000190734863 9.210000038146973 76100
9.22700023651123 9.229999542236328 8.600000381469727 8.699999809265137 42800
8.399999618530273 8.460000038146973 7.519999980926514 7.53000020980835 45100
7.449999809265137 7.860000133514404 6.861999988555908 6.980000019073486 89700
10.279999732971191 10.579999923706055 10.199999809265137 10.329999923706055 291900
10.25 10.390000343322754 10.25 10.350000381469727 334000
9.5 9.5 8.029999732971191 8.15999984741211 136400
8.0 8.479999542236328 7.699999809265137 8.199999809265137 115800
8.010000228881836 9.0 7.599999904632568 9.0 129900
8.300000190734863 8.300000190734863 7.0 7.510000228881836 105800
7.550000190734863 7.550000190734863 6.960000038146973 7.019999980926514 69800
7.010000228881836 7.010000228881836 6.664999961853027 6.920000076293945 17000
7.010000228881836 7.349999904632568 6.690000057220459 6.849999904632568 65400
6.724999904632568 7.340000152587891 6.705999851226807 7.03000020980835 34900
7.119999885559082 7.348999977111816 7.103000164031982 7.110000133514404 17300
7.199999809265137 7.230000019073486 7.119999885559082 7.159999847412109 7000
7.119999885559082 7.269999980926514 7.119999885559082 7.21999979019165 3900
7.159999847412109 7.28000020980835 7.150000095367432 7.28000020980835 13300
7.190000057220459 7.5329999923706055 7.159999847412109 7.269999980926514 21600
7.25 7.25 7.170000076293945 7.190000057220459 11700
6.966000080108643 7.065000057220459 6.966000080108643 6.989999771118164 5500
6.980000019073486 7.300000190734863 6.829999923706055 6.889999866485596 8900
7.019999980926514 7.190000057220459 6.980000019073486 7.190000057220459 8900
6.960000038146973 7.070000171661377 6.949999809265137 6.960000038146973 11100
7.059999942779541 7.150000095367432 7.039999961853027 7.039999961853027 7400
7.110000133514404 7.110000133514404 7.010000228881836 7.050000190734863 5300
7.099999904632568 7.15500020980835 7.079999923706055 7.090000152587891 15700
7.083000183105469 7.135000228881836 7.079999923706055 7.079999923706055 12900
7.21999979019165 7.21999979019165 7.079999923706055 7.110000133514404 5200
7.0920000076293945 7.0920000076293945 7.0 7.03000020980835 4400
7.0879998207092285 7.0879998207092285 7.045000076293945 7.045000076293945 1100
7.010000228881836 7.010000228881836 6.619999885559082 6.690000057220459 7800
7.010000228881836 7.010000228881836 6.650000095367432 6.650000095367432 7900
6.800000190734863 6.909999847412109 6.800000190734863 6.909999847412109 300
6.949999809265137 6.949999809265137 6.650000095367432 6.650000095367432 1500
6.6529998779296875 6.949999809265137 6.570000171661377 6.570000171661377 800
6.701000213623047 6.824999809265137 6.545000076293945 6.545000076293945 3600
6.559999942779541 6.5879998207092285 6.15500020980835 6.474999904632568 3100
6.400000095367432 6.400000095367432 6.179999828338623 6.199999809265137 7500
6.400000095367432 6.400000095367432 6.389999866485596 6.389999866485596 800
6.710000038146973 6.75 6.059999942779541 6.059999942779541 11100
5.900000095367432 5.90500020980835 5.800000190734863 5.90500020980835 2000
5.579999923706055 5.935999870300293 5.579999923706055 5.670000076293945 7700
5.909999847412109 5.909999847412109 5.5 5.5 1300
6.01200008392334 6.01200008392334 5.199999809265137 5.5 17300
5.53000020980835 5.53000020980835 5.010000228881836 5.375999927520752 5100
4.732999801635742 5.349999904632568 4.732999801635742 5.099999904632568 19200
5.019999980926514 5.081999778747559 4.949999809265137 4.974999904632568 8900
4.9720001220703125 5.150000095367432 4.849999904632568 5.150000095367432 4300
5.349999904632568 5.420000076293945 4.988999843597412 5.048999786376953 2200
4.849999904632568 4.8520002365112305 4.849999904632568 4.8520002365112305 400
4.889999866485596 4.889999866485596 4.869999885559082 4.875 1600
4.849999904632568 5.230000019073486 4.849999904632568 5.230000019073486 4300
4.929999828338623 5.247000217437744 4.900000095367432 5.099999904632568 4600
5.0 5.068999767303467 5.0 5.0 5900
5.0 5.010000228881836 5.0 5.010000228881836 15300
4.980000019073486 4.980000019073486 4.853000164031982 4.869999885559082 1200
4.820000171661377 4.820000171661377 4.800000190734863 4.800000190734863 800
4.510000228881836 4.630000114440918 4.46999979019165 4.5920000076293945 3400
4.461999893188477 4.5229997634887695 4.302000045776367 4.302000045776367 3200
4.281000137329102 4.440000057220459 4.281000137329102 4.440000057220459 1800
4.440000057220459 4.440000057220459 4.440000057220459 4.440000057220459 0
4.5 4.9039998054504395 4.5 4.9039998054504395 2500
4.659999847412109 4.894000053405762 4.559999942779541 4.570000171661377 1800
4.559999942779541 4.559999942779541 4.53000020980835 4.53000020980835 1100
4.53000020980835 4.53000020980835 4.53000020980835 4.53000020980835 0
4.519999980926514 4.650000095367432 4.349999904632568 4.349999904632568 800
4.315999984741211 4.315999984741211 4.315999984741211 4.315999984741211 400
4.349999904632568 4.349999904632568 4.099999904632568 4.099999904632568 2200
4.460000038146973 4.460000038146973 4.230000019073486 4.230000019073486 400
4.190000057220459 4.190000057220459 4.0 4.0 600
3.9119999408721924 4.185999870300293 3.9119999408721924 4.099999904632568 1900
4.390999794006348 4.390999794006348 4.361999988555908 4.361999988555908 800
4.059000015258789 4.059000015258789 4.059000015258789 4.059000015258789 300
4.251999855041504 4.251999855041504 4.251999855041504 4.251999855041504 100
4.0 4.0 3.990000009536743 3.990000009536743 400
4.021999835968018 4.053999900817871 4.0 4.053999900817871 500
3.8499999046325684 3.9800000190734863 3.799999952316284 3.809999942779541 4500
3.859999895095825 3.859999895095825 3.859999895095825 3.859999895095825 400
3.75 3.75 3.75 3.75 700
3.7300000190734863 3.7300000190734863 3.500999927520752 3.500999927520752 500
3.5910000801086426 3.5910000801086426 3.5 3.509999990463257 3500
3.5 3.5 3.25 3.25 900
3.25 3.25 3.25 3.25 0
2.7899999618530273 2.7899999618530273 2.430000066757202 2.5 5000
2.619999885559082 3.490000009536743 2.5999999046325684 3.0450000762939453 25400
3.990000009536743 4.389999866485596 3.0 3.200000047683716 15400
3.2780001163482666 3.5439999103546143 3.0 3.0 14200
3.0 3.049999952316284 2.5199999809265137 2.8399999141693115 22000
2.8570001125335693 3.2360000610351562 2.75 2.7809998989105225 6100
2.7360000610351562 2.867000102996826 2.7360000610351562 2.859999895095825 5200
2.9000000953674316 2.9000000953674316 2.8499999046325684 2.8499999046325684 2200
2.6500000953674316 3.1600000858306885 2.6500000953674316 2.9839999675750732 18300
2.7300000190734863 3.2279999256134033 2.7300000190734863 3.065000057220459 22200
3.0269999504089355 3.190000057220459 3.0269999504089355 3.049999952316284 8200
3.0299999713897705 3.0299999713897705 2.5399999618530273 2.7839999198913574 7300
2.6600000858306885 2.75 2.549999952316284 2.5999999046325684 8900
2.630000114440918 2.630000114440918 2.359999895095825 2.359999895095825 8100
2.359999895095825 2.359999895095825 2.180000066757202 2.190000057220459 1700
2.180000066757202 2.194000005722046 1.850000023841858 2.194000005722046 3700
2.2200000286102295 2.2200000286102295 1.7999999523162842 1.7999999523162842 13000
1.7999999523162842 1.7999999523162842 1.5 1.5 5100
1.5 1.5299999713897705 1.4199999570846558 1.4199999570846558 8100
1.5299999713897705 2.625 1.1200000047683716 2.5399999618530273 110900
2.5399999618530273 2.5899999141693115 1.7999999523162842 1.8910000324249268 30800
1.7999999523162842 1.840000033378601 1.75 1.753999948501587 4700
1.8600000143051147 1.8600000143051147 1.75 1.7510000467300415 3000
1.649999976158142 1.6540000438690186 1.5 1.5069999694824219 17700
1.625 1.6330000162124634 1.2400000095367432 1.3899999856948853 7300
1.3489999771118164 1.399999976158142 1.3489999771118164 1.3969999551773071 900
1.7109999656677246 1.899999976158142 1.4170000553131104 1.899999976158142 9700
1.9500000476837158 1.9500000476837158 1.2999999523162842 1.690000057220459 11100
1.8600000143051147 1.8600000143051147 1.3899999856948853 1.5700000524520874 1500
1.7100000381469727 1.7899999618530273 1.350000023841858 1.5 7500
1.6649999618530273 1.7999999523162842 1.524999976158142 1.7999999523162842 5400
1.9500000476837158 1.9500000476837158 1.5199999809265137 1.5199999809265137 4800
1.909999966621399 3.4200000762939453 1.559999942779541 3.299999952316284 101900
3.5899999141693115 4.849999904632568 2.630000114440918 2.9100000858306885 194200
2.9200000762939453 3.259999990463257 2.5 2.640000104904175 10700
2.630000114440918 2.630000114440918 2.0 2.4000000953674316 12800
2.0299999713897705 2.4119999408721924 2.0299999713897705 2.4119999408721924 5500
2.130000114440918 2.4070000648498535 2.0999999046325684 2.1110000610351562 4200
2.140000104904175 2.4089999198913574 2.140000104904175 2.1700000762939453 3100
2.4000000953674316 2.4000000953674316 2.1500000953674316 2.2750000953674316 1500
2.4200000762939453 2.4200000762939453 2.299999952316284 2.306999921798706 2100
2.109999895095825 2.628999948501587 1.8899999856948853 2.049999952316284 46100
2.390000104904175 2.390000104904175 2.184999942779541 2.2300000190734863 4900
2.3299999237060547 2.3299999237060547 2.132999897003174 2.190000057220459 3900
2.1670000553131104 2.2920000553131104 2.0199999809265137 2.0989999771118164 3400
2.4200000762939453 2.4200000762939453 2.059999942779541 2.059999942779541 2800
2.549999952316284 2.549999952316284 2.0199999809265137 2.0880000591278076 4000
2.319999933242798 2.319999933242798 2.119999885559082 2.119999885559082 1900
2.190000057220459 2.190000057220459 2.119999885559082 2.119999885559082 1300
2.059999942779541 2.059999942779541 2.049999952316284 2.049999952316284 700
2.0199999809265137 2.190000057220459 2.0 2.0 7100
2.049999952316284 2.049999952316284 1.9780000448226929 1.9850000143051147 3700
2.0199999809265137 2.2739999294281006 2.013000011444092 2.197999954223633 33400
2.299999952316284 2.299999952316284 1.8899999856948853 1.9800000190734863 6600
1.809999942779541 2.1500000953674316 1.809999942779541 2.1500000953674316 1200
2.1640000343322754 2.1640000343322754 2.0769999027252197 2.0769999027252197 2000
2.240000009536743 2.2699999809265137 2.0 2.009999990463257 7500
2.0 2.0 1.809999942779541 1.8799999952316284 6900
1.906000018119812 1.906000018119812 1.6950000524520874 1.7899999618530273 4500
1.7899999618530273 1.7899999618530273 1.6399999856948853 1.7300000190734863 8200
1.7799999713897705 1.7799999713897705 1.6950000524520874 1.7300000190734863 3100
1.7200000286102295 1.7430000305175781 1.7200000286102295 1.7300000190734863 4500
1.7400000095367432 1.7400000095367432 1.7000000476837158 1.7000000476837158 2000
1.7000000476837158 1.9900000095367432 1.7000000476837158 1.8600000143051147 8700
2.0299999713897705 2.0299999713897705 1.8899999856948853 1.940000057220459 3400
1.9500000476837158 1.9500000476837158 1.8309999704360962 1.8489999771118164 2700
2.0299999713897705 2.0399999618530273 1.9700000286102295 2.0399999618530273 2100
2.140000104904175 2.140000104904175 1.9700000286102295 2.0 8900
2.0999999046325684 2.0999999046325684 2.003999948501587 2.0799999237060547 1500
2.009999990463257 2.140000104904175 2.0 2.140000104904175 11100
2.069999933242798 2.0999999046325684 2.0179998874664307 2.065000057220459 4800
2.0999999046325684 2.0999999046325684 1.930999994277954 2.015000104904175 10800
2.130000114440918 2.130000114440918 1.9500000476837158 2.0950000286102295 4700
2.1700000762939453 2.1700000762939453 1.9620000123977661 2.0999999046325684 3500
2.0899999141693115 2.0899999141693115 1.9299999475479126 1.9500000476837158 4300
2.0199999809265137 2.259999990463257 1.9299999475479126 1.9299999475479126 7200
1.9989999532699585 2.0290000438690186 1.9199999570846558 1.9199999570846558 1900
2.009999990463257 2.009999990463257 1.9500000476837158 1.9700000286102295 2500
2.059999942779541 2.430000066757202 1.9950000047683716 2.2699999809265137 32500
2.359999895095825 2.944999933242798 2.359999895095825 2.880000114440918 34400
3.0199999809265137 3.177000045776367 2.23799991607666 2.75 15500
3.009999990463257 3.190000057220459 2.380000114440918 3.0899999141693115 63300
3.1500000953674316 4.0 2.2300000190734863 2.6700000762939453 240400
2.5999999046325684 2.615999937057495 2.299999952316284 2.4800000190734863 49800
2.5799999237060547 2.5799999237060547 2.2100000381469727 2.3489999771118164 22100
2.4700000286102295 2.7239999771118164 2.4700000286102295 2.5179998874664307 15000
2.5899999141693115 3.440000057220459 2.5899999141693115 2.869999885559082 253900
3.009999990463257 3.200000047683716 2.7200000286102295 2.9800000190734863 17800
2.9200000762939453 3.00600004196167 2.4800000190734863 2.640000104904175 31900
2.640000104904175 3.490000009536743 2.640000104904175 2.859999895095825 223300
2.990000009536743 3.299999952316284 2.7179999351501465 2.859999895095825 46600
2.990000009536743 2.990000009536743 2.7100000381469727 2.75 31300
2.700000047683716 3.0799999237060547 2.700000047683716 2.7699999809265137 63900
2.9200000762939453 2.9200000762939453 2.299999952316284 2.4700000286102295 36000
2.6600000858306885 2.6600000858306885 2.4000000953674316 2.4600000381469727 4900
2.4000000953674316 2.509999990463257 2.309999942779541 2.309999942779541 13400
2.4200000762939453 2.5899999141693115 2.259999990463257 2.369999885559082 27800
2.549999952316284 2.549999952316284 2.259999990463257 2.309999942779541 11200
2.440000057220459 3.0 2.319999933242798 2.7839999198913574 68000
2.9200000762939453 2.990000009536743 2.4800000190734863 2.6700000762939453 14100
2.680000066757202 2.8499999046325684 2.5999999046325684 2.700000047683716 34400
2.8299999237060547 2.8399999141693115 2.6500000953674316 2.759999990463257 7000
2.8499999046325684 3.490000009536743 2.8299999237060547 3.299999952316284 161200
3.3299999237060547 4.5 3.3299999237060547 3.7200000286102295 463100
3.8399999141693115 3.8399999141693115 3.0199999809265137 3.4000000953674316 89000
3.1500000953674316 3.700000047683716 3.1500000953674316 3.4100000858306885 61500
3.4000000953674316 3.700000047683716 2.9000000953674316 2.9700000286102295 41000
3.0899999141693115 3.109999895095825 2.799999952316284 2.9820001125335693 61700
2.799999952316284 3.190000057220459 2.799999952316284 2.934999942779541 47800
2.9600000381469727 3.180000066757202 2.799999952316284 3.0199999809265137 56200
2.9800000190734863 2.9800000190734863 2.799999952316284 2.859999895095825 10800
2.819999933242798 2.990000009536743 2.799999952316284 2.8499999046325684 35900
2.9700000286102295 2.9700000286102295 2.759999990463257 2.8499999046325684 8100
2.859999895095825 2.859999895095825 2.640000104904175 2.6500000953674316 15800
2.640000104904175 2.8499999046325684 2.640000104904175 2.8399999141693115 13300
2.8499999046325684 2.859999895095825 2.6700000762939453 2.7799999713897705 17200
2.990000009536743 2.990000009536743 2.6500000953674316 2.7300000190734863 15500
2.680000066757202 2.8299999237060547 2.630000114440918 2.630000114440918 9900
2.809999942779541 2.880000114440918 2.7249999046325684 2.7300000190734863 17100
2.990000009536743 3.3499999046325684 2.75 2.7899999618530273 66400
2.890000104904175 3.0 2.7699999809265137 3.0 7400
3.0399999618530273 3.4000000953674316 2.940000057220459 3.1700000762939453 121400
3.309999942779541 3.309999942779541 3.069999933242798 3.2100000381469727 21300
3.200000047683716 3.200000047683716 2.7200000286102295 3.1579999923706055 51800
3.0399999618530273 3.130000114440918 2.9000000953674316 2.9200000762939453 27700
2.990000009536743 2.990000009536743 2.9000000953674316 2.9000000953674316 14600
3.0199999809265137 3.130000114440918 2.9200000762939453 2.990000009536743 46100
3.0899999141693115 3.0899999141693115 2.8299999237060547 2.9600000381469727 36600
2.950000047683716 3.0999999046325684 2.9000000953674316 2.940000057220459 33900
3.069999933242798 3.069999933242798 2.9700000286102295 2.994999885559082 9800
3.069999933242798 3.190000057220459 2.9700000286102295 3.140000104904175 65900
3.009999990463257 3.069999933242798 2.9000000953674316 2.9000000953674316 34000
2.8299999237060547 2.950000047683716 2.799999952316284 2.9010000228881836 36800
3.0299999713897705 3.0299999713897705 2.799999952316284 2.8399999141693115 17100
2.9200000762939453 3.3340001106262207 2.859999895095825 3.25 118300
3.240000009536743 3.240000009536743 3.0199999809265137 3.234999895095825 12800
3.0950000286102295 3.140000104904175 3.0199999809265137 3.069999933242798 12900
3.1500000953674316 3.1500000953674316 3.0199999809265137 3.125 6000
3.0799999237060547 3.1600000858306885 3.009999990463257 3.059999942779541 64800
3.009999990463257 3.180000066757202 3.009999990463257 3.180000066757202 6000
3.200000047683716 3.200000047683716 3.009999990463257 3.0899999141693115 14200
3.0899999141693115 3.0899999141693115 3.0 3.0 18000
3.0399999618530273 3.2799999713897705 2.6500000953674316 3.049999952316284 100700
3.200000047683716 3.200000047683716 2.799999952316284 3.049999952316284 23800
3.130000114440918 3.1700000762939453 2.880000114440918 3.0899999141693115 42600
2.9100000858306885 2.9700000286102295 2.700000047683716 2.7300000190734863 24000
2.75 2.9600000381469727 2.700000047683716 2.7699999809265137 12400
2.890000104904175 2.9600000381469727 2.700000047683716 2.809999942779541 8500
2.8399999141693115 2.88100004196167 2.700000047683716 2.700000047683716 9000
2.690000057220459 2.859999895095825 2.680000066757202 2.700000047683716 14000
2.8499999046325684 2.8499999046325684 2.700000047683716 2.809999942779541 18400
2.7899999618530273 2.799999952316284 2.6500000953674316 2.680000066757202 12200
2.7699999809265137 2.7899999618530273 2.5510001182556152 2.572999954223633 9600
2.569999933242798 2.822999954223633 2.5 2.6700000762939453 17300
2.640000104904175 2.640000104904175 2.4200000762939453 2.549999952316284 6500
2.6019999980926514 2.6600000858306885 2.430000066757202 2.430000066757202 10100
2.4700000286102295 2.75 2.3399999141693115 2.440000057220459 82900
2.440000057220459 2.440000057220459 2.2699999809265137 2.3450000286102295 24300
2.4000000953674316 2.4000000953674316 2.3499999046325684 2.380000114440918 7800
2.509999990463257 2.509999990463257 2.309999942779541 2.4000000953674316 7300
2.440000057220459 2.549999952316284 2.312000036239624 2.4000000953674316 9200
2.4000000953674316 2.4000000953674316 2.1500000953674316 2.1500000953674316 17400
2.2300000190734863 2.265000104904175 2.200000047683716 2.2300000190734863 18000
2.2799999713897705 2.9600000381469727 2.0999999046325684 2.8299999237060547 238500
2.8399999141693115 2.950000047683716 2.5 2.690000057220459 97600
2.680000066757202 2.859999895095825 2.5 2.799999952316284 94700
2.930000066757202 2.930000066757202 2.559999942779541 2.7200000286102295 36200
2.7100000381469727 2.7100000381469727 2.4200000762939453 2.5 29900
2.569999933242798 2.569999933242798 2.390000104904175 2.4000000953674316 27100
2.3499999046325684 2.559999942779541 2.3499999046325684 2.4100000858306885 30400
2.4600000381469727 2.7100000381469727 2.4549999237060547 2.7100000381469727 28500
2.7100000381469727 2.7100000381469727 2.4600000381469727 2.5 39700
2.509999990463257 4.050000190734863 2.509999990463257 3.5399999618530273 3900900
3.119999885559082 3.299999952316284 2.700000047683716 2.9600000381469727 1449200
2.7699999809265137 2.859999895095825 2.4000000953674316 2.440000057220459 364100
2.490000009536743 2.609999895095825 2.299999952316284 2.440000057220459 188700
2.5969998836517334 2.5969998836517334 2.380000114440918 2.549999952316284 87300
2.5799999237060547 2.5799999237060547 2.359999895095825 2.430000066757202 63500
2.369999885559082 2.3949999809265137 2.25 2.259999990463257 86600
2.259999990463257 2.299999952316284 2.0799999237060547 2.130000114440918 67300
2.119999885559082 2.25 2.059999942779541 2.180000066757202 29700
2.1700000762939453 2.1700000762939453 1.7699999809265137 1.809999942779541 123900
1.9700000286102295 2.0199999809265137 1.8799999952316284 1.9500000476837158 48600
1.9500000476837158 2.059999942779541 1.940000057220459 1.9700000286102295 24900
2.0399999618530273 2.0799999237060547 1.909000039100647 2.059999942779541 28100
2.059999942779541 2.130000114440918 1.9919999837875366 2.069999933242798 32700
2.049999952316284 2.180000066757202 1.9700000286102295 2.0899999141693115 37700
2.190000057220459 2.450000047683716 2.190000057220459 2.3399999141693115 90300
3.450000047683716 10.0 3.259999990463257 5.159999847412109 166088700
4.119999885559082 6.579999923706055 3.799999952316284 4.949999809265137 10827400
4.829999923706055 6.650000095367432 4.610000133514404 5.639999866485596 13807800
6.0 7.559999942779541 5.599999904632568 6.099999904632568 11117200
6.070000171661377 6.670000076293945 5.420000076293945 5.650000095367432 2416600
5.300000190734863 5.5 4.800000190734863 4.929999828338623 963500
5.010000228881836 5.300000190734863 4.800000190734863 4.929999828338623 511900
4.900000095367432 4.982999801635742 4.5 4.800000190734863 419800
4.800000190734863 4.820000171661377 4.550000190734863 4.690000057220459 321000
5.5 7.699999809265137 5.150000095367432 7.699999809265137 9017800
7.460000038146973 7.480000019073486 5.809999942779541 6.329999923706055 2270300
6.099999904632568 6.599999904632568 6.0 6.230000019073486 567500
6.28000020980835 6.429999828338623 5.690000057220459 5.829999923706055 453700
5.929999828338623 6.03000020980835 5.5 5.71999979019165 346200
5.579999923706055 5.610000133514404 5.25 5.409999847412109 332700
5.269999980926514 5.679999828338623 5.090000152587891 5.590000152587891 237000
5.724999904632568 5.874000072479248 5.53000020980835 5.610000133514404 222700
5.650000095367432 5.659999847412109 5.260000228881836 5.550000190734863 226200
9.1899995803833 11.399999618530273 7.710000038146973 8.289999961853027 66203200
8.100000381469727 9.210000038146973 7.900000095367432 8.899999618530273 2365000
8.725000381469727 9.449999809265137 8.5 8.869999885559082 848500
8.65999984741211 9.0 8.489999771118164 8.550000190734863 861700
8.5 8.949999809265137 8.25 8.390000343322754 580600
8.239999771118164 8.449999809265137 7.389999866485596 7.510000228881836 375800
7.519999980926514 8.005999565124512 7.513999938964844 7.820000171661377 179100
7.849999904632568 8.1899995803833 7.539999961853027 8.119999885559082 216700
8.210000038146973 8.850000381469727 8.130000114440918 8.699999809265137 712000
8.75 9.350000381469727 8.609999656677246 9.09000015258789 593100
9.729999542236328 9.760000228881836 8.699999809265137 8.789999961853027 511900
8.729999542236328 8.770000457763672 7.900000095367432 7.989999771118164 342800
8.069999694824219 8.350000381469727 8.069999694824219 8.1899995803833 92100
8.239999771118164 8.350000381469727 8.010000228881836 8.069999694824219 35000
8.109999656677246 8.109999656677246 7.550000190734863 7.550000190734863 163100
7.619999885559082 7.807000160217285 7.150000095367432 7.260000228881836 151800
7.260000228881836 7.64300012588501 7.260000228881836 7.639999866485596 105800
7.429999828338623 7.505000114440918 7.170000076293945 7.239999771118164 121200
7.150000095367432 7.199999809265137 6.659999847412109 7.150000095367432 126100
7.070000171661377 7.355000019073486 6.820000171661377 7.159999847412109 59800
7.289999961853027 7.349999904632568 6.880000114440918 6.949999809265137 146100
7.300000190734863 7.414999961853027 7.150000095367432 7.340000152587891 145600
7.349999904632568 7.440000057220459 7.144000053405762 7.230000019073486 84400
7.159999847412109 7.260000228881836 7.099999904632568 7.199999809265137 69500
7.099999904632568 7.119999885559082 6.849999904632568 6.900000095367432 136700
7.309999942779541 8.75 7.099999904632568 8.270000457763672 1032500
8.732999801635742 8.84000015258789 7.679999828338623 8.050000190734863 429700
7.929999828338623 8.034000396728516 7.380000114440918 7.460000038146973 166400
7.53000020980835 7.749000072479248 7.380000114440918 7.489999771118164 124600
7.590000152587891 7.673999786376953 7.21999979019165 7.429999828338623 59200
7.369999885559082 7.889999866485596 7.25 7.590000152587891 155200
7.559999942779541 7.96999979019165 7.449999809265137 7.539999961853027 138000
7.630000114440918 7.96999979019165 7.295000076293945 7.579999923706055 270200
7.559999942779541 7.929999828338623 7.46999979019165 7.699999809265137 132100
7.420000076293945 7.769999980926514 7.230000019073486 7.309999942779541 174200
7.25 7.579999923706055 6.900000095367432 7.119999885559082 147600
7.070000171661377 7.5 6.789999961853027 7.449999809265137 196000
7.449999809265137 7.449999809265137 7.004000186920166 7.300000190734863 64000
7.420000076293945 7.420000076293945 7.110000133514404 7.369999885559082 55500
7.340000152587891 7.639999866485596 7.269999980926514 7.429999828338623 188400
7.679999828338623 7.989999771118164 7.449999809265137 7.989999771118164 268100
7.96999979019165 8.800999641418457 7.71999979019165 7.880000114440918 687600
7.929999828338623 7.949999809265137 7.650000095367432 7.760000228881836 131000
7.989999771118164 8.130000114440918 7.860000133514404 7.929999828338623 187100
8.0 8.149999618530273 7.329999923706055 7.699999809265137 107400
7.699999809265137 8.12399959564209 7.619999885559082 7.900000095367432 110600
7.820000171661377 7.869999885559082 7.550000190734863 7.610000133514404 113400
7.71999979019165 7.783999919891357 7.420000076293945 7.489999771118164 103700
7.650000095367432 7.75 7.329999923706055 7.550000190734863 108100
22.1299991607666 26.420000076293945 14.449999809265137 14.739999771118164 64139700
13.609999656677246 14.300000190734863 12.0 12.9399995803833 2520200
12.699999809265137 13.550000190734863 12.510000228881836 13.0 464600
11.850000381469727 12.25 10.270000457763672 12.229999542236328 491200
12.380000114440918 13.5 12.350000381469727 13.34000015258789 295000
13.130000114440918 13.133999824523926 11.699999809265137 12.09000015258789 271600
11.819999694824219 12.399999618530273 11.600000381469727 12.050000190734863 130600
12.90999984741211 12.90999984741211 12.010000228881836 12.369999885559082 109100
12.380000114440918 12.479999542236328 12.050999641418457 12.199999809265137 82500
12.069999694824219 12.25 11.609999656677246 11.90999984741211 98600
11.869999885559082 11.869999885559082 10.619000434875488 11.460000038146973 103100
11.34000015258789 11.739999771118164 10.779999732971191 11.739999771118164 111400
12.140000343322754 12.390000343322754 11.220000267028809 11.229999542236328 105700
11.350000381469727 12.003000259399414 11.279999732971191 11.5 98100
11.460000038146973 12.5 11.430000305175781 12.0600004196167 148800
12.579999923706055 12.75 12.175000190734863 12.34000015258789 84000
12.15999984741211 12.949999809265137 12.050000190734863 12.949999809265137 93300
13.25 15.5 13.199999809265137 14.9399995803833 537100
14.9399995803833 15.052000045776367 13.550000190734863 13.880000114440918 198400
13.670000076293945 14.359999656677246 13.380000114440918 14.199999809265137 52400
14.399999618530273 14.800000190734863 13.880000114440918 14.170000076293945 79700
14.170000076293945 14.390999794006348 13.883000373840332 14.010000228881836 54300
14.039999961853027 14.406000137329102 13.890000343322754 14.100000381469727 57300
14.149999618530273 14.791000366210938 13.949999809265137 14.359999656677246 123800
14.510000228881836 15.619999885559082 14.510000228881836 14.699999809265137 232500
14.489999771118164 14.880000114440918 14.170000076293945 14.699999809265137 107400
15.0 15.5 14.710000038146973 15.5 107200
15.149999618530273 15.970000267028809 15.149999618530273 15.850000381469727 245600
16.040000915527344 16.100000381469727 13.859999656677246 14.489999771118164 185000
13.399999618530273 13.800000190734863 12.25 12.369999885559082 284700
12.5600004196167 12.862000465393066 11.579999923706055 11.579999923706055 153300
11.739999771118164 12.050000190734863 11.619999885559082 11.75 52900
11.539999961853027 11.843999862670898 11.520000457763672 11.649999618530273 44400
11.600000381469727 11.9399995803833 11.600000381469727 11.720000267028809 34400
11.890000343322754 12.300000190734863 11.65999984741211 11.829999923706055 50100
11.6899995803833 11.755999565124512 11.25 11.25 48200
11.789999961853027 11.970000267028809 10.800000190734863 11.079999923706055 102800
10.819999694824219 10.979999542236328 9.319999694824219 9.880000114440918 270300
9.90999984741211 10.180000305175781 9.779999732971191 10.020000457763672 43000
10.020000457763672 10.050000190734863 9.600000381469727 9.6899995803833 29700
9.649999618530273 9.65999984741211 8.960000038146973 9.020000457763672 73200
9.0 9.0 8.100000381469727 8.229999542236328 81300
8.350000381469727 8.350000381469727 8.0 8.149999618530273 37200
8.020000457763672 8.579999923706055 7.960000038146973 8.390000343322754 64800
8.390000343322754 8.800000190734863 8.189000129699707 8.300000190734863 56300
8.210000038146973 8.5 8.140000343322754 8.390000343322754 45600
8.3100004196167 8.949999809265137 8.3100004196167 8.770000457763672 52400
8.90999984741211 9.489999771118164 8.710000038146973 9.470000267028809 71300
9.449999809265137 9.449999809265137 9.010000228881836 9.289999961853027 16800
9.449999809265137 9.449999809265137 8.5 8.710000038146973 45900
8.699999809265137 8.789999961853027 8.15999984741211 8.220000267028809 47100
8.210000038146973 8.369999885559082 7.989999771118164 8.079999923706055 43700
8.010000228881836 8.15999984741211 7.889999866485596 8.020000457763672 39700
8.079999923706055 8.289999961853027 8.0 8.0600004196167 19100
7.980000019073486 8.170000076293945 7.755000114440918 7.869999885559082 28300
7.840000152587891 8.147000312805176 7.840000152587891 8.0 24600
7.860000133514404 8.149999618530273 7.519999980926514 7.590000152587891 30500
7.440000057220459 7.730000019073486 7.150000095367432 7.630000114440918 44400
7.409999847412109 7.626999855041504 6.840000152587891 6.960000038146973 160900
6.940000057220459 8.039999961853027 6.940000057220459 7.150000095367432 131600
7.050000190734863 7.409999847412109 6.980000019073486 7.409999847412109 35800
7.460000038146973 7.570000171661377 7.309999942779541 7.449999809265137 15600
7.5 7.650000095367432 7.460000038146973 7.630000114440918 22300
7.46999979019165 7.53000020980835 7.199999809265137 7.300000190734863 26100
7.360000133514404 7.610000133514404 7.258999824523926 7.570000171661377 21500
7.690000057220459 7.763000011444092 7.409999847412109 7.650000095367432 35000
7.650000095367432 7.880000114440918 7.489999771118164 7.840000152587891 50000
7.789999961853027 7.980000019073486 7.702000141143799 7.949999809265137 20800
7.949999809265137 8.180000305175781 7.880000114440918 8.149999618530273 30500
8.210000038146973 8.619999885559082 8.039999961853027 8.399999618530273 92100
8.359999656677246 8.640000343322754 8.3100004196167 8.460000038146973 87400
8.739999771118164 8.741999626159668 8.359999656677246 8.569999694824219 36000
8.550000190734863 8.79699993133545 8.529999732971191 8.770000457763672 25000
8.850000381469727 8.869999885559082 8.510000228881836 8.6899995803833 57600
8.680000305175781 8.869999885559082 8.609999656677246 8.779999732971191 26300
8.760000228881836 9.0 8.760000228881836 9.0 36900
9.460000038146973 9.979999542236328 9.229999542236328 9.6899995803833 148400
9.850000381469727 9.850000381469727 9.609999656677246 9.670000076293945 70500
9.65999984741211 9.880000114440918 9.100000381469727 9.319999694824219 51100
9.279999732971191 9.34000015258789 9.126999855041504 9.270000457763672 27000
9.239999771118164 9.260000228881836 9.050000190734863 9.100000381469727 40600
9.229999542236328 9.279999732971191 9.020000457763672 9.09000015258789 571800
10.960000038146973 11.239999771118164 8.510000228881836 9.1899995803833 2194100
8.75 8.859999656677246 8.300000190734863 8.75 249700
8.649999618530273 8.850000381469727 8.432000160217285 8.850000381469727 113400
8.859999656677246 9.149999618530273 8.729999542236328 8.920000076293945 69000
8.930000305175781 8.949999809265137 8.5 8.899999618530273 46400
8.880000114440918 9.4399995803833 8.770000457763672 9.3100004196167 69500
9.199999809265137 9.41100025177002 9.0600004196167 9.3100004196167 41300
9.199999809265137 9.319999694824219 8.9399995803833 9.069999694824219 46300
8.149999618530273 8.149999618530273 7.900000095367432 8.0600004196167 420800
8.0 8.09000015258789 8.0 8.0 89700
8.0 8.100000381469727 7.800000190734863 7.840000152587891 93000
7.820000171661377 8.079999923706055 7.809999942779541 7.900000095367432 31400
7.960000038146973 7.960000038146973 7.78000020980835 7.849999904632568 36100
7.849999904632568 7.929999828338623 7.699999809265137 7.809999942779541 41800
7.78000020980835 7.827000141143799 7.550000190734863 7.570000171661377 53700
7.550000190734863 7.699999809265137 7.389999866485596 7.510000228881836 57300
7.590000152587891 7.590000152587891 7.409999847412109 7.429999828338623 29600
7.349999904632568 7.578999996185303 7.349999904632568 7.460000038146973 16200
7.400000095367432 7.434999942779541 7.25 7.25 28800
7.25 7.340000152587891 7.03000020980835 7.070000171661377 32100
7.050000190734863 7.139999866485596 6.869999885559082 6.989999771118164 73900
7.050000190734863 7.130000114440918 7.0 7.090000152587891 27200
6.929999828338623 7.090000152587891 6.800000190734863 6.860000133514404 37500
7.058000087738037 7.179999828338623 6.877999782562256 7.110000133514404 14500
7.150000095367432 7.480000019073486 7.139999866485596 7.349999904632568 28400
7.239999771118164 7.329999923706055 6.889999866485596 6.900000095367432 68500
6.900000095367432 7.119999885559082 6.679999828338623 6.760000228881836 34400
6.630000114440918 6.820000171661377 6.5 6.630000114440918 23100
6.539999961853027 6.619999885559082 6.0 6.110000133514404 47500
6.099999904632568 6.418000221252441 6.099999904632568 6.340000152587891 19300
6.369999885559082 7.489999771118164 6.099999904632568 6.369999885559082 340600
6.269999980926514 6.53000020980835 6.190000057220459 6.429999828338623 52200
6.369999885559082 6.78000020980835 6.300000190734863 6.639999866485596 56500
6.570000171661377 6.809999942779541 6.539999961853027 6.670000076293945 28500
6.710000038146973 6.710000038146973 6.420000076293945 6.5 15600
6.5 6.570000171661377 6.349999904632568 6.360000133514404 21200
6.369999885559082 6.5 6.25 6.442999839782715 20700
6.440000057220459 6.699999809265137 6.429999828338623 6.460000038146973 25700
7.050000190734863 7.050000190734863 6.730000019073486 6.840000152587891 90000
6.78000020980835 7.03000020980835 6.570000171661377 6.909999847412109 54200
6.980000019073486 7.119999885559082 6.703000068664551 6.940000057220459 27200
6.889999866485596 6.960000038146973 6.75 6.800000190734863 17900
6.800000190734863 7.480000019073486 6.5 7.21999979019165 272800
7.059999942779541 7.400000095367432 6.460000038146973 7.119999885559082 92600
7.039999961853027 7.190000057220459 7.013000011444092 7.050000190734863 28500
6.889999866485596 6.9029998779296875 6.329999923706055 6.389999866485596 50500
6.460000038146973 6.590000152587891 6.320000171661377 6.340000152587891 30000
6.360000133514404 6.409999847412109 6.170000076293945 6.21999979019165 47200
6.400000095367432 6.769999980926514 6.309999942779541 6.610000133514404 46400
6.599999904632568 6.75 6.53000020980835 6.690000057220459 22800
6.650000095367432 6.840000152587891 6.550000190734863 6.769999980926514 13800
6.710000038146973 6.960000038146973 6.557000160217285 6.639999866485596 24900
6.730000019073486 6.909999847412109 6.590000152587891 6.699999809265137 10700
6.699999809265137 6.869999885559082 6.699999809265137 6.860000133514404 19000
6.809999942779541 6.96999979019165 6.599999904632568 6.679999828338623 40100
6.704999923706055 6.947999954223633 6.510000228881836 6.840000152587891 28600
6.820000171661377 6.960000038146973 6.6620001792907715 6.860000133514404 28500
6.829999923706055 7.159999847412109 6.829999923706055 7.070000171661377 37500
7.050000190734863 7.159999847412109 6.699999809265137 6.699999809265137 37000
6.699999809265137 7.090000152587891 6.699999809265137 6.889999866485596 9900
6.896999835968018 6.964000225067139 6.73199987411499 6.804999828338623 14400
6.789999961853027 6.789999961853027 6.610000133514404 6.699999809265137 11800
6.699999809265137 6.699999809265137 6.21999979019165 6.25 50800
6.300000190734863 6.420000076293945 6.25 6.349999904632568 31700
6.269999980926514 6.366000175476074 6.195000171661377 6.309999942779541 30000
6.25 6.440000057220459 6.25 6.389999866485596 17500
6.199999809265137 6.335000038146973 5.670000076293945 5.809999942779541 148200
6.010000228881836 6.159999847412109 5.690000057220459 5.920000076293945 42400
6.130000114440918 6.179999828338623 5.855000019073486 6.099999904632568 30000
6.28000020980835 6.380000114440918 6.099999904632568 6.329999923706055 25900
6.090000152587891 6.489999771118164 6.090000152587891 6.440000057220459 32900
6.440000057220459 6.769999980926514 6.409999847412109 6.590000152587891 26600
6.449999809265137 6.699999809265137 6.449999809265137 6.639999866485596 18800
6.679999828338623 6.71999979019165 6.329999923706055 6.360000133514404 14200
6.309999942779541 6.420000076293945 6.192999839782715 6.28000020980835 24200
6.260000228881836 6.349999904632568 6.150000095367432 6.300000190734863 15500
6.170000076293945 6.199999809265137 5.933000087738037 6.059999942779541 29800
6.019999980926514 6.375999927520752 6.0 6.28000020980835 51700
6.03000020980835 6.176000118255615 5.900000095367432 5.949999809265137 38100
6.090000152587891 6.210000038146973 6.090000152587891 6.159999847412109 18800
6.199999809265137 6.2829999923706055 6.170000076293945 6.184999942779541 33600
6.170000076293945 6.380000114440918 6.059999942779541 6.130000114440918 38100
6.15500020980835 6.289999961853027 6.076000213623047 6.190000057220459 11500
6.25 6.25 6.0 6.110000133514404 25200
6.110000133514404 6.15500020980835 5.980000019073486 6.110000133514404 40900
6.239999771118164 6.242000102996826 6.0 6.0 21000
6.019999980926514 6.114999771118164 6.019999980926514 6.079999923706055 14000
6.070000171661377 6.190000057220459 6.019999980926514 6.130000114440918 14100
6.099999904632568 6.360000133514404 6.099999904632568 6.230000019073486 23000
6.230000019073486 6.409999847412109 6.230000019073486 6.349999904632568 23600
6.309999942779541 6.335000038146973 6.010000228881836 6.019999980926514 32200
6.070000171661377 6.320000171661377 5.900000095367432 5.900000095367432 44400
5.949999809265137 6.099999904632568 5.800000190734863 5.989999771118164 35100
5.920000076293945 6.004000186920166 5.809999942779541 5.860000133514404 13600
5.929999828338623 6.0 5.800000190734863 5.809999942779541 37400
5.800000190734863 5.900000095367432 5.78000020980835 5.789999961853027 21000
5.869999885559082 5.949999809265137 5.7270002365112305 5.849999904632568 30500
5.789999961853027 5.789999961853027 5.559999942779541 5.650000095367432 43700
5.699999809265137 5.848999977111816 5.599999904632568 5.730000019073486 51000
5.949999809265137 5.999000072479248 5.724999904632568 5.730000019073486 89100
5.739999771118164 5.739999771118164 5.510000228881836 5.539999961853027 60200
5.519999980926514 6.0 5.519999980926514 5.949999809265137 49600
5.849999904632568 6.0 5.599999904632568 5.769999980926514 77400
5.699999809265137 5.989999771118164 5.519999980926514 5.664999961853027 74400
5.949999809265137 5.949999809265137 5.599999904632568 5.800000190734863 178500
5.880000114440918 5.880000114440918 5.679999828338623 5.860000133514404 53000
5.880000114440918 5.880000114440918 5.710000038146973 5.800000190734863 25600
5.739999771118164 5.78000020980835 5.590000152587891 5.670000076293945 34300
5.699999809265137 5.739999771118164 5.409999847412109 5.539999961853027 37900
5.519999980926514 5.579999923706055 5.099999904632568 5.21999979019165 68800
8.779999732971191 10.84000015258789 7.820000171661377 9.890000343322754 165905900
7.679999828338623 12.600000381469727 7.099999904632568 11.6899995803833 36143900
9.550000190734863 10.350000381469727 7.800000190734863 8.40999984741211 6028900
7.989999771118164 9.569999694824219 7.559999942779541 7.980000019073486 10661800
7.310999870300293 7.880000114440918 7.25 7.639999866485596 973000
7.400000095367432 7.449999809265137 6.909999847412109 7.340000152587891 1404800
7.260000228881836 7.960000038146973 6.96999979019165 7.670000076293945 1167500
7.420000076293945 7.78000020980835 6.5 6.820000171661377 816500
6.650000095367432 7.224999904632568 6.510000228881836 7.150000095367432 456100
7.119999885559082 7.159999847412109 6.53000020980835 6.699999809265137 321100
6.650000095367432 6.679999828338623 6.349999904632568 6.550000190734863 270400
6.519999980926514 7.480000019073486 6.381999969482422 7.179999828338623 537200
7.119999885559082 7.369999885559082 7.0 7.170000076293945 163500
7.099999904632568 7.789999961853027 7.03000020980835 7.309999942779541 460200
7.159999847412109 7.289999961853027 6.449999809265137 6.550000190734863 373000
6.559999942779541 6.78000020980835 6.099999904632568 6.440000057220459 220100
6.340000152587891 6.392000198364258 6.139999866485596 6.199999809265137 117100
6.21999979019165 6.46999979019165 5.96999979019165 6.409999847412109 123200
6.409999847412109 6.949999809265137 6.349999904632568 6.460000038146973 103800
6.329999923706055 6.449999809265137 6.159999847412109 6.409999847412109 83700
6.210000038146973 6.389999866485596 6.079999923706055 6.25 59000
6.300000190734863 7.039999961853027 6.28000020980835 7.039999961853027 346400
7.130000114440918 7.210000038146973 6.73199987411499 6.960000038146973 117900
7.050000190734863 7.050000190734863 6.659999847412109 6.78000020980835 99300
6.71999979019165 6.75 6.559999942779541 6.710000038146973 58500
6.869999885559082 7.099999904632568 6.619999885559082 6.78000020980835 75000
6.71999979019165 6.879000186920166 6.440000057220459 6.489999771118164 119700
6.369999885559082 6.650000095367432 6.349999904632568 6.550000190734863 80800
6.480000019073486 6.590000152587891 6.369999885559082 6.429999828338623 70700
6.400000095367432 6.849999904632568 6.300000190734863 6.710000038146973 74800
6.659999847412109 6.880000114440918 6.610000133514404 6.739999771118164 73200
6.659999847412109 6.829999923706055 6.25 6.25 73900
6.260000228881836 6.630000114440918 6.099999904632568 6.440000057220459 47300
6.340000152587891 6.429999828338623 6.114999771118164 6.170000076293945 38300
6.170000076293945 6.170000076293945 5.75 5.880000114440918 84900
5.820000171661377 6.25 5.820000171661377 6.210000038146973 36100
6.179999828338623 6.460000038146973 6.11899995803833 6.300000190734863 43100
6.300000190734863 6.374000072479248 5.860000133514404 5.940000057220459 47400
5.889999866485596 5.949999809265137 5.579999923706055 5.78000020980835 61500
5.71999979019165 5.880000114440918 5.5 5.570000171661377 47100
5.659999847412109 5.670000076293945 5.260000228881836 5.380000114440918 64400
5.519999980926514 5.579999923706055 5.25 5.309999942779541 53000
5.21999979019165 5.21999979019165 4.800000190734863 4.829999923706055 105900
4.670000076293945 4.949999809265137 4.119999885559082 4.849999904632568 105500
4.690000057220459 5.0 4.638000011444092 4.889999866485596 29400
5.03000020980835 5.079999923706055 4.460000038146973 4.480000019073486 65900
4.5 4.599999904632568 4.24399995803833 4.599999904632568 43400
4.46999979019165 4.960000038146973 4.360000133514404 4.960000038146973 73800
4.960000038146973 5.179999828338623 4.866000175476074 5.099999904632568 29400
5.090000152587891 5.559999942779541 4.96999979019165 5.559999942779541 92700
5.559999942779541 5.559999942779541 5.0 5.070000171661377 30800
5.059999942779541 5.119999885559082 4.945000171661377 4.989999771118164 20200
5.03000020980835 5.25 4.900000095367432 5.119999885559082 11700
5.119999885559082 5.245999813079834 5.0 5.070000171661377 9800
5.010000228881836 5.25 4.947000026702881 5.150000095367432 21300
5.230000019073486 5.579999923706055 5.159999847412109 5.53000020980835 68200
5.480000019073486 5.732999801635742 5.25 5.659999847412109 37200
5.590000152587891 5.590000152587891 5.190000057220459 5.239999771118164 35200
5.300000190734863 5.420000076293945 4.929999828338623 4.980000019073486 27600
5.03000020980835 5.211999893188477 5.010000228881836 5.179999828338623 26900
5.150000095367432 5.380000114440918 5.150000095367432 5.289999961853027 41000
5.429999828338623 5.429999828338623 5.170000076293945 5.329999923706055 38200
5.329999923706055 5.590000152587891 5.110000133514404 5.317999839782715 46100
5.230000019073486 5.389999866485596 5.052000045776367 5.179999828338623 40400
5.25 5.426000118255615 5.025000095367432 5.050000190734863 12700
4.670000076293945 5.0 4.5 4.980000019073486 36600
4.960000038146973 5.139999866485596 4.909999847412109 5.119999885559082 26300
5.039999961853027 5.199999809265137 5.039999961853027 5.190000057220459 23000
5.179999828338623 5.25 5.059999942779541 5.130000114440918 11700
4.980000019073486 5.28000020980835 4.980000019073486 5.130000114440918 23600
5.170000076293945 5.201000213623047 5.059999942779541 5.130000114440918 22000
5.119999885559082 5.119999885559082 4.841000080108643 5.050000190734863 20900
5.010000228881836 5.150000095367432 4.900000095367432 4.909999847412109 38500
4.900000095367432 6.300000190734863 4.900000095367432 5.230000019073486 481800
5.360000133514404 5.519999980926514 4.934999942779541 5.360000133514404 200400
5.210000038146973 5.260000228881836 4.789999961853027 5.019999980926514 77000
5.019999980926514 5.019999980926514 4.699999809265137 4.820000171661377 44500
4.789999961853027 4.870999813079834 4.349999904632568 4.489999771118164 52900
4.420000076293945 5.25 4.420000076293945 4.809999942779541 122800
4.909999847412109 5.21999979019165 4.880000114440918 4.960000038146973 39600
4.989999771118164 5.199999809265137 4.989999771118164 5.190000057220459 23900
5.119999885559082 5.489999771118164 5.050000190734863 5.289999961853027 53200
5.340000152587891 5.340000152587891 5.159999847412109 5.230000019073486 24500
5.264999866485596 5.656000137329102 5.264999866485596 5.46999979019165 73600
5.519999980926514 5.710000038146973 5.460000038146973 5.599999904632568 43900
5.570000171661377 5.71999979019165 5.5 5.679999828338623 18800
5.690000057220459 6.0 5.550000190734863 5.889999866485596 65700
5.449999809265137 5.730000019073486 5.110000133514404 5.159999847412109 145000
5.130000114440918 5.357999801635742 4.96999979019165 5.039999961853027 79100
5.25 5.269999980926514 4.860000133514404 4.900000095367432 36600
5.059999942779541 5.119999885559082 4.809999942779541 4.889999866485596 26500
4.829999923706055 5.0 4.699999809265137 4.889999866485596 47300
4.800000190734863 4.96999979019165 4.75 4.789999961853027 53000
4.71999979019165 4.789999961853027 4.570000171661377 4.619999885559082 28700
4.710000038146973 4.739999771118164 4.389999866485596 4.389999866485596 72100
4.389999866485596 4.622000217437744 4.349999904632568 4.360000133514404 21200
4.400000095367432 4.400000095367432 4.179999828338623 4.179999828338623 20100
4.179999828338623 4.179999828338623 4.03000020980835 4.170000076293945 20800
4.150000095367432 4.369999885559082 4.099999904632568 4.260000228881836 22500
4.199999809265137 4.579999923706055 4.130000114440918 4.570000171661377 32800
4.449999809265137 4.590000152587891 4.340000152587891 4.550000190734863 17800
4.5 4.539999961853027 4.199999809265137 4.269999980926514 18200
4.210000038146973 4.440000057220459 4.190000057220459 4.340000152587891 21800
4.210000038146973 4.369999885559082 4.210000038146973 4.360000133514404 11500
4.239999771118164 4.550000190734863 4.21999979019165 4.329999923706055 23400
4.230000019073486 4.340000152587891 4.099999904632568 4.179999828338623 30700
4.179999828338623 4.300000190734863 4.0329999923706055 4.269999980926514 22200
4.039999961853027 4.099999904632568 3.9000000953674316 4.010000228881836 68700
4.010000228881836 4.019999980926514 3.75 3.7899999618530273 22300
3.75 3.880000114440918 3.75 3.759999990463257 26400
3.75 3.940000057220459 3.75 3.8399999141693115 29600
3.799999952316284 3.9100000858306885 3.700000047683716 3.700000047683716 27100
3.7300000190734863 3.8399999141693115 3.700000047683716 3.8399999141693115 6400
3.859999895095825 3.933000087738037 3.75 3.8399999141693115 24700
3.799999952316284 3.950000047683716 3.7100000381469727 3.759999990463257 10400
3.7100000381469727 3.890000104904175 3.7100000381469727 3.75 12100
3.6600000858306885 3.819999933242798 3.5309998989105225 3.6700000762939453 24100
3.700000047683716 3.7699999809265137 3.3299999237060547 3.4000000953674316 31200
3.388000011444092 3.450000047683716 2.9000000953674316 2.9100000858306885 83600
2.799999952316284 3.049999952316284 2.799999952316284 2.819999933242798 37400
3.180999994277954 3.25600004196167 2.5999999046325684 2.759999990463257 80400
3.109999895095825 3.559999942779541 3.109999895095825 3.1500000953674316 519100
3.1500000953674316 3.1500000953674316 2.9000000953674316 3.0299999713897705 69300
3.140000104904175 3.1500000953674316 2.859999895095825 3.049999952316284 80600
3.119999885559082 3.1500000953674316 3.0199999809265137 3.119999885559082 30300
3.1500000953674316 3.177000045776367 2.869999885559082 3.0299999713897705 45100
3.1500000953674316 3.180000066757202 3.069999933242798 3.130000114440918 30200
3.299999952316284 3.3980000019073486 3.109999895095825 3.200000047683716 24900
3.2699999809265137 3.2699999809265137 3.0880000591278076 3.2300000190734863 14600
3.2699999809265137 3.4700000286102295 3.2699999809265137 3.4700000286102295 20700
3.490000009536743 3.630000114440918 3.444999933242798 3.630000114440918 26800
3.6500000953674316 3.75 3.6089999675750732 3.75 21400
3.9000000953674316 3.9800000190734863 3.7200000286102295 3.8499999046325684 38400
3.9000000953674316 3.950000047683716 3.680000066757202 3.950000047683716 15300
4.0 4.099999904632568 3.799999952316284 3.940000057220459 22500
3.940000057220459 4.130000114440918 3.9019999504089355 4.130000114440918 22400
4.110000133514404 4.118000030517578 3.9100000858306885 4.110000133514404 25600
4.010000228881836 4.039999961853027 3.9100000858306885 3.990000009536743 31000
4.0 4.126999855041504 3.9200000762939453 3.9200000762939453 18000
3.940000057220459 4.150000095367432 3.819999933242798 4.150000095367432 38000
3.759999990463257 3.9000000953674316 3.6630001068115234 3.680000066757202 60100
3.6600000858306885 3.877000093460083 3.6600000858306885 3.7100000381469727 10000
3.6679999828338623 3.819999933242798 3.6500000953674316 3.819999933242798 16300
3.7100000381469727 3.7100000381469727 3.450000047683716 3.4600000381469727 12300
3.440000057220459 3.884999990463257 3.440000057220459 3.549999952316284 14800
3.569999933242798 3.8299999237060547 3.569999933242798 3.799999952316284 12800
3.752000093460083 3.9210000038146973 3.752000093460083 3.869999885559082 12500
3.8499999046325684 3.9100000858306885 3.6500000953674316 3.799999952316284 11100
3.736999988555908 3.9000000953674316 3.736999988555908 3.859999895095825 7300
3.859999895095825 3.9600000381469727 3.759999990463257 3.9600000381469727 11400
3.869999885559082 3.990000009536743 3.812000036239624 3.940000057220459 13000
3.9800000190734863 4.139999866485596 3.884999990463257 4.0 8400
3.9600000381469727 4.139999866485596 3.950000047683716 3.990000009536743 10900
4.090000152587891 4.099999904632568 4.010000228881836 4.099999904632568 12400
4.119999885559082 4.139999866485596 4.050000190734863 4.130000114440918 7400
4.0 4.179999828338623 4.0 4.139999866485596 11700
4.139999866485596 4.420000076293945 4.099999904632568 4.409999847412109 12900
4.300000190734863 4.449999809265137 4.295000076293945 4.409999847412109 9600
4.420000076293945 4.420000076293945 4.170000076293945 4.190000057220459 14700
4.329999923706055 4.389999866485596 4.203999996185303 4.349999904632568 5500
4.324999809265137 4.360000133514404 4.2179999351501465 4.329999923706055 8600
4.349999904632568 4.349999904632568 4.119999885559082 4.317999839782715 19200
4.289999961853027 4.349999904632568 4.119999885559082 4.304999828338623 17500
4.239999771118164 4.489999771118164 4.117000102996826 4.369999885559082 13700
4.367000102996826 4.586999893188477 4.367000102996826 4.480000019073486 29400
4.519999980926514 4.559999942779541 4.329999923706055 4.389999866485596 26500
4.46999979019165 4.670000076293945 4.414000034332275 4.650000095367432 19200
4.699999809265137 4.710000038146973 4.51800012588501 4.619999885559082 9000
4.619999885559082 4.619999885559082 4.179999828338623 4.214000225067139 17100
4.130000114440918 4.489999771118164 4.130000114440918 4.25 13100
4.190000057220459 4.400000095367432 4.139999866485596 4.309999942779541 15600
4.230000019073486 4.364999771118164 4.1570000648498535 4.309999942779541 10900
4.300000190734863 4.369999885559082 4.142000198364258 4.2870001792907715 13200
4.269999980926514 4.289999961853027 4.150000095367432 4.289999961853027 3700
4.079999923706055 4.329999923706055 4.070000171661377 4.260000228881836 17300
4.039999961853027 4.414999961853027 4.039999961853027 4.300000190734863 19800
4.409999847412109 4.5 4.28000020980835 4.355000019073486 6600
4.340000152587891 4.590000152587891 4.28000020980835 4.400000095367432 28700
4.510000228881836 4.78000020980835 4.5 4.670000076293945 21800
4.699999809265137 4.75 4.301000118255615 4.610000133514404 7900
4.785999774932861 4.785999774932861 4.489999771118164 4.605000019073486 6400
4.570000171661377 4.650000095367432 4.409999847412109 4.46999979019165 7100
4.360000133514404 4.480000019073486 4.170000076293945 4.400000095367432 10900
4.739999771118164 4.739999771118164 4.170000076293945 4.409999847412109 21800
4.300000190734863 4.340000152587891 3.9200000762939453 4.199999809265137 22300
4.21999979019165 4.267000198364258 3.9800000190734863 4.0 18600
4.119999885559082 4.119999885559082 3.6700000762939453 3.750999927520752 32700
3.6600000858306885 3.7899999618530273 3.549999952316284 3.6500000953674316 16900
3.6500000953674316 3.799999952316284 3.5799999237060547 3.694999933242798 15100
3.611999988555908 3.700000047683716 3.5899999141693115 3.6500000953674316 10800
3.6600000858306885 3.7100000381469727 3.549999952316284 3.630000114440918 11400
3.619999885559082 3.6530001163482666 3.559999942779541 3.5999999046325684 12000
3.569999933242798 3.6470000743865967 3.450000047683716 3.4800000190734863 11000
3.430000066757202 3.5 3.3499999046325684 3.4000000953674316 15700
3.4200000762939453 3.430000066757202 3.2799999713897705 3.4000000953674316 8300
3.4240000247955322 3.490000009536743 3.309999942779541 3.309999942779541 4200
3.549999952316284 3.549999952316284 3.1500000953674316 3.315000057220459 43700
3.4100000858306885 3.4100000858306885 3.200000047683716 3.2100000381469727 5100
3.2699999809265137 3.569999933242798 3.181999921798706 3.2799999713897705 6100
3.369999885559082 3.6689999103546143 3.305000066757202 3.441999912261963 4200
3.365999937057495 3.490000009536743 3.3399999141693115 3.390000104904175 11900
3.380000114440918 3.490000009536743 3.375999927520752 3.3959999084472656 6600
3.4200000762939453 3.5899999141693115 3.4200000762939453 3.5350000858306885 8000
3.4000000953674316 3.5 3.2699999809265137 3.3299999237060547 14400
3.3299999237060547 3.440000057220459 3.190000057220459 3.384999990463257 10000
3.2799999713897705 3.3499999046325684 3.2699999809265137 3.2799999713897705 2200
3.2699999809265137 3.2699999809265137 3.0999999046325684 3.190000057220459 7800
3.200000047683716 3.200000047683716 3.049999952316284 3.0799999237060547 5900
3.0799999237060547 3.3299999237060547 3.049999952316284 3.059999942779541 14800
3.1110000610351562 3.119999885559082 3.0 3.0299999713897705 18600
3.130000114440918 3.1500000953674316 2.950000047683716 2.9600000381469727 6200
2.859999895095825 2.9000000953674316 2.6500000953674316 2.75 22500
2.700000047683716 2.75 2.5999999046325684 2.75 13100
2.740000009536743 2.740000009536743 2.549999952316284 2.559999942779541 15000
2.609999895095825 2.680000066757202 2.5840001106262207 2.680000066757202 13600
2.5320000648498535 2.744999885559082 2.5320000648498535 2.744999885559082 4800
2.7799999713897705 2.7799999713897705 2.5850000381469727 2.6600000858306885 1900
2.5999999046325684 2.700000047683716 2.4800000190734863 2.619999885559082 29200
2.569999933242798 2.690000057220459 2.515000104904175 2.5399999618530273 11400
2.5399999618530273 2.5989999771118164 2.5 2.559999942779541 6400
2.5 2.549999952316284 2.4800000190734863 2.509999990463257 2900
2.5 2.609999895095825 2.5 2.5 14000
2.5350000858306885 2.5350000858306885 2.299999952316284 2.313999891281128 14000
2.640000104904175 2.640000104904175 2.2300000190734863 2.2300000190734863 13800
2.2200000286102295 2.4000000953674316 2.069999933242798 2.200000047683716 36700
2.119999885559082 2.259999990463257 2.0950000286102295 2.130000114440918 22200
2.259000062942505 2.259000062942505 2.049999952316284 2.119999885559082 10400
2.109999895095825 2.200000047683716 2.009999990463257 2.0899999141693115 10100
2.0299999713897705 2.190000057220459 2.0299999713897705 2.109999895095825 22000
2.109999895095825 2.200000047683716 2.059999942779541 2.200000047683716 12500
2.200000047683716 2.200000047683716 2.0 2.0999999046325684 55500
2.069999933242798 2.119999885559082 2.0 2.059999942779541 10500
2.059999942779541 2.059999942779541 1.899999976158142 1.9700000286102295 11200
2.049999952316284 2.049999952316284 1.9500000476837158 1.9700000286102295 9900
2.009999990463257 2.140000104904175 1.9700000286102295 2.0799999237060547 15000
2.0399999618530273 2.180000066757202 1.9299999475479126 2.069999933242798 18700
2.130000114440918 2.2739999294281006 1.9900000095367432 2.2100000381469727 157500
2.240000009536743 2.2690000534057617 2.180000066757202 2.25 10900
2.309999942779541 2.3399999141693115 2.180000066757202 2.25 67300
2.2269999980926514 2.240000009536743 2.140000104904175 2.240000009536743 17400
2.180000066757202 2.2100000381469727 2.0999999046325684 2.180000066757202 27100
2.309999942779541 2.3399999141693115 2.140000104904175 2.240000009536743 45300
2.2799999713897705 2.3299999237060547 2.0999999046325684 2.25 35600
2.200000047683716 2.315000057220459 2.140000104904175 2.140000104904175 24300
2.380000114440918 2.380000114440918 2.058000087738037 2.0999999046325684 39900
2.1760001182556152 2.2300000190734863 1.9900000095367432 2.0399999618530273 59700
2.0799999237060547 2.190000057220459 2.059999942779541 2.1500000953674316 30800
2.200000047683716 2.368000030517578 2.177000045776367 2.3299999237060547 21000
2.3499999046325684 2.359999895095825 2.25 2.299999952316284 44900
2.319999933242798 2.319999933242798 2.200000047683716 2.259999990463257 18400
2.2899999618530273 2.3399999141693115 2.1600000858306885 2.3399999141693115 50300
2.2750000953674316 2.2750000953674316 2.140000104904175 2.180000066757202 35100
2.259999990463257 2.259999990463257 2.0999999046325684 2.0999999046325684 28800
2.1500000953674316 2.1500000953674316 2.049999952316284 2.0899999141693115 14500
2.25 2.25 2.0899999141693115 2.1700000762939453 11500
2.2100000381469727 2.2269999980926514 2.140000104904175 2.2190001010894775 5200
2.200000047683716 2.3399999141693115 2.049999952316284 2.069999933242798 12800
2.1500000953674316 2.200000047683716 2.0799999237060547 2.1500000953674316 8700
2.180000066757202 2.2799999713897705 2.1700000762939453 2.2200000286102295 17300
2.259999990463257 2.2679998874664307 2.1700000762939453 2.1700000762939453 8400
2.1500000953674316 2.299999952316284 2.140000104904175 2.180000066757202 11700
2.1700000762939453 2.309999942779541 2.1630001068115234 2.2200000286102295 32700
2.190000057220459 2.319999933242798 2.1700000762939453 2.1700000762939453 5800
2.252000093460083 2.252000093460083 2.109999895095825 2.119999885559082 30700
2.1600000858306885 2.2699999809265137 2.0899999141693115 2.1600000858306885 18200
2.1500000953674316 2.2200000286102295 2.109999895095825 2.109999895095825 6400
2.0799999237060547 2.130000114440918 1.8799999952316284 1.899999976158142 125200
1.9500000476837158 2.009999990463257 1.850000023841858 1.9199999570846558 45600
1.9800000190734863 2.0980000495910645 1.9299999475479126 1.9600000381469727 118000
2.0299999713897705 2.0399999618530273 1.8300000429153442 1.8799999952316284 27200
1.8899999856948853 2.25 1.8769999742507935 2.1700000762939453 139600
2.0199999809265137 2.109999895095825 2.0 2.1080000400543213 8100
2.009999990463257 2.140000104904175 1.9900000095367432 2.140000104904175 12600
2.1500000953674316 2.190000057220459 2.0320000648498535 2.190000057220459 22500
2.190000057220459 2.2300000190734863 2.0510001182556152 2.1500000953674316 16700
2.200000047683716 2.200000047683716 2.0999999046325684 2.119999885559082 6200
2.069999933242798 2.1500000953674316 1.9500000476837158 1.9500000476837158 138900
2.069999933242798 2.0999999046325684 1.9700000286102295 1.9900000095367432 11700
2.1500000953674316 2.180000066757202 2.046999931335449 2.1589999198913574 16800
2.0899999141693115 2.2300000190734863 2.0799999237060547 2.180000066757202 24600
2.240000009536743 2.3499999046325684 1.9900000095367432 2.0 35200
2.069999933242798 2.190000057220459 2.0 2.140000104904175 43000
2.069999933242798 2.180000066757202 2.0 2.1700000762939453 32100
2.109999895095825 2.3499999046325684 2.0299999713897705 2.299999952316284 45800
2.111999988555908 2.490000009536743 2.111999988555908 2.440000057220459 36600
2.437000036239624 2.5 2.380000114440918 2.4800000190734863 54100
2.509999990463257 2.5999999046325684 2.380000114440918 2.569999933242798 46900
2.569999933242798 2.569999933242798 2.380000114440918 2.549999952316284 31100
2.5899999141693115 2.5899999141693115 2.440000057220459 2.5199999809265137 8100
2.5299999713897705 2.6500000953674316 2.4600000381469727 2.609999895095825 26800
2.5199999809265137 2.5999999046325684 2.4200000762939453 2.490000009536743 17200
2.490000009536743 2.569999933242798 2.359999895095825 2.440000057220459 140200
2.509999990463257 2.565000057220459 2.390000104904175 2.5 27100
2.4600000381469727 2.6500000953674316 2.4600000381469727 2.490000009536743 22600
2.5 2.628999948501587 2.3499999046325684 2.369999885559082 29900
2.369999885559082 2.4200000762939453 2.25 2.299999952316284 43800
2.380000114440918 2.380000114440918 2.130000114440918 2.3350000381469727 20700
2.319999933242798 2.319999933242798 2.25 2.2899999618530273 19100
2.5 2.509999990463257 2.2899999618530273 2.4600000381469727 81900
2.4600000381469727 2.5 2.3399999141693115 2.4600000381469727 35400
2.4700000286102295 2.5 2.3299999237060547 2.490000009536743 29400
2.490000009536743 2.619999885559082 2.359999895095825 2.559999942779541 82800
2.559999942779541 2.640000104904175 2.4800000190734863 2.5299999713897705 23600
2.549999952316284 2.6040000915527344 2.4000000953674316 2.559999942779541 19400
2.549999952316284 2.5899999141693115 2.4100000858306885 2.549999952316284 31600
2.630000114440918 2.630000114440918 2.450000047683716 2.4800000190734863 28600
2.559999942779541 2.5799999237060547 2.380000114440918 2.390000104904175 31200
2.5 2.5 2.3399999141693115 2.4100000858306885 12500
2.444999933242798 2.490000009536743 2.2100000381469727 2.3399999141693115 29300
2.4000000953674316 2.4600000381469727 2.180000066757202 2.319999933242798 32900
2.3399999141693115 2.384999990463257 2.244999885559082 2.3499999046325684 44400
2.2799999713897705 2.359999895095825 2.200000047683716 2.3299999237060547 12000
2.2799999713897705 2.319999933242798 2.200000047683716 2.2300000190734863 10400
2.190000057220459 2.2060000896453857 2.049999952316284 2.1700000762939453 46000
2.140000104904175 2.1700000762939453 2.0299999713897705 2.0899999141693115 42900
2.0899999141693115 2.2939999103546143 2.0 2.2200000286102295 115100
2.2300000190734863 2.2300000190734863 2.049999952316284 2.0799999237060547 25400
2.1600000858306885 2.1600000858306885 2.0 2.0399999618530273 19600
2.128000020980835 2.2100000381469727 2.0799999237060547 2.1700000762939453 31600
2.111999988555908 2.190000057220459 2.009999990463257 2.180000066757202 20800
2.1700000762939453 2.174999952316284 2.0199999809265137 2.140000104904175 19300
2.1700000762939453 2.174999952316284 2.0399999618530273 2.0399999618530273 23700
2.049999952316284 2.180000066757202 2.0 2.049999952316284 24000
2.138000011444092 2.138000011444092 1.9800000190734863 2.0299999713897705 45500
2.0199999809265137 2.140000104904175 1.9500000476837158 1.9500000476837158 42000
2.0999999046325684 2.0999999046325684 1.8899999856948853 1.940000057220459 31800
1.9149999618530273 1.9199999570846558 1.7999999523162842 1.899999976158142 34100
1.8600000143051147 2.01200008392334 1.7999999523162842 1.809999942779541 32600
1.899999976158142 1.899999976158142 1.7799999713897705 1.7999999523162842 28400
1.850000023841858 1.8899999856948853 1.75 1.7599999904632568 29000
1.75 1.850000023841858 1.7100000381469727 1.809999942779541 43700
1.7999999523162842 1.8300000429153442 1.7300000190734863 1.7799999713897705 21500
1.7400000095367432 1.8300000429153442 1.600000023841858 1.6399999856948853 39800
1.6799999475479126 1.8300000429153442 1.6399999856948853 1.7400000095367432 86600
1.850000023841858 1.850000023841858 1.6699999570846558 1.690000057220459 16200
1.659999966621399 1.7599999904632568 1.649999976158142 1.7200000286102295 12700
1.649999976158142 1.7899999618530273 1.649999976158142 1.7400000095367432 8700
1.7300000190734863 1.7599999904632568 1.659999966621399 1.75 9100
1.7000000476837158 1.7999999523162842 1.649999976158142 1.7899999618530273 21600
1.7300000190734863 1.815999984741211 1.659999966621399 1.7200000286102295 18800
1.659999966621399 1.7300000190734863 1.5 1.5800000429153442 73400
1.559999942779541 1.6299999952316284 1.559999942779541 1.6299999952316284 26400
1.628000020980835 1.6299999952316284 1.5399999618530273 1.600000023841858 29900
1.6200000047683716 1.6299999952316284 1.5 1.590000033378601 29200
1.590000033378601 1.600000023841858 1.5 1.5499999523162842 16400
1.590000033378601 1.590000033378601 1.4900000095367432 1.5399999618530273 12900
1.5199999809265137 1.559999942779541 1.4800000190734863 1.5299999713897705 26400
1.5399999618530273 1.5399999618530273 1.4500000476837158 1.5 16800
1.5 1.559999942779541 1.4500000476837158 1.5399999618530273 21900
1.5399999618530273 1.5800000429153442 1.4600000381469727 1.5299999713897705 14600
1.559999942779541 1.559999942779541 1.4900000095367432 1.5199999809265137 8200
1.5099999904632568 1.5800000429153442 1.5099999904632568 1.5800000429153442 11400
1.5850000381469727 1.600000023841858 1.5399999618530273 1.590000033378601 16000
1.5470000505447388 1.590000033378601 1.5 1.5399999618530273 9600
1.5850000381469727 1.5850000381469727 1.5 1.5700000524520874 8000
1.5499999523162842 1.600000023841858 1.4600000381469727 1.5199999809265137 23300
1.5099999904632568 1.5700000524520874 1.440000057220459 1.4900000095367432 18000
1.4500000476837158 1.5199999809265137 1.399999976158142 1.434000015258789 15100
1.4299999475479126 1.4299999475479126 1.399999976158142 1.4199999570846558 18000
1.3899999856948853 1.4600000381469727 1.350000023841858 1.4199999570846558 21600
1.5099999904632568 1.5099999904632568 1.409999966621399 1.4600000381469727 4500
1.4600000381469727 1.590000033378601 1.4299999475479126 1.440000057220459 39500
1.440000057220459 1.5299999713897705 1.3799999952316284 1.4600000381469727 59500
1.4700000286102295 1.6610000133514404 1.2899999618530273 1.3899999856948853 347600
1.409999966621399 1.4299999475479126 1.2999999523162842 1.3600000143051147 60800
1.3990000486373901 1.406000018119812 1.1799999475479126 1.2000000476837158 1676100
1.3799999952316284 1.7699999809265137 1.2799999713897705 1.2899999618530273 2992600
1.340000033378601 1.340000033378601 1.1299999952316284 1.2200000286102295 668200
1.2200000286102295 1.2699999809265137 1.159999966621399 1.2599999904632568 130600
1.2999999523162842 1.2999999523162842 1.2100000381469727 1.25 72400
1.25 1.25 1.190000057220459 1.190000057220459 45000
1.190000057220459 1.2300000190734863 1.1299999952316284 1.190000057220459 48500
1.25 1.2999999523162842 1.2000000476837158 1.2699999809265137 54800
1.2899999618530273 1.3070000410079956 1.25 1.2599999904632568 35700
1.2599999904632568 1.3200000524520874 1.25 1.3200000524520874 55100
1.5499999523162842 1.7400000095367432 1.4199999570846558 1.4500000476837158 2138300
1.440000057220459 1.6200000047683716 1.409999966621399 1.5199999809265137 651000
1.5199999809265137 1.590000033378601 1.4299999475479126 1.5399999618530273 205500
1.6799999475479126 1.8600000143051147 1.6150000095367432 1.8300000429153442 683500
1.8600000143051147 1.9700000286102295 1.6299999952316284 1.8899999856948853 399800
1.9500000476837158 1.9500000476837158 1.600000023841858 1.809999942779541 287900
1.7899999618530273 1.8300000429153442 1.7050000429153442 1.7400000095367432 61300
1.75 1.7949999570846558 1.7100000381469727 1.7699999809265137 55500
1.7799999713897705 1.7899999618530273 1.75 1.7899999618530273 150800
1.7799999713897705 1.899999976158142 1.7699999809265137 1.8899999856948853 37800
1.840000033378601 1.8799999952316284 1.7699999809265137 1.850000023841858 51500
1.809999942779541 1.8459999561309814 1.7400000095367432 1.7699999809265137 73500
1.7799999713897705 1.8489999771118164 1.75 1.7999999523162842 52600
1.8300000429153442 1.8300000429153442 1.7200000286102295 1.7300000190734863 29000
1.75 1.809999942779541 1.7100000381469727 1.7899999618530273 42200
1.7799999713897705 1.7799999713897705 1.7400000095367432 1.7680000066757202 7600
1.7799999713897705 1.8200000524520874 1.7200000286102295 1.7599999904632568 49900
1.8200000524520874 1.8200000524520874 1.7000000476837158 1.7400000095367432 15700
1.7599999904632568 1.7999999523162842 1.7200000286102295 1.7899999618530273 23700
1.7699999809265137 1.8200000524520874 1.7510000467300415 1.8200000524520874 24800
1.8200000524520874 1.899999976158142 1.7699999809265137 1.8899999856948853 33000
1.8899999856948853 1.8899999856948853 1.8300000429153442 1.8600000143051147 11800
1.8680000305175781 1.8700000047683716 1.8300000429153442 1.850000023841858 13500
1.8300000429153442 1.8300000429153442 1.7200000286102295 1.75 39100
1.7400000095367432 1.75 1.649999976158142 1.649999976158142 27100
1.6200000047683716 1.6799999475479126 1.600000023841858 1.6230000257492065 27900
1.6200000047683716 1.6979999542236328 1.600000023841858 1.600000023841858 11500
1.690000057220459 1.690000057220459 1.6100000143051147 1.6200000047683716 15100
1.7200000286102295 1.7400000095367432 1.6299999952316284 1.6299999952316284 16800
1.6799999475479126 1.7000000476837158 1.649999976158142 1.649999976158142 9600
1.7100000381469727 1.7200000286102295 1.6399999856948853 1.649999976158142 22100
1.6200000047683716 1.690000057220459 1.6100000143051147 1.6100000143051147 10800
1.7000000476837158 1.7000000476837158 1.6419999599456787 1.6699999570846558 16400
1.7300000190734863 1.7300000190734863 1.6399999856948853 1.659999966621399 12600
1.659999966621399 1.7170000076293945 1.659999966621399 1.659999966621399 11200
1.6699999570846558 1.7899999618530273 1.659999966621399 1.6619999408721924 23300
1.659999966621399 1.7400000095367432 1.649999976158142 1.684999942779541 19100
1.6299999952316284 1.7200000286102295 1.6299999952316284 1.6460000276565552 26500
1.7300000190734863 1.7300000190734863 1.6299999952316284 1.7000000476837158 46600
1.6799999475479126 1.7400000095367432 1.6720000505447388 1.7000000476837158 36600
1.7300000190734863 1.7300000190734863 1.6399999856948853 1.7000000476837158 17400
1.715000033378601 1.715000033378601 1.649999976158142 1.690999984741211 20400
1.7200000286102295 1.7200000286102295 1.6200000047683716 1.6549999713897705 19300
1.7100000381469727 1.7100000381469727 1.6399999856948853 1.6699999570846558 28100
1.7000000476837158 1.7000000476837158 1.649999976158142 1.659999966621399 11000
1.7000000476837158 1.7200000286102295 1.649999976158142 1.684999942779541 18700
1.6749999523162842 1.7000000476837158 1.6399999856948853 1.6799999475479126 7300
1.6699999570846558 1.7200000286102295 1.6410000324249268 1.6799999475479126 44200
1.7300000190734863 1.7300000190734863 1.649999976158142 1.6699999570846558 17300
1.690000057220459 1.690000057220459 1.6399999856948853 1.649999976158142 11000
1.6399999856948853 1.6699999570846558 1.6200000047683716 1.6349999904632568 18200
1.6299999952316284 1.7000000476837158 1.6200000047683716 1.6699999570846558 12600
1.6549999713897705 1.690000057220459 1.649999976158142 1.690000057220459 10800
1.7000000476837158 1.8200000524520874 1.6480000019073486 1.690000057220459 76800
1.7100000381469727 1.7200000286102295 1.659999966621399 1.6799999475479126 13300
1.6699999570846558 1.6799999475479126 1.659999966621399 1.6699999570846558 7600
1.6799999475479126 1.690000057220459 1.6480000019073486 1.659999966621399 3700
1.649999976158142 1.690000057220459 1.6399999856948853 1.6799999475479126 29000
1.659999966621399 1.6699999570846558 1.5700000524520874 1.600000023841858 73500
1.600000023841858 1.6299999952316284 1.565999984741211 1.6100000143051147 23400
1.6100000143051147 1.6419999599456787 1.590000033378601 1.6169999837875366 16200
1.6100000143051147 1.659999966621399 1.5110000371932983 1.5299999713897705 65300
1.7200000286102295 1.7200000286102295 1.5499999523162842 1.5800000429153442 40700
1.7000000476837158 1.7200000286102295 1.659999966621399 1.7100000381469727 299000
1.75 1.75 1.6699999570846558 1.690000057220459 100900
1.7200000286102295 1.7200000286102295 1.6299999952316284 1.6699999570846558 46400
1.6699999570846558 1.690000057220459 1.6399999856948853 1.690000057220459 71000
1.6799999475479126 1.7100000381469727 1.6799999475479126 1.7000000476837158 41800
1.7100000381469727 1.7100000381469727 1.649999976158142 1.7000000476837158 58100
1.7000000476837158 1.7300000190734863 1.7000000476837158 1.7300000190734863 35700
1.7999999523162842 2.759999990463257 1.7999999523162842 2.7100000381469727 2687400
2.5999999046325684 3.0 2.569999933242798 2.819999933242798 726700
2.9600000381469727 3.5 2.859999895095825 3.430000066757202 880700
3.450000047683716 4.03000020980835 3.4100000858306885 3.799999952316284 841800
3.9000000953674316 5.25 3.8499999046325684 4.949999809265137 1668800
4.369999885559082 5.099999904632568 4.03000020980835 4.309999942779541 1282400
4.349999904632568 4.679999828338623 4.0 4.5 500800
4.539999961853027 4.539999961853027 3.5999999046325684 3.890000104904175 522000
4.010000228881836 4.239999771118164 3.7799999713897705 4.010000228881836 358200
3.819999933242798 4.0 3.009999990463257 3.1600000858306885 356200
3.240000009536743 3.371000051498413 2.819999933242798 2.9200000762939453 457200
3.130000114440918 3.8499999046325684 2.700000047683716 3.75 720100
3.809999942779541 4.230000019073486 3.759999990463257 4.070000171661377 521900
3.9800000190734863 4.03000020980835 3.4800000190734863 3.7300000190734863 221600
3.6600000858306885 3.6600000858306885 3.3299999237060547 3.430000066757202 152300
3.319999933242798 3.427999973297119 3.2100000381469727 3.2100000381469727 97800
3.3499999046325684 3.559999942779541 3.259999990463257 3.559999942779541 140400
3.380000114440918 3.624000072479248 3.359999895095825 3.450000047683716 122400
3.450000047683716 3.490000009536743 3.3499999046325684 3.4700000286102295 45600
3.4700000286102295 3.799999952316284 3.450000047683716 3.5999999046325684 177000
3.549999952316284 3.5880000591278076 3.299999952316284 3.369999885559082 78400
3.299999952316284 3.380000114440918 3.0 3.119999885559082 177500
3.109999895095825 3.2100000381469727 3.0 3.005000114440918 84200
3.0 3.0390000343322754 2.8499999046325684 2.890000104904175 85000
2.759999990463257 3.009999990463257 2.759999990463257 2.9600000381469727 92700
2.9700000286102295 3.0 2.7100000381469727 2.8299999237060547 50500
2.759999990463257 2.9200000762939453 2.75 2.828000068664551 40400
2.8299999237060547 2.9100000858306885 2.6549999713897705 2.690000057220459 96900
2.6700000762939453 2.7660000324249268 2.549999952316284 2.6600000858306885 122900
2.619999885559082 2.859999895095825 2.61899995803833 2.759999990463257 66300
2.7799999713897705 2.9000000953674316 2.680000066757202 2.880000114440918 36400
2.9800000190734863 2.9800000190734863 2.700000047683716 2.740000009536743 40800
2.740000009536743 2.740000009536743 2.6600000858306885 2.690000057220459 17800
2.7100000381469727 2.802000045776367 2.7100000381469727 2.7699999809265137 15900
2.759999990463257 2.7750000953674316 2.609999895095825 2.640000104904175 22600
2.609999895095825 2.7100000381469727 2.609999895095825 2.630000114440918 15600
2.5999999046325684 2.6429998874664307 2.5799999237060547 2.630000114440918 13500
2.640000104904175 2.6429998874664307 2.569999933242798 2.5799999237060547 12776
