25.09000015258789 25.09000015258789 24.672000885009766 24.672000885009766 1600
24.670000076293945 24.670000076293945 24.534000396728516 24.534000396728516 800
24.520000457763672 24.520000457763672 24.42799949645996 24.42799949645996 300
24.510000228881836 24.719999313354492 24.510000228881836 24.680999755859375 800
24.639999389648438 24.639999389648438 24.41900062561035 24.41900062561035 800
24.4950008392334 24.61400032043457 24.4950008392334 24.61400032043457 100
24.8700008392334 24.8700008392334 24.820999145507812 24.820999145507812 100
24.70400047302246 24.70400047302246 24.695999145507812 24.695999145507812 200
24.43400001525879 24.43400001525879 24.367000579833984 24.367000579833984 200
24.059999465942383 24.1200008392334 24.010000228881836 24.058000564575195 5800
23.982999801635742 23.982999801635742 23.982999801635742 23.982999801635742 100
23.858999252319336 23.858999252319336 23.858999252319336 23.858999252319336 100
23.81999969482422 24.15999984741211 23.81999969482422 23.999000549316406 1500
24.200000762939453 24.312000274658203 24.200000762939453 24.312000274658203 400
24.600000381469727 24.600000381469727 24.503000259399414 24.503000259399414 500
24.469999313354492 24.469999313354492 24.469999313354492 24.469999313354492 100
24.075000762939453 24.075000762939453 24.075000762939453 24.075000762939453 100
24.138999938964844 24.138999938964844 24.138999938964844 24.138999938964844 100
24.510000228881836 24.510000228881836 24.469999313354492 24.469999313354492 1100
24.69099998474121 24.69099998474121 24.69099998474121 24.69099998474121 100
24.549999237060547 24.59000015258789 24.44099998474121 24.44099998474121 4900
24.28499984741211 24.34000015258789 24.28499984741211 24.34000015258789 1300
24.25 24.25 24.049999237060547 24.084999084472656 6100
24.1200008392334 24.1200008392334 23.859899520874023 23.989900588989258 3857
