38.0 41.79999923706055 7.5 7.78000020980835 4522100
7.159999847412109 7.429999828338623 4.800000190734863 5.110000133514404 1745100
7.769999980926514 11.489999771118164 7.519999980926514 8.350000381469727 50886300
7.010000228881836 7.400000095367432 5.409999847412109 5.639999866485596 2473100
5.21999979019165 5.400000095367432 4.170000076293945 4.550000190734863 1159300
4.269999980926514 4.8480000495910645 4.0 4.739999771118164 881900
4.739999771118164 4.739999771118164 4.230000019073486 4.309999942779541 327600
4.090000152587891 4.239999771118164 3.75 3.8399999141693115 568800
3.890000104904175 3.950000047683716 3.549999952316284 3.75 587900
3.690000057220459 3.700000047683716 3.369999885559082 3.4000000953674316 259400
3.3399999141693115 3.7190001010894775 3.319999933242798 3.4800000190734863 524200
3.309999942779541 3.494999885559082 3.1500000953674316 3.180000066757202 396700
2.950000047683716 3.049999952316284 2.799999952316284 2.8399999141693115 422300
2.6700000762939453 2.680000066757202 2.369999885559082 2.4100000858306885 400300
2.3499999046325684 2.490000009536743 2.3299999237060547 2.450000047683716 205300
2.450000047683716 2.4800000190734863 2.200000047683716 2.240000009536743 125000
2.2200000286102295 2.4200000762939453 2.2100000381469727 2.2699999809265137 112400
2.200000047683716 2.319999933242798 2.0899999141693115 2.180000066757202 142700
2.109999895095825 2.3499999046325684 2.1010000705718994 2.2699999809265137 202300
2.309999942779541 2.5 2.25 2.359999895095825 283400
2.430000066757202 2.490000009536743 2.309999942779541 2.4100000858306885 158200
2.390000104904175 3.140000104904175 2.359999895095825 2.5799999237060547 2984000
2.5199999809265137 2.5950000286102295 2.2200000286102295 2.25 360000
2.5299999713897705 2.549999952316284 2.3399999141693115 2.5 373400
2.5299999713897705 2.640000104904175 2.430000066757202 2.549999952316284 393400
2.450000047683716 2.569999933242798 2.369999885559082 2.440000057220459 157600
2.490000009536743 2.7699999809265137 2.299999952316284 2.549999952316284 960700
2.569999933242798 2.5999999046325684 2.259999990463257 2.3399999141693115 294800
2.2799999713897705 2.5 2.190000057220459 2.200000047683716 76200
2.190000057220459 2.2899999618530273 2.069999933242798 2.190000057220459 128700
3.5299999713897705 3.640000104904175 2.859999895095825 3.140000104904175 29102500
2.9000000953674316 3.5999999046325684 2.859999895095825 3.380000114440918 2410000
3.2899999618530273 3.2899999618530273 2.7300000190734863 2.7799999713897705 576100
2.799999952316284 2.9200000762939453 2.5199999809265137 2.5399999618530273 350300
2.5799999237060547 2.690000057220459 2.3499999046325684 2.369999885559082 256900
2.2699999809265137 2.2799999713897705 2.059999942779541 2.109999895095825 193600
2.0999999046325684 2.200000047683716 2.049999952316284 2.0899999141693115 95400
2.0799999237060547 2.140000104904175 1.9600000381469727 2.059999942779541 111000
1.9500000476837158 2.0799999237060547 1.7799999713897705 1.899999976158142 133200
1.940000057220459 2.0399999618530273 1.840000033378601 1.9600000381469727 189800
1.9199999570846558 2.049999952316284 1.850000023841858 1.8700000047683716 219900
1.9199999570846558 1.9900000095367432 1.8300000429153442 1.8300000429153442 157300
1.8799999952316284 1.965999960899353 1.7719999551773071 1.8899999856948853 88200
1.9600000381469727 1.9600000381469727 1.7899999618530273 1.940000057220459 485800
1.9299999475479126 2.059999942779541 1.899999976158142 2.0 456000
2.0 2.0399999618530273 1.7799999713897705 1.8899999856948853 124200
1.8899999856948853 1.8899999856948853 1.7799999713897705 1.8799999952316284 98800
1.809999942779541 1.850000023841858 1.7799999713897705 1.850000023841858 36500
1.8799999952316284 1.9299999475479126 1.649999976158142 1.7100000381469727 123300
1.690000057220459 1.715000033378601 1.50600004196167 1.590000033378601 99100
1.4600000381469727 1.5199999809265137 1.3849999904632568 1.440000057220459 96400
1.4600000381469727 1.5470000505447388 1.3609999418258667 1.5099999904632568 185400
1.5 1.7200000286102295 1.4500000476837158 1.7000000476837158 270400
1.7200000286102295 1.7200000286102295 1.5609999895095825 1.6100000143051147 72100
1.5800000429153442 1.6610000133514404 1.5199999809265137 1.5700000524520874 57100
1.559999942779541 1.5889999866485596 1.5199999809265137 1.5499999523162842 14800
1.5099999904632568 1.5850000381469727 1.4600000381469727 1.5499999523162842 89400
1.5299999713897705 1.590000033378601 1.5199999809265137 1.5199999809265137 9700
1.5399999618530273 1.5499999523162842 1.4600000381469727 1.4700000286102295 61700
1.559999942779541 1.559999942779541 1.4199999570846558 1.440000057220459 51500
1.475000023841858 1.5299999713897705 1.4199999570846558 1.4800000190734863 42700
1.5499999523162842 1.5499999523162842 1.4800000190734863 1.5 38800
1.5399999618530273 1.5399999618530273 1.3600000143051147 1.3600000143051147 80900
1.5199999809265137 1.5199999809265137 1.350000023841858 1.3600000143051147 45800
1.5399999618530273 1.6119999885559082 1.4500000476837158 1.5299999713897705 112800
1.590000033378601 1.590000033378601 1.4500000476837158 1.496000051498413 44100
1.4800000190734863 1.5800000429153442 1.399999976158142 1.5499999523162842 91200
1.6100000143051147 1.6100000143051147 1.399999976158142 1.399999976158142 152100
1.4199999570846558 1.4199999570846558 1.309999942779541 1.4199999570846558 42600
1.3700000047683716 1.3949999809265137 1.3300000429153442 1.3600000143051147 33100
1.3940000534057617 1.399999976158142 1.309999942779541 1.3200000524520874 40200
1.3700000047683716 1.409999966621399 1.25 1.2699999809265137 26800
1.309999942779541 1.309999942779541 1.1699999570846558 1.1699999570846558 98300
1.1699999570846558 1.2200000286102295 1.159999966621399 1.2000000476837158 67300
1.1699999570846558 1.1799999475479126 1.1200000047683716 1.1399999856948853 66000
1.0499999523162842 1.190000057220459 1.0399999618530273 1.1200000047683716 26600
1.1399999856948853 1.1399999856948853 1.0099999904632568 1.0800000429153442 48200
1.0099999904632568 1.0700000524520874 1.0099999904632568 1.0420000553131104 70400
1.0199999809265137 1.0729999542236328 0.8159999847412109 0.9279999732971191 61500
0.9769999980926514 0.9769999980926514 0.8500000238418579 0.8830000162124634 58900
0.8939999938011169 0.9800000190734863 0.8399999737739563 0.8799999952316284 76100
0.8960000276565552 0.8960000276565552 0.8299999833106995 0.8700000047683716 21300
0.9190000295639038 0.9620000123977661 0.8299999833106995 0.8299999833106995 41600
0.8399999737739563 0.8820000290870667 0.8199999928474426 0.8199999928474426 34300
0.8199999928474426 0.8500000238418579 0.7570000290870667 0.824999988079071 92100
0.800000011920929 0.8399999737739563 0.781000018119812 0.8190000057220459 34200
0.8840000033378601 0.8840000033378601 0.7950000166893005 0.7950000166893005 27400
0.800000011920929 0.8399999737739563 0.7620000243186951 0.800000011920929 39000
0.8399999737739563 0.8799999952316284 0.7799999713897705 0.8799999952316284 136600
0.8999999761581421 0.9750000238418579 0.8790000081062317 0.9300000071525574 76900
1.0099999904632568 1.25 0.9100000262260437 0.9100000262260437 337500
0.9449999928474426 1.0180000066757202 0.9100000262260437 0.9200000166893005 86900
1.0399999618530273 1.090000033378601 0.9200000166893005 0.9399999976158142 126400
0.9399999976158142 1.2000000476837158 0.9399999976158142 1.1299999952316284 117000
1.1799999475479126 1.1799999475479126 1.0199999809265137 1.0499999523162842 85400
1.1100000143051147 1.2000000476837158 1.059999942779541 1.1799999475479126 65600
1.1399999856948853 1.1449999809265137 1.0449999570846558 1.059999942779541 67300
1.0399999618530273 1.0800000429153442 1.0 1.0499999523162842 90000
1.0299999713897705 1.1030000448226929 1.0299999713897705 1.0399999618530273 85900
1.0399999618530273 1.0499999523162842 0.9399999976158142 1.0199999809265137 105700
1.0 1.059999942779541 0.949999988079071 0.9919999837875366 85300
1.0 1.0099999904632568 0.949999988079071 1.0099999904632568 27200
0.9800000190734863 1.0099999904632568 0.9599999785423279 1.0 24300
1.0 1.0 0.9800000190734863 0.9810000061988831 53000
1.0099999904632568 1.0099999904632568 0.9800000190734863 1.0099999904632568 33500
1.0 1.0499999523162842 1.0 1.0299999713897705 72200
1.0399999618530273 1.2799999713897705 1.0399999618530273 1.2300000190734863 323200
1.2999999523162842 1.350000023841858 1.100000023841858 1.1100000143051147 552800
1.1399999856948853 1.1399999856948853 1.0199999809265137 1.0199999809265137 183600
0.9100000262260437 0.9850000143051147 0.7699999809265137 0.8600000143051147 570100
0.847000002861023 0.8799999952316284 0.7799999713897705 0.8040000200271606 295400
0.8259999752044678 0.8259999752044678 0.7400000095367432 0.7549999952316284 2356800
1.350000023841858 4.489999771118164 1.25 4.400000095367432 134913800
1.7100000381469727 2.2100000381469727 1.3899999856948853 1.4600000381469727 33800500
1.350000023841858 1.399999976158142 1.190000057220459 1.2699999809265137 4963000
1.2100000381469727 1.600000023841858 1.059999942779541 1.5 13030200
1.4199999570846558 1.440000057220459 1.1770000457763672 1.2300000190734863 3701200
1.2200000286102295 1.350000023841858 1.159999966621399 1.2899999618530273 2270300
1.2000000476837158 1.25 1.159999966621399 1.2100000381469727 1215900
1.190000057220459 1.2589999437332153 1.1299999952316284 1.159999966621399 1092800
1.1699999570846558 1.1699999570846558 1.0 1.0 1673000
1.0299999713897705 1.0399999618530273 0.8600000143051147 0.9049999713897705 1570500
0.8799999952316284 0.9419999718666077 0.8500000238418579 0.9079999923706055 732300
0.8799999952316284 0.9100000262260437 0.859000027179718 0.8759999871253967 504200
0.9399999976158142 0.9480000138282776 0.8659999966621399 0.875 535900
0.8600000143051147 0.9330000281333923 0.8600000143051147 0.8999999761581421 357500
0.8740000128746033 0.8999999761581421 0.8399999737739563 0.8679999709129333 303200
0.8629999756813049 0.9229999780654907 0.8399999737739563 0.8700000047683716 467000
0.8849999904632568 0.9480000138282776 0.8519999980926514 0.8840000033378601 562900
0.8889999985694885 0.8939999938011169 0.8199999928474426 0.8500000238418579 418000
0.824999988079071 0.8500000238418579 0.7940000295639038 0.8500000238418579 528000
0.824999988079071 0.8389999866485596 0.800000011920929 0.8199999928474426 359100
0.7960000038146973 0.8220000267028809 0.7599999904632568 0.800000011920929 331300
0.7699999809265137 0.7910000085830688 0.7160000205039978 0.7910000085830688 379000
0.800000011920929 0.8370000123977661 0.7599999904632568 0.7990000247955322 448700
0.7730000019073486 0.7820000052452087 0.7200000286102295 0.7820000052452087 176500
0.7699999809265137 0.7900000214576721 0.7279999852180481 0.7440000176429749 257700
0.7599999904632568 0.7609999775886536 0.7139999866485596 0.7179999947547913 257100
0.7400000095367432 0.7409999966621399 0.6340000033378601 0.6399999856948853 359700
0.6499999761581421 0.6800000071525574 0.6200000047683716 0.6200000047683716 397300
0.6499999761581421 0.6800000071525574 0.5609999895095825 0.5709999799728394 323400
0.578000009059906 0.6000000238418579 0.550000011920929 0.550000011920929 193700
0.550000011920929 0.6190000176429749 0.550000011920929 0.5899999737739563 286900
0.6000000238418579 0.7200000286102295 0.6000000238418579 0.6899999976158142 500800
0.6899999976158142 0.6899999976158142 0.6299999952316284 0.6299999952316284 213100
0.6299999952316284 0.6800000071525574 0.6299999952316284 0.6499999761581421 213300
0.6600000262260437 0.6790000200271606 0.6299999952316284 0.6299999952316284 128400
0.6399999856948853 0.6499999761581421 0.6000000238418579 0.6000000238418579 170600
0.6230000257492065 0.6259999871253967 0.5899999737739563 0.6010000109672546 99700
0.6159999966621399 0.6209999918937683 0.5799999833106995 0.6200000047683716 114000
0.6209999918937683 0.6600000262260437 0.6010000109672546 0.6470000147819519 152200
0.6600000262260437 0.7099999785423279 0.6309999823570251 0.6899999976158142 287100
0.6899999976158142 0.7900000214576721 0.6800000071525574 0.7400000095367432 730400
0.7699999809265137 0.7699999809265137 0.6899999976158142 0.7200000286102295 330200
0.7200000286102295 0.7300000190734863 0.6600000262260437 0.7099999785423279 215900
0.6890000104904175 0.7350000143051147 0.6650000214576721 0.7020000219345093 108800
0.6890000104904175 0.7200000286102295 0.6700000166893005 0.6800000071525574 163800
0.699999988079071 0.699999988079071 0.6650000214576721 0.6899999976158142 78400
0.699999988079071 0.7149999737739563 0.6399999856948853 0.671999990940094 177200
0.6899999976158142 0.7200000286102295 0.6629999876022339 0.6840000152587891 165900
0.6899999976158142 0.718999981880188 0.6430000066757202 0.6579999923706055 203800
0.6499999761581421 0.6800000071525574 0.6100000143051147 0.6299999952316284 162800
0.6110000014305115 0.6359999775886536 0.5799999833106995 0.6060000061988831 151700
0.6200000047683716 0.6299999952316284 0.5910000205039978 0.6100000143051147 66700
0.6000000238418579 0.6200000047683716 0.5400000214576721 0.5799999833106995 268000
0.5669999718666077 0.5849999785423279 0.5249999761581421 0.5450000166893005 151800
0.5450000166893005 0.5699999928474426 0.5070000290870667 0.5559999942779541 260700
0.5479999780654907 0.5559999942779541 0.5199999809265137 0.5400000214576721 91200
0.5600000023841858 0.5669999718666077 0.49000000953674316 0.5090000033378601 167600
0.49399998784065247 0.5260000228881836 0.49399998784065247 0.5049999952316284 111100
0.5099999904632568 0.550000011920929 0.4909999966621399 0.5299999713897705 208900
0.5099999904632568 0.5450000166893005 0.5099999904632568 0.5450000166893005 112400
0.5389999747276306 0.7689999938011169 0.5389999747276306 0.6600000262260437 2293500
0.6269999742507935 0.6460000276565552 0.5699999928474426 0.6200000047683716 383500
0.6200000047683716 0.6800000071525574 0.6050000190734863 0.6100000143051147 413400
0.6100000143051147 0.6600000262260437 0.5899999737739563 0.6200000047683716 148500
0.6119999885559082 0.6129999756813049 0.5379999876022339 0.6000000238418579 131000
0.5429999828338623 0.6000000238418579 0.5429999828338623 0.5849999785423279 72900
0.5699999928474426 0.6000000238418579 0.550000011920929 0.5699999928474426 260200
0.5799999833106995 0.5899999737739563 0.5600000023841858 0.5770000219345093 77100
0.5770000219345093 0.6000000238418579 0.5699999928474426 0.5799999833106995 103000
0.5699999928474426 0.5960000157356262 0.5600000023841858 0.574999988079071 73200
0.5879999995231628 0.5899999737739563 0.5609999895095825 0.5699999928474426 84100
0.5799999833106995 0.5899999737739563 0.5509999990463257 0.5680000185966492 61900
0.6000000238418579 0.6100000143051147 0.5690000057220459 0.5899999737739563 108100
0.6000000238418579 0.6069999933242798 0.5519999861717224 0.6000000238418579 83800
0.5609999895095825 0.6100000143051147 0.5600000023841858 0.5799999833106995 73500
0.5600000023841858 0.5799999833106995 0.5400000214576721 0.5400000214576721 153300
0.5400000214576721 0.550000011920929 0.4959999918937683 0.5019999742507935 144900
0.5389999747276306 0.5389999747276306 0.4699999988079071 0.5 293000
0.49000000953674316 0.5 0.4819999933242798 0.4830000102519989 113500
0.48899999260902405 0.5070000290870667 0.4699999988079071 0.4950000047683716 136500
0.5 0.5 0.47099998593330383 0.5 134300
0.492000013589859 0.5299999713897705 0.49000000953674316 0.5289999842643738 84400
0.5389999747276306 0.5389999747276306 0.5049999952316284 0.5149999856948853 45100
0.5019999742507935 0.5199999809265137 0.47999998927116394 0.49399998784065247 57700
0.492000013589859 0.5 0.47200000286102295 0.5 66000
0.5 0.5 0.4659999907016754 0.48100000619888306 287100
0.47099998593330383 0.49900001287460327 0.4699999988079071 0.47200000286102295 143600
0.4620000123977661 0.48500001430511475 0.44999998807907104 0.45399999618530273 183000
0.46000000834465027 0.47999998927116394 0.4410000145435333 0.4480000138282776 676000
0.45899999141693115 0.4650000035762787 0.41100001335144043 0.4230000078678131 313100
0.4390000104904175 0.4399999976158142 0.41100001335144043 0.41100001335144043 192800
0.41999998688697815 0.4309999942779541 0.41100001335144043 0.41999998688697815 37700
0.4300000071525574 0.4399999976158142 0.41200000047683716 0.4399999976158142 94900
0.41999998688697815 0.4390000104904175 0.4020000100135803 0.4099999964237213 67900
0.4169999957084656 0.4399999976158142 0.4099999964237213 0.4180000126361847 51700
0.41999998688697815 0.42399999499320984 0.4020000100135803 0.4020000100135803 76400
0.4009999930858612 0.42100000381469727 0.38499999046325684 0.39899998903274536 104000
0.39100000262260437 0.4009999930858612 0.36500000953674316 0.38999998569488525 85200
0.4000000059604645 0.4099999964237213 0.38999998569488525 0.4050000011920929 46100
0.4090000092983246 0.4399999976158142 0.3959999978542328 0.41999998688697815 327400
0.4099999964237213 0.41200000047683716 0.3930000066757202 0.4099999964237213 235600
0.4000000059604645 0.41999998688697815 0.39399999380111694 0.4000000059604645 85000
0.39800000190734863 0.39800000190734863 0.3709999918937683 0.3919999897480011 104700
0.4000000059604645 0.4099999964237213 0.3919999897480011 0.4000000059604645 153100
0.4000000059604645 0.4099999964237213 0.39800000190734863 0.4009999930858612 140100
0.4000000059604645 0.4099999964237213 0.3919999897480011 0.4000000059604645 228700
0.4020000100135803 0.4099999964237213 0.38999998569488525 0.3930000066757202 43800
0.4000000059604645 0.4000000059604645 0.38999998569488525 0.39800000190734863 116200
0.4000000059604645 0.597000002861023 0.3919999897480011 0.5400000214576721 3363000
0.5320000052452087 0.5590000152587891 0.47099998593330383 0.5230000019073486 705600
0.49799999594688416 0.5379999876022339 0.47999998927116394 0.492000013589859 386700
0.4880000054836273 0.5040000081062317 0.4580000042915344 0.4749999940395355 248400
0.4699999988079071 0.48500001430511475 0.4099999964237213 0.42100000381469727 326900
0.4300000071525574 0.4339999854564667 0.367000013589859 0.38100001215934753 224400
0.4000000059604645 0.41499999165534973 0.3799999952316284 0.3919999897480011 401600
0.39899998903274536 0.4300000071525574 0.38100001215934753 0.3919999897480011 785700
0.39500001072883606 0.4099999964237213 0.38100001215934753 0.39500001072883606 208900
0.4050000011920929 0.41499999165534973 0.38999998569488525 0.3919999897480011 160200
0.39899998903274536 0.4000000059604645 0.38999998569488525 0.39100000262260437 104300
0.382999986410141 0.4000000059604645 0.3779999911785126 0.3930000066757202 175800
0.38999998569488525 0.39899998903274536 0.3779999911785126 0.39100000262260437 129600
0.3840000033378601 0.4000000059604645 0.382999986410141 0.39399999380111694 91700
0.38999998569488525 0.3930000066757202 0.37400001287460327 0.38999998569488525 142400
0.3889999985694885 0.41999998688697815 0.3799999952316284 0.40799999237060547 293400
0.414000004529953 0.4300000071525574 0.38999998569488525 0.40400001406669617 83100
0.4000000059604645 0.4000000059604645 0.3799999952316284 0.4000000059604645 42400
0.3889999985694885 0.3889999985694885 0.3009999990463257 0.3799999952316284 182800
0.3700000047683716 0.3880000114440918 0.35100001096725464 0.36800000071525574 249500
0.3540000021457672 0.37599998712539673 0.3199999928474426 0.3490000069141388 89100
0.3400000035762787 0.3659999966621399 0.32600000500679016 0.3449999988079071 126400
0.3370000123977661 0.3529999852180481 0.33399999141693115 0.3490000069141388 33600
0.33399999141693115 0.3490000069141388 0.33000001311302185 0.34299999475479126 115000
0.33500000834465027 0.34299999475479126 0.31299999356269836 0.3199999928474426 112300
0.3230000138282776 0.3400000035762787 0.3160000145435333 0.328000009059906 80400
0.33500000834465027 0.33500000834465027 0.31299999356269836 0.3149999976158142 144800
0.3199999928474426 0.32600000500679016 0.3059999942779541 0.3100000023841858 50400
0.3050000071525574 0.32600000500679016 0.3009999990463257 0.3100000023841858 62500
0.30000001192092896 0.3100000023841858 0.30000001192092896 0.3100000023841858 29600
0.3199999928474426 0.3199999928474426 0.2809999883174896 0.3149999976158142 64500
0.3190000057220459 0.38999998569488525 0.30000001192092896 0.3880000114440918 1537000
0.37599998712539673 0.41999998688697815 0.3400000035762787 0.34299999475479126 972700
0.375 0.39899998903274536 0.36000001430511475 0.3799999952316284 665900
0.38999998569488525 0.41999998688697815 0.3630000054836273 0.40400001406669617 352400
0.4000000059604645 0.4020000100135803 0.3720000088214874 0.39500001072883606 143500
0.38100001215934753 0.38999998569488525 0.36500000953674316 0.38499999046325684 116500
0.3889999985694885 0.4300000071525574 0.3700000047683716 0.382999986410141 271500
0.4020000100135803 0.46000000834465027 0.38499999046325684 0.4480000138282776 914100
0.4560000002384186 0.4880000054836273 0.4059999883174896 0.4129999876022339 625200
0.41100001335144043 0.4519999921321869 0.3930000066757202 0.44699999690055847 352800
0.4320000112056732 0.46000000834465027 0.41999998688697815 0.45899999141693115 143600
0.44999998807907104 0.4690000116825104 0.4099999964237213 0.46000000834465027 148900
0.44600000977516174 0.4569999873638153 0.41999998688697815 0.41999998688697815 38000
0.4050000011920929 0.4169999957084656 0.3799999952316284 0.3869999945163727 75600
0.38999998569488525 0.3919999897480011 0.35199999809265137 0.3580000102519989 76700
0.36800000071525574 0.3799999952316284 0.3499999940395355 0.3700000047683716 197600
0.36000001430511475 0.3709999918937683 0.35499998927116394 0.36500000953674316 34300
0.36500000953674316 0.4000000059604645 0.35100001096725464 0.382999986410141 151400
0.38999998569488525 0.38999998569488525 0.3700000047683716 0.38999998569488525 69700
0.38199999928474426 0.4000000059604645 0.3630000054836273 0.3720000088214874 60400
0.3659999966621399 0.4000000059604645 0.3610000014305115 0.3700000047683716 100800
0.3799999952316284 0.4000000059604645 0.3700000047683716 0.3799999952316284 62300
0.36800000071525574 0.38999998569488525 0.36000001430511475 0.36000001430511475 22700
0.3540000021457672 0.36500000953674316 0.3199999928474426 0.36500000953674316 76600
0.36500000953674316 0.36500000953674316 0.3499999940395355 0.36500000953674316 26700
0.36500000953674316 0.3799999952316284 0.36000001430511475 0.36500000953674316 67300
0.35499998927116394 0.3799999952316284 0.35499998927116394 0.367000013589859 24200
0.3700000047683716 0.3799999952316284 0.30000001192092896 0.36000001430511475 108100
0.3409999907016754 0.36000001430511475 0.33000001311302185 0.3449999988079071 39700
0.3449999988079071 0.3449999988079071 0.31700000166893005 0.31700000166893005 62200
0.32100000977516174 0.32600000500679016 0.3009999990463257 0.3089999854564667 73200
0.3109999895095825 0.3449999988079071 0.3109999895095825 0.3199999928474426 27600
0.3400000035762787 0.3400000035762787 0.31200000643730164 0.3199999928474426 40800
0.32499998807907104 0.3700000047683716 0.3199999928474426 0.35499998927116394 178700
0.3569999933242798 0.3580000102519989 0.3100000023841858 0.35100001096725464 36000
0.3569999933242798 0.38999998569488525 0.3240000009536743 0.3630000054836273 137900
0.3400000035762787 0.3869999945163727 0.3400000035762787 0.3700000047683716 69300
0.3492000102996826 0.3700000047683716 0.3409999907016754 0.3698999881744385 22746
