3.180000066757202 3.2100000381469727 2.309999942779541 2.4200000762939453 2987400
2.200000047683716 2.200000047683716 2.009999990463257 2.078000068664551 512300
1.9900000095367432 2.25 1.9700000286102295 1.9800000190734863 263900
1.909999966621399 1.9600000381469727 1.7000000476837158 1.7799999713897705 278300
1.8300000429153442 1.8509999513626099 1.7100000381469727 1.809999942779541 112100
1.809999942779541 2.0829999446868896 1.7200000286102295 2.0199999809265137 291800
2.0199999809265137 2.0940001010894775 1.899999976158142 1.9800000190734863 158300
1.940000057220459 2.0789999961853027 1.8049999475479126 1.8300000429153442 74400
1.75 1.8450000286102295 1.75 1.7999999523162842 25100
1.7999999523162842 2.0799999237060547 1.7200000286102295 1.8739999532699585 129200
1.781999945640564 1.8200000524520874 1.7200000286102295 1.8200000524520874 36800
1.7410000562667847 1.840000033378601 1.7300000190734863 1.75 37100
1.7200000286102295 1.8200000524520874 1.7200000286102295 1.7300000190734863 22300
1.7699999809265137 1.7899999618530273 1.7100000381469727 1.7300000190734863 16400
1.774999976158142 1.840000033378601 1.7259999513626099 1.75 6500
1.809999942779541 1.809999942779541 1.5750000476837158 1.6100000143051147 36000
1.6100000143051147 1.7000000476837158 1.4199999570846558 1.440000057220459 163700
1.4390000104904175 1.4600000381469727 1.2799999713897705 1.3899999856948853 171900
1.3700000047683716 1.3700000047683716 1.2799999713897705 1.309999942779541 35700
1.2999999523162842 1.3899999856948853 1.2599999904632568 1.2999999523162842 32500
1.340000033378601 1.3600000143051147 1.2599999904632568 1.2899999618530273 37000
1.25 1.3350000381469727 1.2300000190734863 1.25 20800
1.253999948501587 1.5190000534057617 1.2200000286102295 1.3700000047683716 142600
1.350000023841858 1.350000023841858 1.149999976158142 1.2200000286102295 244300
1.25 1.3200000524520874 1.1699999570846558 1.2100000381469727 70400
1.25 1.4500000476837158 1.2100000381469727 1.3799999952316284 178700
1.3799999952316284 1.3799999952316284 1.2999999523162842 1.3259999752044678 63400
1.3700000047683716 1.4199999570846558 1.3300000429153442 1.399999976158142 43300
1.3600000143051147 1.4800000190734863 1.2109999656677246 1.4800000190734863 79100
1.3700000047683716 1.7100000381469727 1.3700000047683716 1.5 128500
1.4800000190734863 1.7100000381469727 1.409999966621399 1.5759999752044678 189500
1.6699999570846558 1.7899999618530273 1.5180000066757202 1.7300000190734863 202300
1.7899999618530273 6.0 1.6610000133514404 3.2799999713897705 28359600
2.5999999046325684 3.490000009536743 2.3299999237060547 2.7100000381469727 3970900
2.559999942779541 2.75 2.0399999618530273 2.119999885559082 973900
2.2300000190734863 4.25 2.0899999141693115 3.299999952316284 23002000
2.9600000381469727 3.2699999809265137 2.4100000858306885 2.799999952316284 1580600
2.7899999618530273 3.759999990463257 2.5899999141693115 3.140000104904175 4235200
3.2699999809265137 4.099999904632568 3.005000114440918 3.1600000858306885 4144500
3.130000114440918 3.369999885559082 2.819999933242798 2.9800000190734863 497100
2.9100000858306885 3.2699999809265137 2.4100000858306885 2.640000104904175 602100
2.619999885559082 2.9000000953674316 2.450000047683716 2.549999952316284 263500
2.440000057220459 2.5869998931884766 2.2799999713897705 2.3299999237060547 135600
2.319999933242798 2.4000000953674316 2.200000047683716 2.240000009536743 160300
2.25 2.869999885559082 1.9900000095367432 2.0 2619700
1.850000023841858 1.9700000286102295 1.75 1.850000023841858 264500
1.809999942779541 1.9299999475479126 1.809999942779541 1.8899999856948853 196300
1.899999976158142 2.200000047683716 1.8600000143051147 1.9500000476837158 274600
2.0 2.180000066757202 1.600000023841858 1.7599999904632568 381500
1.899999976158142 1.899999976158142 1.5 1.5299999713897705 196200
1.5299999713897705 1.5410000085830688 1.399999976158142 1.5 100000
1.6100000143051147 1.6100000143051147 1.4199999570846558 1.4600000381469727 52200
1.440000057220459 1.5800000429153442 1.4299999475479126 1.4600000381469727 204600
1.5099999904632568 1.5099999904632568 1.399999976158142 1.4900000095367432 63000
1.4500000476837158 1.5199999809265137 1.350000023841858 1.3700000047683716 55000
1.440000057220459 1.4700000286102295 1.350000023841858 1.4299999475479126 73800
1.5099999904632568 1.5099999904632568 1.399999976158142 1.4199999570846558 36800
1.3899999856948853 1.4500000476837158 1.3600000143051147 1.399999976158142 38700
1.4199999570846558 1.4600000381469727 1.399999976158142 1.399999976158142 32900
1.440000057220459 1.5199999809265137 1.440000057220459 1.4700000286102295 85600
1.399999976158142 1.5700000524520874 1.399999976158142 1.5399999618530273 161000
1.6399999856948853 1.6490000486373901 1.5199999809265137 1.6100000143051147 60900
1.559999942779541 1.6200000047683716 1.5499999523162842 1.600000023841858 50000
1.559999942779541 1.5700000524520874 1.3600000143051147 1.3600000143051147 101600
1.4199999570846558 1.4900000095367432 1.2599999904632568 1.2599999904632568 297700
1.3799999952316284 1.3899999856948853 1.1699999570846558 1.2300000190734863 218300
1.1799999475479126 1.253999948501587 1.1799999475479126 1.2000000476837158 36800
1.2000000476837158 1.2000000476837158 1.149999976158142 1.149999976158142 31100
1.1699999570846558 1.190000057220459 1.1399999856948853 1.190000057220459 18000
1.190000057220459 1.2599999904632568 1.190000057220459 1.2599999904632568 29300
1.2589999437332153 1.2599999904632568 1.152999997138977 1.1799999475479126 33400
1.152999997138977 1.2400000095367432 1.152999997138977 1.2000000476837158 34300
1.1699999570846558 1.2200000286102295 1.1699999570846558 1.190000057220459 40400
1.149999976158142 1.25 1.149999976158142 1.1799999475479126 11700
1.2100000381469727 1.2599999904632568 1.2100000381469727 1.2200000286102295 28700
1.2200000286102295 1.434000015258789 1.2100000381469727 1.399999976158142 59700
1.4320000410079956 1.9700000286102295 1.3910000324249268 1.5 206700
1.659999966621399 1.659999966621399 1.409999966621399 1.4600000381469727 37200
1.399999976158142 1.4500000476837158 1.3300000429153442 1.340999960899353 26200
1.309999942779541 1.3600000143051147 1.2599999904632568 1.3200000524520874 23800
1.2940000295639038 1.3700000047683716 1.2899999618530273 1.350000023841858 14000
1.350000023841858 1.4299999475479126 1.3200000524520874 1.340000033378601 9200
1.2799999713897705 1.3799999952316284 1.2699999809265137 1.2899999618530273 14600
1.3300000429153442 1.600000023841858 1.3300000429153442 1.4800000190734863 200600
1.50600004196167 1.649999976158142 1.4500000476837158 1.6200000047683716 65900
1.590000033378601 1.6200000047683716 1.5199999809265137 1.6100000143051147 20100
1.4900000095367432 1.6399999856948853 1.4800000190734863 1.5800000429153442 207800
1.5800000429153442 1.7599999904632568 1.5800000429153442 1.7400000095367432 70000
1.7400000095367432 1.996000051498413 1.7400000095367432 1.9299999475479126 97600
1.9900000095367432 2.6050000190734863 1.9600000381469727 2.174999952316284 1080000
2.240000009536743 2.5999999046325684 2.0260000228881836 2.4800000190734863 324700
2.5 2.6700000762939453 2.3399999141693115 2.559999942779541 158200
2.640000104904175 2.809999942779541 2.5 2.630000114440918 159100
2.7200000286102295 2.7200000286102295 2.2200000286102295 2.430000066757202 66900
2.380000114440918 2.50600004196167 2.2899999618530273 2.444999933242798 39800
2.450000047683716 2.746999979019165 2.4489998817443848 2.6700000762939453 185000
2.8299999237060547 2.8299999237060547 2.5 2.559999942779541 103800
2.490000009536743 2.549999952316284 2.3499999046325684 2.4000000953674316 53900
2.4149999618530273 2.509999990463257 2.2300000190734863 2.390000104904175 28200
2.369999885559082 2.430000066757202 2.2360000610351562 2.319999933242798 25400
2.2200000286102295 2.3550000190734863 2.0899999141693115 2.1600000858306885 36700
2.240000009536743 2.4800000190734863 2.140000104904175 2.140000104904175 49000
2.180000066757202 2.240000009536743 2.111999988555908 2.1600000858306885 18800
2.1050000190734863 2.2100000381469727 2.0999999046325684 2.180000066757202 24000
2.2200000286102295 2.2200000286102295 1.8600000143051147 1.9199999570846558 37900
1.8799999952316284 1.9900000095367432 1.5399999618530273 1.649999976158142 119800
1.7599999904632568 1.7599999904632568 1.649999976158142 1.75 27100
1.7999999523162842 1.7999999523162842 1.5499999523162842 1.5499999523162842 43700
1.559999942779541 1.6460000276565552 1.5 1.5700000524520874 17600
1.5 1.559999942779541 1.5 1.5399999618530273 11600
1.4930000305175781 1.5 1.4500000476837158 1.4500000476837158 18900
1.4600000381469727 1.5 1.4390000104904175 1.4600000381469727 10400
1.434999942779541 1.4559999704360962 1.3200000524520874 1.4010000228881836 21700
1.350000023841858 1.3799999952316284 1.309999942779541 1.3200000524520874 17700
1.3220000267028809 1.3220000267028809 1.190000057220459 1.2000000476837158 47900
1.25 1.25 1.1699999570846558 1.2200000286102295 17600
1.2489999532699585 1.409999966621399 1.2269999980926514 1.2799999713897705 50900
1.2920000553131104 1.2999999523162842 1.2400000095367432 1.2799999713897705 10900
1.2990000247955322 1.4500000476837158 1.2699999809265137 1.340000033378601 79600
1.3300000429153442 1.590000033378601 1.309999942779541 1.5499999523162842 145400
1.340000033378601 1.4989999532699585 1.2879999876022339 1.399999976158142 33100
1.350000023841858 1.4199999570846558 1.2400000095367432 1.2599999904632568 44500
1.2200000286102295 1.309999942779541 1.2000000476837158 1.2899999618530273 25200
1.2599999904632568 1.2990000247955322 1.2100000381469727 1.2699999809265137 24000
1.2410000562667847 1.284000039100647 1.1699999570846558 1.2300000190734863 55300
1.2200000286102295 1.2400000095367432 1.059999942779541 1.125 66100
1.090000033378601 1.090000033378601 0.9789999723434448 1.0 52000
0.9900000095367432 1.0099999904632568 0.9300000071525574 0.9850000143051147 27300
1.0199999809265137 1.0199999809265137 0.800000011920929 0.8999999761581421 24800
0.9449999928474426 1.0099999904632568 0.7799999713897705 0.800000011920929 32200
0.800000011920929 0.9480000138282776 0.800000011920929 0.8899999856948853 53700
0.8299999833106995 0.949999988079071 0.8209999799728394 0.8899999856948853 6200
0.8899999856948853 1.0199999809265137 0.8899999856948853 0.8899999856948853 18900
0.9300000071525574 0.9300000071525574 0.800000011920929 0.8690000176429749 33100
0.8500000238418579 1.0299999713897705 0.8100000023841858 0.8100000023841858 47900
0.8100000023841858 0.8600000143051147 0.800000011920929 0.800000011920929 30600
0.8399999737739563 0.9369999766349792 0.7900000214576721 0.8399999737739563 34000
0.8799999952316284 0.8799999952316284 0.8199999928474426 0.8339999914169312 19800
0.8769999742507935 0.8769999742507935 0.800000011920929 0.8100000023841858 32400
0.8700000047683716 0.8700000047683716 0.7409999966621399 0.7799999713897705 16700
0.800000011920929 0.8199999928474426 0.75 0.7749999761581421 40000
0.8489999771118164 0.8489999771118164 0.7889999747276306 0.8019999861717224 12800
0.871999979019165 0.871999979019165 0.8050000071525574 0.8119999766349792 9200
1.1399999856948853 1.1399999856948853 0.8709999918937683 0.9039999842643738 36700
0.9520000219345093 0.9869999885559082 0.9100000262260437 0.9200000166893005 18200
0.9900000095367432 0.9900000095367432 0.8799999952316284 0.8989999890327454 17000
0.8799999952316284 0.8809999823570251 0.8100000023841858 0.8550000190734863 37400
0.8100000023841858 0.8500000238418579 0.7609999775886536 0.8100000023841858 30600
0.8299999833106995 0.8299999833106995 0.800000011920929 0.8069999814033508 3800
0.8069999814033508 0.8999999761581421 0.7799999713897705 0.8050000071525574 36300
0.800000011920929 0.8949999809265137 0.7099999785423279 0.7900000214576721 63100
0.7900000214576721 0.800000011920929 0.7559999823570251 0.7799999713897705 16000
0.7870000004768372 0.800000011920929 0.7440000176429749 0.7990000247955322 23000
0.7699999809265137 0.800000011920929 0.7630000114440918 0.781000018119812 9500
0.7609999775886536 0.921999990940094 0.7609999775886536 0.8700000047683716 96800
1.149999976158142 2.609999895095825 1.149999976158142 2.3499999046325684 77357800
1.8799999952316284 2.6500000953674316 1.7999999523162842 2.140000104904175 5119900
1.940000057220459 2.200000047683716 1.8109999895095825 1.899999976158142 982500
1.7999999523162842 1.9700000286102295 1.399999976158142 1.4199999570846558 852200
2.630000114440918 3.950000047683716 2.0899999141693115 3.4000000953674316 66525300
2.930000066757202 3.0899999141693115 2.5179998874664307 2.799999952316284 5158200
2.7300000190734863 3.299999952316284 2.555000066757202 2.740000009536743 2618600
2.690000057220459 2.930000066757202 2.450000047683716 2.6700000762939453 602000
2.6700000762939453 2.9100000858306885 2.509999990463257 2.7100000381469727 906700
2.7100000381469727 2.7100000381469727 2.309999942779541 2.4200000762939453 411800
2.3499999046325684 2.390000104904175 2.0299999713897705 2.259999990463257 279900
2.2300000190734863 2.244999885559082 1.8600000143051147 1.9500000476837158 386800
1.9199999570846558 2.0899999141693115 1.8700000047683716 1.940000057220459 155200
1.940000057220459 2.0399999618530273 1.7999999523162842 1.840000033378601 132000
1.840000033378601 1.840000033378601 1.7699999809265137 1.7699999809265137 102300
1.7200000286102295 1.7799999713897705 1.5 1.5299999713897705 104300
1.4800000190734863 1.5529999732971191 1.4800000190734863 1.5199999809265137 66500
1.4900000095367432 1.75 1.4600000381469727 1.5 105600
1.4600000381469727 1.5399999618530273 1.440000057220459 1.4600000381469727 64000
1.3799999952316284 1.4600000381469727 1.309999942779541 1.3300000429153442 88100
1.3300000429153442 1.375 1.3300000429153442 1.3600000143051147 18100
1.399999976158142 1.4700000286102295 1.3300000429153442 1.3899999856948853 73800
1.399999976158142 1.399999976158142 1.2699999809265137 1.309999942779541 67700
1.2799999713897705 1.3700000047683716 1.2649999856948853 1.309999942779541 37700
1.4299999475479126 1.4700000286102295 1.309999942779541 1.350000023841858 53300
1.3200000524520874 1.350000023841858 1.2799999713897705 1.309999942779541 25400
1.281000018119812 1.3700000047683716 1.281000018119812 1.2899999618530273 19600
1.3049999475479126 1.3799999952316284 1.2699999809265137 1.2799999713897705 16200
1.2400000095367432 1.3509999513626099 1.1100000143051147 1.159999966621399 65000
1.1299999952316284 1.1349999904632568 1.0700000524520874 1.100000023841858 37500
1.1160000562667847 1.25 1.1160000562667847 1.149999976158142 49700
1.0800000429153442 1.1399999856948853 1.059999942779541 1.100000023841858 53500
1.1009999513626099 1.1009999513626099 0.9850000143051147 1.0099999904632568 74600
1.149999976158142 1.159999966621399 1.059999942779541 1.1100000143051147 41900
1.159999966621399 1.159999966621399 0.9620000123977661 0.9700000286102295 169800
1.0199999809265137 1.100000023841858 1.0099999904632568 1.0449999570846558 59300
1.0800000429153442 1.128999948501587 1.0099999904632568 1.0399999618530273 68800
1.0099999904632568 1.0490000247955322 0.9599999785423279 1.0230000019073486 33700
1.0299999713897705 1.059999942779541 0.9700000286102295 0.9800000190734863 21100
1.1100000143051147 1.1100000143051147 1.0099999904632568 1.0199999809265137 24600
1.0 1.100000023841858 1.0 1.0299999713897705 21500
1.0119999647140503 1.0199999809265137 0.9800000190734863 1.0 54700
0.9869999885559082 1.0800000429153442 0.9700000286102295 0.9850000143051147 57000
1.0099999904632568 1.0199999809265137 0.9700000286102295 0.9869999885559082 25100
0.949999988079071 1.0499999523162842 0.949999988079071 1.0099999904632568 53100
1.0 1.0 0.9300000071525574 0.9700000286102295 82500
0.9800000190734863 0.9900000095367432 0.9010000228881836 0.9200000166893005 38200
0.9599999785423279 0.9599999785423279 0.9049999713897705 0.9049999713897705 13700
0.9100000262260437 0.9919999837875366 0.9100000262260437 0.953000009059906 16800
0.9409999847412109 1.059999942779541 0.8999999761581421 1.059999942779541 111100
1.100000023841858 1.2899999618530273 1.0800000429153442 1.2389999628067017 163900
1.2699999809265137 1.2699999809265137 1.059999942779541 1.1699999570846558 210100
1.1699999570846558 1.4900000095367432 1.0 1.0700000524520874 597900
1.100000023841858 1.2100000381469727 1.0399999618530273 1.1670000553131104 286600
1.1299999952316284 1.1660000085830688 1.0700000524520874 1.100000023841858 66100
1.1299999952316284 1.1299999952316284 1.0700000524520874 1.090000033378601 66100
1.090000033378601 1.1050000190734863 1.0199999809265137 1.0540000200271606 71800
1.100000023841858 1.100000023841858 0.9350000023841858 0.9900000095367432 120400
1.0299999713897705 1.0299999713897705 0.8799999952316284 0.8899999856948853 131600
0.9350000023841858 0.9350000023841858 0.8799999952316284 0.8799999952316284 102400
0.9300000071525574 0.9350000023841858 0.8799999952316284 0.8799999952316284 71300
0.8799999952316284 0.9340000152587891 0.8500000238418579 0.8999999761581421 59000
0.9079999923706055 0.9079999923706055 0.8640000224113464 0.8880000114440918 61700
0.8700000047683716 0.8809999823570251 0.8299999833106995 0.8450000286102295 57700
0.8379999995231628 0.9350000023841858 0.800000011920929 0.843999981880188 66800
0.8659999966621399 0.9200000166893005 0.8100000023841858 0.8700000047683716 40100
0.8999999761581421 0.9350000023841858 0.8100000023841858 0.8299999833106995 31100
0.8799999952316284 0.9350000023841858 0.8299999833106995 0.8799999952316284 31900
0.8299999833106995 0.9350000023841858 0.8299999833106995 0.8799999952316284 36100
0.9190000295639038 0.9399999976158142 0.8399999737739563 0.8510000109672546 38500
0.902999997138977 0.9390000104904175 0.8550000190734863 0.8709999918937683 30300
0.9390000104904175 1.3200000524520874 0.8999999761581421 1.2000000476837158 749200
1.1799999475479126 1.190000057220459 1.059999942779541 1.100000023841858 140200
1.1200000047683716 1.1200000047683716 0.8560000061988831 0.949999988079071 202200
0.9599999785423279 0.9599999785423279 0.8619999885559082 0.8619999885559082 52700
0.8799999952316284 0.8799999952316284 0.8149999976158142 0.8349999785423279 85900
0.8560000061988831 0.8700000047683716 0.8320000171661377 0.8579999804496765 37200
0.8410000205039978 0.8899999856948853 0.8399999737739563 0.8700000047683716 17800
0.8790000081062317 0.9200000166893005 0.8600000143051147 0.8999999761581421 67800
0.8999999761581421 0.9559999704360962 0.8600000143051147 0.9110000133514404 77100
0.9100000262260437 0.9300000071525574 0.8799999952316284 0.9300000071525574 44600
0.9200000166893005 1.2799999713897705 0.9100000262260437 1.2599999904632568 521200
1.2400000095367432 1.2400000095367432 0.9800000190734863 1.059999942779541 169900
1.059999942779541 1.059999942779541 0.9599999785423279 1.0199999809265137 57900
1.024999976158142 1.0299999713897705 0.9779999852180481 1.0 42900
0.9700000286102295 1.0299999713897705 0.949999988079071 0.9990000128746033 57400
1.0750000476837158 1.1200000047683716 0.9900000095367432 1.0700000524520874 74700
1.1200000047683716 1.1200000047683716 1.031000018119812 1.100000023841858 54200
1.0800000429153442 1.090000033378601 1.0499999523162842 1.0499999523162842 36000
1.059999942779541 1.090000033378601 1.0 1.0199999809265137 126900
1.0199999809265137 1.0499999523162842 0.9909999966621399 1.0299999713897705 73500
1.0 1.059999942779541 0.9900000095367432 1.0199999809265137 58000
1.0 1.090000033378601 0.9810000061988831 0.9810000061988831 66500
1.0299999713897705 1.0700000524520874 0.9900000095367432 1.0499999523162842 71700
1.0800000429153442 1.100000023841858 0.9200000166893005 1.0069999694824219 88500
1.0570000410079956 1.0570000410079956 0.9629999995231628 1.0199999809265137 41800
0.9900000095367432 1.0499999523162842 0.949999988079071 0.9750000238418579 52500
1.0 1.0299999713897705 0.9629999995231628 0.9919999837875366 38400
1.0 1.0 0.9629999995231628 0.9810000061988831 17000
0.9800000190734863 1.0 0.949999988079071 0.949999988079071 34200
0.949999988079071 0.9850000143051147 0.9300000071525574 0.9549999833106995 17000
0.9639999866485596 1.0 0.9179999828338623 0.9509999752044678 28300
0.9599999785423279 0.9900000095367432 0.9300000071525574 0.953000009059906 33400
0.9399999976158142 0.9480000138282776 0.8999999761581421 0.9200000166893005 66700
0.8999999761581421 0.9300000071525574 0.8809999823570251 0.9100000262260437 78500
0.9300000071525574 0.9300000071525574 0.8899999856948853 0.9049999713897705 16700
0.9200000166893005 0.9259999990463257 0.8799999952316284 0.8899999856948853 52900
0.8999999761581421 0.9629999995231628 0.8899999856948853 0.949999988079071 19900
0.9459999799728394 0.9829999804496765 0.8999999761581421 0.9100000262260437 16700
0.8899999856948853 0.9599999785423279 0.8799999952316284 0.8820000290870667 20000
0.9900000095367432 0.9900000095367432 0.8889999985694885 0.9150000214576721 18600
0.9160000085830688 0.9580000042915344 0.8899999856948853 0.949999988079071 11600
0.8960000276565552 0.925000011920929 0.8840000033378601 0.8960000276565552 45200
0.9200000166893005 0.9599999785423279 0.8999999761581421 0.9599999785423279 34800
0.9399999976158142 0.9599999785423279 0.9200000166893005 0.949999988079071 18800
0.9700000286102295 0.9800000190734863 0.949999988079071 0.9800000190734863 3300
0.9900000095367432 0.9900000095367432 0.9599999785423279 0.9800000190734863 10700
0.9399999976158142 0.9589999914169312 0.9200000166893005 0.9279999732971191 46600
0.9200000166893005 0.949999988079071 0.8999999761581421 0.8999999761581421 36400
0.9169999957084656 0.9169999957084656 0.8759999871253967 0.8799999952316284 38700
0.8999999761581421 0.9200000166893005 0.8500000238418579 0.9200000166893005 35300
0.9190000295639038 0.9700000286102295 0.8510000109672546 0.8629999756813049 58400
0.8799999952316284 0.8999999761581421 0.8629999756813049 0.8799999952316284 67500
0.8799999952316284 0.9200000166893005 0.8790000081062317 0.8799999952316284 61700
0.8659999966621399 0.9100000262260437 0.8659999966621399 0.8709999918937683 68200
0.8659999966621399 0.9100000262260437 0.8659999966621399 0.871999979019165 57900
0.8799999952316284 0.9369999766349792 0.8730000257492065 0.9020000100135803 45300
0.9129999876022339 0.9300000071525574 0.8799999952316284 0.8899999856948853 11900
0.8799999952316284 0.9390000104904175 0.8799999952316284 0.8899999856948853 61700
0.9139999747276306 0.9309999942779541 0.875 0.9089999794960022 22600
0.9399999976158142 0.9399999976158142 0.8740000128746033 0.8930000066757202 256100
0.8930000066757202 0.9800000190734863 0.7799999713897705 0.9789999723434448 438900
0.9769999980926514 0.9769999980926514 0.8999999761581421 0.8999999761581421 84100
0.9160000085830688 0.9240000247955322 0.8550000190734863 0.8600000143051147 27100
0.8600000143051147 0.9100000262260437 0.8199999928474426 0.8600000143051147 60200
0.8629999756813049 0.8899999856948853 0.8500000238418579 0.8619999885559082 63500
0.8389999866485596 0.8600000143051147 0.8199999928474426 0.8489999771118164 48900
0.8460000157356262 0.8460000157356262 0.7599999904632568 0.7699999809265137 182100
0.7900000214576721 0.8050000071525574 0.7200000286102295 0.7699999809265137 198700
0.7739999890327454 0.7739999890327454 0.6899999976158142 0.7200000286102295 118400
0.6980000138282776 0.7250000238418579 0.6600000262260437 0.7099999785423279 94000
0.6949999928474426 0.7649999856948853 0.6629999876022339 0.699999988079071 53000
0.6710000038146973 0.6909999847412109 0.6010000109672546 0.6499999761581421 84100
0.6499999761581421 0.6700000166893005 0.6100000143051147 0.6499999761581421 15800
0.6499999761581421 0.6850000023841858 0.6399999856948853 0.6700000166893005 17800
0.6700000166893005 0.7490000128746033 0.6700000166893005 0.7200000286102295 87900
0.7229999899864197 0.7400000095367432 0.6800000071525574 0.7200000286102295 14800
0.7400000095367432 0.7400000095367432 0.6899999976158142 0.7200000286102295 30000
0.734000027179718 0.7710000276565552 0.6710000038146973 0.699999988079071 46200
0.6729999780654907 0.7400000095367432 0.6729999780654907 0.699999988079071 41200
0.7300000190734863 0.7599999904632568 0.7300000190734863 0.7300000190734863 40800
0.7160000205039978 0.7900000214576721 0.6930000185966492 0.7900000214576721 46000
0.7900000214576721 0.800000011920929 0.7089999914169312 0.7900000214576721 55100
0.75 0.8199999928474426 0.75 0.7699999809265137 25800
0.75 0.8199999928474426 0.7279999852180481 0.7799999713897705 24400
0.800000011920929 0.800000011920929 0.7599999904632568 0.800000011920929 13000
0.7900000214576721 0.8500000238418579 0.7900000214576721 0.8299999833106995 37900
0.8389999866485596 0.8420000076293945 0.7799999713897705 0.8199999928474426 29400
0.8320000171661377 0.8519999980926514 0.6800000071525574 0.8519999980926514 93500
0.8519999980926514 0.8519999980926514 0.6800000071525574 0.6940000057220459 146500
0.7549999952316284 0.7549999952316284 0.30000001192092896 0.4399999976158142 1736200
0.4000000059604645 0.5099999904632568 0.3799999952316284 0.38100001215934753 298900
0.4099999964237213 0.4300000071525574 0.36500000953674316 0.38999998569488525 164400
0.39100000262260437 0.47999998927116394 0.38999998569488525 0.4399999976158142 266400
0.43799999356269836 0.4399999976158142 0.38199999928474426 0.41100001335144043 82400
0.41999998688697815 0.4320000112056732 0.4000000059604645 0.42500001192092896 45600
0.41499999165534973 0.4480000138282776 0.4099999964237213 0.42100000381469727 19900
0.42100000381469727 0.4659999907016754 0.41600000858306885 0.421999990940094 27600
0.4440000057220459 0.4659999907016754 0.41100001335144043 0.4259999990463257 41500
0.4259999990463257 0.4490000009536743 0.41499999165534973 0.4300000071525574 31800
0.4399999976158142 0.4399999976158142 0.41999998688697815 0.4300000071525574 17300
0.44999998807907104 0.44999998807907104 0.41600000858306885 0.41999998688697815 21600
0.41499999165534973 0.4390000104904175 0.3799999952316284 0.3799999952316284 21300
0.3799999952316284 0.41999998688697815 0.3799999952316284 0.39899998903274536 29000
0.4189999997615814 0.4259999990463257 0.3659999966621399 0.39399999380111694 35800
0.44999998807907104 0.44999998807907104 0.39100000262260437 0.41999998688697815 37400
0.4300000071525574 0.4300000071525574 0.3919999897480011 0.3919999897480011 21100
0.4129999876022339 0.42500001192092896 0.38999998569488525 0.39500001072883606 30700
0.38199999928474426 0.41999998688697815 0.3700000047683716 0.37599998712539673 33400
0.3799999952316284 0.41999998688697815 0.37599998712539673 0.37599998712539673 69000
0.4059999883174896 0.4059999883174896 0.3880000114440918 0.3889999985694885 16600
0.38100001215934753 0.4000000059604645 0.37599998712539673 0.37599998712539673 26000
0.37599998712539673 0.4000000059604645 0.37599998712539673 0.3799999952316284 25900
0.3790000081062317 0.4099999964237213 0.37599998712539673 0.3869999945163727 79000
0.38999998569488525 0.41990000009536743 0.37959998846054077 0.37959998846054077 57907
