23.957506801368197 24.08220672607422 23.957506801368197 24.08220672607422 13900
24.146448757311138 24.146448757311138 24.089767456054688 24.089767456054688 800
24.165340757568675 24.491260460195893 24.108659461865223 24.316492080688477 16800
24.373177026448243 24.373177026448243 24.335390090942383 24.335390090942383 700
24.45819782630782 24.52716064453125 24.45819782630782 24.52716064453125 600
24.92109787109111 24.93999223732507 24.817182460536205 24.81907081604004 6200
25.412342720103723 25.412342720103723 25.16672134399414 25.16672134399414 16300
24.991953997146137 25.11948828251938 24.703821182250977 24.703821182250977 22000
24.798288895533638 24.798288895533638 24.562114715576172 24.562114715576172 16300
24.751048325150457 24.836071151910247 24.410957018111294 24.445911407470703 32400
24.34484080189839 26.338150138505057 24.184242248535156 24.184242248535156 324800
24.64713481947425 24.822847366333008 24.53377043289941 24.822847366333008 15700
24.713265382247748 24.722712565416003 24.259811401367188 24.259811401367188 4900
23.938613038104627 24.18423438110155 23.692991695107704 23.83186149597168 24300
23.806356070008867 24.101099879554955 23.806356070008867 23.83469581604004 8200
24.269256763917703 24.439302444458008 24.259809581458153 24.439302444458008 2900
24.732165126451797 24.864422115833996 24.732165126451797 24.840805053710938 2700
24.666029135131346 24.675476317482598 24.576281803727326 24.642410278320312 3200
24.760499624864625 24.760499624864625 24.60934829711914 24.60934829711914 2100
24.741605928680848 24.741605928680848 24.72271156311035 24.72271156311035 600
24.82852214596151 24.99195501763618 24.82852214596151 24.972116470336914 500
25.166723414178964 25.35566350422558 24.974950790405273 24.974950790405273 253200
25.110036934939988 25.251741072349063 25.085475701301608 25.100589752197266 7700
25.216846616623332 25.755587048088618 25.11287853239388 25.155410766601562 90800
25.22629689498124 25.22629689498124 25.13178062438965 25.13178062438965 1300
25.188495522750102 25.283011815319654 25.156359730891687 25.169591903686523 3900
25.12232946508187 25.12232946508187 25.00890957689673 25.06562042236328 1100
25.05617031523565 25.05617031523565 24.84823594265728 24.928573608398438 1500
24.881311930588403 24.94274596892974 24.881311930588403 24.895488739013672 600
24.933297598953477 24.980556638131024 24.9002171729032 24.91912078857422 2200
24.867141723632812 24.933302588974456 24.867141723632812 24.867141723632812 1500
24.93329287863779 24.93329287863779 24.88603565115489 24.917226791381836 2900
25.169588593644804 25.17242431640625 25.169588593644804 25.17242431640625 500
25.22629866483997 25.22629866483997 25.197943240848723 25.204559326171875 1500
25.24519589310629 25.24519589310629 25.1412296295166 25.1412296295166 1600
25.179030105300278 25.21683732299466 25.179030105300278 25.21211051940918 3800
25.349176687942077 25.349176687942077 25.292467624531866 25.306644439697266 800
25.23101412825637 25.23574093184185 25.21211051940918 25.21211051940918 1000
25.21211051940918 25.21211051940918 25.21211051940918 25.21211051940918 0
25.245208740234375 25.254660551324807 25.235758731892577 25.245208740234375 1100
25.150690750565268 25.160142560346287 25.103431701660156 25.103431701660156 4300
25.122329179204613 25.20361328125 25.122329179204613 25.20361328125 600
25.188488517220293 25.264101169696556 25.16958490341427 25.198884963989258 1200
25.203615735774907 25.245201529396216 25.1336727142334 25.1336727142334 900
25.162984826698754 25.191352313017905 25.153528396715835 25.164875030517578 2100
25.162043461864585 25.162043461864585 25.132729063551366 25.153533935546875 600
25.15164172516467 25.15353373301448 25.128001547006935 25.14407730102539 700
25.002235054923645 25.040058980197767 25.002235054923645 25.03154945373535 1000
25.030594040864056 25.181893297798762 25.030594040864056 25.177165985107422 900
25.162988347352808 25.162988347352808 25.10152244567871 25.10152244567871 900
25.068427931743393 25.068427931743393 25.01641845703125 25.01641845703125 1200
25.058968404706306 25.09679412841797 25.058968404706306 25.09679412841797 200
25.153534340155158 25.21027112982919 25.153534340155158 25.172447204589844 1100
25.21972746686371 25.26700782414196 25.21500015258789 25.21500015258789 1800
25.181899224241075 25.210268517953942 25.181899224241075 25.186628341674805 500
25.021142959594727 25.021142959594727 25.021142959594727 25.021142959594727 300
25.021142959594727 25.021142959594727 25.021142959594727 25.021142959594727 0
25.04005558193412 25.102466583251953 25.04005558193412 25.102466583251953 500
25.11570378688427 25.125160217285156 25.11570378688427 25.125160217285156 600
25.158261654448815 25.172447204589844 25.158261654448815 25.172447204589844 600
25.106246948242188 25.106246948242188 25.106246948242188 25.106246948242188 400
25.162992575631463 25.162992575631463 25.120439529418945 25.120439529418945 400
25.144075484740803 25.153531916046806 25.10152244567871 25.10152244567871 11300
25.162984415354945 25.190406799316406 25.153527985526615 25.190406799316406 1100
25.15445461427675 25.17527198791504 25.15445461427675 25.17527198791504 500
25.14026634946074 25.14026634946074 25.121342117580234 25.135536193847656 900
24.979412009486495 24.998336239868166 24.974681854248047 24.974681854248047 1900
24.974681854248047 24.974681854248047 24.974681854248047 24.974681854248047 0
24.68609348129457 24.733402252197266 24.667169251047923 24.733402252197266 1000
24.70501462826135 24.76178550720215 24.70501462826135 24.76178550720215 800
24.875323759978134 24.880053913582806 24.846937424210154 24.856399536132812 700
24.946295258694533 25.045644760131836 24.946295258694533 25.045644760131836 600
25.16391975445056 25.168651714592972 25.16013526916504 25.16013526916504 400
25.13080517960732 25.13080517960732 25.097688674926758 25.097688674926758 600
25.097688674926758 25.097688674926758 25.097688674926758 25.097688674926758 200
25.05984227406661 25.05984227406661 24.998339419859487 25.02672576904297 3400
25.045644868170562 25.063623428344727 25.017260327473988 25.063623428344727 1200
25.12606430053711 25.149718678826012 25.12606430053711 25.12606430053711 800
25.121336703523557 25.131746292114258 25.121336703523557 25.131746292114258 300
25.16865023412638 25.16865023412638 25.111879348754883 25.111879348754883 1600
25.10242063543207 25.10242063543207 25.07403428654266 25.097688674926758 1200
25.15918731689453 25.167703761549962 25.15918731689453 25.15918731689453 500
25.187573661032115 25.197033971030795 25.15918731689453 25.15918731689453 1200
25.253806584105032 25.253806584105032 25.234882354736328 25.234882354736328 800
25.244344342785233 25.261375427246094 25.244344342785233 25.261375427246094 300
25.282192308692427 25.282192308692427 25.206497192382812 25.206497192382812 700
25.222593307495117 25.222593307495117 25.222593307495117 25.222593307495117 0
25.17525743229336 25.19892692565918 25.17525743229336 25.19892692565918 1000
25.13738230076466 25.147798538208008 25.13738230076466 25.147798538208008 900
25.222593307495117 25.222593307495117 25.222593307495117 25.222593307495117 400
25.21312350113469 25.222591657867074 25.188507738323494 25.203657150268555 1600
25.232055104469833 25.288862228393555 25.232055104469833 25.288862228393555 700
25.307806751892933 25.307806751892933 25.23206329345703 25.23206329345703 2300
25.203651735121518 25.26519203186035 25.203651735121518 25.26519203186035 1500
25.26519203186035 25.26519203186035 25.26519203186035 25.26519203186035 0
25.25099141439971 25.288862228393555 25.25099141439971 25.288862228393555 1000
25.317268781595175 25.317268781595175 25.27939796447754 25.27939796447754 1700
25.26993187111827 25.26993187111827 25.26046371459961 25.26046371459961 300
25.29833247010333 25.29833247010333 25.269929808731614 25.27939796447754 1500
25.303072024445683 25.32674151515573 25.303072024445683 25.31159210205078 39700
25.34567665733692 25.34567665733692 25.317272186279297 25.317272186279297 16400
25.345677285731977 25.36461360023988 25.345677285731977 25.35041046142578 16000
25.345671641272276 25.345671641272276 25.3409366607666 25.3409366607666 500
25.345671158183183 25.345671158183183 25.288862228393555 25.288862228393555 1100
25.345674487036778 25.364610799453715 25.336206330828308 25.363662719726562 1000
25.355147033692923 25.38828468322754 25.355147033692923 25.38828468322754 1000
25.430893807034582 25.440361966117273 25.4119574888692 25.435626983642578 4600
25.430888236649047 25.444143295288086 25.430888236649047 25.444143295288086 700
25.410037291252003 25.419511795043945 25.40056278746006 25.419511795043945 2100
25.48582820130366 25.514251708984375 25.48582820130366 25.514251708984375 700
25.428979873657227 25.44792887645324 25.428979873657227 25.428979873657227 1100
25.504779917106607 25.504779917106607 25.45267105102539 25.45267105102539 800
25.447940537119756 25.447940537119756 25.40056800842285 25.40056800842285 1300
25.43845748240905 25.43845748240905 25.36266326904297 25.36266326904297 800
25.24897103886083 25.286869049072266 25.230022033755112 25.286869049072266 700
25.182654229858603 25.22244606091986 25.173179726214 25.19686508178711 2700
25.201602232270517 25.201602232270517 25.12580801321267 25.135282516479492 2100
25.18264980904465 25.192124311026006 25.154226303100586 25.154226303100586 1800
25.20160484313965 25.220553851636396 25.20160484313965 25.20160484313965 500
25.24896500932352 25.258439509613837 25.239490509033203 25.239490509033203 600
25.277392627511496 25.277392627511496 25.21107292175293 25.21107292175293 800
25.29160760579736 25.29634576102592 25.268869159099825 25.282133102416992 1500
25.31529306115722 25.31529306115722 25.305818557739258 25.305818557739258 400
25.30581694978428 25.30581694978428 25.277395248413086 25.277395248413086 1600
25.277395248413086 25.277395248413086 25.277395248413086 25.277395248413086 0
25.163705825805664 25.163705825805664 25.163705825805664 25.163705825805664 600
25.116337526632602 25.116337526632602 25.106863021850586 25.106863021850586 3800
25.163700701037715 25.163700701037715 25.106855496461105 25.13054084777832 900
25.163705825805664 25.20634018969003 25.15423132193393 25.163705825805664 1300
25.179813385009766 25.179813385009766 25.179813385009766 25.179813385009766 400
25.265138440339506 25.284099578857422 25.265138440339506 25.284099578857422 800
25.331503393863805 25.340983964162064 25.326764012831624 25.336244583129883 1000
25.236703392517295 25.246182155364835 25.189300537109375 25.189300537109375 1900
25.2556646367077 25.2556646367077 25.231964111328125 25.231964111328125 2800
25.208263339263304 25.217743910969194 25.189302195851525 25.212055206298828 1500
25.170337363215598 25.247129440307617 25.170337363215598 25.247129440307617 600
25.25565510501384 25.27556375580709 25.25565510501384 25.274616241455078 600
25.293583830089812 25.293583830089812 25.255661547533656 25.256610870361328 600
25.24617662703936 25.265137765050483 25.24617662703936 25.255657196044922 900
25.29357784542777 25.29357784542777 25.236696243286133 25.236696243286133 900
25.28409613050641 25.28409613050641 25.246173858642578 25.246173858642578 1100
25.255662347210613 25.255662347210613 25.227222442626953 25.227222442626953 600
25.30305794611694 25.30305794611694 25.274616241455078 25.274616241455078 600
25.284103566273107 25.293584137027192 25.272727966308594 25.272727966308594 1200
25.246173858642578 25.246173858642578 25.246173858642578 25.246173858642578 500
25.265143110574105 25.2935848236084 25.265143110574105 25.2935848236084 500
25.32202405969062 25.32202405969062 25.29737602229904 25.307804107666016 1000
25.303062438964844 25.303062438964844 25.303062438964844 25.303062438964844 800
25.340986441522443 25.340986441522443 25.322025299072266 25.322025299072266 7300
25.255657196044922 25.265137765050483 25.24617662703936 25.255657196044922 1200
25.194947551073554 25.270835876464844 25.194947551073554 25.270835876464844 1500
25.24712618662126 25.24712618662126 25.22341141941934 25.24238395690918 2500
25.147511483061287 25.147511483061287 25.085851669311523 25.085851669311523 1100
25.14751667884791 25.14751667884791 25.143722534179688 25.143722534179688 2200
25.10009002685547 25.10009002685547 25.10009002685547 25.10009002685547 800
25.10009002685547 25.10009002685547 25.10009002685547 25.10009002685547 300
25.095352734472673 25.128553774691635 25.088712526428882 25.09061050415039 3000
25.10958123476052 25.10958123476052 25.09061050415039 25.09061050415039 800
25.175981521606445 25.175981521606445 25.175981521606445 25.175981521606445 300
25.194951127194212 25.194951127194212 25.18546485900879 25.18546485900879 900
25.204438360842566 25.204438360842566 25.14752255887051 25.159854888916016 1200
25.1570111741213 25.1570111741213 25.138038635253906 25.138038635253906 1700
25.09060293627285 25.10957366116099 25.088704959123813 25.106727600097656 1200
25.071636903649644 25.090609442778195 25.03369182539254 25.047922134399414 26300
25.014716864953538 25.033687591552734 25.014716864953538 25.033687591552734 600
24.94831085205078 24.957797119198048 24.93882639422397 24.94831085205078 8300
24.948315549914085 24.957801818847656 24.93977917439843 24.957801818847656 1400
25.033687591552734 25.050763959472928 25.02420132359283 25.033687591552734 1500
25.071633269164405 25.081119537353516 25.071633269164405 25.081119537353516 500
25.114310462423706 25.114310462423706 25.085851669311523 25.085851669311523 400
25.085851669311523 25.085851669311523 25.085851669311523 25.085851669311523 0
25.085851669311523 25.085851669311523 25.085851669311523 25.085851669311523 500
24.96436308897228 24.96436308897228 24.926395416259766 24.926395416259766 1600
24.89791704877031 24.89791704877031 24.869441748292502 24.8798828125 600
25.07827096425274 25.09725570678711 25.069727286966867 25.09725570678711 800
25.11623695094088 25.11623695094088 25.08776164953766 25.094406127929688 1100
24.99284051963844 25.021317632398922 24.99284051963844 25.007078170776367 1200
24.807740724238837 24.81343650817871 24.765025965658598 24.81343650817871 1800
24.774520325413413 24.774520325413413 24.742246627807617 24.742246627807617 1000
24.765025398310158 24.788755416870117 24.765025398310158 24.788755416870117 500
24.859950631149406 24.926395416259766 24.850458260350127 24.926395416259766 1300
24.897916793823242 24.90740916404682 24.897916793823242 24.897916793823242 600
24.88842636554825 24.88842636554825 24.87893399458402 24.882732391357422 600
24.935885624595006 24.944427490234375 24.92639325461891 24.944427490234375 1500
24.935884475708008 24.945376845246752 24.921645016157704 24.935884475708008 1800
24.97385025024414 24.98334261906332 24.96435788142496 24.97385025024414 2200
24.98334814871828 25.011825261478762 24.98334814871828 25.007078170776367 1300
24.95486661366762 24.959611892700195 24.95486661366762 24.959611892700195 900
24.926394912721786 24.926394912721786 24.89886830529916 24.916902542114258 1400
24.95486458858677 24.95486458858677 24.921640396118164 24.921640396118164 1200
24.921640396118164 24.921640396118164 24.921640396118164 24.921640396118164 300
24.978605270385742 25.007080575399712 24.978605270385742 24.978605270385742 1400
24.83708381652832 24.83708381652832 24.83708381652832 24.83708381652832 800
24.80858612060547 24.80858612060547 24.7943379982274 24.80858612060547 800
24.82757513791528 24.865567707120686 24.82757513791528 24.856069564819336 1200
24.761091595199133 24.776288986206055 24.761091595199133 24.776288986206055 500
24.846574783325195 24.85607292691129 24.846574783325195 24.846574783325195 1200
24.8988188447065 24.8988188447065 24.87507438659668 24.87507438659668 1000
24.828529080867767 24.83992576599121 24.828529080867767 24.83992576599121 800
24.865577045611552 24.89406967163086 24.84658075387462 24.89406967163086 500
24.941558792012724 24.944408416748047 24.941558792012724 24.944408416748047 700
24.941560294875913 24.951058440703974 24.93206214904785 24.93206214904785 900
24.90831869670083 24.921615739080174 24.889322404277152 24.913066864013672 1400
24.87507519148002 24.913065963367792 24.87507519148002 24.89406967163086 1000
24.937779767152566 24.937779767152566 24.871253967285156 24.871253967285156 1100
24.899772929826884 24.899772929826884 24.857006072998047 24.857006072998047 1600
24.857006072998047 24.857006072998047 24.857006072998047 24.857006072998047 0
24.899774826876687 24.909276962280273 24.895971797483952 24.909276962280273 1900
24.852249517778322 24.861753463745117 24.8303920734778 24.861753463745117 2400
24.861757890298954 24.909275815901005 24.861757890298954 24.876964569091797 900
24.861754950553685 24.899770736694336 24.861754950553685 24.899770736694336 600
24.8988190731561 24.909272870537045 24.895017857080525 24.899770736694336 1400
24.880766930684015 24.909276962280273 24.880766930684015 24.909276962280273 300
24.937779867255596 24.937779867255596 24.90926803318707 24.923524856567383 3300
24.89976805792196 24.937782027280527 24.89976805792196 24.930179595947266 1100
24.89977381033366 24.89977381033366 24.861758019500325 24.880765914916992 1400
24.70019643048077 24.729658126831055 24.70019643048077 24.729658126831055 700
24.643171681331324 24.662179575992898 24.643171681331324 24.65267562866211 900
24.59565135010672 24.59565135010672 24.586149215698242 24.586149215698242 2000
24.557633235423488 24.557633235423488 24.52912139892578 24.52912139892578 4400
24.45308821766252 24.548125846631965 24.45308821766252 24.53862190246582 1400
24.567136384992324 24.6336621886394 24.557632439801 24.608951568603516 19800
24.614653930705455 24.614653930705455 24.548128128051758 24.548128128051758 1500
24.62415885925293 24.63366280468193 24.614654913823927 24.62415885925293 3000
24.605153245912735 24.633665084838867 24.605153245912735 24.633665084838867 248500
24.624161138530155 24.633665084838867 24.614657192221443 24.633665084838867 10400
24.605154270570065 24.62416216397905 24.59565032386557 24.609907150268555 88500
24.633663688862836 24.647918701171875 24.633663688862836 24.647918701171875 600
24.728702813615286 24.737255096435547 24.728702813615286 24.737255096435547 700
24.738210678100586 24.747714625944695 24.738210678100586 24.738210678100586 1000
24.7667179107666 24.7667179107666 24.7667179107666 24.7667179107666 700
24.728709564743294 24.728709564743294 24.690693769009346 24.713502883911133 2200
24.662179946899414 24.690689976627947 24.662179946899414 24.662179946899414 136600
24.67834542829463 24.697363968591258 24.67834542829463 24.692609786987305 1600
24.63079116481305 24.63079116481305 24.611770813244195 24.62698745727539 1000
24.60226756227821 24.60226756227821 24.573737028997922 24.5784912109375 800
24.55471393005216 24.573734283447266 24.55471393005216 24.573734283447266 1300
24.572783652952193 24.573734126451654 24.52142906188965 24.52142906188965 2500
24.545204529495635 24.545204529495635 24.526185989379883 24.526185989379883 400
24.573728964468987 24.573728964468987 24.53568826591268 24.545198440551758 400
24.583242145344126 24.606066204492954 24.583242145344126 24.602262496948242 900
24.602265516266257 24.61177387935467 24.583245162327866 24.58799934387207 1600
24.535691647191715 24.535691647191715 24.507162933223267 24.511917114257812 1900
24.36451791973564 24.36451791973564 24.329330444335938 24.329330444335938 900
24.335983005337916 24.38353207044655 24.335983005337916 24.355003356933594 1800
24.354051069637414 24.364513532731433 24.345493181135755 24.355003356933594 6000
24.297945663371685 24.297945663371685 24.250396591685412 24.259906768798828 900
24.250396163230704 24.250396163230704 24.226621627807617 24.226621627807617 500
24.226621627807617 24.226621627807617 24.226621627807617 24.226621627807617 400
24.183821454673 24.21044921875 24.183821454673 24.21044921875 500
24.031668041878493 24.031668041878493 23.889019012451172 23.889019012451172 17600
23.941322447984835 24.102991832933366 23.917547911879634 24.080167770385742 2900
24.025932143928205 24.063993897676916 24.025932143928205 24.055429458618164 6300
24.102048432124352 24.110612869262695 24.102048432124352 24.110612869262695 600
23.97835373299743 23.98786735534668 23.973595106938724 23.98786735534668 1300
24.01641552022261 24.01641552022261 23.880348205566406 23.880348205566406 1300
23.880348205566406 23.880348205566406 23.880348205566406 23.880348205566406 0
23.75950813293457 23.75950813293457 23.75950813293457 23.75950813293457 2700
23.75950813293457 23.75950813293457 23.75950813293457 23.75950813293457 0
23.878445758757838 23.9117488861084 23.873688946943897 23.9117488861084 2200
23.89271459457336 23.94028996183725 23.89271459457336 23.91459846496582 11600
23.740471119714094 23.769015613972467 23.740471119714094 23.749984741210938 2900
23.7785352389938 23.7785352389938 23.770923614501953 23.770923614501953 900
23.79756087582247 23.79756087582247 23.773773193359375 23.773773193359375 1000
23.70240937419104 23.749984741210938 23.68242750225661 23.749984741210938 1400
23.569199815011192 23.60725975036621 23.569199815011192 23.60725975036621 6500
23.55968572609181 23.592988852015395 23.55017028798732 23.588232040405273 2300
23.650079935463083 23.65483856201172 23.645323123798715 23.65483856201172 600
23.702417632276166 23.769023895263672 23.702417632276166 23.769023895263672 300
23.721442150034207 23.7956600189209 23.721442150034207 23.7956600189209 1500
23.811834706470172 23.811834706470172 23.764259338378906 23.764259338378906 2100
23.702419653589615 23.71193509409709 23.700517654418945 23.700517654418945 600
23.664358269352814 23.673871894397838 23.6072656297751 23.623441696166992 2300
23.55968572609181 23.588232040405273 23.55017028798732 23.588232040405273 1600
23.578712626014603 23.60725712063011 23.54065088001534 23.572052001953125 8800
23.624424308424654 23.662513732910156 23.624424308424654 23.662513732910156 3600
23.600617889908378 23.600617889908378 23.595857620239258 23.595857620239258 300
23.69108494128928 23.70917796732981 23.69108494128928 23.700607299804688 700
23.71964716308434 23.72916951965119 23.681559553020747 23.69108009338379 600
23.7386926793913 23.769163131713867 23.7386926793913 23.769163131713867 3000
23.72441330558357 23.738695934773812 23.71012886018921 23.71108055114746 1700
23.687268263627416 23.70059919775097 23.687268263627416 23.695838928222656 500
23.729169694773336 23.786302018392266 23.729169694773336 23.780590057373047 2800
23.738689587408587 23.757734298706055 23.738689587408587 23.757734298706055 1600
23.910091237640046 23.910091237640046 23.89104652404785 23.89104652404785 1000
23.85295335544276 23.85295335544276 23.83867073059082 23.83867073059082 600
23.832960605414534 23.84343646919468 23.819629669189453 23.819629669189453 1700
23.86628803313723 23.910091237640046 23.852957096863463 23.89104652404785 145700
23.86723646357778 23.89675521850586 23.86723646357778 23.89675521850586 3100
23.90057038736281 23.91675821331615 23.872003315173856 23.905330657958984 66700
23.900568317471084 23.900568317471084 23.88628387451172 23.88628387451172 1100
23.87676517041432 23.87676517041432 23.86248072635639 23.86724281311035 3600
23.82439430700828 23.843439022570408 23.772022247314453 23.772022247314453 700
23.76249584066667 23.80534553527832 23.748213214530697 23.80534553527832 600
23.75963433828313 23.76249122619629 23.75963433828313 23.76249122619629 1100
23.767259758636698 23.786304473876953 23.767259758636698 23.786304473876953 900
23.811076398137995 23.819652557373047 23.802502056270868 23.819652557373047 900
23.905402575484516 23.905402575484516 23.849185943603516 23.849185943603516 700
23.857759276570984 23.879674911499023 23.857759276570984 23.879674911499023 1200
23.906354248466695 23.906354248466695 23.896825790405273 23.896825790405273 400
23.963526331500592 23.963526331500592 23.896828933665198 23.901592254638672 1400
23.86824498077583 23.86824498077583 23.85871833826009 23.859670639038086 300
23.859670639038086 23.859670639038086 23.859670639038086 23.859670639038086 0
23.72532081604004 23.72532081604004 23.719603376853456 23.72532081604004 2000
23.753907126146274 23.798688888549805 23.753907126146274 23.798688888549805 1200
23.82536895269093 23.839662551879883 23.80154871053332 23.839662551879883 5800
23.838703963950792 23.838703963950792 23.820601164863024 23.830129623413086 400
23.820604582304608 23.827274322509766 23.811076122387536 23.827274322509766 400
23.830135261582964 23.830135261582964 23.7586727142334 23.7586727142334 700
23.849191012216522 23.849191012216522 23.839662551879883 23.839662551879883 3700
23.83012902698036 23.849185943603516 23.83012902698036 23.849185943603516 400
23.873009309606708 23.873009309606708 23.868244171142578 23.868244171142578 700
23.925415004269876 23.953998565673828 23.925415004269876 23.953998565673828 600
23.94446934811843 23.94446934811843 23.919696807861328 23.919696807861328 1600
23.846332907969334 23.877775192260742 23.846332907969334 23.877775192260742 1500
23.877775192260742 23.877775192260742 23.877775192260742 23.877775192260742 0
23.87396030621286 23.87396030621286 23.869192123413086 23.869192123413086 800
23.869192123413086 23.869192123413086 23.869192123413086 23.869192123413086 0
23.854886427352614 23.854886427352614 23.835817337036133 23.835817337036133 1800
23.835817337036133 23.835817337036133 23.835817337036133 23.835817337036133 0
23.835817337036133 23.835817337036133 23.835817337036133 23.835817337036133 0
24.007444381713867 24.007444381713867 24.007444381713867 24.007444381713867 300
24.074182609888926 24.078948974609375 24.055113513948964 24.078948974609375 1100
24.07417711234344 24.15045166015625 24.07417711234344 24.15045166015625 500
24.103736213215846 24.11899185180664 24.10278330409419 24.11899185180664 900
24.074177725859503 24.074177725859503 24.040807723999023 24.040807723999023 400
24.03603964215691 24.045574188232422 24.03603964215691 24.045574188232422 100
23.893031687724832 23.893031687724832 23.87873077392578 23.87873077392578 900
23.94546995506694 24.007443610234155 23.94546995506694 23.955957412719727 1800
24.031277854578015 24.069416046142578 24.021743306686872 24.069416046142578 28100
24.00267248404482 24.02650976132224 24.00267248404482 24.01220703125 400
24.026509009160776 24.050344467163086 24.026509009160776 24.050344467163086 2300
24.040810383796725 24.040810383796725 24.00267219543457 24.00267219543457 500
24.02555474474608 24.02555474474608 24.00267219543457 24.00267219543457 700
23.940702825563434 23.95500373840332 23.940702825563434 23.95500373840332 400
24.01697950443632 24.026514053344727 24.01697950443632 24.026514053344727 300
24.02651033842825 24.03127670288086 24.02651033842825 24.03127670288086 200
24.09801625024301 24.09801625024301 24.067506790161133 24.067506790161133 400
24.026484218969063 24.045564651489258 24.021715020644113 24.045564651489258 600
24.07895449731533 24.12665557861328 24.07895449731533 24.12665557861328 300
24.160044797990057 24.24590492248535 24.160044797990057 24.24590492248535 1400
24.24590492248535 24.24590492248535 24.24590492248535 24.24590492248535 0
24.35084186476951 24.384231708544654 24.35084186476951 24.360382080078125 1600
24.2688029290145 24.269758224487305 24.2688029290145 24.269758224487305 800
24.238271657909888 24.24590492248535 24.238271657909888 24.24590492248535 900
24.26498304757562 24.26498304757562 24.179122924804688 24.179122924804688 1200
24.231590816863633 24.279291891268933 24.231590816863633 24.274520874023438 800
24.288833958247416 24.36324691772461 24.288833958247416 24.36324691772461 700
24.317454750327183 24.355615615844727 24.317454750327183 24.355615615844727 1000
24.52733244938961 24.536872665145705 24.52733244938961 24.535919189453125 700
24.536875257015417 24.536875257015417 24.522565841674805 24.522565841674805 700
24.422393256997342 24.422393256997342 24.395681381225586 24.395681381225586 400
24.460551134401804 24.460551134401804 24.455781936645508 24.455781936645508 700
24.455781936645508 24.455781936645508 24.455781936645508 24.455781936645508 300
24.42239610422384 24.42239610422384 24.403315670845263 24.408084869384766 400
24.489174969713293 24.49394416809082 24.489174969713293 24.49394416809082 400
24.46532303773296 24.50825309753418 24.46532303773296 24.50825309753418 400
24.50825309753418 24.50825309753418 24.50825309753418 24.50825309753418 0
24.50825309753418 24.50825309753418 24.50825309753418 24.50825309753418 0
24.589389373190077 24.61325293486555 24.589389373190077 24.596071243286133 2700
24.596071243286133 24.596071243286133 24.596071243286133 24.596071243286133 0
24.68484607293688 24.68484607293688 24.56075263596854 24.594161987304688 2300
24.5130304461502 24.52162038355269 24.508256640327957 24.509212493896484 1800
24.393709611768138 24.393709611768138 24.387027740478516 24.387027740478516 600
24.3555235027548 24.3555235027548 24.35170555114746 24.35170555114746 1300
24.343115716965023 24.343115716965023 24.307796478271484 24.307796478271484 1200
24.31447981899018 24.336435317993164 24.31447981899018 24.336435317993164 300
24.29825068887666 24.329751975946902 24.29825068887666 24.307796478271484 1100
24.307796478271484 24.307796478271484 24.307796478271484 24.307796478271484 0
24.522572725087418 24.522572725087418 24.47007179260254 24.47007179260254 1100
24.474843286477576 24.474843286477576 24.460525512695312 24.460525512695312 300
24.460525512695312 24.460525512695312 24.460525512695312 24.460525512695312 0
24.489158630371094 24.489158630371094 24.4834307935831 24.489158630371094 500
24.473886425759115 24.473886425759115 24.457658767700195 24.457658767700195 500
24.456705428696694 24.47197723388672 24.45575139604057 24.47197723388672 500
24.45576071188845 24.45576071188845 24.412805557250977 24.412805557250977 1800
24.412805557250977 24.412805557250977 24.412805557250977 24.412805557250977 0
24.30302286734125 24.341206025225514 24.30302286734125 24.334524154663086 700
24.34120683201597 24.40325355529785 24.34120683201597 24.40325355529785 2100
24.42711567007197 24.450979232788086 24.42711567007197 24.450979232788086 1900
24.446214919671934 24.446214919671934 24.412805557250977 24.412805557250977 8100
24.44050324000795 24.44050324000795 24.42713165283203 24.42713165283203 900
24.42713165283203 24.42713165283203 24.42713165283203 24.42713165283203 0
24.42713165283203 24.42713165283203 24.42713165283203 24.42713165283203 100
24.31251014734315 24.32588173088922 24.31251014734315 24.32206153869629 400
24.336384963980873 24.369813919067383 24.336384963980873 24.369813919067383 1000
24.393702684892233 24.42713165283203 24.393702684892233 24.42713165283203 300
24.393696513035113 24.393696513035113 24.355490946917676 24.360265731811523 7600
24.360265731811523 24.360265731811523 24.360265731811523 24.360265731811523 0
24.45864372161597 24.460554728641682 24.455778121948242 24.455778121948242 600
24.421398925374167 24.421398925374167 24.39752135287307 24.418533325195312 700
24.356446230841126 24.356446230841126 24.355491638183594 24.355491638183594 600
24.277166444861276 24.29340362548828 24.277166444861276 24.29340362548828 900
24.40802200732166 24.40802200732166 24.393695831298828 24.393695831298828 1000
24.398476337419428 24.41184792397409 24.37937355041504 24.37937355041504 700
24.403242189762747 24.403242189762747 24.388916015625 24.388916015625 100
24.278121788984155 24.278121788984155 24.215084075927734 24.215084075927734 1800
24.154915461274122 24.154915461274122 24.13581267958258 24.15013885498047 1100
24.107160649327238 24.107160649327238 24.09283447265625 24.09283447265625 300
23.997323302300455 24.01642608642578 23.997323302300455 24.01642608642578 300
24.05940674153793 24.068958133720365 24.036483764648438 24.036483764648438 1200
24.029794916705686 24.064178466796875 24.02597472466684 24.064178466796875 700
24.107184681005176 24.15496826171875 24.107184681005176 24.15496826171875 800
24.111960465691393 24.154966414174915 24.111960465691393 24.126296997070312 9800
24.07373582689285 24.07373582689285 24.06895637512207 24.06895637512207 500
24.079468617060318 24.079468617060318 24.06895637512207 24.06895637512207 300
24.016394003555547 24.016394003555547 23.992502212524414 23.992502212524414 1300
23.944721221923828 23.957145610822323 23.944721221923828 23.944721221923828 800
23.87304039148442 23.930382874845918 23.87304039148442 23.895977020263672 2100
23.95427442642282 23.973386764526367 23.941850039535478 23.973386764526367 1300
23.992500807814725 24.00588035583496 23.992500807814725 24.00588035583496 3100
24.03550820891527 24.04984474182129 24.03550820891527 24.04984474182129 300
23.959052396152877 23.968609476753993 23.949495315551758 23.949495315551758 600
23.912226705405605 23.912226705405605 23.910314559936523 23.910314559936523 400
23.89120445930595 23.89120445930595 23.8453311920166 23.8453311920166 1000
23.85393114852856 23.85393114852856 23.849153518676758 23.849153518676758 400
23.790851737087646 23.80327612450607 23.774606704711914 23.774606704711914 6200
23.8348172442579 23.8348172442579 23.825260162353516 23.825260162353516 600
23.873039865655546 23.873039865655546 23.853925704956055 23.853925704956055 1100
23.8434185590836 23.873044967651367 23.8434185590836 23.873044967651367 1900
23.949493433301555 23.987721752701564 23.928468951327506 23.978164672851562 1000
23.95905591488309 23.95905591488309 23.91604995727539 23.91604995727539 500
23.88260172251274 23.925607681274414 23.88260172251274 23.925607681274414 400
23.896923010251413 23.93995475769043 23.896923010251413 23.93995475769043 200
24.000194288366277 24.019319911139238 23.982981957438525 23.987762451171875 1900
23.944730302041442 23.94759750366211 23.90647906006393 23.94759750366211 600
24.03844552716746 24.04513931274414 24.030794183708558 24.04513931274414 700
24.04513931274414 24.04513931274414 24.04513931274414 24.04513931274414 100
24.04513931274414 24.04513931274414 24.04513931274414 24.04513931274414 0
24.04513931274414 24.04513931274414 24.04513931274414 24.04513931274414 0
24.035575278028627 24.035575278028627 23.95429229736328 23.95429229736328 500
23.959072152142614 23.959072152142614 23.868226369917753 23.887351989746094 800
23.935171127319336 23.935171127319336 23.935171127319336 23.935171127319336 900
23.935171127319336 23.935171127319336 23.935171127319336 23.935171127319336 0
23.885443151990074 23.88735461983167 23.839542388916016 23.839542388916016 1300
23.842409837948914 23.90839195251465 23.842409837948914 23.90839195251465 2200
23.923695510350303 23.925608802346595 23.905527444025175 23.917001724243164 800
24.002109577943877 24.011672390126282 23.959077835083008 23.959077835083008 1400
23.815639457110322 23.8194642172245 23.801294326782227 23.801294326782227 900
23.763042826867743 23.77260563827819 23.73148536682129 23.73148536682129 1000
23.743916784284934 23.782168029250492 23.743916784284934 23.777385711669922 12000
24.00688594307503 24.04035486799709 23.99254263922832 24.018362045288086 13300
23.944730630796272 24.016448974609375 23.944730630796272 24.016448974609375 1700
24.145540607081024 24.169446718145746 24.049914338902774 24.113983154296875 2900
24.044143638940707 24.149391174316406 24.044143638940707 24.149391174316406 700
24.101548406068954 24.11015843849387 24.082412161896077 24.105375289916992 500
24.130250187098355 24.214448928833008 24.130250187098355 24.214448928833008 800
24.103466274419674 24.119731903076172 24.103466274419674 24.119731903076172 300
24.091981038050527 24.091981038050527 24.048925399780273 24.048925399780273 100
23.98673114009602 23.99821361579452 23.972379870405465 23.99151611328125 900
24.045098212597292 24.05370824518312 24.03553009033203 24.03553009033203 600
24.090066683600245 24.090066683600245 24.048925399780273 24.048925399780273 900
24.111116214847 24.144603729248047 24.111116214847 24.144603729248047 200
24.144603729248047 24.144603729248047 24.144603729248047 24.144603729248047 0
24.07475704511075 24.08241081237793 24.07475704511075 24.08241081237793 400
24.11783846975348 24.161878450196458 24.11783846975348 24.159006118774414 700
24.159006118774414 24.159006118774414 24.159006118774414 24.159006118774414 0
24.25952595949625 24.25952595949625 24.18772315979004 24.18772315979004 500
24.111136329144554 24.111136329144554 24.1015625 24.1015625 1300
24.1015625 24.1015625 24.1015625 24.1015625 0
24.07762489292859 24.082412719726562 24.058477237778497 24.082412719726562 600
24.0824169169879 24.0824169169879 24.07762908935547 24.07762908935547 200
24.07762908935547 24.07762908935547 24.07762908935547 24.07762908935547 0
24.010608590582255 24.010608590582255 23.994333267211914 23.994333267211914 9800
24.029754858615927 24.04890251159668 24.029754858615927 24.04890251159668 800
24.038373156979905 24.038373156979905 24.034543991088867 24.034543991088867 600
23.895728715357922 23.895728715357922 23.85743522644043 23.85743522644043 15200
23.82392509975046 23.840200424194336 23.80860661026772 23.840200424194336 900
23.79999630596049 23.79999630596049 23.74734115600586 23.74734115600586 500
23.675533975078984 23.689895629882812 23.675533975078984 23.689895629882812 1400
23.617133904131926 23.636279732137226 23.613304738530868 23.62766456604004 44800
23.57022511569378 23.608518600463867 23.57022511569378 23.608518600463867 900
23.598944282779993 23.65638542175293 23.598944282779993 23.65638542175293 100
23.67553375783473 23.704255241157888 23.670747756958008 23.670747756958008 36200
23.703298594921527 23.73297691345215 23.694681602049688 23.73297691345215 2000
23.685112922881405 23.685112922881405 23.58937644958496 23.58937644958496 7300
23.498419454665445 23.498419454665445 23.426616668701172 23.426616668701172 400
23.426616668701172 23.426616668701172 23.426616668701172 23.426616668701172 0
23.512784957885742 23.512784957885742 23.503211129044487 23.512784957885742 700
23.625749914727816 23.625749914727816 23.618091583251953 23.618091583251953 500
23.684150068895566 23.684150068895566 23.640111923217773 23.640111923217773 1200
23.637243168802602 23.637243168802602 23.591289520263672 23.591289520263672 19700
23.589373989168227 23.61809547596786 23.45917320251465 23.45917320251465 15100
23.52235221862793 23.54149987096388 23.52235221862793 23.52235221862793 18100
23.52235221862793 23.52235221862793 23.52235221862793 23.52235221862793 0
23.55203544002538 23.561609268188477 23.55203544002538 23.561609268188477 200
23.54532299001551 23.54532299001551 23.5261644367423 23.535743713378906 400
23.535743713378906 23.535743713378906 23.535743713378906 23.535743713378906 0
23.478271674120496 23.507009506225586 23.478271674120496 23.507009506225586 300
23.334584617921177 23.34416389465332 23.334584617921177 23.34416389465332 5000
23.348958504021066 23.359495162963867 23.348958504021066 23.359495162963867 100
23.300101089009203 23.300101089009203 23.277111188061088 23.291481018066406 900
23.34416561246251 23.363322340276255 23.315427780151367 23.315427780151367 1500
23.176528216177807 23.176528216177807 23.116180419921875 23.116180419921875 600
23.21005893885994 23.31159782409668 23.147796372398446 23.31159782409668 1300
23.18132468439109 23.200481414794922 23.162166126926653 23.200481414794922 500
23.152585356386627 23.152585356386627 23.14300607827164 23.147796630859375 700
23.171739006994066 23.200475008194932 23.143001178733105 23.181318283081055 4100
23.294352667758698 23.294352667758698 23.288604736328125 23.288604736328125 500
23.288604736328125 23.288604736328125 23.288604736328125 23.288604736328125 0
23.296267673978804 23.331710815429688 23.296267673978804 23.331710815429688 900
23.248377472963767 23.286692760279116 23.248377472963767 23.25316619873047 3900
23.30584427587953 23.334582102978676 23.284770965576172 23.284770965576172 2100
23.257954789702758 23.257954789702758 23.23879623413086 23.23879623413086 1300
23.45911118455059 23.45911118455059 23.438037872314453 23.438037872314453 1000
23.75146765169934 23.761052805299617 23.729421615600586 23.729421615600586 2500
23.607692689287163 23.607692689287163 23.435165405273438 23.435165405273438 8800
23.482128121680894 23.503214360226252 23.482128121680894 23.502256393432617 1300
23.70354225574364 23.713127409494366 23.684371948242188 23.684371948242188 1700
23.646032333374023 23.646032333374023 23.646032333374023 23.646032333374023 600
23.473500576768664 23.483085729101024 23.447620848289382 23.4667911529541 4000
23.37765018715559 23.37765018715559 23.37190055847168 23.37190055847168 2000
23.244424117514257 23.244424117514257 23.2338809967041 23.2338809967041 900
23.23388054297498 23.23388054297498 23.214710235595703 23.214710235595703 1500
23.04984925421864 23.04984925421864 22.996173858642578 22.996173858642578 500
23.0517667955358 23.0517667955358 22.98467254638672 22.98467254638672 800
22.96550213804459 22.96550213804459 22.927163350776308 22.936748504638672 2200
22.94153614274534 22.965498109106907 22.908946990966797 22.908946990966797 4000
22.96550424512456 22.968379974365234 22.96550424512456 22.968379974365234 200
22.716295491389424 22.716295491389424 22.70766830444336 22.70766830444336 1200
22.70766830444336 22.70766830444336 22.70766830444336 22.70766830444336 0
22.65878329148747 22.71437644958496 22.601274199630694 22.71437644958496 5900
22.62044761061177 22.64920124639561 22.62044761061177 22.639617919921875 2000
22.409576416015625 22.42874672408657 22.399993090161352 22.409576416015625 1300
22.49871491971064 22.49871491971064 22.43353843688965 22.43353843688965 6100
22.534175243429466 22.553345546100996 22.5274658203125 22.5274658203125 5400
22.51501183743977 22.610861551976917 22.51501183743977 22.601276397705078 9100
22.658781051635742 22.668366204027876 22.658781051635742 22.658781051635742 1400
22.477467945419082 22.535028169699757 22.439093242694273 22.525434494018555 2700
22.525434494018555 22.525434494018555 22.525434494018555 22.525434494018555 0
22.333568758594666 22.333568758594666 22.2760066986084 22.2760066986084 4200
22.266413188526794 22.266413188526794 22.221324920654297 22.221324920654297 4700
22.208850284512224 22.208850284512224 22.170477411993517 22.18966293334961 3100
22.141699124135293 22.15129280090332 22.141699124135293 22.15129280090332 4200
22.15129280090332 22.15129280090332 22.15129280090332 22.15129280090332 0
22.18774529611726 22.18966293334961 22.17335569764856 22.18966293334961 1200
22.24722394226268 22.295190488110517 22.208849241739262 22.218442916870117 19000
22.09373033592064 22.11291585770985 22.040966033935547 22.040966033935547 2400
22.061115264892578 22.061115264892578 22.061115264892578 22.061115264892578 500
21.921049695684925 21.922008514404297 21.921049695684925 21.922008514404297 500
21.930644436840577 21.997798346590788 21.930644436840577 21.97861099243164 22300
21.81648008257779 21.882675170898438 21.81648008257779 21.882675170898438 7400
21.921044435410813 21.921044435410813 21.882669738163845 21.892263412475586 1500
22.045764349527758 22.090854447690734 22.00930910946198 22.02657699584961 2100
22.15033340798598 22.15033340798598 22.12251119713789 22.132104873657227 2000
22.132101022439084 22.160882046988895 22.045759778596025 22.0649471282959 15600
21.983407989737454 21.998756408691406 21.97861023645929 21.998756408691406 1300
21.8634905062223 21.940238092978827 21.8634905062223 21.911457061767578 5000
21.764501571655273 21.764501571655273 21.764501571655273 21.764501571655273 100
21.8730386366944 21.882643668346788 21.78371349110242 21.788515090942383 1200
21.78370951852042 21.9181762731869 21.740487799953037 21.908571243286133 25000
21.73568831908948 21.757780075073242 21.687664992830396 21.757780075073242 1200
21.735682774255753 21.735682774255753 21.66652949519946 21.66844940185547 1300
21.75969655787854 21.804838180541992 21.735683068577274 21.804838180541992 2500
21.889363837452965 21.90377046685905 21.855745315551758 21.855745315551758 14800
21.802916803356823 21.966198626943918 21.802916803356823 21.95467185974121 26500
22.04303814126183 22.091061455114588 21.99597294876198 22.03823471069336 19600
21.965236952660813 21.974841981387627 21.9373836517334 21.9373836517334 1900
22.03343426309841 22.062247520126437 22.019025802612305 22.019025802612305 3000
21.89896668547534 21.937386805906655 21.865349996084024 21.870153427124023 7100
21.850947048184196 22.004623891855385 21.850947048184196 21.966205596923828 21800
22.09106369797557 22.1006687281157 22.043040379247103 22.071853637695312 7300
22.052643934271277 22.13908737495909 22.052643934271277 22.129484176635742 2400
22.081454938256208 22.081454938256208 22.01422157060326 22.023826599121094 2300
22.187110522592135 22.20632058144828 22.16790046373599 22.177505493164062 1400
22.20632049023581 22.23033214772134 22.197675414194443 22.225528717041016 1100
22.25434533687357 22.25434533687357 22.16790189839851 22.215925216674805 10000
22.24474297065303 22.259149601466692 22.206324677825798 22.235137939453125 4500
22.067053568718322 22.081460198941365 22.0622501373291 22.0622501373291 1200
21.984354546729037 21.984354546729037 21.92665150961175 21.941078186035156 1100
21.95549898293436 21.965116154015305 21.95549898293436 21.963191986083984 2100
21.92665035989263 21.945884704589844 21.92184269086236 21.945884704589844 1100
21.8689496596569 21.8689496596569 21.80163128596692 21.820865631103516 3000
21.888185501098633 21.888185501098633 21.883375997341645 21.888185501098633 400
21.849711175418065 21.849711175418065 21.825669165695775 21.83047866821289 9300
21.806436100806618 21.83047994622426 21.772776918367363 21.792011260986328 4000
21.599672317504883 21.599672317504883 21.599672317504883 21.599672317504883 100
21.397717010695033 21.397717010695033 21.27269744873047 21.27269744873047 3000
21.1909547349636 21.195764238425834 21.118826857335122 21.14767837524414 8500
21.258271885854406 21.39291046072745 21.21018785972776 21.384254455566406 12800
21.407335519463988 21.490041732788086 21.407335519463988 21.490041732788086 300
21.412143989520263 21.52273872230471 21.412143989520263 21.48331069946289 9400
21.402528762817383 21.407338266668987 21.397721093254056 21.402528762817383 2200
21.614103429805255 21.64776262042384 21.614103429805255 21.638145446777344 3400
21.78239831780638 21.801632664158877 21.72469711303711 21.72469711303711 2000
21.74393274828846 21.75354992203478 21.681422036081557 21.686229705810547 4400
21.633337551558046 21.633337551558046 21.59006118774414 21.59006118774414 500
21.551586918356257 21.592939103048156 21.551586918356257 21.59101676940918 800
21.628527215562848 21.72469711303711 21.628527215562848 21.72469711303711 600
21.907419847550116 21.907419847550116 21.888185501098633 21.888185501098633 600
22.099061077232598 22.13757700295742 22.060543314879776 22.09809684753418 2100
22.14239501953125 22.14239501953125 22.14239501953125 22.14239501953125 300
22.21461089262226 22.21461089262226 21.983509826292185 21.993139266967773 28400
21.954626941809863 21.954626941809863 21.867963790893555 21.867963790893555 6200
21.781299591064453 21.781299591064453 21.781299591064453 21.781299591064453 200
21.848702547122016 21.887218475341797 21.848702547122016 21.887218475341797 800
22.002769473731078 22.002769473731078 21.938254239249176 21.954622268676758 600
21.81018583988564 22.002771000207662 21.80055639820672 21.9738826751709 11100
21.83907386593451 21.925737003230136 21.83907386593451 21.896848678588867 1300
21.935365676879883 21.935365676879883 21.935365676879883 21.935365676879883 100
21.90936408286299 21.90936408286299 21.906475067138672 21.906475067138672 200
21.877591792991932 21.887221235418224 21.80055809020996 21.80055809020996 215700
21.87759033565643 21.87759033565643 21.77167014927961 21.781299591064453 17300
21.8756645449996 22.012399673461914 21.8756645449996 22.012399673461914 149200
22.243500995718257 22.243500995718257 22.166467300773366 22.20113182067871 48400
22.12794981193459 22.156838136636047 22.10869092880029 22.151060104370117 32900
22.25313195513417 22.26276139723766 22.15683937072754 22.15683937072754 2400
22.23387184395962 22.23387184395962 22.204983519243335 22.21461296081543 1400
22.445715792271297 22.445715792271297 22.339795600006617 22.40719985961914 6900
22.33979512879687 22.445715318827393 22.33979512879687 22.41105079650879 3800
22.481423446312448 22.491064071655273 22.471782820969622 22.491064071655273 400
22.368629393803193 22.3946588974699 22.21149253845215 22.21149253845215 1000
22.211495867136033 22.29825782775879 22.12473206775179 22.29825782775879 4600
22.35609677597684 22.393693923950195 22.327174902818292 22.393693923950195 4700
22.134370803833008 22.134370803833008 22.11509138971818 22.134370803833008 1300
22.207639938521467 22.213424682617188 22.207639938521467 22.213424682617188 400
22.172932421979933 22.172932421979933 22.144010543823242 22.144010543823242 2300
22.305972811104272 22.305972811104272 22.192215986102575 22.20185661315918 3200
22.144006381166086 22.153647005406057 22.06688322600736 22.086164474487305 6800
22.144011430271163 22.144011430271163 22.099666019664838 22.134370803833008 2600
22.247165537687465 22.259698536737208 22.192215986102575 22.20185661315918 14100
22.127623227453544 22.16329336249192 22.127623227453544 22.15847396850586 1900
22.05049986233344 22.066888743763275 22.037968702573053 22.047609329223633 3300
22.11508723300154 22.124727857627658 22.070739991969173 22.07652473449707 2000
21.960845457907297 21.960845457907297 21.931923578048032 21.949275970458984 1900
21.912638388951027 21.922279013839173 21.845155853495193 21.864437103271484 11000
21.82105595750561 21.92131625326042 21.82105595750561 21.83551597595215 6200
21.77767549303497 21.78731611888595 21.75743073037632 21.758394241333008 1200
21.784421571584943 21.864437103271484 21.784421571584943 21.864437103271484 1100
21.86250899105835 21.86250899105835 21.816234725515933 21.83551597595215 1700
21.7555045991365 21.758396971130807 21.72658455671663 21.729476928710938 5900
21.729477879980315 21.739116668701172 21.690915370050174 21.739116668701172 3500
21.716943807603947 21.716943807603947 21.63307237528682 21.63789176940918 3500
21.53745799229831 21.545183181762695 21.513315393750464 21.545183181762695 2700
21.638856243193178 21.651411056518555 21.638856243193178 21.651411056518555 300
21.496893928800276 21.496893928800276 21.454401710838873 21.47757911682129 2400
21.53552377170596 21.593468213188103 21.53552377170596 21.583810806274414 5300
21.57415478321985 21.603127005819324 21.521039962768555 21.521039962768555 1000
21.544212926851735 21.564492925897987 21.49592774111164 21.49689292907715 2200
21.552908344902274 21.583810942043254 21.467923900312034 21.472753524780273 249400
21.352036929763976 21.3616943359375 21.31630471111812 21.3616943359375 5200
21.313408303803445 21.376180525891883 21.313408303803445 21.34238052368164 5200
21.30375086886454 21.30375086886454 21.265123084373588 21.26995086669922 20100
21.284437520584657 21.337550493073667 21.284437520584657 21.31340789794922 23400
21.303749816398703 21.303749816398703 21.226492409271565 21.25353240966797 25300
21.15889386823567 21.192693871063362 21.149236461433183 21.15406608581543 5300
21.168546806065766 21.23614679744986 21.120261624209018 21.202346801757812 13100
21.018862571659973 21.018862571659973 20.956092195346866 20.967679977416992 34300
20.962853052240092 20.965748616404582 20.878835642421397 20.951263427734375 126300
20.85469326395976 20.869180296021945 20.68086545687259 20.695350646972656 2900
20.72431661537143 20.72431661537143 20.59684181213379 20.59684181213379 4700
20.840205091464323 20.96961212158203 20.791919903399336 20.96961212158203 3800
20.8527613648092 20.92229358774349 20.8527613648092 20.869178771972656 6300
20.928085453694948 20.928085453694948 20.817028045654297 20.817028045654297 2200
21.000821690508875 21.136249714399412 20.99114997348548 21.029842376708984 9700
21.068537714148036 21.164302846985507 21.068537714148036 21.08014488220215 4400
20.94278233547424 20.95245589762054 20.884742807639768 20.92343521118164 81500
20.865394519303216 20.865394519303216 20.810257247692977 20.826702117919922 4300
20.749316148504008 20.77833498922944 20.72513132117511 20.729969024658203 4200
20.671926653423697 20.681598368972356 20.584866453141526 20.65741539001465 35000
20.662256750806087 20.758988683762006 20.662256750806087 20.67193031311035 5400
20.70094929351372 20.754152964021536 20.67289725417398 20.7415771484375 5600
20.58003277005634 20.69611367478673 20.58003277005634 20.64291000366211 1500
20.642906998812066 20.642906998812066 20.56068265221285 20.584867477416992 514300
20.69127583718624 20.69127583718624 20.596477508544922 20.596477508544922 10200
20.653548971248778 20.67676515062381 20.578097772062364 20.6525821685791 247800
20.50844970986329 20.52199232772606 20.478462221018106 20.4862003326416 162300
20.459116671706727 20.492006416203154 20.362382888793945 20.362382888793945 5200
20.343036922507963 20.460082784789602 20.343036922507963 20.459115982055664 13300
20.488133735597287 20.488133735597287 20.43976593017578 20.43976593017578 4300
20.613890933553485 20.65258518651397 20.604217370313364 20.618728637695312 32200
20.671930093379668 20.710622497142083 20.66225653117823 20.686439514160156 8900
20.82670418324071 20.82670418324071 20.784140876959317 20.812192916870117 8100
20.768663048533483 20.768663048533483 20.671931111840003 20.705787658691406 5300
20.63323255732201 20.670958152366907 20.584866599063737 20.61968994140625 24300
20.77683103850695 20.77683103850695 20.607086427520763 20.62163543701172 41300
20.631329997862732 20.747725743505605 20.563432171224886 20.598350524902344 23900
20.456739379553817 20.53142700656366 20.456739379553817 20.52463722229004 13300
20.5149372661738 20.587686012006873 20.496508644607164 20.52463722229004 23600
20.52463235156875 20.52463235156875 20.456734524945432 20.466434478759766 5800
20.500385818612607 20.57895304870825 20.500385818612607 20.563434600830078 30600
20.55373600263312 20.63230323791504 20.55373600263312 20.63230323791504 72700
20.91262486901778 21.00962257385254 20.91262486901778 21.00962257385254 46800
20.94366306589515 20.98052215576172 20.94172418489429 20.98052215576172 10400
20.92232404694448 20.941723957205912 20.91262409181376 20.932024002075195 5000
21.00961899372733 21.058116912841797 20.995069988008396 21.058116912841797 29400
21.11631988348532 21.17451776538871 21.096919972825088 21.164817810058594 2600
21.067816866680094 21.067816866680094 21.029018901403926 21.058116912841797 7300
21.054241157905807 21.054241157905807 20.980522975293127 20.990222930908203 8600
21.058120770136366 21.067820725751442 20.980522975293127 20.990222930908203 6200
21.048418809080523 21.067816866680094 21.048418809080523 21.058116912841797 3100
21.106618043273397 21.13086700439453 21.068789515918255 21.13086700439453 23000
21.13572120666504 21.13572120666504 21.13572120666504 21.13572120666504 100
21.164815081643145 21.164815081643145 21.12601711540154 21.155115127563477 5600
21.0969181060791 21.116318015022745 21.077518197135454 21.0969181060791 7500
21.057147390630067 21.23174285888672 21.038718773462854 21.23174285888672 70000
21.296874399564874 21.431013107299805 21.296874399564874 21.431013107299805 7500
21.296872026302495 21.449478149414062 21.28715164308874 21.449478149414062 6400
21.345469868565235 21.364910632970997 21.257990136685983 21.28714942932129 8500
21.306595929022304 21.355195999145508 21.306595929022304 21.355195999145508 2500
21.432953738078282 21.520435333251953 21.431010773814688 21.520435333251953 15100
21.41351371769661 21.44947709444781 21.398932216606383 21.403793334960938 6200
21.345472085580887 21.35519246879336 21.316312789916992 21.316312789916992 6800
21.32603095813281 21.32603095813281 21.277429047118407 21.28714942932129 6100
21.549595084202778 21.55445434851989 21.442672729492188 21.442672729492188 17400
21.462112200551687 21.505852992661797 21.400875462392197 21.500993728637695 19400
21.51951391211723 21.51951391211723 21.460061553208348 21.509767532348633 9800
21.40255887173779 21.514641307819247 21.39671253111557 21.49027442932129 31700
21.383067912789205 21.383067912789205 21.363575153617045 21.373321533203125 7100
21.275855496649573 21.275855496649573 21.24661636352539 21.24661636352539 11500
21.32946297345009 21.334335233598797 21.26611243792637 21.270986557006836 39400
21.285604131384407 21.30509688886745 21.266111373901367 21.266111373901367 71100
21.188142948918248 21.22712846525698 21.188142948918248 21.19788932800293 9200
21.129667313607285 21.129667313607285 21.070214956674814 21.07606315612793 13800
21.090681278545993 21.090681278545993 21.045849421345885 21.046823501586914 6400
21.08191288523801 21.11017608642578 21.061446044598878 21.11017608642578 7300
21.01271108962471 21.0858080006723 21.00881290991699 21.041950225830078 6500
21.21737935631799 21.21737935631799 21.13941019260387 21.14915657043457 10500
21.275856112214914 21.29534886819501 21.222251962735413 21.26026153564453 23400
21.163777557494065 21.23200035095215 21.163777557494065 21.23200035095215 9300
21.25636454342131 21.466881114755605 21.236873645284156 21.461034774780273 17600
21.441539917093223 21.529255456377665 21.441539917093223 21.50489044189453 8600
21.422054120003065 21.42692823984172 21.38307045595411 21.412307739257812 19500
21.46590975285588 21.509767532348633 21.45129111266892 21.509767532348633 9400
21.582863463519455 21.675451278686523 21.569218904254164 21.675451278686523 24200
21.655955060512053 21.655955060512053 21.558495000718775 21.575061798095703 116300
21.55362218341723 21.58773357819025 21.530231247154074 21.548749923706055 6100
21.73880259512487 21.78266037418496 21.704691195737226 21.777786254882812 70200
21.753419406534004 21.753419406534004 21.721258029357138 21.72418212890625 11500
21.646213064585645 21.66570582406281 21.614051684486995 21.616975784301758 18400
21.57798749787333 21.607226633339028 21.548750221339255 21.568241119384766 42100
21.587731278704297 21.64425952356327 21.568238524072733 21.636463165283203 59400
21.66570371134426 21.66570371134426 21.626720055123258 21.660831451416016 13400
21.63646455191203 21.654007288632148 21.592606780645973 21.60722541809082 2600
21.548749379338044 21.5731143951416 21.548749379338044 21.5731143951416 13000
21.509767532348633 21.51951391211723 21.504895271930266 21.509767532348633 10500
21.578962451103095 21.588706970214844 21.539002858805084 21.588706970214844 8900
21.637564788372394 21.749929428100586 21.59359585424891 21.749929428100586 24200
21.808553785823413 21.81832486702511 21.740158081054688 21.740158081054688 20300
21.613136489004503 21.62290570599182 21.53496970760447 21.549625396728516 6500
21.43726189336246 21.43726189336246 21.37863540649414 21.37863540649414 6900
21.38840790883826 21.447034399602146 21.343462423500583 21.35909652709961 37900
21.368864815330546 21.407947273753905 21.33955157378074 21.398176193237305 16200
21.42748952052723 21.42748952052723 21.32000949805758 21.32978057861328 7700
21.30730699277862 21.30730699277862 21.253568844970445 21.261384963989258 12000
21.251614681279342 21.30046822244572 21.251614681279342 21.290699005126953 10900
21.232073452982558 21.247707555937698 21.18321990966797 21.18321990966797 18200
21.163677104453434 21.163677104453434 21.134363861168566 21.15879249572754 6300
21.11482212107728 21.143156949767977 21.105051040649414 21.105051040649414 15900
21.08550879541755 21.173446655273438 21.08550879541755 21.173446655273438 66900
21.02395696665244 21.05229180102558 20.9780330657959 20.9780330657959 15300
21.02688747413684 21.05033769801871 21.012229919433594 21.012229919433594 5000
21.017112271455574 21.071828828570727 21.017112271455574 21.070852279663086 4100
20.958492764664463 20.9780330657959 20.93895059988962 20.9780330657959 17300
21.007345310294724 21.01711639221578 20.99757422837367 21.012229919433594 6500
21.016138356068435 21.026885986328125 20.997572742639086 21.026885986328125 4500
20.973986031143564 20.973986031143564 20.89659078676401 20.911285400390625 21500
20.837807192040216 20.85348094582302 20.818213131219224 20.84270477294922 13400
20.91618077054515 20.955367022102998 20.895607568043985 20.94556999206543 5500
20.972020803475967 20.974960099208733 20.91813807509072 20.935773849487305 5400
20.955368707287473 20.955368707287473 20.886791360102087 20.90638542175293 10900
20.99259756931535 20.99259756931535 20.86719818544922 20.896589279174805 27400
20.953409336663505 21.046478321794176 20.9357754295284 21.021007537841797 26700
21.259070816432747 21.347242224270826 21.219882693574693 21.327648162841797 11900
21.670538357683828 21.72441922768861 21.53338178618319 21.582366943359375 24900
21.474599482680365 21.484396513210708 21.373691749951096 21.41581916809082 17900
21.7097225189209 21.817487985711875 21.64212431655874 21.7097225189209 15600
21.797895198188417 21.837083322435458 21.523583934236974 21.54121971130371 19200
21.69992812752212 21.81749063910016 21.69992812752212 21.77928352355957 10800
21.757728567059356 21.757728567059356 21.631350039277976 21.661720275878906 9600
21.552974549922375 21.592162673301214 21.50203111068543 21.510848999023438 11500
21.49419192195599 21.76850128173828 21.49419192195599 21.76850128173828 6100
21.758707571348 21.895864140755442 21.748912408654935 21.885087966918945 146000
21.98403296213444 22.013422183934384 21.886064529418945 21.886064529418945 7300
21.707765919922473 21.72931826751754 21.6705379486084 21.6705379486084 13500
21.64114761352539 21.650944645119143 21.622532692919453 21.64114761352539 14800
21.572569115392373 21.62449169834856 21.572569115392373 21.61175537109375 6600
21.582366276528568 21.631349563598633 21.582366276528568 21.631349563598633 80800
21.65094322079553 21.7293175997969 21.636246740075368 21.719520568847656 9000
21.723449624587445 21.821699817040543 21.723449624587445 21.81187629699707 4600
21.75292472242932 21.949428862473898 21.75292472242932 21.944515228271484 9900
22.018204376780183 22.052592319605846 21.98872819407147 22.008378982543945 17700
22.018204376780183 22.037855165252658 21.995605782636606 22.008378982543945 19900
21.86100139322362 21.86100139322362 21.81187629699707 21.81187629699707 9300
21.820717839836657 21.821699817040543 21.78240011485976 21.81187629699707 4700
21.910126085445857 21.910126085445857 21.817769631921358 21.8757381439209 4300
21.92978041252515 21.92978041252515 21.831528332024075 21.851179122924805 8800
21.762748429669124 21.762748429669124 21.723448729108345 21.73818588256836 5300
21.664498692609964 21.664498692609964 21.63502438252633 21.64484977722168 3900
21.6448510421084 21.684150749183992 21.6448510421084 21.65467643737793 11400
21.625198364257812 21.625198364257812 21.576071392197655 21.625198364257812 44300
21.73327540528515 21.73327540528515 21.703799222623434 21.718536376953125 9400
21.772574819981628 21.772574819981628 21.674322753078723 21.693973541259766 33700
21.733276959827986 21.772576665518976 21.733276959827986 21.758821487426758 16300
21.880650771115466 21.959252044413503 21.880650771115466 21.949426651000977 8300
21.932726932544625 21.949429916430613 21.85314367026634 21.876724243164062 17300
21.802049361806667 21.802049361806667 21.743097001699276 21.748010635375977 4600
21.831525758657342 21.872791290283203 21.831525758657342 21.872791290283203 3600
21.815641253294118 21.815641253294118 21.6954288482666 21.6954288482666 5800
21.83534832506681 21.933883666992188 21.83534832506681 21.933883666992188 11200
21.98314881997911 22.060007095336914 21.973295098553486 22.060007095336914 21800
22.081687567334782 22.17036919446508 22.06198012143794 22.091541290283203 96200
21.973297119140625 21.973297119140625 21.946694136190832 21.973297119140625 3200
21.874763101780626 21.91417611070611 21.864909379697924 21.884614944458008 8500
21.8747642078572 21.8747642078572 21.855056762695312 21.855056762695312 16500
21.98314976455391 22.012710930100976 21.953590478412117 22.002857208251953 32500
22.11124865608125 22.11124865608125 22.03242075218493 22.042274475097656 17200
22.022566840598913 22.032420563427216 21.933885214549626 21.94373893737793 4300
21.911221423893707 21.919105529785156 21.890529169813878 21.919105529785156 17900
21.86491048527626 21.86491048527626 21.82549559495248 21.855056762695312 9300
21.839290709095 21.839290709095 21.776229139059534 21.795936584472656 16100
21.707254196931157 21.717107919291553 21.67276710837246 21.676708221435547 84100
21.60872113978514 21.6579878773961 21.58901369297853 21.598867416381836 19800
21.598867416381836 21.618574863188446 21.579159969575223 21.598867416381836 8600
21.579159250156867 21.63827970920014 21.559451804007274 21.618574142456055 20200
21.64813105013858 21.64813105013858 21.559449431629343 21.57915687561035 36200
21.51018205820899 21.5180642838037 21.441207885742188 21.441207885742188 18900
21.40179299895816 21.451061607438195 21.382087434971393 21.441207885742188 8700
21.490477940928663 21.584087371826172 21.490477940928663 21.584087371826172 40600
21.61857191822648 21.6629127277983 21.597879665719983 21.653059005737305 13800
21.70938491821289 21.70938491821289 21.689623596304134 21.70938491821289 13700
21.68962172180105 21.68962172180105 21.546341313187483 21.556222915649414 12100
21.491993984905648 21.580926524586545 21.491993984905648 21.571044921875 9900
21.571044180085266 21.571044180085266 21.53151965532127 21.551280975341797 8100
21.52163664098024 21.52163664098024 21.440608637681787 21.46234703063965 9300
21.50187541417059 21.566104888916016 21.50187541417059 21.566104888916016 58900
21.487053091682952 21.510766675381657 21.487053091682952 21.491992950439453 10100
21.51175553528411 21.528554070129008 21.462347525527676 21.52657699584961 14700
21.57104421006528 21.57104421006528 21.375393006168082 21.398120880126953 7100
21.438633371179336 21.461361245531954 21.35859484061025 21.408002853393555 169500
21.491992527990494 21.531518936157227 21.48211092594881 21.531518936157227 5700
21.452465428916216 21.46234703063965 21.43270411019217 21.46234703063965 9800
21.482111348203535 21.521637757147204 21.482111348203535 21.491992950439453 22800
21.439620993459936 21.511754989624023 21.439620993459936 21.511754989624023 3900
21.447529637451915 21.477174448243677 21.40306336362586 21.417884826660156 161700
21.51175541148392 21.51175541148392 21.457407543426047 21.47222900390625 8600
21.496933724618213 21.51867400435218 21.496933724618213 21.51669692993164 6400
21.52163783224397 21.52163783224397 21.432705296533314 21.44258689880371 11400
21.462347351663205 21.53151856476186 21.462347351663205 21.521636962890625 6200
21.363536092842317 21.363536092842317 21.33389128585423 21.343772888183594 2500
21.343773976857626 21.373416900634766 21.343773976857626 21.373416900634766 11300
21.33872815309702 21.37738123850986 21.28917121887207 21.28917121887207 4600
21.299084340228998 21.299084340228998 21.20790259847561 21.22574234008789 15200
21.081037002796247 21.110769271850586 21.02156868388021 21.110769271850586 22300
21.118701684254535 21.155371738574868 21.095905303955078 21.095905303955078 36800
21.15041576155443 21.226731361457933 21.15041576155443 21.204927444458008 2300
21.219791412353516 21.25249917491654 21.205915850151886 21.219791412353516 40200
21.36350665611546 21.42693726635192 21.35855001726346 21.418018341064453 16700
21.517129132055064 21.566686070165318 21.48541382590684 21.561729431152344 8100
21.527040404978266 21.527040404978266 21.45766258239746 21.45766258239746 4700
21.47252930151798 21.508208782271662 21.47252930151798 21.49730682373047 6100
21.54686297406917 21.576597136492556 21.499289070353306 21.507219314575195 22100
21.54686275203197 21.56272134990846 21.507219092946514 21.556774139404297 28900
21.418018341064453 21.42792972836462 21.398195566464125 21.418018341064453 11700
21.466582294086727 21.466582294086727 21.43585756132373 21.447750091552734 7700
21.4725297252317 21.4725297252317 21.398195266723633 21.398195266723633 4900
21.328816847797096 21.358549118041992 21.328816847797096 21.358549118041992 10000
21.365487240333223 21.427929167730937 21.358549458445008 21.413061141967773 24900
21.368460121176415 21.378371507881305 21.239615874820302 21.26934814453125 19400
21.308993490097706 21.338727649931545 21.299082103486423 21.318904876708984 20500
21.31890532311456 21.358548979986097 21.31890532311456 21.32980728149414 12400
21.28506928693501 21.28506928693501 21.235361802922288 21.275127410888672 27700
21.245304453216185 21.265186309814453 21.195595071172924 21.265186309814453 19000
21.175710678100586 21.195594430316696 21.165770698211507 21.175710678100586 90300
21.275129597197257 21.3447208404541 21.275129597197257 21.3447208404541 93900
21.334778618994047 21.35366875398407 21.31489676139815 21.324838638305664 11000
21.394429028611288 21.42425276192726 21.38349353331416 21.38448715209961 11500
21.38448580545475 21.41431143311157 21.373550310846266 21.389455795288086 10800
21.38448615117942 21.41928176923212 21.270157420974986 21.275127410888672 15900
21.230390048585402 21.245303810856978 21.175710678100586 21.175710678100586 66000
21.126003622258533 21.185652983897704 21.124014488508987 21.14588737487793 6100
21.159805265019017 21.190624512192752 21.121033275419478 21.12600326538086 16400
21.14588821396054 21.155830090664736 21.076296973250248 21.08623695373535 73800
21.09617904602896 21.09617904602896 21.02658780460749 21.071325302124023 36700
21.12600404081331 21.15384053654436 21.11606216430664 21.11606216430664 9800
21.066354814373717 21.066354814373717 21.016645431518555 21.016645431518555 12600
21.02658730808959 21.046471061231653 21.00173356477154 21.016645431518555 29400
21.10612155787038 21.16577282049994 21.10612155787038 21.16080093383789 22300
21.126005282523835 21.14091715005078 21.111093414996894 21.126998901367188 22500
21.09319664928432 21.116063155945405 21.051441903726882 21.091209411621094 20300
21.124015823168396 21.145888710919312 21.10115121280857 21.14091682434082 5600
21.116061956122742 21.265186309814453 21.116061956122742 21.265186309814453 7200
21.295011377680858 21.295011377680858 21.260215759277344 21.260215759277344 6100
21.272146145939608 21.314896405550133 21.272146145939608 21.304954528808594 24600
21.289000724589293 21.289000724589293 21.219201027764594 21.23415756225586 16900
21.17931471220511 21.17931471220511 21.139429985673946 21.154386520385742 789200
21.109514274555963 21.109514274555963 21.08159439639288 21.09954261779785 7000
21.129458328566376 21.159371397989965 21.122478358780988 21.154386520385742 12400
21.19925713062544 21.209228787311652 21.139429092407227 21.139429092407227 21400
21.139429092407227 21.145410564899716 21.119485779034807 21.139429092407227 52300
21.123474061329482 21.139429092407227 21.119485779034807 21.139429092407227 11400
21.139429947264013 21.185298048356202 21.12945829017456 21.164358139038086 12400
21.159371474991136 21.169343132134998 21.134443283081055 21.134443283081055 10400
21.104529435259227 21.109514312697762 21.086579311922765 21.089570999145508 5200
21.078602671125577 21.109514236450195 21.078602671125577 21.109514236450195 3000
21.06962792022969 21.079599577116863 21.029743194580078 21.029743194580078 10200
21.089571272365827 21.108517991055646 21.00680823176092 21.019771575927734 11300
20.940000534057617 20.949972191111254 20.934017159445613 20.940000534057617 32600
20.94997195581394 21.009799995564688 20.94997195581394 20.999828338623047 22400
20.940000610933417 20.96991558220415 20.910085639662686 20.92005729675293 120800
20.920057258333344 20.930028915405273 20.91008560126141 20.930028915405273 8200
20.942990620347903 20.94797549754409 20.825327738768667 20.860227584838867 9300
20.850257599020345 20.925044076247612 20.820342627749614 20.92005729675293 27100
20.98487203984942 20.989856917426682 20.92205231212072 20.940000534057617 24600
20.860000610351562 20.8700008392334 20.809999465942383 20.809999465942383 12200
20.81999969482422 20.81999969482422 20.7189998626709 20.729999542236328 44600
20.77899932861328 20.825000762939453 20.729999542236328 20.81999969482422 20500
20.860000610351562 20.8700008392334 20.847000122070312 20.8700008392334 109700
20.739999771118164 20.809999465942383 20.725000381469727 20.780000686645508 27500
20.889999389648438 20.979999542236328 20.889999389648438 20.979999542236328 14200
20.898000717163086 20.969999313354492 20.898000717163086 20.934999465942383 97400
20.979999542236328 20.99799919128418 20.934999465942383 20.979999542236328 40900
20.93000030517578 20.940000534057617 20.850000381469727 20.864999771118164 98600
20.950000762939453 20.950000762939453 20.920000076293945 20.934999465942383 26400
20.8700008392334 20.8700008392334 20.850000381469727 20.854999542236328 69000
20.739999771118164 20.739999771118164 20.68000030517578 20.700000762939453 30300
20.68000030517578 20.700000762939453 20.625 20.649999618530273 55400
20.610000610351562 20.65999984741211 20.579999923706055 20.604999542236328 94800
20.670000076293945 20.709999084472656 20.670000076293945 20.704999923706055 34000
20.649999618530273 20.75 20.645000457763672 20.75 6499
