18.23391831590686 18.23391831590686 18.01565714937693 18.030208587646484 4500
17.942904335449306 18.07931735461238 17.924715470338054 18.03293800354004 45100
17.870143499728485 17.929256420528404 17.847408294677734 17.847408294677734 53700
18.215729837277006 18.215729837277006 18.1666202545166 18.1666202545166 10700
18.27029037475586 18.27029037475586 18.27029037475586 18.27029037475586 0
18.279390917183008 18.30667247954116 18.252107620239258 18.252107620239258 12800
18.142971116011932 18.258466720581055 18.142971116011932 18.258466720581055 3500
18.343045497376384 18.388515912684596 18.30666777746169 18.33304214477539 3700
18.424894662457227 18.424894662457227 18.329405744221546 18.332134246826172 4800
18.42489475237535 18.490373611450195 18.40033996339913 18.490373611450195 1400
18.306668741951142 18.388516881486225 18.230277607607796 18.36941909790039 3500
18.452181826776844 18.48855782177443 18.447633743286133 18.447633743286133 400
18.415796871215647 18.470361709594727 18.415796871215647 18.470361709594727 4100
18.34487016604692 18.34487016604692 18.315767288208008 18.315767288208008 2000
18.28938932735441 18.406704523697883 18.28848040474438 18.37942123413086 5100
18.44763106560713 18.452179148437683 18.333953279038397 18.361236572265625 13800
18.370329287087927 18.397610843181003 18.303030850331883 18.352140426635742 4300
18.2293682026774 18.2293682026774 18.089317793419646 18.147520065307617 28900
17.97018968080668 17.97018968080668 17.79739891173172 17.906530380249023 10000
17.988367298288146 18.161156224717207 17.988367298288146 18.061120986938477 13400
18.351945842407176 18.38750236503148 18.32277273109712 18.342830657958984 4600
18.506935567145824 18.506935567145824 18.279017632876165 18.28357696533203 240900
18.415762060243463 18.461344932427806 18.413026809692383 18.413026809692383 2700
18.351950764112374 18.434001357153367 18.096683798096656 18.306367874145508 37700
18.42032123742797 18.56163093556275 18.41576364536729 18.506929397583008 25900
18.352861815620173 18.461350265192074 18.352861815620173 18.394798278808594 4600
18.3246030965203 18.351952136996047 18.314574999087462 18.329160690307617 2800
18.3337180492675 18.46135152808315 18.3337180492675 18.420326232910156 300
18.443113336767002 18.443113336767002 18.27901219469438 18.342830657958984 3100
18.57986722240767 18.661917808960123 18.525167410997916 18.640037536621094 14600
18.789556983159816 18.789556983159816 18.671038671423524 18.716623306274414 1700
18.68926750635356 18.734850390087125 18.661916732788086 18.661916732788086 4400
18.697469724589286 18.77131453871456 18.64003293707494 18.721172332763672 4300
19.06305067378313 19.06305067378313 18.844249725341797 18.844249725341797 4300
18.82601878061712 18.82601878061712 18.74852752685547 18.74852752685547 4300
18.762200831331214 18.762200831331214 18.693824768066406 18.693824768066406 4200
18.73029006904144 18.789549200363936 18.725732476882158 18.757640838623047 8700
18.753082680791856 18.771316528320312 18.73029124081899 18.771316528320312 8000
18.707501097565256 18.798668602651446 18.661916475584395 18.743967056274414 5800
18.908066053774977 18.908066053774977 18.56163166074477 18.725732803344727 5900
18.689270290087077 18.689270290087077 18.607219696044922 18.607219696044922 7100
19.997333958157494 19.997333958157494 18.860374450683594 18.860374450683594 3300
18.83570575066557 18.882318018952603 18.69312858581543 18.69312858581543 2000
18.818339201956768 18.937152620370856 18.653826973974688 18.772642135620117 4900
18.98285180107968 19.101665221816734 18.98285180107968 19.04317283630371 5500
19.183924876051393 19.23784826208058 19.118119622787383 19.156505584716797 3700
19.24789776065191 19.284456808701645 19.193060931808663 19.2296199798584 5400
19.174782555583104 19.229621130940334 19.115376713793296 19.20220184326172 32200
19.193062388424888 19.202202151130965 19.087044278851085 19.138225555419922 20900
19.11080461505617 19.165641443320162 18.991991196612304 19.147363662719727 6200
19.24789735660491 19.25338156234352 19.22047981437451 19.25246810913086 3200
19.31187279562756 19.485524773410642 19.3027347775827 19.435256958007812 1900
19.44622703697626 19.494666206986615 19.403270329616873 19.45810890197754 5700
19.622617422094773 19.622617422094773 19.448967190056116 19.53122329711914 19100
19.51294602086408 19.630845989696944 19.51294602086408 19.549503326416016 500
19.78713283459055 19.78713283459055 19.477303074921743 19.54493522644043 5100
19.57692436779378 19.581493377685547 19.572355357902016 19.581493377685547 1300
19.60434444517969 19.787134483137102 19.60434444517969 19.72315788269043 54300
19.851109318314716 19.851109318314716 19.677459059181846 19.6911678314209 24500
19.677459310968068 19.768853451373147 19.658266332295224 19.700307846069336 16000
19.704875879436095 19.75971445283972 19.704875879436095 19.74509048461914 3800
19.800062569311507 19.808307742881286 19.735925674438477 19.735925674438477 2100
20.927049781438626 20.927049781438626 19.73134898595891 19.76799964904785 7400
19.589326175693238 19.64430215878608 19.415240805364224 19.438146591186523 15000
19.543519799038613 19.653470046851446 19.543519799038613 19.616819381713867 3500
19.613153738329384 19.694700241088867 19.613153738329384 19.694700241088867 400
19.63514212760315 19.64430479268048 19.63055992126465 19.63055992126465 900
19.635138507556103 19.680034334838 19.598487854003906 19.598487854003906 1500
19.7084438851196 19.7084438851196 19.598493639604346 19.68095588684082 2700
19.598491560245755 19.598491560245755 19.471133485986268 19.47479820251465 2200
19.305292643015196 19.374011755400907 19.305292643015196 19.364849090576172 2000
19.268645359302635 19.314456939697266 19.268645359302635 19.314456939697266 200
19.241159976659784 19.241159976659784 19.02126121520996 19.02126121520996 4800
18.47151136678913 18.47151136678913 18.430280244415055 18.45318603515625 3200
18.407374365469643 18.434862362787246 18.407374365469643 18.412872314453125 1300
18.489835062326478 18.544809304760847 18.473342964356135 18.503578186035156 3800
18.480669935631937 18.535644170743545 18.462344608061592 18.476089477539062 1500
18.553971454389874 18.608945695297212 18.444021224975586 18.444021224975586 400
18.563130199023362 18.563130199023362 18.434856414794922 18.434856414794922 1800
18.517323240424002 18.517323240424002 18.51365852355957 18.51365852355957 600
18.53564419510048 18.544806858897694 18.486167907714844 18.486167907714844 600
18.334068976257484 18.34323163912609 18.224118769433478 18.299251556396484 3300
18.361560407009478 18.39820931775503 18.28734334814047 18.39454460144043 3300
19.371864066104628 19.371864066104628 18.495583015906394 18.526813507080078 4100
18.55436590832759 18.563549695911227 18.51211207602271 18.549772262573242 496500
18.71970530935534 18.784004103163984 18.627853393554688 18.627853393554688 2000
18.687557533535138 18.7564482250954 18.678371991196233 18.683883666992188 4000
18.60029495632289 18.682045045544605 18.60029495632289 18.669185638427734 500
18.59111254719363 18.79318922906766 18.59111254719363 18.743589401245117 9700
18.655406543905436 18.710519790649414 18.655406543905436 18.710519790649414 500
18.772060832028746 18.77481666953918 18.74266815185547 18.74266815185547 2000
18.949343388943685 18.949343388943685 18.875860786565383 18.935565948486328 30200
18.902491929407866 18.967706990591992 18.816149949493372 18.903409957885742 47100
18.82074437796611 18.84830100367747 18.774818420410156 18.774818420410156 11300
18.80237179135976 18.811557332529386 18.673777718910717 18.751853942871094 18400
18.87585622177196 18.87585622177196 18.692150636233883 18.793188095092773 10900
18.73807224901244 18.747257788953544 18.65356808469446 18.69214630126953 1800
18.719703674316406 18.76563138016825 18.715111779712643 18.719703674316406 3100
18.591109415244723 18.669185638427734 18.591109415244723 18.669185638427734 1000
18.765633711570334 18.765633711570334 18.581926369265226 18.636119842529297 6700
18.623263394370575 18.660005569458008 18.623263394370575 18.660005569458008 900
18.70316958864871 18.73715591430664 18.627850957463586 18.73715591430664 700
18.885038876551747 18.917187392904868 18.885038876551747 18.903409957885742 1700
18.78859610645708 18.811559085539592 18.774818669400176 18.78400421142578 1400
18.923052778899212 18.923052778899212 18.757304880667775 18.798742294311523 8300
18.72967816373485 18.803344477053294 18.72967816373485 18.734281539916992 6400
18.913836676421443 18.913836676421443 18.729670094299394 18.757295608520508 1800
18.67902773008983 18.738882144054138 18.637590329090393 18.688236236572266 6300
18.21401031228689 18.292279986067292 18.21401031228689 18.279388427734375 11800
18.06667694521744 18.06667694521744 17.937759611039777 17.950651168823242 8300
17.90092849222673 18.019715247487788 17.90092849222673 17.958940505981445 800
18.093381583241772 18.23242600049775 18.093381583241772 18.18914794921875 4200
18.039051437461044 18.223218054209113 18.02984293098934 18.177175521850586 5800
18.4257985895339 18.490256373812095 18.42395618583614 18.435007095336914 3500
18.534456174608113 18.58049694647415 18.517881566990056 18.527090072631836 5100
18.490256373812095 18.552873510735427 18.4257985895339 18.435007095336914 20700
18.53261533319451 18.53261533319451 18.50867462158203 18.50867462158203 500
18.476444014873586 18.476444014873586 18.46907615661621 18.46907615661621 200
18.499465596303896 18.536297864599973 18.425799303368777 18.481048583984375 1500
18.729673637571704 18.729673637571704 18.62838182260796 18.688236236572266 900
18.734275644481816 18.77571304245509 18.720463763938355 18.725067138671875 3900
18.692838452151648 18.692838452151648 18.481048085221808 18.563922882080078 4900
18.637590464398563 18.637590464398563 18.552875014293985 18.63574981689453 2200
18.784917591224254 18.877000873583412 18.784917591224254 18.82635498046875 2700
18.76190185546875 18.76190185546875 18.702047443663005 18.76190185546875 700
18.803340911865234 18.803340911865234 18.803340911865234 18.803340911865234 300
18.85042381286621 18.85042381286621 18.85042381286621 18.85042381286621 500
18.73041052298096 18.840263112155267 18.69348427678504 18.762720108032227 4400
18.89380630562789 19.016584506468604 18.89380630562789 18.942733764648438 3600
18.6934863880799 18.6934863880799 18.54116824642898 18.605789184570312 171200
18.69349020030153 18.69349020030153 18.536557125721213 18.54117202758789 47700
18.57348251008499 18.633485035234234 18.564250946044922 18.564250946044922 10500
18.55501365661621 18.582706579450605 18.527318973041556 18.55501365661621 28100
18.619636526933604 18.619636526933604 18.601173400878906 18.601173400878906 200
18.615021540686257 18.767337928089617 18.615021540686257 18.73041343688965 3000
18.684256744739848 18.684256744739848 18.60579109576187 18.615022659301758 12100
18.361158726533084 18.361158726533084 18.167301177978516 18.167301177978516 16100
18.231920230073452 18.231920230073452 18.204225540161133 18.204225540161133 600
18.2642292010589 18.3750061962058 18.2642292010589 18.32331085205078 12100
18.402697154398563 18.499627675053258 18.402697154398563 18.43131446838379 2200
18.508859327634518 18.508859327634518 18.3602352142334 18.3602352142334 900
18.218072864022346 18.231919327923023 18.162683486938477 18.162683486938477 3100
18.194068854106554 18.194991482088263 18.15068244934082 18.15068244934082 700
18.268844584339075 18.268844584339075 18.191299812793083 18.231918334960938 2300
18.176530009753673 18.176530009753673 18.01498031616211 18.01498031616211 3200
18.001137794938415 18.010369358942665 17.91897810781916 17.968828201293945 2600
18.24114961747477 18.34084802422963 18.204223368663104 18.30853843688965 900
18.37887006760945 18.388124493672752 18.305761337280273 18.305761337280273 2600
18.2955810787431 18.36961471842785 18.2955810787431 18.338150024414062 3300
18.221551919051688 18.351110379078243 18.209520986305897 18.277076721191406 5700
18.3140926361084 18.369617432801242 18.30946454007481 18.3140926361084 2900
18.318719723955667 18.318719723955667 18.226177215576172 18.226177215576172 3100
18.42883868592863 18.42883868592863 18.244680404663086 18.244680404663086 2100
18.33260341824812 18.33260341824812 18.20304494482998 18.221553802490234 97000
18.249312456550825 18.33260053783394 18.21229651214807 18.290956497192383 8200
18.45290576911356 18.628734588623047 18.45290576911356 18.628734588623047 1700
18.619479063417565 18.684258278022945 18.564879187521424 18.6055965423584 3500
18.41126529762695 18.471416437751884 18.341857963511316 18.360366821289062 3800
18.31872105327822 18.36961952483554 18.31872105327822 18.32427406311035 1500
18.591719321844565 18.591719321844565 18.351109503911648 18.374244689941406 3000
18.49917721500895 18.573210870975455 18.439024317941918 18.504730224609375 5100
18.600970167500428 18.600970167500428 18.503801345825195 18.503801345825195 1200
18.58246702157657 18.675009541390647 18.58246702157657 18.587093353271484 1300
18.767548386682353 18.767548386682353 18.688886642456055 18.688886642456055 2500
18.57784172744159 18.59172248840332 18.513060724382534 18.59172248840332 700
18.702771402967347 18.702771402967347 18.652799606323242 18.652799606323242 2400
18.647246364349723 18.647246364349723 18.62411117553711 18.62411117553711 900
18.443649472402807 18.453828811645508 18.429768715717422 18.453828811645508 500
18.664427076006874 18.684836929550663 18.624534606933594 18.624534606933594 900
18.585571447781984 18.585571447781984 18.49001283551033 18.568870544433594 1300
18.48073366909649 18.48073366909649 18.275700811016836 18.411151885986328 5500
18.657008584728807 18.657008584728807 18.592066522688707 18.596704483032227 500
18.57350885636572 18.833277072556015 18.57350885636572 18.800806045532227 900
18.90749887993403 18.90749887993403 18.842556818796336 18.86296844482422 600
18.864822307598587 18.97429656982422 18.864822307598587 18.97429656982422 3700
19.102326764088172 19.1579911349288 19.06521600383546 19.096759796142578 300
19.306426745839232 19.315704434032583 19.15798727382181 19.190458297729492 38400
19.260045753412005 19.26932344434097 19.216440782999744 19.222007751464844 4400
19.195103402898724 19.28787854127927 19.195103402898724 19.19974136352539 1100
19.232208509712557 19.232208509712557 19.130157470703125 19.130157470703125 800
19.213654147560234 19.269320284004277 19.213654147560234 19.219221115112305 5600
19.195100151112936 19.260042206116097 19.176544772672525 19.182111740112305 10100
19.232210775343056 19.232210775343056 19.06799937819947 19.120882034301758 3700
18.86111434716128 18.888947420621083 18.675564063173237 18.71360206604004 3700
18.60134496593822 18.647733423356595 18.462183132760526 18.586502075195312 3200
18.498361074137062 18.619896507096694 18.498361074137062 18.563304901123047 4600
18.72195318568728 18.72195318568728 18.586502075195312 18.586502075195312 300
18.638451677329147 18.638451677329147 18.531760902784097 18.53268814086914 3400
18.759060039634694 18.759060039634694 18.37961258765927 18.43156623840332 2400
18.614805793773304 18.614805793773304 18.48272150808552 18.5106258392334 5400
18.547836537631213 18.547836537631213 18.343195285354852 18.366451263427734 85900
18.44458584522094 18.54783614053326 18.44458584522094 18.493885040283203 3000
18.445518680801484 18.468772888183594 18.417612567433576 18.468772888183594 1500
18.538533723980013 18.57574009380903 18.464119210140023 18.53202247619629 3400
18.52458381652832 18.538535985143216 18.464121462226814 18.52458381652832 4500
18.473422593746726 18.473422593746726 18.380404001115707 18.436214447021484 2500
18.408303221244434 18.505971908569336 18.408303221244434 18.505971908569336 4300
18.668763406573408 18.668763406573408 18.5450496673584 18.5450496673584 2700
18.38970595063323 18.426912323000032 18.38970595063323 18.42226219177246 35400
18.687364602405776 18.687364602405776 18.333894296022613 18.49202537536621 7400
18.882701126505683 18.882701126505683 18.594345092773438 18.594345092773438 18900
18.72456828724924 18.77107846519078 18.652944564819336 18.652944564819336 18100
18.63620216372841 18.696664509756555 18.5794620513916 18.5794620513916 1500
18.51993429015248 18.640859014290875 18.51993429015248 18.58039665222168 1200
18.575740321178074 18.715269088745117 18.575740321178074 18.715269088745117 13000
18.705968856811523 18.77201101317256 18.687364782783966 18.705968856811523 32300
18.785034281573953 18.794336318969727 18.715271662378992 18.794336318969727 3400
18.76178005956661 18.826892547100627 18.73666473603714 18.798986434936523 10600
18.687364971449245 18.729223251342773 18.687364971449245 18.729223251342773 3000
18.696666083370125 18.836193084716797 18.696666083370125 18.836193084716797 3200
18.956187778018602 18.956187778018602 18.945026397705078 18.945026397705078 200
18.761779304712046 18.761779304712046 18.650156634728848 18.705968856811523 21100
18.70318001093059 18.7803853294001 18.659460609843048 18.75527000427246 5900
18.892005098257062 18.910609173095786 18.758989334106445 18.758989334106445 4600
18.64085910102483 18.64085910102483 18.514352798461914 18.514352798461914 2200
18.552489307092472 18.631555740583867 18.510631024463446 18.574813842773438 1400
18.58597870131691 18.705971982736894 18.58597870131691 18.636207580566406 600
18.696664627391492 18.842702865600586 18.696664627391492 18.842702865600586 1500
18.88734868572455 18.96176318615095 18.86874461707254 18.938508987426758 3400
18.901307039999075 18.901307039999075 18.78503423411898 18.829683303833008 2800
18.85480060460354 18.85480060460354 18.789688110351562 18.789688110351562 1200
18.910608817135866 18.910608817135866 18.714339911900918 18.766429901123047 5400
19.065019906874486 19.065019906874486 19.012929916381836 19.012929916381836 2200
19.09665000933674 19.09665000933674 18.985027313232422 18.985027313232422 87400
19.078038610417266 19.078038610417266 18.826888971189472 18.892932891845703 62700
18.897582008896524 18.9906005859375 18.897582008896524 18.9906005859375 2300
19.05757544456782 19.11524522747898 19.050132751464844 19.050132751464844 1900
18.966421926466552 18.97572396501543 18.805500030517578 18.805500030517578 5500
18.752475129229037 18.752475129229037 18.585042030438824 18.60736656188965 15600
18.501329149223626 18.501329149223626 18.38040620622356 18.464122772216797 68400
18.715272460908892 18.715272460908892 18.590627283505935 18.628765106201172 5300
18.82738996299191 18.82738996299191 18.673524856567383 18.673524856567383 2400
18.696835162351313 18.761178615715373 18.650210347930553 18.6903076171875 5400
18.72481287726586 18.74346351623535 18.68751337794971 18.74346351623535 9100
18.715485072586095 18.77143520344222 18.710823302774166 18.76211166381836 5600
18.86468987921085 18.883340518938557 18.832052148998812 18.836715698242188 3100
18.892664150525583 18.939288967055486 18.818063376904092 18.875879287719727 29800
18.927164465736904 18.967261730055323 18.911311603916904 18.9252986907959 5000
19.041864703080684 19.041864703080684 18.87401252654472 18.91597557067871 17700
18.96726394855462 19.156562757131713 18.948613311452867 19.088489532470703 22800
19.209718410151257 19.250747680664062 19.209718410151257 19.250747680664062 1100
18.985915486087187 19.125791713738828 18.985915486087187 19.084760665893555 3800
19.228369635470685 19.34026991307648 19.153768857525872 19.200393676757812 18700
19.47921059518368 19.526769182727104 19.433517782662996 19.48014259338379 61000
19.610696566399653 19.610696566399653 19.44284439086914 19.44284439086914 3600
19.496929977674316 19.592045377772887 19.470818019470844 19.517444610595703 8300
19.56033608217712 19.582716486108577 19.498790416021187 19.568729400634766 1000
19.713271839746366 19.713271839746366 19.295507169131998 19.489469528198242 32400
19.442842756725437 19.442842756725437 19.404609487726752 19.42139434814453 800
19.46149440058481 19.55381202697754 19.43165267093744 19.55381202697754 4700
18.986371948559782 19.97635563698628 18.986371948559782 19.91839599609375 20600
19.827717213442952 19.827717213442952 19.734235763549805 19.734235763549805 200
19.780975519245555 19.921199470258788 19.734234796589238 19.837064743041992 14900
19.977291456575045 20.08946990966797 19.92120044698422 20.08946990966797 800
20.145560176893433 20.472750617564454 20.145560176893433 20.37552833557129 26900
20.547535522743004 21.005601396850025 20.547535522743004 20.85416030883789 4600
20.416660310124694 20.416660310124694 20.297936301308475 20.35028648376465 2300
20.510142775724983 20.510142775724983 20.351221820766003 20.369918823242188 9000
20.276436669025205 20.295131889448374 20.14555942779669 20.262413024902344 42800
20.145558960537535 20.145558960537535 19.97261614008486 20.03338050842285 3800
19.637011187676286 19.818368174752056 19.589334370020367 19.65570640563965 38700
19.584661259901072 19.752928921972266 19.528570256166493 19.706188201904297 6100
19.921202960176142 19.921202960176142 19.830524444580078 19.830524444580078 2700
19.790326453034965 19.865112688304446 19.70993075978303 19.716474533081055 2200
19.809022475546147 19.903440026028786 19.809022475546147 19.885677337646484 1800
19.75760220674765 19.789386749267578 19.75760220674765 19.789386749267578 5100
19.977290111907106 20.108165559387768 19.837064380412976 19.985702514648438 139100
20.182951610260364 20.19230011114907 20.042727663018237 20.112838745117188 10400
20.061426162719727 20.061426162719727 20.061426162719727 20.061426162719727 100
19.995986260795668 19.995986260795668 19.743583855064575 19.799673080444336 107100
19.6127085681156 19.738910675048828 19.594011563448937 19.738910675048828 2300
19.860436342804753 19.92119892398289 19.860436342804753 19.863239288330078 2600
19.977291543788578 20.02403226894062 19.925875676294705 19.939897537231445 97100
19.83211371085764 19.91646594493083 19.766506814946013 19.83024024963379 27600
19.888347710148604 19.963327274283184 19.775879257773646 19.907093048095703 18900
19.963328390279525 19.963328390279525 19.719646133960104 19.749637603759766 4700
19.700902962446985 19.860234786126302 19.700902962446985 19.786191940307617 1900
19.85086236153591 19.916469268395375 19.80399900831191 19.87054443359375 11800
20.01487627149556 20.01487627149556 19.907093258640515 19.953956604003906 4900
20.038311206264925 20.113290786743164 19.963331625786687 20.113290786743164 17000
20.10391647176766 20.300737166556647 20.10391647176766 20.225757598876953 37100
20.310109412448526 20.32885475089103 20.207011838668617 20.25668716430664 6100
20.216384845891625 20.263248192781404 20.150777947899833 20.207012176513672 3200
20.38040272789023 20.38040272789023 20.258559820509696 20.279178619384766 25100
20.041117492445558 20.094541523296183 19.98956871032715 19.98956871032715 7800
20.150775952155787 20.16014862060547 19.991444163818638 20.16014862060547 11600
20.1695238530963 20.1695238530963 19.918342384736157 20.0523681640625 2600
19.972704136485728 20.066429058244765 19.87897921472669 19.886478424072266 14900
19.62592112419046 19.62592112419046 19.475961988321036 19.597803115844727 131100
19.78525514020778 19.78525514020778 19.550943740774354 19.558441162109375 14400
19.36349312994437 19.494706936317822 19.36349312994437 19.400983810424805 9500
19.485334616256196 19.588430404663086 19.3822370401954 19.588430404663086 30500
19.710272817031818 19.710272817031818 19.52469825744629 19.52469825744629 7100
19.144995475974575 19.272816445181373 19.144995475974575 19.238040924072266 14500
19.173193071507253 19.28033768889834 19.173193071507253 19.238983154296875 5500
19.173187500678246 19.36680030822754 19.16848897869215 19.36680030822754 125800
19.502141192357485 19.502141192357485 19.30946950770505 19.347063064575195 4900
19.38935605199321 19.442929243343908 19.38935605199321 19.39593505859375 2100
19.220183303745415 19.228641002562213 19.06980549048855 19.171310424804688 8500
19.072625525657912 19.072625525657912 18.919427865870606 18.965482711791992 9000
19.17319089055932 19.201387405395508 18.99461654855365 19.201387405395508 47200
18.966422873184218 18.985220550779186 18.75965200492997 18.820743560791016 14300
18.68446113208305 18.740854158967082 18.637468735658043 18.675064086914062 12800
18.7878489135622 18.858339309692383 18.665667591934493 18.858339309692383 10100
18.95702081046444 18.95702081046444 18.675062865071848 18.75025177001953 4800
18.778449108265878 18.83484213932624 18.7126590313406 18.811344146728516 24700
19.126197164522676 19.126197164522676 18.985218185415352 19.036909103393555 7800
19.154395480264252 19.154395480264252 18.961723754366986 19.047252655029297 6000
19.14499386749207 19.17318858629467 19.13183585401222 19.163789749145508 3200
19.20514216079447 19.34236194131218 19.20514216079447 19.27187156677246 12100
19.201387405395508 19.351765232564986 19.051009578226033 19.201387405395508 81300
19.069806109986498 19.182588577270508 19.018113398879247 19.182588577270508 16800
19.191987130949805 19.257777201332637 19.12149674545679 19.144994735717773 32700
19.079203791726165 19.098001467782442 18.95420265197754 18.95420265197754 2100
19.040925684742028 19.182318332331164 19.012646436062177 19.16346549987793 13800
19.2294458153117 19.28506040441644 19.226617711065046 19.24829864501953 1000
19.248297446068634 19.248297446068634 19.050346342276118 19.08333969116211 1300
19.135185536311848 19.135185536311848 19.04092497337735 19.069202423095703 8100
19.10596034883417 19.187026070747507 19.05034576487921 19.158748626708984 4900
19.26715013180481 19.26715013180481 19.116331100463867 19.116331100463867 17600
19.08711208985288 19.276578903198242 19.07862777666679 19.276578903198242 5300
19.022070966766975 19.36047082560559 18.974938890305754 19.220020294189453 9700
18.95608815369905 19.057890923378494 18.87125221264869 18.894817352294922 37100
18.824121172391596 18.824121172391596 18.689326840201204 18.77699089050293 14100
18.859937749188664 19.300142133147315 18.795840648219837 18.927806854248047 14400
19.103134508747136 19.22944450378418 19.103134508747136 19.22944450378418 8700
19.144611952186295 19.163464783935193 18.956089028412308 19.069202423095703 37100
19.069202151443275 19.07862856718344 18.861826398874587 18.93252182006836 48100
19.044692812180262 19.044692812180262 18.97493770296351 18.998504638671875 3100
19.03149929899244 19.036211608160766 18.86182740245174 18.904245376586914 18900
18.814693100872166 18.993791392518723 18.814693100872166 18.89104652404785 7600
18.891990144568954 18.946662637550936 18.852400276587 18.866539001464844 1900
18.8816192649243 18.8816192649243 18.833545089285327 18.852397918701172 1700
18.84768674252141 18.880678297028634 18.805268772740003 18.825063705444336 4300
18.767563652090246 18.767563652090246 18.64502384580679 18.704408645629883 11800
18.707246547856112 18.76210704275549 18.68076254426761 18.761159896850586 6200
18.728053808377545 18.728053808377545 18.19837196317821 18.255123138427734 58300
18.22674931218805 18.27877197698923 17.990283966064453 17.990283966064453 8800
18.16053688032068 18.16053688032068 18.065950393676758 18.065950393676758 2000
18.06595212259583 18.082977294921875 18.009200946813237 18.082977294921875 2200
18.122703477830665 18.122703477830665 17.99217414855957 17.99217414855957 2100
17.942046079729753 17.942046079729753 17.886240238613105 17.91366958618164 2100
17.98082727426729 18.06122463554936 17.971368442806877 18.017715454101562 8800
17.649772610168526 17.82002794147037 17.649772610168526 17.772735595703125 3600
17.734897640418573 17.734897640418573 17.668687644548275 17.685712814331055 5300
17.914613775722138 17.914613775722138 17.65923078819758 17.661123275756836 5300
17.777465389633253 17.777465389633253 17.74814355583677 17.754764556884766 1200
17.76327672372145 17.76327672372145 17.58356256287372 17.593021392822266 1100
17.56464718290432 17.838947874754993 17.555188351727995 17.820030212402344 3000
17.867319913487748 17.868267059326172 17.867319913487748 17.868267059326172 300
17.867322688805785 17.89569918253266 17.801112674197334 17.839893341064453 3100
17.83421383149639 17.886236490054678 17.782191172938102 17.815296173095703 14900
17.83894350673829 18.017710501161744 17.805838507770986 17.994064331054688 6200
18.193640985859883 18.212556838989258 18.13215950194992 18.212556838989258 3200
18.35916569954931 18.35916569954931 18.295793533325195 18.295793533325195 300
18.425932924632363 18.425932924632363 18.352788072510407 18.416433334350586 18900
18.3717899300945 18.440185902972587 18.283445358276367 18.283445358276367 28500
18.38128848570307 18.38128848570307 18.247346606182486 18.296743392944336 3500
18.476284266611284 18.561778782705122 18.476284266611284 18.519031524658203 14300
18.386993888690387 18.40409243289622 18.371794176139495 18.384143829345703 4400
18.49623195535237 18.552278277059894 18.476283356703686 18.509531021118164 32300
18.63777391115805 18.64727169139536 18.514281025729844 18.56557846069336 4900
18.542779598714954 18.561778782705122 18.49528163873954 18.519031524658203 5800
18.521879940470903 18.521879940470903 18.481033325195312 18.481033325195312 300
18.59977663291378 18.665322553936914 18.59977663291378 18.614025115966797 700
18.476283606994603 18.50478057010058 18.452533721923828 18.452533721923828 2400
18.4050349131294 18.42403409369296 18.4050349131294 18.416433334350586 1400
18.466784313884055 18.476283905693574 18.276796101417467 18.3223934173584 28100
18.314794816743888 18.314794816743888 18.265398025512695 18.265398025512695 2100
18.29579476355797 18.29579476355797 18.152353286743164 18.152353286743164 1700
18.067812962846354 18.090611623902838 18.001317623040826 18.058313369750977 6400
18.238799929622378 18.238799929622378 18.172302785557253 18.173254013061523 4000
18.143802877692114 18.26729393005371 18.143802877692114 18.26729393005371 22300
18.200801010863632 18.324293891386002 18.191301419141766 18.27204704284668 7500
18.224549636721658 18.40028937111097 18.084909439086914 18.084909439086914 8900
18.11910795072353 18.11910795072353 18.020314360259 18.08776092529297 1600
17.97756735120357 17.97756735120357 17.906323122299888 17.953819274902344 3000
17.85882412660364 17.887322903636743 17.74483264219519 17.801828384399414 3900
17.72835808146647 17.804691090065756 17.69019248712807 17.770341873168945 2700
17.881023942658064 17.890565796140034 17.728357926791467 17.737899780273438 6200
17.88102081862532 17.88102081862532 17.67110553846413 17.71976661682129 5300
17.803736274260938 17.8724365234375 17.803736274260938 17.8724365234375 400
17.785608937290103 17.802785367162105 17.785608937290103 17.796104431152344 1100
17.84285645330015 17.928731305593388 17.82377274836337 17.919189453125 14500
17.900105749154122 18.032734404604035 17.890563896685215 17.949722290039062 5100
17.799918320437953 17.82377204070072 17.756980895996094 17.756980895996094 1800
17.852397538063528 17.852397538063528 17.690191496307317 17.694007873535156 2300
17.577601001724354 17.577601001724354 17.375316619873047 17.375316619873047 1300
17.32760569811844 17.52798094112879 17.32760569811844 17.501262664794922 59500
17.384859082697474 17.566150665283203 17.375317228885326 17.566150665283203 8200
17.3657787657052 17.408716201782227 17.35623691103001 17.408716201782227 1200
17.423027256162005 17.4879093170166 17.365777950720275 17.4879093170166 1300
17.489815860817334 17.54706515789575 17.452603908712476 17.4774112701416 5000
17.194023619805705 17.26558477750431 17.127232477984826 17.172077178955078 22000
17.27035972350383 17.289443430295737 16.95548584112717 16.97838592529297 8300
17.046130909176572 17.103380210270213 16.984109771370356 17.011781692504883 10800
17.222648937688103 17.365774906082915 17.222648937688103 17.318065643310547 2500
17.270360934235242 17.39440139723354 17.270360934235242 17.36195945739746 104300
17.48027381505294 17.48027381505294 17.355277910213243 17.382949829101562 1900
17.570833424076685 17.829651377570205 16.650594249458912 17.795141220092773 85600
17.752964542436537 17.93701200922996 17.273672854973473 17.913047790527344 113600
17.676276077309705 17.867991635020235 17.676276077309705 17.8325252532959 10000
17.896752480104603 17.906338533683137 17.78172166551495 17.834444046020508 166400
17.6762795568804 17.743380106705434 17.61972311797746 17.67531967163086 1500
17.427045816769635 17.46059608817734 17.427045816769635 17.447175979614258 800
17.446216589644703 17.54878350962324 17.41266632080078 17.41266632080078 6500
17.48935557614017 17.50948574051434 17.417461087173677 17.48839569091797 3300
17.25641714231944 17.41266632080078 17.25641714231944 17.41266632080078 400
17.216156005859375 17.223825945156047 17.196985728499282 17.216156005859375 2300
17.38870050986855 17.38870050986855 17.267919540405273 17.267919540405273 1100
17.273674571479177 17.35994723006376 17.264088517375015 17.2928466796875 18100
17.216154969760588 17.216154969760588 17.043611513787923 17.1107120513916 17300
17.292846086126406 17.312016365323856 17.07045439226071 17.13947105407715 10200
17.225741808763686 17.417459206403787 17.2219077533473 17.407873153686523 6200
17.436631620817206 17.436631620817206 17.24491421977985 17.31009864807129 7200
17.427043641933253 17.436629693760956 17.344605058896953 17.350357055664062 7400
17.484560306561033 17.513318465633063 17.427045816769635 17.447175979614258 5300
17.42992451715441 17.48456301667232 17.379118245416908 17.388704299926758 6800
17.225738525390625 17.27366877984104 17.225738525390625 17.225738525390625 10000
17.254498602212884 17.254498602212884 17.12988358344976 17.13850975036621 9100
17.34282871364407 17.376560101827643 17.289821721291947 17.348609924316406 7000
17.328374618461154 17.328374618461154 17.192485809326172 17.192485809326172 300
16.894682290063415 17.164533415707123 16.894682290063415 17.077795028686523 5800
17.419929671304306 17.512449264526367 17.419929671304306 17.512449264526367 8800
17.550037306638007 17.550037306638007 17.472936718161503 17.501850128173828 10800
17.56931162844039 17.867112928363436 17.56931162844039 17.783266067504883 4400
17.8198888492716 17.8198888492716 17.733150464448098 17.734113693237305 2600
18.031915802999688 18.080104817973407 18.031915802999688 18.065649032592773 1500
18.185152105272714 18.18611717224121 18.185152105272714 18.18611717224121 2700
18.181297435279784 18.282491600725237 18.181297435279784 18.234304428100586 116000
18.21984872080173 18.292129480043556 18.205391098375113 18.256471633911133 9600
18.311405037818503 18.311405037818503 18.243942260742188 18.243942260742188 1800
18.11479765177143 18.162986661992953 18.089740837034462 18.137928009033203 2900
18.084922820163648 18.157205423591904 18.041553625751288 18.094560623168945 6300
17.954815010236764 18.010713531672558 17.92590343980886 17.998184204101562 42300
17.964452971136712 18.078176472651574 17.92590359748611 18.060829162597656 14700
18.029989386726886 18.085887908935547 17.964453061501356 18.085887908935547 2500
18.103233337402344 18.103233337402344 18.103233337402344 18.103233337402344 100
18.084922621716558 18.084922621716558 17.98372844860578 18.007822036743164 1000
18.060829053334235 18.118654032571794 18.00300407409668 18.00300407409668 21000
18.060827491771324 18.157203674316406 18.060827491771324 18.157203674316406 22500
18.369496290957983 18.476125350877297 18.369496290957983 18.45673942565918 6500
18.226030117255668 18.378220267907164 18.226030117255668 18.335569381713867 1300
18.24832423228627 18.24832423228627 18.06899010711168 18.111642837524414 15700
18.127153950597783 18.181438236920947 18.07965335114518 18.131999969482422 18800
18.17562401960258 18.267713182357333 18.17562401960258 18.248327255249023 1000
18.311334019247777 18.311334019247777 18.274497985839844 18.274497985839844 59800
18.31133312718327 18.398576262640294 18.31133312718327 18.330720901489258 11700
18.272558793023418 18.291946566656215 18.16592788696289 18.16592788696289 6700
18.534288564439283 18.534288564439283 18.350108409049568 18.40826988220215 5500
18.49551308581554 18.49551308581554 18.42474937438965 18.42474937438965 2900
18.262865491127116 18.28225326538086 18.156234581651432 18.28225326538086 3800
18.321025347860388 18.364646911621094 18.258016011557203 18.364646911621094 4900
18.36658814829292 18.427657973492543 18.348169207976884 18.379188537597656 23700
18.490669029833622 18.525565547777006 18.437353569866715 18.520719528198242 5700
18.512961105824154 18.54398043463001 18.408269715529453 18.486787796020508 3300
18.41796465188545 18.437352426838753 18.24347837514565 18.335569381713867 6400
18.350108527146176 18.4567394360454 18.33072075299724 18.37725067138672 8000
18.514901454554096 18.645766160531505 18.408270542516217 18.461585998535156 88600
18.534287766113167 18.534287766113167 18.315209257132345 18.369495391845703 22600
18.524596002573688 18.524596002573688 18.514902114868164 18.514902114868164 500
18.48581923794631 18.50520701208433 18.379188329107087 18.45673942565918 57300
18.754034693587336 18.851509259375558 18.64681248530302 18.807645797729492 24500
18.890496536256762 18.890496536256762 18.734537986503113 18.84078598022461 17300
18.68580355095779 18.734539905558357 18.637067196357222 18.676055908203125 2600
18.90999098411139 19.007465538193028 18.86125463665681 18.93143653869629 5800
18.99284728496973 18.99284728496973 18.94410907249399 18.968477249145508 2300
18.96847860447955 19.046459750012637 18.939237534077478 19.007469177246094 19600
18.900245510849672 19.036710645887 18.900245510849672 19.008441925048828 79000
19.11468994473464 19.163426297826906 19.069850417616333 19.137107849121094 4000
19.24627852134454 19.368121251803572 19.24627852134454 19.32620620727539 7600
19.387614482974776 19.387614482974776 19.22873145992198 19.241403579711914 1700
19.251152964007012 19.35837517038737 19.12443733215332 19.12443733215332 8700
19.32328401106858 19.399314880371094 19.32328401106858 19.399314880371094 800
19.299889911893633 19.41685976420577 19.299889911893633 19.40711212158203 6100
19.338879123257502 19.43635368347168 19.27649458668449 19.43635368347168 23000
19.41686075317107 19.45584946647912 19.344730425088837 19.43733024597168 7800
19.416856847492355 19.49483611759584 19.368120500867345 19.477291107177734 10600
19.416858947146846 19.45097476530798 19.3681225952517 19.397363662719727 10600
19.368123410259805 19.441227941178752 19.340828895409697 19.40711212158203 29200
19.407111019314037 19.407111019314037 19.30963645778565 19.35252571105957 5600
19.387614514736867 19.407109797649852 19.32913052517041 19.37006950378418 4000
19.356340461259794 19.586830188272685 19.32789567890789 19.537790298461914 5800
19.518173209406918 19.518173209406918 19.225890682772683 19.287683486938477 24000
18.92380273201997 19.01795954834986 18.76294799646316 18.836509704589844 22200
18.910070145484344 18.910070145484344 18.851220034625975 18.891433715820312 3200
18.910070808413863 18.91987916056744 18.83160586193712 18.880645751953125 1100
18.929685732450892 18.98853584565366 18.870837490000017 18.930667877197266 8800
18.724694741697444 18.78648567199707 18.724694741697444 18.78648567199707 1700
18.80218086757996 18.890454166501847 18.782564163208008 18.782564163208008 13300
18.704099590825564 18.802181243896484 18.684482886060994 18.802181243896484 9300
18.81983536670177 18.941456690285243 18.556977885692266 18.767852783203125 19800
18.596209581064173 18.625634638204215 18.547169689916043 18.588363647460938 13700
18.50793828340909 18.664868181106883 18.50793828340909 18.60601806640625 3400
18.54913068504931 18.66486661519804 18.54913068504931 18.608959197998047 2500
18.684481868267852 18.684481868267852 18.507937147259373 18.596208572387695 3500
18.468703670827605 18.586402021811775 18.46380043029785 18.46380043029785 5500
18.439278450576346 18.46870350574733 18.390238562709843 18.429471969604492 4300
18.301966089861175 18.321582794189453 18.272541033368757 18.321582794189453 4900
18.331389193813084 18.42947083425557 18.331389193813084 18.370620727539062 2900
18.44908713149782 18.50303213156463 18.43045257241662 18.49812889099121 1800
18.476413701447164 18.565242767333984 18.476413701447164 18.565242767333984 3600
18.543529889001743 18.723160914502994 18.543529889001743 18.570178985595703 68700
18.649137671330802 18.742900848388672 18.58498292780168 18.742900848388672 10300
18.723161937007113 18.723161937007113 18.630385199287115 18.683683395385742 1700
18.417196497696203 18.42706660390439 18.367847849185537 18.42213249206543 3900
18.436936409372954 18.466544844984277 18.377717655620067 18.406339645385742 4900
18.491220459980077 18.535634994506836 18.491220459980077 18.535634994506836 9800
18.74290045730211 18.772510772743118 18.675786377844588 18.760665893554688 6200
19.108086298059757 19.108086298059757 18.8958837494943 18.945232391357422 5500
19.09821753825139 19.09821753825139 18.999518365043834 19.030115127563477 7100
19.147566261067272 19.15743636668098 18.96990812508084 19.040971755981445 8900
19.117957708835597 19.23639521040925 19.10808760328277 19.163358688354492 7100
19.216656090340184 19.463403095579668 19.216656090340184 19.404184341430664 4200
19.508804894343548 19.562101205406737 19.418001052581236 19.42392349243164 19100
19.25613470141694 19.443662934847634 19.254159927368164 19.254159927368164 23400
19.285745543863058 19.483142005340362 19.256135227502906 19.463401794433594 29900
19.512753018520936 19.670670946354242 19.512753018520936 19.57789421081543 22200
19.650930245742117 19.650930245742117 19.42392346544693 19.512752532958984 18400
19.41405258385359 19.443662899350716 19.24626456109667 19.38740348815918 195000
19.532492532607282 19.532492532607282 19.399248932781784 19.463401794433594 12400
19.493011286081565 19.493011286081565 19.371612570948326 19.443662643432617 19900
19.56210137808185 19.56210137808185 19.374573135581652 19.51768684387207 163400
19.502882203238926 20.884664962778928 19.451558784433637 19.507816314697266 88400
19.47306269864527 19.660732516261923 19.46214038722943 19.65080451965332 40200
19.64087539762095 19.928834658861888 19.54157838225292 19.85932731628418 40000
19.968553987465473 20.00827165678521 19.729247974913562 19.8692569732666 84900
19.809678784495464 20.62391086152014 19.611084763494492 19.81960678100586 458700
19.700452547200424 19.700452547200424 19.571365861021366 19.630945205688477 31900
19.66271917379946 19.809678901724485 19.660732438125855 19.774925231933594 36600
19.750099713048577 19.908974174457878 19.750099713048577 19.889116287231445 58900
19.899046691979756 20.02813148498535 19.889116801143476 20.02813148498535 32900
19.908973770395114 19.908973770395114 19.670662083117822 19.784852981567383 34100
19.611084982793066 19.730241775512695 19.597183514803525 19.730241775512695 13000
19.60115558004468 19.82953738668023 19.60115558004468 19.789819717407227 12800
19.730242243127304 19.740170239984014 19.611085447583612 19.71038246154785 8900
19.839467043193615 19.839467043193615 19.71038225216448 19.79974937438965 38400
19.690521940537607 19.70045183095444 19.521717591317348 19.66073226928711 19000
19.563422729366135 19.76995991235319 19.563422729366135 19.71038246154785 20600
19.79975007655154 19.79975007655154 19.57136637058079 19.769960403442383 28100
19.80868516068001 19.809679475512095 19.63094522916306 19.71038246154785 44800
19.690522213295164 19.74016977213411 19.5912252016843 19.730241775512695 404600
19.710383418323687 19.779890763292755 19.60612240087008 19.75010108947754 42100
19.665699559260336 19.665699559260336 19.510796666826867 19.521718978881836 5900
19.472071478726193 19.829538090604903 19.472071478726193 19.76003074645996 16500
19.79478282264726 19.99834084006047 19.79478282264726 19.98841094970703 46500
19.81960792340508 20.117498972076934 19.81960792340508 20.052955627441406 21500
19.734213867286666 19.87918686407979 19.69052272649524 19.8692569732666 17500
19.918903831207185 19.958623393059725 19.83946660143506 19.899045944213867 27500
19.938763767424657 20.01323699951172 19.86925642757431 20.01323699951172 5500
20.038060883303327 20.05295477222516 19.816629815502633 19.96855354309082 38200
19.923871130249292 19.923871130249292 19.750100875773775 19.839468002319336 19000
19.91890500269869 19.91890500269869 19.752087378546054 19.849397659301758 21000
19.839467067463474 19.899046411641798 19.839467067463474 19.879186630249023 29700
19.819607943048943 19.829537834074486 19.62101580433727 19.690523147583008 18600
19.82953806988887 19.82953806988887 19.501859237881416 19.680593490600586 25200
19.36284328618133 19.412490844726562 19.273476165653552 19.412490844726562 61100
19.432350677005402 19.611084918532693 19.365822493835296 19.571365356445312 13000
19.512780190921255 19.56143722231607 19.47207010218078 19.504837036132812 22100
19.4919288384233 19.551508183731354 19.442281277932953 19.54157829284668 16600
19.5316477414627 19.541577632011577 19.362843389997707 19.367807388305664 16700
19.247659783914877 19.293335764617506 19.205953486653502 19.218862533569336 10800
19.14439229160241 19.293336868286133 19.14439229160241 19.293336868286133 17600
19.2039693018851 19.42738710873961 19.2039693018851 19.39263343811035 35700
19.313195998028892 19.490935926770256 19.313195998028892 19.48200035095215 11200
19.420000076293945 19.520000457763672 19.420000076293945 19.520000457763672 15000
19.400999069213867 19.440000534057617 19.270000457763672 19.270999908447266 15700
19.2450008392334 19.43000030517578 19.209999084472656 19.420000076293945 13300
19.3799991607666 19.440000534057617 19.299999237060547 19.43000030517578 14100
19.440000534057617 19.459999084472656 19.170000076293945 19.209999084472656 10000
19.450000762939453 19.479000091552734 19.34000015258789 19.450000762939453 25900
19.40999984741211 19.450000762939453 19.31999969482422 19.42799949645996 13000
19.31999969482422 19.40999984741211 19.309999465942383 19.356000900268555 6800
19.520000457763672 19.520000457763672 19.211999893188477 19.280000686645508 21000
19.489999771118164 19.489999771118164 19.280000686645508 19.329999923706055 9500
19.3700008392334 19.450000762939453 19.339000701904297 19.43000030517578 17400
19.364999771118164 20.690000534057617 19.350000381469727 19.44700050354004 159300
19.329999923706055 19.329999923706055 19.138999938964844 19.270000457763672 37500
19.18000030517578 19.260000228881836 19.152000427246094 19.25 3800
19.209999084472656 19.209999084472656 19.030000686645508 19.06999969482422 16700
19.200000762939453 19.260000228881836 19.024999618530273 19.1200008392334 26400
19.239999771118164 19.239999771118164 19.06999969482422 19.15999984741211 27900
19.25 19.25 19.020000457763672 19.06999969482422 12600
19.040000915527344 19.059999465942383 18.940000534057617 18.989999771118164 14800
18.886999130249023 19.849000930786133 18.885000228881836 18.90999984741211 126100
19.09000015258789 19.1299991607666 19.0 19.1299991607666 29400
18.979999542236328 19.030000686645508 18.979999542236328 19.0 5600
19.030000686645508 19.1200008392334 18.959999084472656 18.989999771118164 83200
18.8799991607666 18.989999771118164 18.829999923706055 18.889999389648438 42400
18.954999923706055 19.06999969482422 18.94499969482422 19.030000686645508 45000
19.06999969482422 19.06999969482422 18.950000762939453 18.950000762939453 11700
19.110000610351562 19.110000610351562 19.0 19.09000015258789 60700
19.1299991607666 19.260000228881836 19.1299991607666 19.25 19300
19.290000915527344 19.290000915527344 19.149999618530273 19.15999984741211 59200
19.280000686645508 19.280000686645508 19.110000610351562 19.174999237060547 5100
19.229999542236328 19.229999542236328 19.149999618530273 19.15999984741211 6700
19.32900047302246 19.3700008392334 19.260000228881836 19.3700008392334 6800
19.378999710083008 19.399999618530273 19.259000778198242 19.3799991607666 22700
19.43000030517578 19.43000030517578 19.219999313354492 19.239999771118164 16500
19.31999969482422 19.31999969482422 19.15999984741211 19.200000762939453 13800
19.170000076293945 19.299999237060547 19.170000076293945 19.21500015258789 6300
19.290000915527344 19.329999923706055 19.190000534057617 19.219999313354492 5800
19.3700008392334 19.3700008392334 19.19499969482422 19.315000534057617 17800
19.25 19.25 19.1299991607666 19.139999389648438 6700
19.190000534057617 19.309999465942383 19.139999389648438 19.200000762939453 29800
19.209999084472656 19.360000610351562 19.209999084472656 19.295000076293945 14700
19.0 19.040000915527344 18.959999084472656 19.030000686645508 13900
18.940000534057617 18.969999313354492 18.860000610351562 18.860000610351562 179300
18.989999771118164 18.989999771118164 18.8700008392334 18.8799991607666 18100
18.8799991607666 19.020000457763672 18.8799991607666 19.010000228881836 11100
18.940000534057617 18.989999771118164 18.899999618530273 18.899999618530273 16100
18.90999984741211 18.940000534057617 18.860000610351562 18.90999984741211 25400
18.889999389648438 18.90999984741211 18.75 18.829999923706055 13600
18.950000762939453 18.950000762939453 18.760000228881836 18.799999237060547 2900
18.860000610351562 18.860000610351562 18.760000228881836 18.760000228881836 2100
18.610000610351562 18.760000228881836 18.610000610351562 18.739999771118164 15700
18.68000030517578 18.729999542236328 18.649999618530273 18.709999084472656 6300
18.780000686645508 18.780000686645508 18.600000381469727 18.600000381469727 10400
18.639999389648438 18.649999618530273 18.440000534057617 18.59000015258789 5300
18.64900016784668 18.64900016784668 18.520000457763672 18.59000015258789 12100
18.540000915527344 18.639999389648438 18.540000915527344 18.540000915527344 3200
18.520000457763672 18.670000076293945 18.520000457763672 18.59000015258789 11000
18.829999923706055 18.8799991607666 18.7450008392334 18.850000381469727 7300
18.79199981689453 18.860000610351562 18.760000228881836 18.760000228881836 6000
18.68000030517578 18.829999923706055 18.68000030517578 18.829999923706055 10900
18.84000015258789 18.954999923706055 18.799999237060547 18.8700008392334 11300
19.100000381469727 19.110000610351562 18.8700008392334 19.06999969482422 25200
19.030000686645508 19.190000534057617 19.010000228881836 19.020000457763672 18100
19.059999465942383 19.059999465942383 18.996000289916992 19.03499984741211 7000
19.059999465942383 19.059999465942383 18.84000015258789 18.850000381469727 20300
18.989999771118164 18.989999771118164 18.760000228881836 18.850000381469727 8200
18.860000610351562 18.899999618530273 18.729999542236328 18.780000686645508 14600
18.860000610351562 18.860000610351562 18.74799919128418 18.760000228881836 6300
18.790000915527344 18.84000015258789 18.760000228881836 18.81999969482422 20300
18.940000534057617 18.940000534057617 18.81999969482422 18.860000610351562 6900
18.81999969482422 18.81999969482422 18.709999084472656 18.75 16800
18.7189998626709 18.790000915527344 18.690000534057617 18.75 16500
18.709999084472656 18.770000457763672 18.649999618530273 18.670000076293945 22500
18.75 18.90999984741211 18.75 18.860000610351562 19700
18.790000915527344 18.950000762939453 18.790000915527344 18.8700008392334 7500
18.899999618530273 18.93000030517578 18.8439998626709 18.920000076293945 6300
18.8799991607666 19.020000457763672 18.8799991607666 18.889999389648438 10900
18.899999618530273 18.899999618530273 18.760000228881836 18.760000228881836 9100
18.89900016784668 18.90999984741211 18.809999465942383 18.90999984741211 1600
18.90999984741211 18.90999984741211 18.746000289916992 18.81999969482422 16900
18.600000381469727 18.670000076293945 18.579999923706055 18.65999984741211 18800
18.479999542236328 18.479999542236328 18.34000015258789 18.391000747680664 8900
18.360000610351562 18.374000549316406 18.20800018310547 18.239999771118164 30400
18.329999923706055 18.329999923706055 18.059999465942383 18.108999252319336 7700
17.82900047302246 17.950000762939453 17.780000686645508 17.950000762939453 34400
17.86400032043457 17.969999313354492 17.780000686645508 17.860000610351562 40600
17.829999923706055 17.8700008392334 17.709999084472656 17.815000534057617 30600
17.774999618530273 17.809999465942383 17.690000534057617 17.790000915527344 43000
17.84000015258789 17.940000534057617 17.764999389648438 17.920000076293945 15500
18.0 18.139999389648438 18.0 18.10300064086914 2800
18.065000534057617 18.1200008392334 18.049999237060547 18.075000762939453 7900
18.155000686645508 18.215999603271484 18.06999969482422 18.176000595092773 24300
18.21500015258789 18.219999313354492 18.125 18.139999389648438 14700
18.450000762939453 18.469999313354492 18.31999969482422 18.434999465942383 7600
18.329999923706055 18.469999313354492 18.31999969482422 18.43000030517578 6900
18.454999923706055 18.5 18.399999618530273 18.440000534057617 19200
18.584999084472656 18.639999389648438 18.53499984741211 18.6200008392334 16200
18.65999984741211 18.729999542236328 18.559999465942383 18.667999267578125 14900
18.739999771118164 18.799999237060547 18.690000534057617 18.700000762939453 16900
18.75 18.75 18.65999984741211 18.740400314331055 6372
