8.4399995803833 9.0 7.699999809265137 7.989999771118164 91300
8.25 8.25 7.019999980926514 7.781000137329102 21400
7.550000190734863 7.900000095367432 7.550000190734863 7.750999927520752 4100
7.800000190734863 8.0 7.563000202178955 7.563000202178955 27800
7.949999809265137 7.949999809265137 7.650000095367432 7.918000221252441 5400
8.25 8.25 7.5 7.690000057220459 14300
7.571000099182129 7.952000141143799 7.300000190734863 7.699999809265137 20700
7.440000057220459 7.710000038146973 7.150000095367432 7.380000114440918 36100
7.150000095367432 7.448999881744385 7.0 7.353000164031982 14400
7.400000095367432 7.400000095367432 7.248000144958496 7.248000144958496 1400
7.449999809265137 7.449999809265137 7.300000190734863 7.429999828338623 4800
7.380000114440918 7.880000114440918 7.329999923706055 7.880000114440918 18500
7.889999866485596 7.900000095367432 7.800000190734863 7.900000095367432 4800
7.860000133514404 8.199999809265137 7.860000133514404 8.199999809265137 38900
8.0 8.151000022888184 7.869999885559082 8.140000343322754 1900
8.0 8.0 7.599999904632568 7.960000038146973 16600
7.980000019073486 7.980000019073486 7.699999809265137 7.800000190734863 9000
7.559999942779541 7.980000019073486 7.5 7.980000019073486 2400
7.800000190734863 7.800000190734863 7.800000190734863 7.800000190734863 200
7.679999828338623 7.941999912261963 7.550000190734863 7.550000190734863 1400
7.579999923706055 7.769999980926514 7.579999923706055 7.579999923706055 900
7.566999912261963 7.566999912261963 7.5 7.5 4000
7.519999980926514 7.550000190734863 7.519999980926514 7.550000190734863 400
7.519999980926514 7.550000190734863 7.5 7.550000190734863 2100
7.670000076293945 7.739999771118164 7.5 7.5 4400
7.744999885559082 7.744999885559082 7.5 7.510000228881836 2400
7.550000190734863 7.599999904632568 7.5 7.5 3500
7.559000015258789 7.800000190734863 7.520999908447266 7.800000190734863 7200
7.800000190734863 7.800000190734863 7.079999923706055 7.079999923706055 11700
7.25 7.730000019073486 7.25 7.730000019073486 6700
7.659999847412109 8.0 7.659999847412109 7.949999809265137 3800
7.9120001792907715 7.929999828338623 7.800000190734863 7.909999847412109 1900
7.71999979019165 7.945000171661377 7.71999979019165 7.926000118255615 13400
8.0 8.0 7.951000213623047 7.994999885559082 2200
8.0 8.119000434875488 7.989999771118164 8.119000434875488 7700
8.149999618530273 8.149999618530273 7.889999866485596 8.0 6600
8.0 8.0 8.0 8.0 100
7.53000020980835 7.949999809265137 7.53000020980835 7.949999809265137 600
7.789000034332275 7.849999904632568 7.789000034332275 7.849999904632568 1700
7.579999923706055 7.5960001945495605 7.440000057220459 7.449999809265137 20000
7.449999809265137 7.718999862670898 7.427999973297119 7.5289998054504395 8000
8.270000457763672 8.270000457763672 7.5 7.796999931335449 11200
8.256999969482422 8.256999969482422 7.340000152587891 7.650000095367432 17800
7.809999942779541 7.860000133514404 7.697999954223633 7.809999942779541 17600
8.760000228881836 8.789999961853027 8.100000381469727 8.600000381469727 53000
8.800000190734863 10.680000305175781 8.649999618530273 10.4399995803833 157300
10.619999885559082 10.946999549865723 9.489999771118164 10.49899959564209 105100
10.600000381469727 10.600000381469727 10.0 10.199000358581543 28500
10.239999771118164 10.239999771118164 9.303999900817871 9.595999717712402 38800
10.050000190734863 10.890000343322754 9.449999809265137 10.362000465393066 27200
11.0 11.0 10.039999961853027 10.449999809265137 19300
10.5 10.5 10.0 10.130000114440918 9500
10.109999656677246 10.175000190734863 9.850000381469727 10.057999610900879 9200
10.489999771118164 11.0 10.0 10.748000144958496 27500
11.0 11.0 10.199999809265137 10.696999549865723 12900
10.75 10.75 10.031999588012695 10.348999977111816 20500
10.84000015258789 10.84000015258789 10.300000190734863 10.600000381469727 18000
10.800000190734863 10.800000190734863 10.029000282287598 10.399999618530273 34400
10.800000190734863 10.800000190734863 10.130999565124512 10.303000450134277 10400
10.449999809265137 10.649999618530273 10.34000015258789 10.614999771118164 11000
10.800000190734863 11.0 10.635000228881836 10.779999732971191 16900
10.949999809265137 11.100000381469727 10.72599983215332 10.949999809265137 26900
11.149999618530273 11.25 10.555000305175781 10.710000038146973 14200
10.699999809265137 10.920000076293945 10.366000175476074 10.5 8200
10.369999885559082 10.75 10.369999885559082 10.75 14800
10.84000015258789 10.850000381469727 10.359999656677246 10.652999877929688 17800
10.789999961853027 11.0 10.529000282287598 11.0 13800
11.0 11.0 10.732000350952148 10.930000305175781 6100
10.760000228881836 11.0 10.5 10.920000076293945 15500
10.892999649047852 10.989999771118164 10.795000076293945 10.989999771118164 10400
10.928999900817871 11.0 10.831999778747559 10.859999656677246 14600
10.800000190734863 11.5 10.75 10.75 33200
10.954999923706055 10.954999923706055 10.62399959564209 10.819999694824219 5700
10.71500015258789 10.989999771118164 8.920000076293945 9.489999771118164 46700
9.15999984741211 9.755000114440918 8.600000381469727 9.644000053405762 28200
9.642999649047852 11.22599983215332 9.461000442504883 10.699999809265137 41600
10.649999618530273 11.0 9.506999969482422 10.541000366210938 20300
10.949999809265137 10.949999809265137 9.569999694824219 10.800999641418457 27100
11.029999732971191 11.5 10.375 10.59000015258789 9000
10.420000076293945 10.520000457763672 10.109999656677246 10.479999542236328 5700
10.267000198364258 10.5 10.25 10.399999618530273 4300
10.220000267028809 10.5 10.199999809265137 10.25 7700
10.449999809265137 10.470000267028809 10.149999618530273 10.350000381469727 4900
10.399999618530273 10.430000305175781 10.199999809265137 10.270999908447266 8400
10.430000305175781 10.460000038146973 10.270000457763672 10.460000038146973 10400
10.369999885559082 10.5 10.125 10.300000190734863 12900
10.220000267028809 10.42300033569336 10.149999618530273 10.270000457763672 9700
10.199999809265137 10.430000305175781 10.151000022888184 10.210000038146973 9800
10.286999702453613 10.729999542236328 10.199999809265137 10.729999542236328 12000
10.362000465393066 10.678000450134277 10.300000190734863 10.369999885559082 9500
10.479999542236328 10.489999771118164 10.350000381469727 10.479999542236328 12000
10.689000129699707 10.713000297546387 10.343000411987305 10.420000076293945 6200
10.489999771118164 10.489999771118164 10.180000305175781 10.350000381469727 11600
10.340999603271484 10.579999923706055 10.340999603271484 10.418999671936035 7000
10.430000305175781 10.529999732971191 10.369999885559082 10.369999885559082 9100
10.399999618530273 10.470000267028809 10.0 10.0 9800
10.239999771118164 10.239999771118164 9.850000381469727 9.850000381469727 9300
9.770000457763672 9.890000343322754 9.074000358581543 9.204999923706055 12100
9.100000381469727 9.100000381469727 8.899999618530273 8.899999618530273 18000
8.944999694824219 9.524999618530273 8.880000114440918 9.229999542236328 6200
9.350000381469727 10.34000015258789 9.350000381469727 9.720000267028809 16900
9.510000228881836 9.75 9.510000228881836 9.75 7900
9.75 9.850000381469727 9.510000228881836 9.699999809265137 5300
9.699999809265137 9.75 9.520000457763672 9.75 3300
9.75 9.9399995803833 9.583999633789062 9.890000343322754 5600
9.850000381469727 9.850000381469727 9.5600004196167 9.5600004196167 1900
9.739999771118164 10.166000366210938 9.5 9.949999809265137 12900
10.0 10.0 9.529999732971191 9.529999732971191 8300
9.553000450134277 10.0 9.553000450134277 10.0 5500
10.0 10.260000228881836 9.614999771118164 9.800000190734863 19800
9.9399995803833 10.348999977111816 9.619999885559082 9.630000114440918 11200
9.59000015258789 9.640000343322754 9.520000457763672 9.520000457763672 2700
9.619999885559082 9.729999542236328 9.25 9.5 6600
9.40999984741211 9.694999694824219 9.0649995803833 9.09000015258789 7400
8.979999542236328 9.454999923706055 8.680000305175781 9.210000038146973 14300
9.420000076293945 9.604000091552734 8.734999656677246 9.350000381469727 8100
9.529999732971191 9.619999885559082 9.23900032043457 9.449999809265137 8500
9.5 9.53499984741211 9.199999809265137 9.461000442504883 16100
9.399999618530273 9.48799991607666 9.149999618530273 9.350000381469727 15200
9.300000190734863 9.428000450134277 9.149999618530273 9.269000053405762 11300
9.199999809265137 9.449999809265137 9.15999984741211 9.220000267028809 10900
9.229999542236328 9.399999618530273 8.899999618530273 9.0 11900
9.149999618530273 9.348999977111816 9.0 9.104999542236328 19900
9.300000190734863 9.300000190734863 8.90999984741211 9.050000190734863 24400
9.253999710083008 9.305000305175781 8.788000106811523 8.819999694824219 22400
9.020000457763672 9.057999610900879 8.552000045776367 8.819999694824219 12300
9.1899995803833 9.649999618530273 8.649999618530273 8.899999618530273 151300
9.140000343322754 9.140000343322754 8.550000190734863 8.550000190734863 32900
8.770000457763672 8.770000457763672 7.599999904632568 7.730000019073486 84000
7.809999942779541 7.949999809265137 7.03000020980835 7.119999885559082 66600
7.190000057220459 7.238999843597412 6.5 6.630000114440918 82400
6.800000190734863 6.896999835968018 5.659999847412109 6.110000133514404 41300
6.059999942779541 6.394999980926514 5.78000020980835 6.099999904632568 43700
6.0 6.165999889373779 5.78000020980835 5.800000190734863 25100
5.849999904632568 5.940000057220459 5.25 5.889999866485596 45200
5.449999809265137 5.71999979019165 5.059999942779541 5.322999954223633 23300
5.369999885559082 5.75 5.090000152587891 5.71999979019165 19400
6.090000152587891 6.323999881744385 5.5 5.940000057220459 73400
6.369999885559082 6.659999847412109 5.510000228881836 5.510000228881836 90900
6.03000020980835 6.11899995803833 5.730000019073486 6.010000228881836 71400
6.110000133514404 6.110000133514404 5.880000114440918 6.03000020980835 14100
6.050000190734863 6.130000114440918 5.96999979019165 6.047999858856201 9100
6.039999961853027 6.059000015258789 5.949999809265137 6.001999855041504 11300
6.340000152587891 6.699999809265137 6.099999904632568 6.380000114440918 169300
6.429999828338623 6.429999828338623 6.110000133514404 6.230000019073486 31500
6.349999904632568 6.349999904632568 5.849999904632568 6.0 34700
5.949999809265137 6.090000152587891 5.835999965667725 5.980000019073486 15800
6.119999885559082 6.440000057220459 5.75 6.429999828338623 62600
6.440000057220459 6.440000057220459 5.980000019073486 6.289999961853027 29400
6.309999942779541 6.335000038146973 6.053999900817871 6.309999942779541 15300
6.409999847412109 6.449999809265137 6.159999847412109 6.340000152587891 22400
6.289999961853027 6.300000190734863 6.010000228881836 6.150000095367432 15800
6.130000114440918 6.449999809265137 6.0 6.139999866485596 26600
6.369999885559082 6.369999885559082 5.989999771118164 6.190000057220459 17300
6.320000171661377 6.324999809265137 6.0 6.019999980926514 12100
6.150000095367432 6.170000076293945 5.800000190734863 6.0 24800
6.050000190734863 6.199999809265137 5.951000213623047 6.099999904632568 10200
6.065999984741211 6.150000095367432 5.869999885559082 5.909999847412109 6900
6.0 6.090000152587891 5.860000133514404 5.869999885559082 10800
5.920000076293945 6.059999942779541 5.739999771118164 5.739999771118164 23500
5.699999809265137 5.75 5.550000190734863 5.550000190734863 18400
5.679999828338623 5.739999771118164 5.550000190734863 5.639999866485596 22500
5.699999809265137 5.958000183105469 5.599999904632568 5.599999904632568 15100
5.690000057220459 5.96999979019165 5.690000057220459 5.769999980926514 16100
5.769999980926514 5.840000152587891 5.690000057220459 5.75 9700
5.889999866485596 5.900000095367432 5.75 5.900000095367432 13600
5.860000133514404 5.860000133514404 5.550000190734863 5.570000171661377 19500
5.559999942779541 5.61299991607666 5.5 5.5 23700
5.510000228881836 5.585000038146973 5.179999828338623 5.179999828338623 24800
5.179999828338623 5.230000019073486 5.099999904632568 5.099999904632568 6500
5.019999980926514 5.168000221252441 5.0 5.03000020980835 9500
5.010000228881836 5.025000095367432 4.400000095367432 4.699999809265137 24300
4.659999847412109 4.711999893188477 4.019999980926514 4.079999923706055 41400
4.150000095367432 4.485000133514404 4.099999904632568 4.139999866485596 10900
4.130000114440918 4.172999858856201 4.072999954223633 4.072999954223633 11900
4.039999961853027 4.099999904632568 3.630000114440918 3.9000000953674316 35500
3.809000015258789 3.861999988555908 3.505000114440918 3.559999942779541 37700
3.5199999809265137 3.9000000953674316 3.5199999809265137 3.759999990463257 15300
3.809999942779541 4.329999923706055 3.743000030517578 4.21999979019165 41000
4.130000114440918 4.395999908447266 4.031000137329102 4.349999904632568 9900
4.389999866485596 5.2230000495910645 4.321000099182129 4.949999809265137 23400
4.949999809265137 5.210000038146973 4.849999904632568 5.099999904632568 19700
5.099999904632568 5.099999904632568 4.849999904632568 4.929999828338623 5500
4.96999979019165 5.130000114440918 4.599999904632568 4.889999866485596 37900
4.980000019073486 5.039999961853027 4.672999858856201 4.900000095367432 7300
4.909999847412109 4.940000057220459 4.684999942779541 4.940000057220459 8900
4.4710001945495605 5.0 4.4710001945495605 4.789999961853027 7600
4.829999923706055 5.349999904632568 4.626999855041504 5.340000152587891 8900
5.163000106811523 5.349999904632568 4.75 4.9079999923706055 11800
5.059999942779541 5.090000152587891 4.8470001220703125 5.03000020980835 22400
5.03000020980835 5.090000152587891 4.754000186920166 4.883999824523926 10700
4.849999904632568 4.869999885559082 4.630000114440918 4.860000133514404 7300
4.820000171661377 5.0 4.517000198364258 4.670000076293945 11800
4.670000076293945 4.920000076293945 4.599999904632568 4.679999828338623 20200
4.8379998207092285 4.8379998207092285 4.519999980926514 4.519999980926514 8300
4.789999961853027 4.789999961853027 4.559999942779541 4.579999923706055 4800
4.730000019073486 4.730000019073486 4.400000095367432 4.449999809265137 12100
4.449999809265137 4.5 4.300000190734863 4.5 4500
4.380000114440918 4.408999919891357 4.309999942779541 4.309999942779541 5100
4.46999979019165 4.5 4.309999942779541 4.40500020980835 12900
4.426000118255615 4.5 4.269999980926514 4.307000160217285 7100
4.300000190734863 4.489999771118164 4.269999980926514 4.46999979019165 6000
4.480000019073486 4.5 4.260000228881836 4.260000228881836 7300
4.4720001220703125 4.4720001220703125 4.0 4.0 11700
4.159999847412109 4.159999847412109 3.8499999046325684 3.9059998989105225 15800
3.809999942779541 4.085000038146973 3.759999990463257 4.03000020980835 9400
4.110000133514404 4.489999771118164 3.9800000190734863 4.309999942779541 32100
4.340000152587891 4.798999786376953 4.340000152587891 4.783999919891357 28700
4.599999904632568 4.869999885559082 4.599999904632568 4.869999885559082 19500
4.900000095367432 5.043000221252441 4.75 4.849999904632568 49500
4.829999923706055 5.050000190734863 4.750999927520752 4.929999828338623 16700
5.050000190734863 5.119999885559082 4.96999979019165 5.050000190734863 12200
5.230000019073486 5.25 4.920000076293945 5.209000110626221 9100
5.21999979019165 5.21999979019165 5.059000015258789 5.199999809265137 7000
5.199999809265137 5.199999809265137 4.909999847412109 4.909999847412109 6000
4.900000095367432 5.179999828338623 4.77400016784668 4.77400016784668 5500
4.900000095367432 4.900000095367432 4.699999809265137 4.699999809265137 3300
4.840000152587891 4.840000152587891 4.519999980926514 4.699999809265137 7300
4.929999828338623 4.929999828338623 4.73799991607666 4.929999828338623 4800
4.834000110626221 5.489999771118164 4.834000110626221 5.118000030517578 52100
5.449999809265137 5.770999908447266 5.300000190734863 5.71999979019165 49100
5.760000228881836 5.88700008392334 5.679999828338623 5.71999979019165 31700
5.900000095367432 6.150000095367432 5.625999927520752 5.900000095367432 66700
6.119999885559082 6.119999885559082 5.860000133514404 6.099999904632568 23900
6.099999904632568 6.099999904632568 5.75 5.760000228881836 31100
5.75 5.75 5.269999980926514 5.510000228881836 33600
5.449999809265137 5.795000076293945 5.289999961853027 5.389999866485596 15600
5.400000095367432 5.706999778747559 5.289999961853027 5.349999904632568 17200
5.28000020980835 5.400000095367432 5.099999904632568 5.317999839782715 42100
5.300000190734863 6.0 5.300000190734863 5.800000190734863 24700
6.0 6.400000095367432 5.949999809265137 6.1529998779296875 113300
6.239999771118164 6.239999771118164 5.625 5.699999809265137 19400
5.639999866485596 6.0 5.389999866485596 5.999000072479248 62100
5.989999771118164 5.989999771118164 5.769999980926514 5.877999782562256 6500
5.659999847412109 5.889999866485596 5.380000114440918 5.671000003814697 23500
5.499000072479248 5.853000164031982 5.499000072479248 5.736000061035156 11700
5.75 5.793000221252441 5.584000110626221 5.775000095367432 5800
5.558000087738037 5.820000171661377 5.460999965667725 5.705999851226807 8200
5.71999979019165 5.775000095367432 5.506999969482422 5.671999931335449 6100
5.659999847412109 5.701000213623047 5.53000020980835 5.550000190734863 7100
5.610000133514404 5.8379998207092285 5.570000171661377 5.679999828338623 13400
5.679999828338623 5.7129998207092285 5.650000095367432 5.659999847412109 10100
5.579999923706055 5.622000217437744 5.519999980926514 5.599999904632568 12000
5.677999973297119 5.677999973297119 5.25 5.25 20300
5.289999961853027 5.320000171661377 4.75 4.949999809265137 34100
5.239999771118164 5.239999771118164 4.980000019073486 4.994999885559082 19600
5.03000020980835 5.053999900817871 4.699999809265137 4.820000171661377 6100
4.979000091552734 5.135000228881836 4.921999931335449 5.135000228881836 4500
5.275000095367432 5.275000095367432 4.920000076293945 4.920000076293945 8900
4.800000190734863 4.800000190734863 4.769999980926514 4.78000020980835 5500
4.861000061035156 5.0 4.849999904632568 4.929999828338623 4300
4.940000057220459 4.953000068664551 4.75 4.75 12000
4.843999862670898 4.9120001792907715 4.699999809265137 4.781000137329102 15700
4.900000095367432 5.103000164031982 4.900000095367432 4.900000095367432 7700
5.389999866485596 5.400000095367432 4.900000095367432 5.0269999504089355 17500
5.050000190734863 5.090000152587891 4.875999927520752 4.985000133514404 17300
4.960000038146973 5.25 4.849999904632568 5.074999809265137 35300
5.150000095367432 5.199999809265137 4.889999866485596 4.889999866485596 13000
5.0 5.300000190734863 4.800000190734863 5.050000190734863 22000
4.929999828338623 5.192999839782715 4.929999828338623 5.170000076293945 11300
5.105000019073486 5.199999809265137 4.980000019073486 5.090000152587891 11700
5.230000019073486 5.300000190734863 5.0 5.110000133514404 24700
5.150000095367432 5.150000095367432 5.0 5.077000141143799 4800
5.179999828338623 5.289999961853027 4.920000076293945 5.289999961853027 26000
5.260000228881836 5.260000228881836 4.960000038146973 5.215000152587891 8300
4.960000038146973 5.090000152587891 4.75 5.0 8900
5.0 5.170000076293945 4.5 4.769999980926514 21200
4.650000095367432 5.139999866485596 4.539999961853027 4.650000095367432 31700
4.5 4.900000095367432 4.25 4.590000152587891 12300
4.480000019073486 4.539999961853027 4.110000133514404 4.460000038146973 16200
4.400000095367432 4.888000011444092 4.019999980926514 4.050000190734863 24700
4.070000171661377 4.164999961853027 3.9760000705718994 3.990000009536743 8500
3.9609999656677246 4.170000076293945 3.9100000858306885 4.0 11700
3.950000047683716 4.172999858856201 3.950000047683716 4.099999904632568 10900
4.099999904632568 4.104000091552734 3.9100000858306885 3.9200000762939453 9300
3.9800000190734863 4.0 3.75 3.75 22600
3.7699999809265137 3.930999994277954 3.25600004196167 3.799999952316284 23600
3.621000051498413 6.449999809265137 3.5 4.800000190734863 726000
4.010000228881836 4.190000057220459 3.0999999046325684 3.369999885559082 148600
3.2899999618530273 3.4600000381469727 3.049999952316284 3.0999999046325684 64000
3.049999952316284 3.049999952316284 2.200000047683716 2.740000009536743 70700
2.640000104904175 3.059999942779541 2.5 2.880000114440918 15800
2.75 2.8499999046325684 2.200000047683716 2.2100000381469727 29800
2.3299999237060547 2.549999952316284 2.25 2.4700000286102295 19400
2.6700000762939453 2.871000051498413 2.559999942779541 2.7899999618530273 11800
2.8499999046325684 2.8499999046325684 2.2200000286102295 2.4100000858306885 11300
2.4619998931884766 2.799999952316284 2.2149999141693115 2.5199999809265137 12000
2.4100000858306885 2.6510000228881836 2.4100000858306885 2.6500000953674316 13100
2.390000104904175 2.990000009536743 2.390000104904175 2.7200000286102295 37200
2.9000000953674316 3.309999942779541 2.509999990463257 2.9000000953674316 21700
2.9000000953674316 3.3399999141693115 2.9000000953674316 3.0399999618530273 16200
3.0999999046325684 3.3299999237060547 3.0999999046325684 3.3299999237060547 7900
3.1059999465942383 3.299999952316284 3.0869998931884766 3.2149999141693115 10300
3.2070000171661377 3.4649999141693115 3.2070000171661377 3.2699999809265137 13200
3.190000057220459 3.4100000858306885 3.0999999046325684 3.0999999046325684 900
3.200000047683716 3.440000057220459 3.200000047683716 3.2799999713897705 7600
3.4100000858306885 3.490000009536743 3.299999952316284 3.299999952316284 11200
3.4649999141693115 3.4649999141693115 3.309999942779541 3.3570001125335693 5500
3.490000009536743 3.7899999618530273 3.4690001010894775 3.5999999046325684 12900
3.700000047683716 3.759999990463257 3.3299999237060547 3.569999933242798 7300
3.6500000953674316 4.5 3.6500000953674316 4.260000228881836 48000
4.144999980926514 4.269999980926514 4.090000152587891 4.21999979019165 9100
3.9200000762939453 4.723999977111816 3.9200000762939453 4.329999923706055 31700
4.329999923706055 4.5 4.260000228881836 4.389999866485596 7100
4.480000019073486 4.949999809265137 4.4770002365112305 4.730000019073486 92500
4.78000020980835 4.78000020980835 4.179999828338623 4.269999980926514 56700
4.619999885559082 4.909999847412109 4.300000190734863 4.300000190734863 61000
4.460000038146973 4.679999828338623 4.139999866485596 4.3379998207092285 42200
4.400000095367432 4.489999771118164 4.0289998054504395 4.300000190734863 34300
4.25 5.236999988555908 4.25 5.199999809265137 108700
5.360000133514404 5.400000095367432 4.826000213623047 5.03000020980835 72600
5.120999813079834 5.380000114440918 4.630000114440918 5.045000076293945 208700
4.849999904632568 5.099999904632568 4.849999904632568 5.070000171661377 11200
5.050000190734863 5.099999904632568 4.539999961853027 4.75 65100
4.650000095367432 5.139999866485596 4.309999942779541 4.949999809265137 52900
5.0 5.5 4.909999847412109 5.010000228881836 84400
5.199999809265137 5.199999809265137 5.0 5.179999828338623 7100
5.190000057220459 5.5 4.800000190734863 5.059999942779541 39000
5.0 5.150000095367432 4.940000057220459 4.989999771118164 3400
4.949999809265137 5.300000190734863 4.949999809265137 5.050000190734863 58100
5.239999771118164 5.489999771118164 5.170000076293945 5.309999942779541 30900
5.380000114440918 5.380000114440918 4.769999980926514 4.800000190734863 89700
5.125999927520752 5.5 4.910999774932861 5.360000133514404 63200
5.210000038146973 5.616000175476074 5.041999816894531 5.510000228881836 33800
5.690000057220459 5.690000057220459 5.340000152587891 5.539999961853027 53300
5.650000095367432 5.989999771118164 5.650000095367432 5.769000053405762 70300
5.71999979019165 6.25 5.650000095367432 6.090000152587891 104300
6.050000190734863 6.086999893188477 5.510000228881836 5.900000095367432 71800
5.809999942779541 6.079999923706055 5.800000190734863 6.050000190734863 44300
6.25 6.25 5.75600004196167 6.010000228881836 51600
6.039999961853027 6.039999961853027 5.71999979019165 5.71999979019165 18800
5.760000228881836 5.849999904632568 5.400000095367432 5.460000038146973 33400
5.409999847412109 5.73799991607666 5.409999847412109 5.699999809265137 15800
5.75 5.900000095367432 5.710999965667725 5.809999942779541 58000
5.820000171661377 5.820000171661377 5.5 5.553999900817871 14700
5.53000020980835 5.76200008392334 5.502999782562256 5.650000095367432 33900
5.800000190734863 5.880000114440918 5.234000205993652 5.340000152587891 31600
5.355999946594238 5.599999904632568 5.355999946594238 5.409999847412109 37200
5.539999961853027 5.695000171661377 5.150000095367432 5.610000133514404 14100
5.46999979019165 5.75 5.46999979019165 5.480000019073486 18100
5.6570000648498535 5.710000038146973 5.449999809265137 5.449999809265137 7800
5.650000095367432 5.739999771118164 5.199999809265137 5.210000038146973 15600
5.5 5.599999904632568 5.110000133514404 5.210000038146973 7600
5.360000133514404 5.559999942779541 5.110000133514404 5.480000019073486 9200
5.519999980926514 5.599999904632568 5.349999904632568 5.489999771118164 6900
5.579999923706055 5.824999809265137 5.460000038146973 5.800000190734863 29600
5.989999771118164 6.25 5.699999809265137 5.989999771118164 99000
6.0 6.046999931335449 5.849999904632568 6.0 30000
6.039999961853027 6.079999923706055 5.5 5.71999979019165 47400
5.550000190734863 5.96999979019165 5.550000190734863 5.889999866485596 14900
5.769999980926514 5.809999942779541 5.289999961853027 5.429999828338623 33600
5.5 5.78000020980835 5.309999942779541 5.78000020980835 10100
5.949999809265137 6.360000133514404 5.599999904632568 5.989999771118164 295300
6.050000190734863 6.050000190734863 5.260000228881836 5.389999866485596 93700
5.590000152587891 5.590000152587891 5.099999904632568 5.25 57000
5.300000190734863 5.3429999351501465 4.820000171661377 5.059999942779541 44200
5.039999961853027 5.050000190734863 4.5 5.0 69400
5.239999771118164 5.260000228881836 5.044000148773193 5.170000076293945 27400
5.230000019073486 5.25 4.880000114440918 4.920000076293945 21900
4.880000114440918 5.302999973297119 4.880000114440918 5.199999809265137 78400
5.289999961853027 6.289999961853027 5.230000019073486 6.099999904632568 183300
6.199999809265137 7.449999809265137 6.199999809265137 7.0 445900
7.639999866485596 9.5600004196167 7.599999904632568 8.850000381469727 2376900
17.59000015258789 24.420000076293945 13.569999694824219 15.75 44738600
15.0 16.25 12.5 13.050000190734863 2297400
10.34000015258789 11.789999961853027 10.34000015258789 10.729999542236328 3514400
10.949999809265137 12.880000114440918 10.899999618530273 11.149999618530273 2503800
11.40999984741211 14.739999771118164 11.399999618530273 14.079999923706055 1811400
13.960000038146973 15.149999618530273 12.649999618530273 13.479999542236328 961800
13.220000267028809 13.850000381469727 12.760000228881836 12.770000457763672 292800
13.088000297546387 13.1899995803833 11.460000038146973 12.149999618530273 517700
11.65999984741211 12.970000267028809 11.119999885559082 12.640000343322754 896000
12.800000190734863 12.800000190734863 11.399999618530273 11.5600004196167 561600
11.5 11.920000076293945 11.199999809265137 11.680000305175781 594000
11.630000114440918 11.850000381469727 11.0600004196167 11.489999771118164 569700
11.479999542236328 12.100000381469727 11.420000076293945 11.75 236600
11.75 12.0 11.010000228881836 11.619999885559082 249000
11.65999984741211 12.479999542236328 11.579999923706055 11.789999961853027 258500
11.729999542236328 12.34000015258789 11.619999885559082 11.819999694824219 144100
11.630000114440918 11.989999771118164 11.300000190734863 11.869999885559082 216400
11.960000038146973 12.456000328063965 11.3100004196167 11.399999618530273 379300
11.420000076293945 11.496999740600586 10.529999732971191 10.65999984741211 386300
10.722000122070312 10.819999694824219 10.239999771118164 10.489999771118164 251200
10.489999771118164 10.770000457763672 9.890000343322754 9.890000343322754 200800
9.869999885559082 10.399999618530273 9.633999824523926 9.930000305175781 406800
10.119999885559082 10.489999771118164 9.90999984741211 10.180000305175781 423200
10.260000228881836 10.260000228881836 9.65999984741211 9.6899995803833 317500
9.729999542236328 9.880000114440918 8.75 8.899999618530273 424200
8.90999984741211 9.84000015258789 8.904999732971191 9.520000457763672 295800
9.210000038146973 9.399999618530273 8.899999618530273 9.199999809265137 335200
9.0600004196167 10.6899995803833 9.050000190734863 9.869999885559082 554700
9.899999618530273 9.960000038146973 9.149999618530273 9.449999809265137 311400
9.399999618530273 9.4399995803833 8.720000267028809 8.739999771118164 314800
8.6899995803833 9.279999732971191 8.6899995803833 9.109999656677246 359900
9.029999732971191 9.220000267028809 8.6850004196167 9.180000305175781 171600
9.130000114440918 9.899999618530273 8.84000015258789 9.59000015258789 287400
9.649999618530273 10.329999923706055 9.260000228881836 10.239999771118164 313900
10.119999885559082 10.800000190734863 9.680000305175781 10.5 268100
10.90999984741211 11.229999542236328 10.050000190734863 10.380000114440918 902800
10.350000381469727 10.390000343322754 9.550000190734863 9.779999732971191 342600
9.800000190734863 9.899999618530273 8.899999618530273 9.4399995803833 287200
9.489999771118164 9.529999732971191 8.34000015258789 9.3100004196167 280200
9.329999923706055 9.59000015258789 8.899999618530273 9.329999923706055 122400
9.399999618530273 10.199999809265137 9.399999618530273 10.050000190734863 189000
10.0 10.3100004196167 9.6899995803833 9.829999923706055 151300
9.899999618530273 10.149999618530273 9.779999732971191 9.84000015258789 105300
9.949999809265137 10.5600004196167 9.649999618530273 10.350000381469727 200500
10.300000190734863 10.5600004196167 10.029999732971191 10.4399995803833 101800
10.550000190734863 11.289999961853027 10.539999961853027 11.140000343322754 234900
11.050000190734863 11.649999618530273 10.609999656677246 11.59000015258789 203900
11.600000381469727 12.300000190734863 11.329999923706055 11.369999885559082 372300
11.180000305175781 11.289999961853027 10.649999618530273 10.970000267028809 155700
10.989999771118164 11.220000267028809 10.5 10.680000305175781 127200
10.729999542236328 11.199999809265137 10.0 10.3100004196167 112500
10.0600004196167 10.460000038146973 9.649999618530273 10.430000305175781 274200
10.34000015258789 11.15999984741211 9.989999771118164 11.09000015258789 96100
11.020000457763672 11.045000076293945 10.029999732971191 10.260000228881836 146600
10.270000457763672 11.489999771118164 10.149999618530273 11.0 177400
10.880000114440918 11.029999732971191 10.15999984741211 10.3100004196167 104100
10.279999732971191 10.520000457763672 10.020000457763672 10.390000343322754 98500
10.170000076293945 10.489999771118164 9.942999839782715 10.270000457763672 88500
11.0 11.0 10.260000228881836 10.649999618530273 223900
10.65999984741211 10.979999542236328 10.399999618530273 10.630000114440918 76600
10.640000343322754 10.850000381469727 10.479999542236328 10.5 72100
10.579999923706055 10.781000137329102 10.300000190734863 10.40999984741211 111800
10.40999984741211 10.640000343322754 10.3100004196167 10.359999656677246 136900
10.470000267028809 10.739999771118164 9.5600004196167 9.5600004196167 231800
9.5600004196167 10.210000038146973 9.25 9.510000228881836 114300
9.479999542236328 9.65999984741211 9.050000190734863 9.170000076293945 238800
9.0600004196167 9.194000244140625 8.699999809265137 8.699999809265137 176200
8.710000038146973 8.9399995803833 8.5 8.729999542236328 151700
8.789999961853027 8.975000381469727 8.149999618530273 8.149999618530273 163900
8.220000267028809 8.460000038146973 7.986999988555908 8.329999923706055 102900
8.319999694824219 8.430000305175781 7.900000095367432 7.980000019073486 139200
7.96999979019165 8.449999809265137 7.96999979019165 8.420000076293945 72100
8.350000381469727 8.369999885559082 8.069999694824219 8.239999771118164 90700
8.300000190734863 8.5600004196167 8.020000457763672 8.109999656677246 93400
8.109999656677246 8.1899995803833 7.949999809265137 8.0 99900
7.889999866485596 8.0 7.570000171661377 7.800000190734863 107100
7.679999828338623 7.949999809265137 7.5 7.800000190734863 97600
7.840000152587891 7.840000152587891 7.28000020980835 7.659999847412109 121600
7.75 7.820000171661377 7.309999942779541 7.510000228881836 88600
7.53000020980835 8.15999984741211 7.53000020980835 8.09000015258789 81900
8.029999732971191 8.739999771118164 7.883999824523926 8.279999732971191 127500
8.350000381469727 8.510000228881836 8.079999923706055 8.449999809265137 129700
7.829999923706055 8.180000305175781 7.460000038146973 7.690000057220459 177500
7.989999771118164 8.0 7.5 7.739999771118164 70300
7.829999923706055 8.40999984741211 7.78000020980835 8.199999809265137 125900
8.34000015258789 8.449999809265137 8.02400016784668 8.319999694824219 72500
8.329999923706055 8.609999656677246 8.069999694824219 8.569999694824219 50600
8.649999618530273 8.949999809265137 8.390999794006348 8.710000038146973 85500
8.899999618530273 8.899999618530273 8.505000114440918 8.600000381469727 49100
8.600000381469727 9.53499984741211 8.600000381469727 9.289999961853027 103400
9.270000457763672 9.289999961853027 8.670000076293945 8.729999542236328 96600
8.6899995803833 8.930000305175781 8.65999984741211 8.8100004196167 50700
8.899999618530273 9.163999557495117 8.850000381469727 8.930000305175781 49200
9.050000190734863 9.199999809265137 8.510000228881836 8.579999923706055 65200
8.529999732971191 8.6899995803833 8.234000205993652 8.470000267028809 76000
8.489999771118164 8.930000305175781 8.300999641418457 8.470000267028809 66400
8.640000343322754 9.029999732971191 8.529999732971191 8.90999984741211 51100
8.8100004196167 9.210000038146973 8.550000190734863 8.880000114440918 102800
8.84000015258789 9.180000305175781 8.630000114440918 8.630000114440918 71000
8.619999885559082 8.899999618530273 8.418000221252441 8.600000381469727 82700
8.600000381469727 8.9399995803833 8.550000190734863 8.550000190734863 86800
8.569999694824219 9.1899995803833 8.569999694824219 9.039999961853027 104100
9.180000305175781 9.5600004196167 8.760000228881836 8.920000076293945 111500
8.930000305175781 9.270000457763672 8.897000312805176 8.979999542236328 89100
8.960000038146973 8.98799991607666 8.399999618530273 8.600000381469727 74300
8.479999542236328 9.399999618530273 8.479999542236328 9.369999885559082 178600
9.220000267028809 9.5 9.0600004196167 9.229999542236328 73400
9.420000076293945 9.430999755859375 9.045000076293945 9.170000076293945 78000
9.329999923706055 9.40999984741211 9.010000228881836 9.15999984741211 52400
9.199999809265137 9.300000190734863 9.050000190734863 9.229999542236328 56900
9.28499984741211 9.854999542236328 9.0600004196167 9.579999923706055 111200
9.640000343322754 10.220000267028809 9.619999885559082 10.220000267028809 208900
10.229999542236328 10.729999542236328 9.819999694824219 10.729999542236328 131600
10.710000038146973 10.8100004196167 10.260000228881836 10.550000190734863 186500
10.5 12.300000190734863 10.361000061035156 12.255000114440918 308800
12.430000305175781 16.56999969482422 12.39900016784668 12.75 880100
12.869999885559082 13.300000190734863 11.800000190734863 12.720000267028809 243700
12.989999771118164 16.270000457763672 12.881999969482422 14.84000015258789 996000
14.9399995803833 15.670000076293945 14.260000228881836 15.664999961853027 422100
15.75 17.350000381469727 15.75 17.219999313354492 312100
17.100000381469727 17.670000076293945 15.630000114440918 17.65999984741211 462200
17.5 18.420000076293945 17.0 18.110000610351562 211400
18.239999771118164 19.450000762939453 17.09000015258789 19.389999389648438 243400
19.360000610351562 19.700000762939453 18.559999465942383 19.010000228881836 183100
18.860000610351562 19.299999237060547 17.1200008392334 18.260000228881836 184000
18.329999923706055 23.0 18.209999084472656 21.770000457763672 505900
21.059999465942383 23.3700008392334 20.84000015258789 21.719999313354492 230900
22.760000228881836 24.139999389648438 22.100000381469727 24.1299991607666 220400
26.25 27.690000534057617 24.6200008392334 24.920000076293945 310600
24.989999771118164 25.510000228881836 23.649999618530273 24.81999969482422 130300
25.65999984741211 28.187000274658203 25.079999923706055 26.850000381469727 287800
27.079999923706055 27.43000030517578 24.309999465942383 25.1200008392334 470100
28.799999237060547 29.989999771118164 19.8799991607666 20.360000610351562 2631500
20.709999084472656 23.989999771118164 20.25 20.719999313354492 1099200
20.510000228881836 22.46500015258789 20.010000228881836 20.479999542236328 461600
20.59000015258789 20.979999542236328 18.649999618530273 20.559999465942383 562100
19.510000228881836 19.84000015258789 18.49799919128418 18.780000686645508 430500
19.1299991607666 20.368000030517578 18.440000534057617 18.799999237060547 366500
19.399999618530273 19.5 16.959999084472656 18.25 217800
18.540000915527344 20.0 18.06999969482422 18.510000228881836 273100
19.31999969482422 21.43000030517578 19.0 20.829999923706055 516300
20.920000076293945 22.329999923706055 20.40999984741211 20.739999771118164 290500
22.0 25.06999969482422 21.5 22.290000915527344 566800
20.46500015258789 21.440000534057617 19.75 20.049999237060547 725600
20.899999618530273 21.049999237060547 19.520000457763672 20.799999237060547 533400
20.75 20.920000076293945 20.06999969482422 20.68000030517578 246200
20.799999237060547 21.700000762939453 19.899999618530273 21.299999237060547 351900
21.299999237060547 21.625 19.799999237060547 19.989999771118164 177000
20.0 20.299999237060547 19.5 19.989999771118164 131100
20.530000686645508 20.75 20.040000915527344 20.399999618530273 320200
20.190000534057617 20.43000030517578 18.670000076293945 19.690000534057617 233000
19.440000534057617 19.959999084472656 18.68000030517578 18.809999465942383 206200
18.940000534057617 19.579999923706055 18.860000610351562 19.25 178000
19.31999969482422 19.56999969482422 18.040000915527344 18.040000915527344 178300
17.889999389648438 17.889999389648438 15.119999885559082 16.969999313354492 343600
16.899999618530273 17.530000686645508 16.735000610351562 17.0 212300
17.0 17.280000686645508 15.944999694824219 16.25 246700
16.25 16.889999389648438 15.5 16.219999313354492 238700
16.989999771118164 17.209999084472656 16.09000015258789 16.969999313354492 208300
17.049999237060547 18.6299991607666 16.847999572753906 18.34000015258789 226800
18.450000762939453 19.1299991607666 17.719999313354492 18.829999923706055 292500
18.510000228881836 18.799999237060547 14.640000343322754 15.369999885559082 321300
14.989999771118164 15.289999961853027 12.600000381469727 14.3100004196167 658400
14.4399995803833 14.920000076293945 13.0 13.119999885559082 193700
13.640000343322754 13.960000038146973 13.050000190734863 13.729999542236328 195900
14.0 14.670000076293945 13.779999732971191 14.529999732971191 292500
14.75 15.859999656677246 14.279999732971191 15.65999984741211 241800
15.5 16.079999923706055 15.199999809265137 15.920000076293945 103800
15.899999618530273 15.989999771118164 14.65999984741211 14.8100004196167 126600
15.109999656677246 15.25 14.479999542236328 14.779999732971191 99000
14.520000457763672 15.399999618530273 13.760000228881836 15.180000305175781 119200
14.979999542236328 15.59000015258789 14.039999961853027 14.359999656677246 114100
14.390000343322754 14.460000038146973 13.930000305175781 13.930000305175781 143400
13.949999809265137 14.6850004196167 13.949999809265137 14.510000228881836 87200
14.25 14.25 13.180000305175781 13.449999809265137 138800
13.520000457763672 13.699999809265137 12.300000190734863 12.300000190734863 148500
12.550000190734863 12.991000175476074 12.0 12.739999771118164 69700
13.045000076293945 13.045000076293945 11.791999816894531 12.390000343322754 66900
12.369999885559082 12.430000305175781 11.430000305175781 11.609999656677246 93400
11.489999771118164 12.210000038146973 11.020000457763672 11.90999984741211 97000
11.979999542236328 12.5649995803833 11.539999961853027 11.880000114440918 142500
11.989999771118164 12.4399995803833 11.979999542236328 12.319999694824219 78600
12.380000114440918 12.468999862670898 11.569999694824219 11.729999542236328 79800
11.800000190734863 12.210000038146973 11.609999656677246 12.029999732971191 54200
12.0 12.130000114440918 10.911999702453613 11.210000038146973 113200
11.170000076293945 11.789999961853027 11.069999694824219 11.390000343322754 68400
11.420000076293945 12.170000076293945 11.289999961853027 11.770000457763672 133200
11.390000343322754 11.609999656677246 10.8100004196167 10.890000343322754 170800
11.199999809265137 11.368000030517578 10.550000190734863 11.220000267028809 119900
11.039999961853027 12.199999809265137 11.029999732971191 11.770000457763672 124000
11.739999771118164 12.09000015258789 10.5600004196167 10.770000457763672 363300
10.670000076293945 14.0 10.520000457763672 13.619999885559082 618700
13.739999771118164 13.760000228881836 11.109999656677246 11.369999885559082 361100
11.180000305175781 11.699999809265137 10.850000381469727 11.020000457763672 203500
11.489999771118164 13.40999984741211 10.890000343322754 13.029999732971191 342400
12.529999732971191 13.5 11.90999984741211 12.390000343322754 216100
12.399999618530273 13.0 11.75 11.949999809265137 144300
12.279999732971191 12.4399995803833 11.800000190734863 11.880000114440918 141000
11.949999809265137 12.050000190734863 11.649999618530273 11.869999885559082 78900
11.829999923706055 12.0 11.520000457763672 11.920000076293945 55400
11.890000343322754 12.170000076293945 11.59000015258789 11.75 52600
11.579999923706055 11.869999885559082 11.5 11.869999885559082 53100
11.600000381469727 12.020000457763672 11.600000381469727 11.949999809265137 61800
11.960000038146973 11.960000038146973 10.949999809265137 11.149999618530273 99900
11.010000228881836 11.3100004196167 10.8100004196167 11.069999694824219 72000
10.869999885559082 11.0 9.949999809265137 10.460000038146973 273600
10.5 11.300000190734863 10.449999809265137 10.6899995803833 162600
10.670000076293945 10.720000267028809 10.050000190734863 10.300000190734863 186800
10.010000228881836 11.125 10.0 10.220000267028809 117200
10.199999809265137 10.489999771118164 9.899999618530273 10.0600004196167 110400
10.199999809265137 10.279999732971191 9.229999542236328 9.289999961853027 215100
9.40999984741211 10.5 9.3100004196167 9.779999732971191 173100
9.720000267028809 10.789999961853027 9.720000267028809 10.050000190734863 167100
10.100000381469727 12.390000343322754 10.100000381469727 11.350000381469727 270000
11.15999984741211 11.670000076293945 10.949999809265137 11.40999984741211 108500
11.579999923706055 13.333999633789062 11.40999984741211 12.760000228881836 194000
12.9399995803833 14.09000015258789 12.211000442504883 13.9399995803833 301300
14.430000305175781 14.449999809265137 12.630000114440918 12.859999656677246 257600
12.859999656677246 13.48900032043457 12.279999732971191 12.4399995803833 108300
12.739999771118164 13.449999809265137 12.350000381469727 13.25 136100
13.390000343322754 13.390000343322754 12.600000381469727 12.960000038146973 82300
13.079999923706055 13.899999618530273 13.079999923706055 13.5600004196167 106500
13.680000305175781 14.399999618530273 13.4350004196167 13.6850004196167 168800
13.970000267028809 14.300000190734863 13.470000267028809 13.619999885559082 101600
13.460000038146973 13.619999885559082 13.220000267028809 13.369999885559082 45000
13.4399995803833 13.739999771118164 13.069999694824219 13.369999885559082 114600
13.609999656677246 16.200000762939453 13.1899995803833 15.970000267028809 662700
16.35300064086914 16.35300064086914 14.630000114440918 14.989999771118164 253400
15.180000305175781 15.789999961853027 14.920000076293945 15.680000305175781 223300
15.649999618530273 17.288999557495117 15.3100004196167 17.139999389648438 307200
17.200000762939453 18.299999237060547 17.0 17.889999389648438 345400
18.079999923706055 19.239999771118164 17.854999542236328 18.639999389648438 380500
18.6299991607666 18.780000686645508 17.56999969482422 18.010000228881836 190900
17.920000076293945 18.3799991607666 16.709999084472656 17.799999237060547 259000
17.549999237060547 17.899999618530273 17.200000762939453 17.389999389648438 95900
17.200000762939453 17.600000381469727 16.5 17.459999084472656 183100
17.770000457763672 17.770000457763672 16.81999969482422 17.489999771118164 143000
17.3700008392334 17.690000534057617 16.6200008392334 17.1200008392334 118900
17.260000228881836 19.399999618530273 17.149999618530273 18.940000534057617 245300
18.799999237060547 19.989999771118164 18.670000076293945 19.329999923706055 155000
19.34000015258789 19.709999084472656 18.739999771118164 19.059999465942383 74200
19.31999969482422 19.489999771118164 18.469999313354492 18.739999771118164 129500
18.65999984741211 18.899999618530273 17.799999237060547 18.360000610351562 115600
17.80500030517578 18.399999618530273 17.459999084472656 17.56999969482422 85400
17.510000228881836 18.650999069213867 17.260000228881836 18.399999618530273 97400
18.09000015258789 18.510000228881836 17.360000610351562 17.739999771118164 73900
17.739999771118164 17.950000762939453 17.5 17.850000381469727 50300
18.200000762939453 20.040000915527344 18.200000762939453 19.75 710300
19.799999237060547 20.5 19.03499984741211 20.229999542236328 684900
21.68899917602539 26.06999969482422 20.799999237060547 22.969999313354492 2736100
23.05699920654297 24.579999923706055 21.0 23.68000030517578 978500
23.889999389648438 29.0 23.100000381469727 26.68000030517578 1739100
25.493000030517578 27.040000915527344 22.60099983215332 22.959999084472656 1614600
23.6200008392334 24.8700008392334 21.559999465942383 22.100000381469727 846300
22.549999237060547 23.53499984741211 20.709999084472656 21.1200008392334 516900
19.625 21.290000915527344 18.3700008392334 21.0 674900
21.239999771118164 21.239999771118164 19.510000228881836 21.040000915527344 441200
21.18000030517578 23.94099998474121 20.600000381469727 22.729999542236328 833700
22.729999542236328 22.729999542236328 21.139999389648438 22.09000015258789 573600
21.920000076293945 21.937000274658203 20.25 21.059999465942383 674500
20.239999771118164 20.76099967956543 16.079999923706055 16.219999313354492 1539900
17.0 17.6299991607666 15.350000381469727 16.459999084472656 733100
16.309999465942383 18.649999618530273 16.309999465942383 17.950000762939453 533000
17.520000457763672 17.700000762939453 15.720000267028809 15.819999694824219 669300
15.460000038146973 16.260000228881836 15.0 15.220000267028809 346500
15.380000114440918 17.059999465942383 15.069999694824219 16.290000915527344 335800
16.139999389648438 16.229999542236328 14.329999923706055 14.6899995803833 543800
14.600000381469727 15.536999702453613 13.899999618530273 14.130000114440918 634200
13.880000114440918 15.039999961853027 13.0600004196167 14.949999809265137 594300
14.890000343322754 16.610000610351562 14.5600004196167 15.829999923706055 353900
15.739999771118164 16.600000381469727 15.5 15.729999542236328 357400
15.739999771118164 15.880000114440918 15.300000190734863 15.800000190734863 163700
16.0 16.3799991607666 15.25 15.9399995803833 204500
15.9399995803833 17.100000381469727 15.600000381469727 16.850000381469727 249200
17.049999237060547 18.020000457763672 16.399999618530273 16.579999923706055 319000
16.209999084472656 17.3799991607666 15.630000114440918 16.8799991607666 383400
16.510000228881836 17.399999618530273 15.800000190734863 16.1200008392334 370000
16.360000610351562 17.399999618530273 15.149999618530273 16.559999465942383 248100
16.1200008392334 17.09000015258789 15.40999984741211 15.869999885559082 189000
15.630000114440918 16.989999771118164 15.630000114440918 16.530000686645508 171100
16.899999618530273 18.780000686645508 16.750999450683594 18.610000610351562 281600
18.5 19.81999969482422 18.43000030517578 19.59000015258789 257000
19.229999542236328 19.860000610351562 18.549999237060547 18.780000686645508 269000
19.979999542236328 21.729999542236328 18.920000076293945 19.280000686645508 607600
19.0 20.5 18.729999542236328 20.030000686645508 233200
20.510000228881836 23.760000228881836 20.329999923706055 22.600000381469727 786400
22.59000015258789 23.790000915527344 21.454999923706055 23.719999313354492 453200
23.469999313354492 24.56999969482422 23.06800079345703 23.8700008392334 1162300
25.15999984741211 26.459999084472656 23.790000915527344 24.020000457763672 1286600
23.43000030517578 26.739999771118164 22.440000534057617 26.43000030517578 789200
27.360000610351562 30.3700008392334 27.238000869750977 27.850000381469727 1129000
26.309999465942383 26.309999465942383 21.149999618530273 21.56999969482422 1599000
21.947999954223633 23.329999923706055 21.290000915527344 21.389999389648438 539000
21.68000030517578 22.31999969482422 20.81999969482422 21.399999618530273 374200
21.389999389648438 21.389999389648438 18.8799991607666 19.329999923706055 639500
19.200000762939453 19.799999237060547 17.510000228881836 17.639999389648438 801300
17.84000015258789 18.989999771118164 17.329999923706055 17.459999084472656 610800
17.739999771118164 18.6299991607666 16.81999969482422 18.06999969482422 674800
17.899999618530273 18.5 17.540000915527344 18.34000015258789 434300
17.450000762939453 18.055999755859375 17.049999237060547 17.190000534057617 444100
17.290000915527344 19.389999389648438 17.290000915527344 18.610000610351562 556300
18.6200008392334 19.7549991607666 18.360000610351562 19.209999084472656 342100
19.299999237060547 19.489999771118164 18.100000381469727 19.350000381469727 308600
19.059999465942383 20.850000381469727 18.959999084472656 20.139999389648438 372300
20.0 21.700000762939453 19.799999237060547 20.540000915527344 452700
19.989999771118164 20.780000686645508 19.110000610351562 20.360000610351562 436900
20.6299991607666 20.6299991607666 18.850000381469727 19.219999313354492 348900
19.3799991607666 20.225000381469727 19.030000686645508 19.420000076293945 261800
19.229999542236328 20.3799991607666 18.399999618530273 20.3799991607666 214200
19.850000381469727 19.850000381469727 18.43000030517578 18.540000915527344 295200
18.459999084472656 19.389999389648438 18.360000610351562 19.360000610351562 253300
18.760000228881836 19.459999084472656 17.920000076293945 18.0 233500
18.209999084472656 18.399999618530273 17.68000030517578 18.06999969482422 237900
18.030000686645508 18.030000686645508 16.829999923706055 17.280000686645508 302400
17.270000457763672 18.399999618530273 17.049999237060547 17.84000015258789 185100
17.989999771118164 18.600000381469727 17.940000534057617 18.43000030517578 125100
18.43000030517578 19.084999084472656 18.25 18.780000686645508 90700
19.0 19.270000457763672 18.610000610351562 18.829999923706055 82400
19.030000686645508 19.200000762939453 18.43000030517578 18.6200008392334 133100
18.43000030517578 18.829999923706055 18.190000534057617 18.65999984741211 88900
18.75 19.131000518798828 18.020000457763672 18.25 158500
18.239999771118164 18.799999237060547 17.68000030517578 18.799999237060547 82100
18.68000030517578 19.760000228881836 18.610000610351562 19.190000534057617 88000
19.34000015258789 20.010000228881836 19.200000762939453 19.959999084472656 284200
19.989999771118164 19.989999771118164 17.920000076293945 19.049999237060547 316000
19.219999313354492 19.97100067138672 18.799999237060547 19.549999237060547 153700
19.1200008392334 20.0 18.799999237060547 19.729999542236328 265500
19.700000762939453 19.700000762939453 18.15999984741211 18.709999084472656 206300
18.6200008392334 18.940000534057617 17.69099998474121 18.389999389648438 128900
18.834999084472656 19.5 18.29400062561035 19.360000610351562 83000
19.559999465942383 19.739999771118164 18.709999084472656 19.389999389648438 167500
19.6299991607666 20.0 18.950000762939453 19.530000686645508 164300
18.600000381469727 18.975000381469727 17.450000762939453 17.6299991607666 369800
17.549999237060547 17.59000015258789 14.1899995803833 14.270000457763672 1324800
14.5 15.800000190734863 14.289999961853027 15.489999771118164 438600
15.5 16.190000534057617 15.010000228881836 15.479999542236328 218700
15.109999656677246 15.890000343322754 14.369999885559082 14.5600004196167 396400
14.789999961853027 15.1899995803833 14.199999809265137 14.619999885559082 334100
14.630000114440918 15.0 13.869999885559082 14.520000457763672 245800
14.380000114440918 14.880000114440918 14.274999618530273 14.460000038146973 150400
14.460000038146973 14.529999732971191 13.430000305175781 13.75 421600
13.579999923706055 14.1899995803833 13.239999771118164 13.279999732971191 298600
13.670000076293945 14.430000305175781 13.40999984741211 13.710000038146973 300700
13.670000076293945 13.760000228881836 13.130000114440918 13.369999885559082 162700
13.270000457763672 13.329999923706055 12.319000244140625 12.40999984741211 271100
12.380000114440918 12.739999771118164 11.800000190734863 12.470000267028809 353700
12.3100004196167 13.869999885559082 12.09000015258789 13.5600004196167 283500
13.199999809265137 13.569999694824219 12.760000228881836 13.329999923706055 86200
13.3100004196167 13.484000205993652 12.460000038146973 12.539999961853027 202200
12.699999809265137 12.989999771118164 12.119999885559082 12.850000381469727 174100
13.069999694824219 13.1899995803833 11.770000457763672 11.789999961853027 192500
11.859999656677246 12.149999618530273 11.430000305175781 12.0600004196167 179300
11.949999809265137 12.130000114440918 10.954999923706055 11.220000267028809 226300
11.140000343322754 11.395000457763672 10.520999908447266 11.199999809265137 215600
11.539999961853027 12.25 11.300000190734863 11.930000305175781 136400
12.005000114440918 12.640000343322754 11.670000076293945 12.520000457763672 228100
12.40999984741211 12.727999687194824 12.274999618530273 12.399999618530273 194200
12.319999694824219 12.430000305175781 11.90999984741211 12.069999694824219 162200
11.899999618530273 12.4399995803833 10.8100004196167 11.350000381469727 424300
10.970000267028809 11.414999961853027 10.359999656677246 10.449999809265137 349700
10.319999694824219 11.039999961853027 9.880000114440918 10.9399995803833 291000
11.25 11.46500015258789 10.25 10.25 136100
10.5 10.880000114440918 9.899999618530273 10.800000190734863 139500
10.399999618530273 10.984999656677246 10.300000190734863 10.65999984741211 114000
11.020000457763672 11.102999687194824 10.369999885559082 10.539999961853027 199500
10.449999809265137 10.600000381469727 9.970000267028809 10.199999809265137 311100
10.119999885559082 11.088000297546387 10.050000190734863 10.859999656677246 246000
10.859999656677246 11.050000190734863 10.140000343322754 10.430000305175781 247500
10.300000190734863 10.489999771118164 10.0 10.319999694824219 204800
10.229999542236328 10.430000305175781 9.960000038146973 9.970000267028809 278200
9.970000267028809 10.710000038146973 9.890000343322754 10.34000015258789 166100
10.260000228881836 10.58899974822998 10.14799976348877 10.199999809265137 150200
10.40999984741211 10.90999984741211 10.050000190734863 10.6899995803833 115900
10.819999694824219 10.819999694824219 9.9399995803833 10.109999656677246 119100
10.109999656677246 10.180000305175781 9.029999732971191 9.119999885559082 281500
9.180000305175781 9.378999710083008 8.720000267028809 9.170000076293945 151600
9.140000343322754 9.489999771118164 8.869999885559082 8.989999771118164 80700
9.050000190734863 9.220000267028809 8.569999694824219 9.210000038146973 131400
9.069999694824219 9.463000297546387 8.880000114440918 9.199999809265137 89200
9.220000267028809 9.359999656677246 8.699999809265137 8.920000076293945 96500
8.84000015258789 9.118000030517578 8.479999542236328 8.5600004196167 178300
8.619999885559082 8.789999961853027 8.15999984741211 8.779999732971191 190900
8.819999694824219 9.520000457763672 8.600000381469727 9.180000305175781 288600
9.300000190734863 9.449999809265137 8.760000228881836 9.0600004196167 186100
9.130000114440918 9.609999656677246 8.779999732971191 8.850000381469727 166700
8.789999961853027 9.069999694824219 8.449999809265137 8.779999732971191 207600
8.329999923706055 8.850000381469727 7.880000114440918 8.850000381469727 319200
9.010000228881836 9.369999885559082 8.529999732971191 9.0 95800
9.100000381469727 9.449999809265137 8.699999809265137 8.720000267028809 129700
8.84000015258789 8.930000305175781 8.199999809265137 8.300000190734863 159200
8.329999923706055 8.949999809265137 8.204000473022461 8.880000114440918 158700
8.899999618530273 10.09000015258789 8.880000114440918 10.09000015258789 203400
10.100000381469727 10.8100004196167 9.770000457763672 10.420000076293945 146900
10.489999771118164 10.604000091552734 9.65999984741211 9.670000076293945 103600
9.619999885559082 9.869999885559082 9.319999694824219 9.720000267028809 106600
9.770000457763672 10.708000183105469 9.597999572753906 10.359999656677246 161000
10.40999984741211 10.84000015258789 10.149999618530273 10.520000457763672 98300
10.914999961853027 11.140000343322754 10.199999809265137 10.989999771118164 124800
11.100000381469727 11.470000267028809 10.949999809265137 11.390000343322754 176400
11.149999618530273 11.777000427246094 10.90999984741211 11.149999618530273 102200
11.069999694824219 11.279999732971191 10.32800006866455 10.630000114440918 77300
10.479999542236328 11.369999885559082 10.210000038146973 10.989999771118164 102400
11.079999923706055 11.199999809265137 10.640000343322754 10.6899995803833 122700
10.539999961853027 11.029999732971191 10.510000228881836 10.970000267028809 44500
10.899999618530273 10.9399995803833 10.069999694824219 10.220000267028809 95800
10.100000381469727 10.196000099182129 9.680000305175781 9.850000381469727 71000
9.649999618530273 10.149999618530273 9.649999618530273 9.760000228881836 69900
9.850000381469727 9.89799976348877 9.104999542236328 9.380000114440918 105900
8.710000038146973 9.720000267028809 8.699999809265137 9.699999809265137 162600
9.710000038146973 9.989999771118164 9.199999809265137 9.359999656677246 59600
9.210000038146973 9.84000015258789 8.420000076293945 8.800000190734863 456900
8.6899995803833 8.979999542236328 8.3100004196167 8.329999923706055 206200
8.329999923706055 8.75 8.210000038146973 8.390000343322754 119200
8.390000343322754 8.720000267028809 7.679999828338623 7.809999942779541 254700
7.800000190734863 8.390000343322754 7.639999866485596 7.789999961853027 165300
7.820000171661377 7.989999771118164 7.099999904632568 7.170000076293945 137300
7.199999809265137 7.400000095367432 6.659999847412109 6.730000019073486 278100
6.900000095367432 7.480000019073486 6.679999828338623 6.71999979019165 252300
6.710000038146973 6.769999980926514 6.413000106811523 6.639999866485596 115400
6.820000171661377 6.900000095367432 6.400000095367432 6.420000076293945 97400
6.420000076293945 7.0 6.181000232696533 6.71999979019165 380500
6.71999979019165 6.920000076293945 6.179999828338623 6.420000076293945 188800
6.639999866485596 7.349999904632568 6.409999847412109 7.269999980926514 166200
7.25 8.029999732971191 7.110000133514404 8.029999732971191 105000
8.050000190734863 8.5 8.010000228881836 8.149999618530273 100100
8.229999542236328 8.229999542236328 7.510000228881836 7.920000076293945 94300
8.0 8.5 7.764999866485596 8.430000305175781 116700
8.399999618530273 8.5600004196167 7.929999828338623 8.100000381469727 91000
8.289999961853027 9.845999717712402 8.279999732971191 9.140000343322754 303700
9.029999732971191 9.329999923706055 8.635000228881836 8.994999885559082 130500
8.899999618530273 9.239999771118164 8.260000228881836 8.680000305175781 131300
8.75 9.194999694824219 8.59000015258789 8.880000114440918 118500
8.869999885559082 9.180000305175781 8.520000457763672 8.600000381469727 51300
8.640000343322754 8.920000076293945 8.364999771118164 8.420000076293945 72700
8.460000038146973 8.729999542236328 8.15999984741211 8.369999885559082 128400
8.619999885559082 8.970000267028809 8.218000411987305 8.699999809265137 95100
8.600000381469727 8.663000106811523 8.130000114440918 8.199999809265137 60400
7.949999809265137 8.59000015258789 7.699999809265137 8.229999542236328 84300
8.180000305175781 8.489999771118164 7.650000095367432 7.869999885559082 69200
7.880000114440918 8.029999732971191 7.5320000648498535 7.739999771118164 58200
7.650000095367432 7.909999847412109 7.360000133514404 7.71999979019165 79900
7.860000133514404 8.149999618530273 7.304999828338623 7.465000152587891 158500
7.619999885559082 8.550000190734863 7.480000019073486 8.369999885559082 199900
8.34000015258789 9.09000015258789 8.079999923706055 8.3100004196167 207900
8.319999694824219 8.34000015258789 7.46999979019165 7.480000019073486 106600
7.559999942779541 7.789999961853027 7.306000232696533 7.710000038146973 71600
7.739999771118164 7.954999923706055 7.369999885559082 7.440000057220459 118900
7.519999980926514 7.629000186920166 6.769999980926514 6.929999828338623 228400
6.860000133514404 7.228000164031982 6.679999828338623 6.849999904632568 218200
7.0 8.074999809265137 7.0 7.960000038146973 204900
7.940000057220459 8.227999687194824 7.519999980926514 7.599999904632568 110900
7.510000228881836 7.760000228881836 7.380000114440918 7.460000038146973 225100
7.829999923706055 8.130000114440918 7.53000020980835 7.96999979019165 209800
7.880000114440918 8.279999732971191 7.474999904632568 7.519999980926514 64900
7.519999980926514 7.954999923706055 7.420000076293945 7.900000095367432 80000
7.949999809265137 8.229999542236328 7.885000228881836 8.170000076293945 141200
8.220000267028809 8.220000267028809 7.420000076293945 7.900000095367432 111800
7.869999885559082 7.869999885559082 7.159999847412109 7.230000019073486 51500
7.309999942779541 7.869999885559082 7.0 7.510000228881836 92800
7.320000171661377 7.5 6.820000171661377 6.96999979019165 206700
7.349999904632568 7.460000038146973 6.510000228881836 6.889999866485596 175100
6.889999866485596 6.909999847412109 6.498000144958496 6.679999828338623 122400
6.559999942779541 6.940000057220459 6.380000114440918 6.639999866485596 104300
6.78000020980835 7.276000022888184 6.78000020980835 7.090000152587891 49000
7.0 7.420000076293945 6.864999771118164 7.159999847412109 37900
7.269999980926514 7.510000228881836 6.940000057220459 7.489999771118164 101400
7.349999904632568 7.84499979019165 7.139999866485596 7.25 69700
7.099999904632568 7.760000228881836 7.068999767303467 7.429999828338623 36000
7.630000114440918 7.644999980926514 6.849999904632568 7.349999904632568 71500
7.349999904632568 7.695000171661377 7.170000076293945 7.269999980926514 127300
4.789999961853027 5.739999771118164 4.629000186920166 5.480000019073486 1296600
5.320000171661377 6.179999828338623 5.320000171661377 6.170000076293945 384100
6.150000095367432 6.429999828338623 6.010000228881836 6.329999923706055 204500
6.429999828338623 7.0 6.329999923706055 6.800000190734863 164600
6.960000038146973 7.670000076293945 6.579999923706055 6.900000095367432 224300
7.079999923706055 7.079999923706055 6.420000076293945 6.590000152587891 102900
6.510000228881836 6.96999979019165 6.510000228881836 6.639999866485596 65300
6.559999942779541 7.289999961853027 6.559999942779541 6.940000057220459 118100
7.099999904632568 7.184999942779541 6.849999904632568 7.0 43800
6.829999923706055 7.489999771118164 6.810999870300293 6.980000019073486 178500
7.03000020980835 7.369999885559082 7.0 7.360000133514404 86400
7.239999771118164 8.0 7.150000095367432 7.920000076293945 95100
7.650000095367432 7.763000011444092 7.275000095367432 7.519999980926514 92100
7.349999904632568 7.460000038146973 6.5 6.659999847412109 101600
6.599999904632568 7.0 6.559999942779541 6.820000171661377 51900
6.909999847412109 7.170000076293945 6.71999979019165 6.960000038146973 27100
6.760000228881836 6.909999847412109 6.25 6.730000019073486 109700
6.800000190734863 7.480000019073486 6.791999816894531 7.079999923706055 98300
7.150000095367432 7.559999942779541 7.110000133514404 7.21999979019165 63200
7.170000076293945 7.699999809265137 7.099999904632568 7.429999828338623 70500
7.46999979019165 8.802000045776367 7.46999979019165 8.25 162200
8.109999656677246 8.619999885559082 7.820000171661377 8.170000076293945 109600
8.109999656677246 8.760000228881836 7.960000038146973 8.630000114440918 86200
8.779999732971191 8.996999740600586 8.050000190734863 8.180000305175781 79300
8.180000305175781 9.079999923706055 8.010000228881836 8.970000267028809 147100
8.970000267028809 9.559000015258789 8.649999618530273 8.84000015258789 188100
8.9399995803833 9.178000450134277 8.630000114440918 8.770000457763672 37700
8.680000305175781 9.4399995803833 8.680000305175781 9.279999732971191 69600
9.329999923706055 9.899999618530273 9.329999923706055 9.489999771118164 85500
9.649999618530273 10.350000381469727 9.557999610900879 10.09000015258789 83900
10.020000457763672 10.371000289916992 9.960000038146973 10.210000038146973 27000
10.0 10.289999961853027 9.729999542236328 10.140000343322754 37100
10.130000114440918 10.229999542236328 9.329999923706055 10.140000343322754 112800
9.789999961853027 10.470000267028809 9.65999984741211 10.4399995803833 32100
10.5 10.5 9.789999961853027 9.859999656677246 157500
9.880000114440918 10.319999694824219 9.609999656677246 10.239999771118164 39900
10.380000114440918 10.40999984741211 9.609999656677246 9.680000305175781 62700
9.8100004196167 10.239999771118164 9.779999732971191 9.989999771118164 37700
9.880000114440918 10.4399995803833 9.800000190734863 10.100000381469727 36300
10.15999984741211 10.300000190734863 9.729999542236328 9.989999771118164 38600
10.0600004196167 10.0600004196167 9.100000381469727 9.329999923706055 60900
9.239999771118164 9.38700008392334 8.729999542236328 8.930000305175781 104400
8.779999732971191 9.199999809265137 8.569999694824219 8.800000190734863 50600
8.800000190734863 9.300000190734863 8.529999732971191 9.220000267028809 32500
9.199999809265137 9.260000228881836 8.899999618530273 9.130000114440918 34800
9.0 9.170000076293945 8.789999961853027 8.970000267028809 45900
9.149999618530273 9.350000381469727 8.920000076293945 9.029999732971191 39000
9.010000228881836 9.720000267028809 8.949999809265137 9.710000038146973 98700
9.899999618530273 10.390000343322754 9.899999618530273 10.050000190734863 64300
9.710000038146973 10.369999885559082 9.5 10.3100004196167 55100
10.149999618530273 10.75 9.994000434875488 10.390000343322754 83900
10.390000343322754 10.579999923706055 9.819999694824219 10.15999984741211 92900
9.949999809265137 10.100000381469727 9.119999885559082 9.300000190734863 57800
9.510000228881836 9.59000015258789 9.220000267028809 9.329999923706055 27900
9.380000114440918 9.739999771118164 9.050000190734863 9.119999885559082 39800
9.239999771118164 9.479999542236328 9.210000038146973 9.40999984741211 25100
9.220000267028809 9.440999984741211 8.9399995803833 9.170000076293945 80200
9.100000381469727 9.694999694824219 9.010000228881836 9.399999618530273 56400
9.170000076293945 9.420000076293945 9.0 9.079999923706055 38800
9.15999984741211 9.279999732971191 8.902000427246094 9.020000457763672 43200
8.779999732971191 9.100000381469727 8.710000038146973 8.760000228881836 39700
8.59000015258789 8.75 8.279999732971191 8.34000015258789 53900
8.319999694824219 8.664999961853027 8.25 8.5600004196167 71500
8.640000343322754 8.979999542236328 8.527000427246094 8.729999542236328 58200
8.970000267028809 9.09000015258789 8.770000457763672 8.920000076293945 40800
9.0 9.0 8.210000038146973 8.329999923706055 39100
8.319999694824219 8.6899995803833 8.270000457763672 8.449999809265137 23100
8.449999809265137 8.6899995803833 8.380000114440918 8.430000305175781 19700
8.5 8.6899995803833 7.639999866485596 8.069999694824219 100600
7.699999809265137 8.130000114440918 7.699999809265137 8.130000114440918 31800
8.260000228881836 8.34000015258789 8.0600004196167 8.149999618530273 33000
8.260000228881836 8.260000228881836 7.599999904632568 7.664999961853027 30500
7.71999979019165 8.289999961853027 7.559999942779541 8.149999618530273 56300
7.960000038146973 8.25 7.940000057220459 8.170000076293945 37700
8.3100004196167 8.699000358581543 8.029999732971191 8.270000457763672 56100
8.279999732971191 8.510000228881836 8.029999732971191 8.390000343322754 30900
8.199999809265137 8.550000190734863 8.069999694824219 8.34000015258789 41500
8.430000305175781 8.539999961853027 8.039999961853027 8.399999618530273 37500
8.420000076293945 8.550000190734863 8.15999984741211 8.199999809265137 31200
8.09000015258789 8.378999710083008 7.28000020980835 7.840000152587891 108500
7.849999904632568 7.90500020980835 7.059999942779541 7.800000190734863 150200
7.78000020980835 7.880000114440918 7.300000190734863 7.610000133514404 58100
7.749000072479248 7.920000076293945 7.638999938964844 7.829999923706055 89300
7.639999866485596 7.815000057220459 7.449999809265137 7.699999809265137 76200
7.559999942779541 7.559999942779541 6.900000095367432 6.909999847412109 56200
7.070000171661377 7.070000171661377 6.320000171661377 6.369999885559082 69200
6.380000114440918 6.5 6.039999961853027 6.039999961853027 40100
6.340000152587891 6.940000057220459 6.340000152587891 6.650000095367432 65300
6.630000114440918 6.690000057220459 6.150000095367432 6.230000019073486 45900
6.400000095367432 6.639999866485596 6.150000095367432 6.199999809265137 52300
6.389999866485596 6.389999866485596 6.03000020980835 6.130000114440918 36500
6.25 6.699999809265137 6.239999771118164 6.420000076293945 83200
6.559999942779541 6.96999979019165 6.53000020980835 6.639999866485596 35200
6.610000133514404 6.949999809265137 6.400000095367432 6.599999904632568 45900
6.460000038146973 6.690000057220459 6.400000095367432 6.570000171661377 18900
6.659999847412109 6.659999847412109 6.3520002365112305 6.40500020980835 24900
6.360000133514404 6.534999847412109 6.099999904632568 6.429999828338623 19000
6.400000095367432 6.420000076293945 6.019999980926514 6.170000076293945 35500
6.010000228881836 6.833000183105469 5.75 6.550000190734863 172200
6.389999866485596 6.599999904632568 6.03000020980835 6.199999809265137 73000
6.309999942779541 6.802000045776367 6.309999942779541 6.53000020980835 29400
6.900000095367432 7.056000232696533 6.619999885559082 6.920000076293945 28600
7.260000228881836 7.329999923706055 6.821000099182129 6.949999809265137 78000
7.050000190734863 7.400000095367432 6.651000022888184 6.840000152587891 29600
6.699999809265137 7.550000190734863 6.679999828338623 7.400000095367432 40900
7.369999885559082 7.860000133514404 7.000999927520752 7.510000228881836 85300
7.889999866485596 8.140000343322754 7.510000228881836 7.940000057220459 44000
7.900000095367432 8.312999725341797 7.489999771118164 7.760000228881836 37000
7.840000152587891 7.986000061035156 7.559999942779541 7.744999885559082 11400
7.534999847412109 7.9120001792907715 7.455999851226807 7.809999942779541 13600
7.789999961853027 7.827000141143799 7.300000190734863 7.670000076293945 20400
7.519999980926514 8.0 7.329999923706055 7.760000228881836 38400
7.645999908447266 7.980000019073486 7.21999979019165 7.21999979019165 27900
7.110000133514404 8.0 7.110000133514404 7.570000171661377 30500
7.739999771118164 7.980000019073486 7.611999988555908 7.78000020980835 22100
7.840000152587891 8.0 7.699999809265137 7.940000057220459 30100
7.829999923706055 8.039999961853027 7.710999965667725 7.909999847412109 13800
7.889999866485596 7.909999847412109 7.010000228881836 7.25 67000
7.590000152587891 7.599999904632568 7.139999866485596 7.139999866485596 30900
7.139999866485596 7.659999847412109 7.0 7.5 52200
7.880000114440918 8.0 7.070000171661377 7.460000038146973 100200
7.710000038146973 7.860000133514404 7.369999885559082 7.800000190734863 42200
7.690000057220459 7.690000057220459 7.25 7.5 23100
7.28000020980835 7.449999809265137 7.199999809265137 7.28000020980835 23100
7.300000190734863 7.465000152587891 7.119999885559082 7.329999923706055 11700
7.239999771118164 7.409999847412109 6.75 6.829999923706055 74000
6.659999847412109 7.389999866485596 6.659999847412109 7.070000171661377 39500
7.099999904632568 7.329999923706055 7.0 7.050000190734863 25300
7.199999809265137 7.302999973297119 7.03000020980835 7.059999942779541 36100
7.059999942779541 7.197000026702881 6.860000133514404 6.900000095367432 24500
6.989999771118164 6.989999771118164 6.670000076293945 6.71999979019165 42300
6.739999771118164 7.295000076293945 6.71999979019165 7.150000095367432 37700
7.119999885559082 7.349999904632568 6.909999847412109 6.960000038146973 9400
6.800000190734863 6.960000038146973 6.690000057220459 6.913000106811523 32600
6.889999866485596 7.0 6.590000152587891 6.699999809265137 32200
6.730000019073486 6.800000190734863 6.361999988555908 6.400000095367432 47500
6.420000076293945 6.790999889373779 6.349999904632568 6.400000095367432 25200
6.400000095367432 7.059999942779541 6.400000095367432 6.820000171661377 58500
7.429999828338623 7.78000020980835 7.130000114440918 7.710000038146973 162100
7.550000190734863 7.793000221252441 7.409999847412109 7.690000057220459 50000
7.940000057220459 7.940000057220459 7.400000095367432 7.739999771118164 57700
7.659999847412109 7.840000152587891 7.409999847412109 7.650000095367432 46700
7.539999961853027 7.539999961853027 7.239999771118164 7.510000228881836 41800
7.389999866485596 7.579999923706055 7.349999904632568 7.46999979019165 18500
7.46999979019165 7.510000228881836 7.25 7.409999847412109 59100
7.300000190734863 7.349999904632568 7.047999858856201 7.210000038146973 23600
7.199999809265137 7.389999866485596 7.010000228881836 7.010000228881836 32400
7.0 7.21999979019165 7.0 7.21999979019165 35900
7.309999942779541 7.309999942779541 6.809999942779541 7.03000020980835 54300
7.059999942779541 7.070000171661377 6.769999980926514 6.769999980926514 35800
6.849999904632568 6.870999813079834 6.090000152587891 6.309999942779541 92200
6.349999904632568 6.840000152587891 6.125999927520752 6.429999828338623 43800
6.46999979019165 6.920000076293945 6.099999904632568 6.340000152587891 131200
6.75 7.199999809265137 6.510000228881836 6.710000038146973 77800
6.710000038146973 7.070000171661377 6.710000038146973 6.869999885559082 29900
6.900000095367432 7.360000133514404 6.710000038146973 7.199999809265137 49900
7.21999979019165 7.230000019073486 7.0 7.0 25600
7.130000114440918 7.21999979019165 6.940000057220459 7.0 40000
7.210000038146973 7.210000038146973 6.949999809265137 7.070000171661377 34000
7.230000019073486 7.349999904632568 6.960000038146973 7.139999866485596 57000
7.070000171661377 7.849999904632568 7.070000171661377 7.849999904632568 57300
7.769999980926514 8.9399995803833 7.769999980926514 8.84000015258789 137200
9.039999961853027 9.390000343322754 8.550000190734863 8.84000015258789 114400
8.970000267028809 9.102999687194824 8.079999923706055 8.180000305175781 110900
8.180000305175781 8.199999809265137 7.579999923706055 7.650000095367432 64300
7.769999980926514 7.960000038146973 7.539999961853027 7.820000171661377 37400
7.889999866485596 7.889999866485596 7.070000171661377 7.28000020980835 115300
7.400000095367432 7.5 7.199999809265137 7.5 27900
7.5 8.640000343322754 7.5 8.199999809265137 252100
8.15999984741211 8.489999771118164 7.949999809265137 8.260000228881836 56100
8.380000114440918 8.5 8.020000457763672 8.350000381469727 51200
8.380000114440918 8.670000076293945 8.1899995803833 8.289999961853027 35200
8.34000015258789 8.654000282287598 8.149999618530273 8.579999923706055 19200
8.579999923706055 8.800000190734863 8.210000038146973 8.65999984741211 57000
8.770000457763672 8.979999542236328 8.449999809265137 8.600000381469727 45900
8.3100004196167 8.75 8.260000228881836 8.600000381469727 35900
8.6899995803833 8.975000381469727 8.449999809265137 8.789999961853027 31100
8.859999656677246 9.489999771118164 8.75 9.25 57600
9.220000267028809 10.399999618530273 9.109999656677246 10.180000305175781 117500
10.350000381469727 10.350000381469727 9.652000427246094 9.899999618530273 59700
9.800000190734863 9.800000190734863 9.300000190734863 9.479999542236328 33800
9.420000076293945 10.039999961853027 9.359999656677246 9.800000190734863 33600
9.979999542236328 9.989999771118164 9.319999694824219 9.649999618530273 37500
9.930000305175781 9.989999771118164 9.630000114440918 9.739999771118164 12100
9.5 10.317000389099121 9.5 10.050000190734863 72800
10.119999885559082 10.25 9.649999618530273 9.84000015258789 53500
9.800000190734863 9.85200023651123 9.300000190734863 9.350000381469727 53800
9.350000381469727 9.399999618530273 9.0 9.039999961853027 24200
9.079999923706055 9.449999809265137 8.852999687194824 9.449999809265137 21100
9.390000343322754 9.390000343322754 8.899999618530273 8.979999542236328 32600
9.0600004196167 9.3100004196167 8.83899974822998 9.3100004196167 22600
9.3100004196167 9.449999809265137 9.100000381469727 9.4399995803833 10900
9.300000190734863 9.479999542236328 9.149999618530273 9.329999923706055 13100
9.220000267028809 9.447999954223633 9.140000343322754 9.4399995803833 19800
9.109999656677246 9.157999992370605 7.802000045776367 8.75 132300
8.75 8.75 8.194999694824219 8.390000343322754 57500
8.555000305175781 8.6899995803833 8.220000267028809 8.329999923706055 13900
8.369999885559082 8.369999885559082 7.800000190734863 7.889999866485596 40700
7.849999904632568 8.130000114440918 7.360000133514404 7.429999828338623 47900
7.400000095367432 7.500999927520752 6.659999847412109 6.909999847412109 103200
6.75 7.480000019073486 6.75 7.139999866485596 57200
7.099999904632568 7.313000202178955 6.849999904632568 6.949999809265137 60800
6.980000019073486 7.090000152587891 6.735000133514404 6.809999942779541 26600
6.710000038146973 7.210000038146973 6.710000038146973 7.039999961853027 23300
7.099999904632568 7.099999904632568 6.360000133514404 6.579999923706055 72300
6.650000095367432 6.835999965667725 6.050000190734863 6.199999809265137 92000
6.5 6.980000019073486 6.5 6.889999866485596 64500
6.739999771118164 7.0 6.610000133514404 6.679999828338623 22100
6.760000228881836 6.800000190734863 6.510000228881836 6.59499979019165 23000
6.5 6.849999904632568 6.5 6.559999942779541 110200
6.5 6.800000190734863 6.5 6.710000038146973 32500
6.65500020980835 6.820000171661377 6.599999904632568 6.739999771118164 14200
6.840000152587891 6.949999809265137 6.639999866485596 6.75 31900
6.800000190734863 6.866000175476074 5.869999885559082 6.010000228881836 320700
6.03000020980835 6.619999885559082 6.03000020980835 6.460000038146973 56200
6.460000038146973 7.010000228881836 6.460000038146973 6.909999847412109 60000
7.019999980926514 7.099999904632568 6.659999847412109 6.75 191800
6.690000057220459 6.960000038146973 6.480000019073486 6.5 21300
6.869999885559082 6.900000095367432 6.510000228881836 6.840000152587891 33800
6.860000133514404 7.5 6.860000133514404 7.5 30600
7.440000057220459 8.079999923706055 7.052999973297119 8.0 52300
8.100000381469727 8.289999961853027 7.730000019073486 8.149999618530273 34600
8.1899995803833 8.90999984741211 7.989999771118164 8.649999618530273 55200
8.75 8.920000076293945 8.520000457763672 8.670000076293945 82000
8.829999923706055 8.829999923706055 8.210000038146973 8.449999809265137 42200
8.539999961853027 8.539999961853027 7.960000038146973 8.100000381469727 16900
8.354999542236328 8.354999542236328 7.949999809265137 8.3100004196167 26600
8.1899995803833 8.1899995803833 7.699999809265137 7.949999809265137 26700
8.09000015258789 8.17300033569336 7.309999942779541 7.349999904632568 43200
7.429999828338623 7.71999979019165 7.390999794006348 7.590000152587891 41100
7.442999839782715 7.610000133514404 7.050000190734863 7.050000190734863 11800
7.099999904632568 7.099999904632568 6.860000133514404 6.980000019073486 40200
6.940000057220459 7.079999923706055 6.78000020980835 6.849999904632568 16800
6.829999923706055 7.610000133514404 6.829999923706055 7.25 30700
7.230000019073486 7.639999866485596 7.019999980926514 7.070000171661377 27800
7.150000095367432 7.764999866485596 7.059999942779541 7.679999828338623 42800
7.670000076293945 7.900000095367432 7.150000095367432 7.25 48000
7.349999904632568 7.619999885559082 7.050000190734863 7.559999942779541 49100
7.730000019073486 8.470000267028809 7.730000019073486 8.0600004196167 51800
8.4399995803833 9.0 8.300000190734863 8.364999771118164 91200
8.319999694824219 8.710000038146973 8.010000228881836 8.449999809265137 31200
8.470000267028809 8.75 8.149999618530273 8.720000267028809 59800
8.619999885559082 8.699999809265137 8.270000457763672 8.329999923706055 20200
8.359999656677246 8.380000114440918 7.710000038146973 7.869999885559082 73500
7.769999980926514 7.900000095367432 7.610000133514404 7.789999961853027 25900
7.605000019073486 7.760000228881836 7.309999942779541 7.460000038146973 28600
7.570000171661377 7.650000095367432 7.320000171661377 7.409999847412109 51100
7.409999847412109 7.460999965667725 6.989999771118164 7.179999828338623 21900
7.179999828338623 7.78000020980835 7.159999847412109 7.360000133514404 33300
7.369999885559082 7.650000095367432 7.059999942779541 7.46999979019165 28300
7.380000114440918 7.78000020980835 7.192999839782715 7.590000152587891 30900
7.420000076293945 7.789999961853027 7.21999979019165 7.349999904632568 35500
7.369999885559082 7.519999980926514 6.869999885559082 7.119999885559082 64200
7.349999904632568 7.610000133514404 7.099999904632568 7.570000171661377 30700
7.71999979019165 7.880000114440918 7.447000026702881 7.869999885559082 15600
7.800000190734863 7.980000019073486 7.432000160217285 7.579999923706055 32100
7.980000019073486 7.980000019073486 7.539999961853027 7.840000152587891 85500
7.869999885559082 7.980000019073486 7.449999809265137 7.860000133514404 43700
7.960000038146973 8.399999618530273 7.860000133514404 8.350000381469727 45900
8.09000015258789 8.699999809265137 8.050000190734863 8.380000114440918 46600
8.300000190734863 8.621999740600586 8.119999885559082 8.25 45100
8.119999885559082 8.574999809265137 8.039999961853027 8.399999618530273 42700
8.489999771118164 9.300000190734863 8.420000076293945 9.029999732971191 79800
9.289999961853027 10.449999809265137 9.288999557495117 10.09000015258789 149800
10.109999656677246 10.175000190734863 9.65999984741211 9.680000305175781 65700
9.890000343322754 9.899999618530273 9.3100004196167 9.489999771118164 38000
9.4350004196167 9.616999626159668 9.069999694824219 9.220000267028809 45700
9.0 9.246000289916992 8.760000228881836 8.970000267028809 77000
9.079999923706055 9.543999671936035 8.859999656677246 9.149999618530273 45900
9.260000228881836 9.505000114440918 9.149999618530273 9.380000114440918 59600
9.260000228881836 9.385000228881836 9.079999923706055 9.079999923706055 21000
9.069999694824219 9.1899995803833 8.899999618530273 9.109999656677246 28900
9.1899995803833 9.210000038146973 8.40999984741211 8.40999984741211 61100
8.520000457763672 8.720000267028809 8.3100004196167 8.319999694824219 54600
8.260000228881836 8.59000015258789 8.229999542236328 8.40999984741211 29800
8.390000343322754 9.050000190734863 8.380000114440918 8.510000228881836 33900
8.569999694824219 9.10200023651123 8.569999694824219 9.079999923706055 37000
9.1899995803833 9.300000190734863 8.98900032043457 9.279999732971191 20400
9.279999732971191 9.350000381469727 8.899999618530273 9.010000228881836 67200
9.0 9.1899995803833 8.600000381469727 8.710000038146973 31000
8.600000381469727 9.699999809265137 8.569999694824219 9.510000228881836 47700
9.210000038146973 9.789999961853027 9.210000038146973 9.460000038146973 60300
9.699999809265137 10.800000190734863 9.609999656677246 10.800000190734863 139200
11.0 11.258000373840332 9.8100004196167 10.050000190734863 212100
10.0600004196167 10.420000076293945 9.711999893188477 9.850000381469727 133500
9.890000343322754 11.149999618530273 9.739999771118164 10.899999618530273 328300
11.0 11.010000228881836 9.25 9.470000267028809 298300
9.350000381469727 9.670000076293945 8.880999565124512 9.220000267028809 159500
9.1899995803833 9.34000015258789 9.0 9.0 77800
9.029999732971191 9.3100004196167 8.880000114440918 8.960000038146973 38500
9.020000457763672 9.020000457763672 8.550000190734863 8.920000076293945 50800
8.9399995803833 9.199999809265137 8.680000305175781 8.949999809265137 41500
8.850000381469727 9.130000114440918 8.600000381469727 8.600000381469727 42700
8.470000267028809 8.75 8.460000038146973 8.5 24700
8.65999984741211 8.6899995803833 8.319999694824219 8.359999656677246 34300
8.430000305175781 8.680000305175781 8.369999885559082 8.430000305175781 25300
8.4399995803833 8.779999732971191 8.4399995803833 8.569999694824219 27300
8.579999923706055 8.84000015258789 8.506999969482422 8.529999732971191 30200
8.430000305175781 8.899999618530273 8.420000076293945 8.899999618530273 18400
8.880000114440918 8.996999740600586 8.520000457763672 8.619999885559082 25700
8.619999885559082 8.829999923706055 8.550000190734863 8.609999656677246 37500
8.600000381469727 8.960000038146973 8.404999732971191 8.760000228881836 68900
8.350000381469727 8.475000381469727 7.5 7.849999904632568 91500
7.909999847412109 8.520000457763672 7.809999942779541 8.520000457763672 50500
8.479999542236328 8.739999771118164 8.109999656677246 8.399999618530273 35700
8.369999885559082 8.369999885559082 8.050000190734863 8.319999694824219 12900
8.130000114440918 8.329999923706055 8.010000228881836 8.210000038146973 33800
8.3100004196167 8.3100004196167 8.015000343322754 8.029999732971191 7000
8.0 8.039999961853027 7.380000114440918 7.599999904632568 69200
7.489999771118164 7.96999979019165 7.489999771118164 7.650000095367432 25200
7.650000095367432 7.880000114440918 7.599999904632568 7.710000038146973 17800
7.690000057220459 8.0 7.590000152587891 7.829999923706055 12700
7.960000038146973 8.079999923706055 7.730000019073486 7.860000133514404 14200
7.880000114440918 8.223999977111816 7.829999923706055 8.199999809265137 19200
8.267999649047852 8.277999877929688 7.849999904632568 8.0 22800
7.980000019073486 8.104999542236328 7.730000019073486 7.909999847412109 10800
7.869999885559082 7.949999809265137 7.449999809265137 7.449999809265137 30600
7.440000057220459 7.679999828338623 7.429999828338623 7.550000190734863 18200
7.590000152587891 8.0600004196167 7.400000095367432 7.960000038146973 14200
7.989999771118164 8.109999656677246 7.914999961853027 8.100000381469727 39900
8.210000038146973 8.449999809265137 7.78000020980835 8.354999542236328 31100
8.930000305175781 8.930000305175781 7.75 8.180000305175781 52600
8.199999809265137 8.199999809265137 7.840000152587891 8.0 14100
7.849999904632568 8.34000015258789 7.809999942779541 7.949999809265137 14800
8.07800006866455 8.279999732971191 7.934999942779541 8.119999885559082 17900
8.010000228881836 8.239999771118164 7.820000171661377 7.96999979019165 32900
8.069999694824219 8.229999542236328 7.978000164031982 8.09000015258789 36800
8.020000457763672 8.170000076293945 7.873000144958496 8.0 25800
7.960000038146973 8.239999771118164 7.900000095367432 8.239999771118164 49500
8.15999984741211 8.350000381469727 7.820000171661377 7.940000057220459 82800
7.929999828338623 8.069999694824219 7.639999866485596 7.789999961853027 37100
7.710000038146973 7.980000019073486 7.199999809265137 7.260000228881836 93000
7.170000076293945 7.610000133514404 6.5 6.610000133514404 212700
6.510000228881836 7.336999893188477 6.510000228881836 7.099999904632568 100900
6.960000038146973 7.163000106811523 6.789999961853027 6.880000114440918 39000
6.809999942779541 7.295000076293945 6.809999942779541 7.079999923706055 64200
7.079999923706055 7.315000057220459 6.920000076293945 7.0 41000
6.989999771118164 7.139999866485596 6.980000019073486 7.010000228881836 18800
7.079999923706055 7.130000114440918 7.010000228881836 7.010000228881836 9300
7.0 7.446000099182129 6.75 6.769999980926514 43100
6.75 6.989999771118164 6.550000190734863 6.599999904632568 81700
6.599999904632568 7.260000228881836 6.599999904632568 7.0 55400
7.020999908447266 7.150000095367432 6.53000020980835 6.710000038146973 65400
6.610000133514404 6.988999843597412 6.559999942779541 6.820000171661377 59200
6.940000057220459 7.0 6.699999809265137 6.739999771118164 54100
6.789999961853027 7.230000019073486 6.570000171661377 7.070000171661377 14000
6.789999961853027 7.159999847412109 6.789999961853027 6.860000133514404 15400
7.1529998779296875 7.176000118255615 6.790999889373779 6.829999923706055 23400
7.0 7.559999942779541 6.849999904632568 7.110000133514404 66700
7.03000020980835 7.2769999504089355 6.769999980926514 6.940000057220459 38500
7.170000076293945 7.539999961853027 6.698999881744385 6.980000019073486 37200
7.46999979019165 7.929999828338623 6.900000095367432 7.699999809265137 74900
7.75 7.900000095367432 7.185999870300293 7.429999828338623 30800
7.493000030517578 7.519999980926514 7.150000095367432 7.46999979019165 18000
7.349999904632568 7.639999866485596 7.170000076293945 7.215000152587891 39200
7.25 7.389999866485596 6.809999942779541 7.166999816894531 25642
