5.949999809265137 6.75 5.599999904632568 5.960000038146973 1292200
5.599999904632568 6.360000133514404 5.599999904632568 6.199999809265137 118900
6.199999809265137 6.230999946594238 5.909999847412109 6.059999942779541 91900
5.96999979019165 6.099999904632568 5.900000095367432 6.0 118300
5.989999771118164 6.0 5.758999824523926 5.800000190734863 81000
5.989999771118164 6.159999847412109 5.75 5.829999923706055 204400
5.869999885559082 5.9670000076293945 5.650000095367432 5.800000190734863 170400
5.73199987411499 5.880000114440918 5.71999979019165 5.75 36900
5.869999885559082 5.869999885559082 5.619999885559082 5.650000095367432 30500
5.75 5.829999923706055 5.510000228881836 5.690000057220459 39800
5.800000190734863 5.949999809265137 5.557000160217285 5.889999866485596 22100
5.880000114440918 6.589000225067139 5.849999904632568 6.460000038146973 165000
6.409999847412109 6.460000038146973 6.010000228881836 6.429999828338623 36700
6.329999923706055 6.329999923706055 6.010000228881836 6.070000171661377 46700
6.079999923706055 6.320000171661377 6.050000190734863 6.320000171661377 24700
6.236000061035156 6.300000190734863 6.03000020980835 6.099999904632568 39000
6.289999961853027 6.289999961853027 6.019999980926514 6.03000020980835 61000
6.179999828338623 6.179999828338623 5.920000076293945 5.920000076293945 52700
5.960000038146973 5.960000038146973 5.400000095367432 5.679999828338623 92700
5.75 5.8480000495910645 5.579999923706055 5.710000038146973 16300
5.840000152587891 5.840000152587891 5.616000175476074 5.71999979019165 35000
5.690000057220459 6.190000057220459 5.690000057220459 6.013999938964844 7100
6.019999980926514 6.03000020980835 5.809000015258789 6.019999980926514 8500
6.070000171661377 6.139999866485596 5.889999866485596 6.135000228881836 14900
6.289999961853027 6.289999961853027 6.119999885559082 6.230000019073486 13300
6.230000019073486 6.230000019073486 5.809999942779541 6.190000057220459 7100
6.230000019073486 6.230000019073486 5.980000019073486 6.130000114440918 11100
6.0 6.199999809265137 5.989999771118164 6.190000057220459 7000
6.139999866485596 6.230000019073486 5.98199987411499 6.190000057220459 3800
6.199999809265137 6.199999809265137 5.989999771118164 6.111999988555908 6600
5.610000133514404 6.110000133514404 5.610000133514404 6.110000133514404 27800
6.090000152587891 6.099999904632568 6.039999961853027 6.090000152587891 11300
5.71999979019165 6.0 5.699999809265137 5.769999980926514 13200
5.800000190734863 5.920000076293945 5.784999847412109 5.869999885559082 2000
5.642000198364258 5.800000190734863 5.642000198364258 5.800000190734863 11300
5.800000190734863 5.980000019073486 5.650000095367432 5.949999809265137 16600
5.980000019073486 5.980000019073486 5.84499979019165 5.949999809265137 7200
5.980000019073486 5.980000019073486 5.676000118255615 5.960000038146973 5200
5.755000114440918 5.960000038146973 5.755000114440918 5.960000038146973 5200
5.960000038146973 5.960000038146973 5.736000061035156 5.949999809265137 3100
5.980000019073486 5.980000019073486 5.980000019073486 5.980000019073486 300
5.953000068664551 5.96999979019165 5.73799991607666 5.769999980926514 5600
5.880000114440918 5.943999767303467 5.690000057220459 5.849999904632568 15700
5.670000076293945 5.900000095367432 5.670000076293945 5.769999980926514 5900
5.869999885559082 5.900000095367432 5.610000133514404 5.650000095367432 26200
5.699999809265137 5.860000133514404 5.389999866485596 5.389999866485596 15600
5.563000202178955 5.710000038146973 5.380000114440918 5.380000114440918 5000
5.4019999504089355 5.650000095367432 5.400000095367432 5.53000020980835 13100
5.420000076293945 5.559999942779541 5.03000020980835 5.034999847412109 8100
5.079999923706055 5.368000030517578 5.03000020980835 5.050000190734863 13900
4.989999771118164 5.190000057220459 4.75 5.179999828338623 12900
5.170000076293945 5.190000057220459 4.949999809265137 4.949999809265137 17400
4.994999885559082 5.050000190734863 4.909999847412109 4.909999847412109 22400
5.010000228881836 5.050000190734863 4.320000171661377 4.630000114440918 72100
4.630000114440918 4.980000019073486 4.320000171661377 4.320000171661377 12300
4.5 4.5 3.9600000381469727 3.9600000381469727 16000
3.9100000858306885 4.0 3.809999942779541 3.9000000953674316 31000
3.7799999713897705 3.930000066757202 3.6700000762939453 3.6700000762939453 22600
3.619999885559082 3.7100000381469727 3.619999885559082 3.680000066757202 7500
3.7300000190734863 4.224999904632568 3.369999885559082 4.010000228881836 13800
3.9700000286102295 4.330999851226807 3.700000047683716 3.859999895095825 48400
3.930000066757202 4.300000190734863 3.875 3.9000000953674316 18800
4.099999904632568 4.2829999923706055 3.9639999866485596 4.03000020980835 2900
4.03000020980835 4.179999828338623 3.9600000381469727 3.9700000286102295 12400
3.7799999713897705 4.440000057220459 3.509000062942505 4.440000057220459 18600
4.031000137329102 4.480000019073486 4.031000137329102 4.199999809265137 2300
4.400000095367432 4.551000118255615 4.234000205993652 4.550000190734863 12000
4.679999828338623 4.877999782562256 4.409999847412109 4.409999847412109 4900
4.360000133514404 4.572999954223633 4.360000133514404 4.5 1600
4.21999979019165 4.610000133514404 4.21999979019165 4.260000228881836 4600
4.589000225067139 4.589000225067139 4.114999771118164 4.119999885559082 18300
4.199999809265137 4.320000171661377 3.9149999618530273 3.9200000762939453 35800
4.010000228881836 4.03000020980835 4.010000228881836 4.03000020980835 800
3.950000047683716 4.21999979019165 3.950000047683716 4.0 8600
4.059999942779541 4.199999809265137 3.9700000286102295 3.9700000286102295 2200
4.099999904632568 4.199999809265137 3.950000047683716 3.950000047683716 4200
4.119999885559082 4.119999885559082 3.9100000858306885 4.076000213623047 6600
3.950000047683716 4.0 2.819999933242798 2.819999933242798 59100
3.049999952316284 3.2899999618530273 2.9800000190734863 3.0199999809265137 7400
3.0 3.0299999713897705 3.0 3.0 901
