206.0 209.0 206.0 207.1999969482422 2995
207.0 207.10000610351562 204.60000610351562 206.8000030517578 8590
208.0 208.0 205.0 206.0 4670
206.6999969482422 208.39999389648438 205.60000610351562 208.1999969482422 10355
209.39999389648438 210.63999938964844 208.0 208.8000030517578 9175
206.39999389648438 208.39999389648438 206.39999389648438 207.1999969482422 1180
207.0 210.0 206.39999389648438 209.0 1175
208.1999969482422 212.0 208.0 211.1999969482422 1955
211.8000030517578 212.1999969482422 208.39999389648438 209.60000610351562 900
209.0 209.0 201.39999389648438 207.1999969482422 2270
205.8000030517578 210.0 204.8000030517578 208.39999389648438 1330
209.39999389648438 209.39999389648438 203.0 205.0 3270
206.0 206.0 200.0 202.8000030517578 3425
208.39999389648438 208.39999389648438 201.60000610351562 202.1999969482422 5860
203.39999389648438 204.8000030517578 199.39999389648438 201.1999969482422 5370
200.0 201.8000030517578 198.0 201.39999389648438 1945
202.0 202.55999755859375 197.60000610351562 199.60000610351562 6310
199.8000030517578 202.60000610351562 197.1999969482422 199.8000030517578 5560
199.60000610351562 200.0 199.1999969482422 199.1999969482422 840
199.1999969482422 200.60000610351562 199.1999969482422 200.39999389648438 3165
199.39999389648438 200.39999389648438 198.6999969482422 200.39999389648438 12830
199.1999969482422 200.1999969482422 199.1999969482422 199.8000030517578 11300
199.39999389648438 199.60000610351562 199.39999389648438 199.39999389648438 310
199.39999389648438 199.8000030517578 199.1999969482422 199.1999969482422 380
199.1999969482422 199.8000030517578 199.0 199.60000610351562 1790
199.0 199.1999969482422 199.0 199.0 415
199.0 199.0 197.8000030517578 198.5 6185
198.72000122070312 199.0 198.60000610351562 198.60000610351562 1625
197.1999969482422 199.39999389648438 197.0 199.39999389648438 630
198.1999969482422 198.1999969482422 196.39999389648438 197.39999389648438 2115
197.72000122070312 197.72000122070312 196.39999389648438 196.89999389648438 3945
196.60000610351562 199.0 191.0 199.0 3750
199.0 199.39999389648438 199.0 199.39999389648438 385
197.60000610351562 199.0 197.60000610351562 199.0 100
197.1999969482422 199.1999969482422 197.1999969482422 198.1999969482422 315
198.13999938964844 199.1999969482422 198.0 198.0 285
198.1999969482422 198.1999969482422 198.0 198.10000610351562 290
198.0 198.47999572753906 197.8000030517578 198.1999969482422 2350
198.1999969482422 198.89999389648438 198.1999969482422 198.82000732421875 1625
198.8000030517578 198.83999633789062 198.60000610351562 198.8000030517578 5780
198.8000030517578 199.60000610351562 198.8000030517578 199.60000610351562 1890
199.36000061035156 201.39999389648438 199.36000061035156 200.16000366210938 1420
200.8000030517578 201.0 200.8000030517578 200.8000030517578 250
198.60000610351562 201.0 198.60000610351562 201.0 840
199.8000030517578 200.0 199.8000030517578 200.0 8740
199.60000610351562 201.0 199.1999969482422 200.8000030517578 2215
199.0 201.0 198.8000030517578 199.39999389648438 43740
199.60000610351562 201.0 199.60000610351562 200.10000610351562 13390
201.60000610351562 201.60000610351562 199.1999969482422 200.39999389648438 2570
198.8000030517578 202.0 198.8000030517578 202.0 1010
200.0 201.0 200.0 201.0 635
200.33999633789062 200.5 200.1999969482422 200.5 85
200.1999969482422 200.1999969482422 199.60000610351562 199.60000610351562 85
199.8800048828125 200.1999969482422 199.8800048828125 200.10000610351562 140
199.60000610351562 200.39999389648438 199.39999389648438 200.10000610351562 2425
200.0 200.0 199.39999389648438 200.0 1055
200.0 200.39999389648438 199.60000610351562 200.39999389648438 310
199.8000030517578 200.8000030517578 199.8000030517578 200.60000610351562 660
199.60000610351562 200.5 199.60000610351562 200.0 585
200.0 200.39999389648438 199.39999389648438 200.39999389648438 4585
200.0 200.0 199.60000610351562 199.60000610351562 225
199.60000610351562 200.0 199.39999389648438 200.0 1555
200.0 200.0 198.39999389648438 199.1999969482422 3485
199.39999389648438 200.39999389648438 198.60000610351562 198.60000610351562 565
198.39999389648438 199.8000030517578 198.39999389648438 199.8000030517578 50
198.1999969482422 199.60000610351562 198.0 199.60000610351562 220
198.60000610351562 199.60000610351562 198.60000610351562 198.8000030517578 235
198.39999389648438 199.0 198.39999389648438 198.60000610351562 970
198.17999267578125 199.8000030517578 198.17999267578125 199.8000030517578 60
198.1999969482422 199.60000610351562 198.1999969482422 199.60000610351562 50
197.8000030517578 199.60000610351562 197.8000030517578 199.39999389648438 120
198.0 199.60000610351562 198.0 199.39999389648438 495
199.39999389648438 199.39999389648438 199.0 199.0 1110
199.0 200.0 199.0 200.0 1725
200.0 200.0 200.0 200.0 0
198.60000610351562 200.0 198.39999389648438 200.0 1185
199.60000610351562 199.8000030517578 199.60000610351562 199.8000030517578 35
199.1999969482422 200.0 199.0 200.0 1535
199.0 200.1999969482422 198.8000030517578 199.0 1305
199.0 199.0 199.0 199.0 20
199.4199981689453 199.60000610351562 199.39999389648438 199.60000610351562 1080
199.39999389648438 199.60000610351562 199.39999389648438 199.60000610351562 555
199.39999389648438 199.39999389648438 199.39999389648438 199.39999389648438 15
199.60000610351562 199.8000030517578 199.39999389648438 199.8000030517578 460
199.60000610351562 200.0 199.60000610351562 200.0 11545
201.0 201.0 200.0 200.0 1655
200.1999969482422 200.1999969482422 199.8000030517578 200.0 1620
200.0 200.0 199.60000610351562 199.8000030517578 880
199.60000610351562 200.0 199.39999389648438 199.8000030517578 290
200.0 200.0 200.0 200.0 285
200.0 200.39999389648438 200.0 200.0 385
200.0 200.0 200.0 200.0 825
199.39999389648438 200.5 199.0 200.39999389648438 4545
199.1999969482422 200.0 199.1999969482422 200.0 3255
200.0 200.0 199.1999969482422 199.60000610351562 100
199.8800048828125 199.8800048828125 199.1999969482422 199.1999969482422 15
200.8000030517578 201.0 199.1999969482422 199.8000030517578 700
200.1999969482422 200.39999389648438 200.0 200.39999389648438 235
202.0 202.0 200.8000030517578 201.0 60985
201.39999389648438 201.39999389648438 200.1999969482422 201.0 32445
201.60000610351562 201.60000610351562 200.8000030517578 200.8000030517578 2320
201.8000030517578 201.8000030517578 200.60000610351562 201.0 6280
201.1999969482422 201.1999969482422 200.60000610351562 200.8000030517578 845
200.1999969482422 201.0 200.1999969482422 201.0 4640
200.8000030517578 201.0 200.60000610351562 201.0 2325
200.8000030517578 201.39999389648438 200.44000244140625 201.39999389648438 115
200.8000030517578 200.8000030517578 200.5 200.8000030517578 1190
201.0 201.0 200.39999389648438 200.8000030517578 4800
200.39999389648438 201.39999389648438 200.0 200.39999389648438 13125
201.1999969482422 201.1999969482422 200.60000610351562 200.60000610351562 2660
200.60000610351562 200.8000030517578 200.3000030517578 200.8000030517578 395
200.8000030517578 201.60000610351562 200.1999969482422 201.0 8890
201.60000610351562 201.8000030517578 201.0 201.0 380
201.0 202.0 201.0 201.60000610351562 4585
201.60000610351562 203.0 200.8000030517578 202.0 3280
201.1999969482422 201.39999389648438 201.10000610351562 201.39999389648438 45
201.0 201.39999389648438 200.8000030517578 201.39999389648438 230
200.8000030517578 201.39999389648438 200.0 200.60000610351562 8500
200.39999389648438 200.60000610351562 200.39999389648438 200.60000610351562 2290
200.60000610351562 200.60000610351562 200.39999389648438 200.39999389648438 80
200.1999969482422 200.89999389648438 200.1999969482422 200.89999389648438 15970
200.8000030517578 200.89999389648438 200.8000030517578 200.8000030517578 455
200.60000610351562 200.8000030517578 200.39999389648438 200.8000030517578 730
201.0 201.0 200.60000610351562 200.60000610351562 30
200.39999389648438 200.4600067138672 200.39999389648438 200.4600067138672 70
200.39999389648438 200.8000030517578 198.89999389648438 199.60000610351562 18135
199.39999389648438 201.0 199.39999389648438 201.0 4725
201.0 201.1999969482422 200.60000610351562 201.1999969482422 460
201.1999969482422 201.8000030517578 200.60000610351562 201.1999969482422 810
201.60000610351562 202.0 200.60000610351562 200.8000030517578 1680
201.1999969482422 201.36000061035156 200.6999969482422 201.36000061035156 275
202.0 202.0 200.60000610351562 201.8000030517578 130
201.1199951171875 201.1199951171875 200.8000030517578 201.0 40
200.8000030517578 201.0 200.39999389648438 200.60000610351562 4500
200.60000610351562 200.60000610351562 200.60000610351562 200.60000610351562 0
200.8000030517578 201.0 200.39999389648438 200.39999389648438 665
200.39999389648438 201.0 200.39999389648438 200.60000610351562 740
201.0 201.0 200.39999389648438 200.39999389648438 360
200.39999389648438 200.39999389648438 200.39999389648438 200.39999389648438 35
200.9600067138672 200.9600067138672 200.39999389648438 200.39999389648438 115
201.1999969482422 201.1999969482422 200.39999389648438 200.39999389648438 135
200.39999389648438 201.10000610351562 200.39999389648438 200.60000610351562 145
201.1999969482422 201.1999969482422 200.39999389648438 200.6999969482422 275
200.82000732421875 200.82000732421875 200.39999389648438 200.39999389648438 45
200.39999389648438 200.39999389648438 200.39999389648438 200.39999389648438 5
200.8000030517578 201.1999969482422 200.39999389648438 200.8000030517578 1465
200.89999389648438 200.89999389648438 200.60000610351562 200.60000610351562 25
200.60000610351562 200.60000610351562 200.60000610351562 200.60000610351562 0
200.60000610351562 200.60000610351562 200.60000610351562 200.60000610351562 0
200.60000610351562 200.60000610351562 200.60000610351562 200.60000610351562 20
202.0 202.0 200.60000610351562 200.60000610351562 170
201.39999389648438 201.60000610351562 200.8000030517578 200.8000030517578 1340
201.10000610351562 201.39999389648438 201.10000610351562 201.39999389648438 570
201.0399932861328 201.39999389648438 201.0 201.39999389648438 1985
202.0 202.60000610351562 201.1999969482422 201.8000030517578 3100
201.72000122070312 202.60000610351562 201.3000030517578 202.0 915
201.39999389648438 202.5399932861328 201.39999389648438 202.0 235
201.60000610351562 202.0 201.60000610351562 201.60000610351562 25965
201.39999389648438 201.8000030517578 201.39999389648438 201.8000030517578 70
202.0 202.1999969482422 201.60000610351562 202.0 575
201.60000610351562 202.33999633789062 201.60000610351562 202.0 85
201.39999389648438 202.60000610351562 201.39999389648438 202.0 2685
201.60000610351562 202.1999969482422 201.60000610351562 202.1999969482422 1930
202.8000030517578 203.0 202.0 202.1999969482422 1420
202.0 202.5 202.0 202.22000122070312 60
202.5 202.60000610351562 202.36000061035156 202.39999389648438 165
202.39999389648438 202.39999389648438 202.39999389648438 202.39999389648438 50
202.8000030517578 202.8000030517578 202.0 202.0 115
202.0800018310547 202.39999389648438 202.0 202.1999969482422 95
202.8000030517578 202.8000030517578 202.1999969482422 202.39999389648438 60
202.8000030517578 202.8000030517578 202.60000610351562 202.8000030517578 1270
202.8000030517578 202.8000030517578 202.1999969482422 202.1999969482422 27530
202.1999969482422 202.39999389648438 201.60000610351562 201.8000030517578 75755
202.60000610351562 203.0 202.39999389648438 202.60000610351562 26625
202.60000610351562 202.60000610351562 202.60000610351562 202.60000610351562 305
202.60000610351562 202.60000610351562 202.1999969482422 202.1999969482422 25
202.39999389648438 202.44000244140625 202.39999389648438 202.44000244140625 305
203.0 203.0 202.8000030517578 202.8000030517578 60
202.39999389648438 202.39999389648438 202.39999389648438 202.39999389648438 12005
202.60000610351562 203.0 202.39999389648438 203.0 1340
203.0 203.0 202.60000610351562 202.60000610351562 10530
202.60000610351562 202.63999938964844 202.60000610351562 202.63999938964844 35
203.0 203.0 202.39999389648438 202.39999389648438 215
203.0 203.0 203.0 203.0 425
203.0 203.0 203.0 203.0 315
202.39999389648438 202.39999389648438 202.39999389648438 202.39999389648438 170
203.0 203.0 203.0 203.0 55
202.60000610351562 202.60000610351562 202.60000610351562 202.60000610351562 25
203.0 203.0 202.1999969482422 203.0 34080
203.0 203.0 202.60000610351562 203.0 1670
203.1999969482422 203.1999969482422 202.60000610351562 202.60000610351562 32630
202.60000610351562 203.1999969482422 202.60000610351562 203.0 1025
203.0 203.0 202.8000030517578 202.89999389648438 7255
202.8000030517578 202.8000030517578 202.1999969482422 202.6999969482422 5340
202.67999267578125 203.0 202.67999267578125 203.0 715
203.10000610351562 203.10000610351562 202.60000610351562 202.60000610351562 1345
202.60000610351562 203.0 202.60000610351562 202.6199951171875 6175
203.1999969482422 203.1999969482422 202.60000610351562 202.8000030517578 2940
202.8000030517578 202.8000030517578 202.8000030517578 202.8000030517578 2730
202.8000030517578 202.8000030517578 202.60000610351562 202.60000610351562 150
202.60000610351562 202.60000610351562 202.60000610351562 202.60000610351562 95
202.60000610351562 202.8000030517578 202.60000610351562 202.8000030517578 255
202.60000610351562 202.60000610351562 202.60000610351562 202.60000610351562 240
202.8000030517578 202.8000030517578 202.39999389648438 202.6999969482422 135
202.8000030517578 203.1999969482422 202.60000610351562 202.60000610351562 3950
202.60000610351562 202.60000610351562 202.60000610351562 202.60000610351562 0
202.39999389648438 203.1999969482422 202.0 202.1999969482422 5325
202.60000610351562 203.0 202.60000610351562 203.0 45
203.0 203.1999969482422 202.8000030517578 203.1999969482422 1410
202.89999389648438 203.60000610351562 202.89999389648438 203.1999969482422 1270
203.5399932861328 203.5399932861328 203.0 203.0 540
203.60000610351562 203.60000610351562 203.1999969482422 203.60000610351562 1280
202.39999389648438 203.60000610351562 202.39999389648438 202.39999389648438 11675
202.5 202.89999389648438 202.3000030517578 202.60000610351562 23720
202.47999572753906 203.0 202.39999389648438 203.0 815
203.1999969482422 203.1999969482422 203.1999969482422 203.1999969482422 230
203.1999969482422 203.1999969482422 203.1999969482422 203.1999969482422 0
203.1999969482422 203.1999969482422 203.1999969482422 203.1999969482422 0
203.1999969482422 203.1999969482422 202.1999969482422 202.8000030517578 8425
202.3000030517578 203.1999969482422 202.1999969482422 203.1999969482422 870
202.39999389648438 203.1999969482422 202.39999389648438 203.1999969482422 85
202.39999389648438 203.60000610351562 202.39999389648438 203.1999969482422 290
202.63999938964844 203.0 202.39999389648438 203.0 1990
202.39999389648438 203.39999389648438 202.39999389648438 203.39999389648438 60
202.39999389648438 202.39999389648438 202.39999389648438 202.39999389648438 355
202.39999389648438 202.39999389648438 202.0 202.1999969482422 10795
202.1999969482422 202.1999969482422 202.0 202.0 3465
202.0 202.60000610351562 202.0 202.25999450683594 1500
202.60000610351562 202.60000610351562 202.1999969482422 202.1999969482422 5885
202.1999969482422 203.0 202.1999969482422 202.39999389648438 2440
202.39999389648438 202.39999389648438 202.39999389648438 202.39999389648438 0
202.8000030517578 202.8000030517578 202.8000030517578 202.8000030517578 20
202.39999389648438 202.8000030517578 202.39999389648438 202.39999389648438 235
202.39999389648438 202.39999389648438 202.39999389648438 202.39999389648438 75
202.39999389648438 202.60000610351562 202.39999389648438 202.60000610351562 165
202.39999389648438 202.39999389648438 202.39999389648438 202.39999389648438 3265
202.4199981689453 202.8000030517578 202.39999389648438 202.8000030517578 2640
202.8000030517578 202.8000030517578 202.39999389648438 202.8000030517578 5080
202.8000030517578 203.1999969482422 202.8000030517578 202.8000030517578 39765
202.97999572753906 203.1999969482422 202.8000030517578 203.0 2140
202.8000030517578 203.0 202.8000030517578 202.8000030517578 34885
203.0 203.1999969482422 202.8000030517578 203.1999969482422 6105
203.10000610351562 203.39999389648438 203.0 203.39999389648438 23195
203.1999969482422 203.60000610351562 203.1999969482422 203.39999389648438 13915
203.39999389648438 203.39999389648438 203.1999969482422 203.39999389648438 11570
203.1999969482422 203.60000610351562 203.1999969482422 203.60000610351562 26345
203.60000610351562 203.60000610351562 203.39999389648438 203.39999389648438 7600
203.39999389648438 203.60000610351562 203.39999389648438 203.5 8785
203.39999389648438 203.8000030517578 203.39999389648438 203.60000610351562 32730
189.39999389648438 191.39999389648438 180.0 182.60000610351562 6450
180.60000610351562 198.8000030517578 180.60000610351562 193.60000610351562 2490
193.0 195.60000610351562 189.1999969482422 191.39999389648438 675
190.8000030517578 195.8000030517578 190.10000610351562 195.60000610351562 565
194.8000030517578 202.1999969482422 185.60000610351562 191.39999389648438 1375
190.8000030517578 200.8000030517578 182.0 198.39999389648438 1890
198.0 198.0 180.9199981689453 191.0 750
210.1999969482422 320.0 182.8000030517578 222.39999389648438 18845
227.39999389648438 254.60000610351562 215.39999389648438 226.8000030517578 8355
238.0 285.8999938964844 225.5 247.60000610351562 12330
283.79998779296875 2160.0 283.79998779296875 1853.0 633305
1400.0 1565.0 840.0 920.0 103630
700.0 879.7999877929688 641.0 752.7999877929688 63140
708.4000244140625 840.0 680.0 698.0 31800
602.5999755859375 746.2000122070312 602.0 729.7999877929688 7815
762.5999755859375 1434.199951171875 734.2000122070312 1098.0 167220
1018.7999877929688 1144.4000244140625 905.0 958.5399780273438 36920
943.0 1079.3399658203125 928.0 1045.5999755859375 16180
1031.0 1310.4000244140625 966.4000244140625 999.7999877929688 40940
1057.199951171875 1135.780029296875 981.7999877929688 1071.5999755859375 19090
1048.0 1090.0 802.0 849.5999755859375 20800
798.0 810.4000244140625 527.2000122070312 533.0 24235
556.0 569.9000244140625 303.3999938964844 305.0 68525
337.0 337.0 267.5 282.20001220703125 67665
282.20001220703125 348.3999938964844 270.0 284.6000061035156 170085
259.3999938964844 260.0 196.0 214.1999969482422 138510
216.39999389648438 223.60000610351562 193.8000030517578 214.0 50150
205.0 215.60000610351562 195.39999389648438 201.0 58555
204.1999969482422 207.8000030517578 184.0 188.0 78740
189.0 199.1999969482422 184.1999969482422 190.0 46895
189.60000610351562 197.1999969482422 178.60000610351562 183.0 56275
183.0 198.8000030517578 180.0 186.60000610351562 31590
186.60000610351562 188.75999450683594 174.0 175.1999969482422 36265
172.8000030517578 183.39999389648438 170.1999969482422 173.0 43325
173.0 175.0 157.60000610351562 159.0 35490
161.60000610351562 161.60000610351562 154.0 159.8000030517578 25255
160.1999969482422 162.47999572753906 155.0 158.1999969482422 19370
163.8000030517578 187.60000610351562 156.39999389648438 165.39999389648438 315950
168.39999389648438 193.39999389648438 164.1999969482422 171.0 375300
207.0 216.0 182.60000610351562 198.8000030517578 818770
183.39999389648438 184.39999389648438 163.60000610351562 166.8000030517578 204430
160.39999389648438 163.39999389648438 157.0 161.1999969482422 78310
158.60000610351562 188.8000030517578 155.60000610351562 175.8000030517578 441285
167.0 170.8000030517578 155.39999389648438 163.39999389648438 106895
161.60000610351562 167.0 156.0 159.1999969482422 67840
150.8000030517578 156.39999389648438 141.1999969482422 143.8000030517578 78950
142.1999969482422 152.0 141.39999389648438 142.39999389648438 51855
140.0 142.89999389648438 129.39999389648438 132.8000030517578 47280
129.1999969482422 136.0 128.82000732421875 134.1999969482422 28755
137.0 137.0 122.12000274658203 124.5999984741211 39230
121.19999694824219 126.5999984741211 120.0 124.5999984741211 25035
125.19999694824219 131.1999969482422 125.0 130.39999389648438 20990
130.39999389648438 131.0 119.19999694824219 119.80000305175781 19625
121.0 127.26000213623047 120.0 124.19999694824219 39315
128.0 131.1999969482422 121.4000015258789 127.0 44505
125.0 129.75999450683594 120.27999877929688 126.5999984741211 22475
124.5999984741211 124.5999984741211 117.0 120.19999694824219 28160
117.4000015258789 134.0 115.0 127.19999694824219 73475
127.4000015258789 131.82000732421875 120.19999694824219 127.4000015258789 24825
128.60000610351562 129.39999389648438 119.5999984741211 121.5999984741211 9160
119.0 120.0 112.0 114.80000305175781 31280
117.0 119.19999694824219 106.0 112.80000305175781 63785
114.19999694824219 116.5999984741211 108.0 116.4000015258789 21675
111.80000305175781 115.5999984741211 105.27999877929688 108.4000015258789 31575
105.5999984741211 106.5199966430664 101.0 104.80000305175781 30025
100.4000015258789 102.5999984741211 97.44000244140625 101.0 30590
98.80000305175781 102.80000305175781 95.19999694824219 99.4000015258789 31375
100.80000305175781 105.0 93.4000015258789 98.4000015258789 40395
97.0 113.30000305175781 95.5999984741211 111.4000015258789 36655
108.80000305175781 113.80000305175781 100.5999984741211 102.5999984741211 34280
103.4000015258789 109.19999694824219 99.19999694824219 107.19999694824219 13615
109.19999694824219 127.94000244140625 103.5999984741211 120.0 64275
113.4000015258789 115.30000305175781 102.5999984741211 110.4000015258789 31080
107.19999694824219 114.0 106.19999694824219 110.80000305175781 11290
109.80000305175781 110.19999694824219 101.19999694824219 105.5999984741211 18785
106.4000015258789 107.4000015258789 100.80000305175781 103.19999694824219 9325
101.80000305175781 104.0 92.5999984741211 96.80000305175781 20375
95.0 125.16000366210938 93.19999694824219 120.0999984741211 90085
114.80000305175781 124.5999984741211 111.0 116.5999984741211 36120
115.5999984741211 122.0 113.5999984741211 121.4000015258789 14435
120.0 127.80000305175781 117.0 121.5999984741211 15660
121.80000305175781 121.80000305175781 118.0 120.4000015258789 15195
120.0 121.5999984741211 115.5999984741211 120.80000305175781 6020
117.80000305175781 127.0 117.5999984741211 124.4000015258789 10890
121.0 127.4000015258789 106.19999694824219 107.5999984741211 24480
105.80000305175781 109.80000305175781 102.0 106.80000305175781 11850
106.19999694824219 112.19999694824219 104.19999694824219 110.0 11615
110.0 111.0 104.0 104.4000015258789 12100
104.19999694824219 104.19999694824219 95.0 96.0 18730
95.0 96.80000305175781 84.44000244140625 85.5999984741211 16345
88.4000015258789 93.80000305175781 84.19999694824219 85.19999694824219 37105
85.0 87.19999694824219 81.5999984741211 84.4000015258789 14010
81.4000015258789 86.69999694824219 80.0 86.5999984741211 8705
85.4000015258789 92.80000305175781 85.4000015258789 91.80000305175781 65775
101.19999694824219 101.80000305175781 93.4000015258789 93.5999984741211 12065
91.4000015258789 101.5999984741211 91.19999694824219 99.19999694824219 10175
99.19999694824219 109.5999984741211 96.80000305175781 105.80000305175781 11405
105.80000305175781 113.80000305175781 104.9800033569336 107.0 67065
104.5999984741211 108.4800033569336 95.19999694824219 95.80000305175781 9570
95.5999984741211 96.72000122070312 89.0 90.0 10310
88.80000305175781 89.19999694824219 81.80000305175781 82.4000015258789 7780
85.5999984741211 94.5999984741211 81.19999694824219 92.5999984741211 27350
90.19999694824219 96.80000305175781 88.5999984741211 96.5999984741211 10060
93.5999984741211 96.58000183105469 90.5999984741211 95.80000305175781 6400
96.19999694824219 96.30000305175781 90.0 94.4000015258789 8125
94.5999984741211 105.5999984741211 91.0999984741211 100.0 24740
97.4000015258789 98.0 93.19999694824219 96.0 8215
95.0 95.0 90.80000305175781 92.0 4310
92.5999984741211 94.19999694824219 91.4000015258789 93.80000305175781 4150
90.5999984741211 97.4000015258789 90.5999984741211 96.0 5765
94.0 94.13999938964844 89.19999694824219 90.19999694824219 5100
91.80000305175781 92.80000305175781 89.19999694824219 90.4000015258789 7955
94.5999984741211 102.0 89.0 92.19999694824219 21540
94.4000015258789 95.80000305175781 89.5999984741211 90.80000305175781 7190
92.0 94.4000015258789 89.5999984741211 93.80000305175781 5985
94.19999694824219 104.4000015258789 90.5999984741211 99.4000015258789 13970
100.19999694824219 100.19999694824219 94.30000305175781 97.5999984741211 4530
96.80000305175781 99.4000015258789 91.4000015258789 98.80000305175781 9345
96.0 99.0 92.95999908447266 96.80000305175781 4635
98.5999984741211 99.0 94.0 97.4000015258789 14970
98.80000305175781 100.94000244140625 94.5999984741211 96.4000015258789 3575
97.5999984741211 103.80000305175781 96.4000015258789 100.5999984741211 9130
100.5999984741211 100.5999984741211 93.80000305175781 98.80000305175781 7670
98.0 100.4000015258789 96.0 96.5999984741211 4660
96.80000305175781 101.19999694824219 96.0999984741211 99.4000015258789 8305
98.12000274658203 104.19999694824219 97.80000305175781 99.4000015258789 9990
99.19999694824219 102.0 98.0 100.80000305175781 8990
102.0 103.0199966430664 95.5999984741211 98.80000305175781 11155
104.19999694824219 104.19999694824219 96.5999984741211 99.80000305175781 16110
98.5999984741211 100.0 75.5999984741211 78.4000015258789 114855
80.0 86.0 76.4000015258789 82.0 57530
81.5999984741211 82.5999984741211 77.5999984741211 79.4000015258789 35210
77.19999694824219 79.19999694824219 73.4000015258789 74.0 36260
73.19999694824219 74.4000015258789 57.599998474121094 72.0 104020
70.0 72.4000015258789 62.79999923706055 65.5999984741211 52800
66.80000305175781 66.80000305175781 63.400001525878906 64.5 12455
62.400001525878906 62.79999923706055 60.20000076293945 61.79999923706055 16815
61.400001525878906 61.599998474121094 57.20000076293945 58.0 22600
59.0 62.0 57.400001525878906 62.0 15920
61.599998474121094 63.79999923706055 60.79999923706055 61.79999923706055 19705
61.20000076293945 69.19999694824219 60.599998474121094 67.4000015258789 72305
65.19999694824219 66.30000305175781 59.0 59.20000076293945 34500
58.0 62.599998474121094 56.400001525878906 57.79999923706055 38065
57.400001525878906 57.70000076293945 51.599998474121094 52.599998474121094 41910
53.400001525878906 68.0 53.400001525878906 55.79999923706055 258855
53.599998474121094 57.400001525878906 52.20000076293945 56.20000076293945 39380
55.599998474121094 58.20000076293945 54.400001525878906 54.79999923706055 11440
56.0 58.599998474121094 54.400001525878906 56.599998474121094 19835
56.599998474121094 61.5 56.0 59.79999923706055 13165
57.79999923706055 59.29999923706055 55.20000076293945 56.0 13475
56.400001525878906 60.79999923706055 56.400001525878906 58.0 17145
60.20000076293945 61.79999923706055 57.20000076293945 58.400001525878906 18365
56.79999923706055 58.20000076293945 54.0 54.20000076293945 15485
55.0 56.20000076293945 53.400001525878906 54.79999923706055 30170
58.599998474121094 58.599998474121094 53.400001525878906 54.599998474121094 33900
53.400001525878906 54.400001525878906 52.20000076293945 52.79999923706055 64420
52.20000076293945 52.79999923706055 49.599998474121094 50.599998474121094 36650
50.0 52.599998474121094 45.400001525878906 46.0 35865
46.0 46.599998474121094 41.599998474121094 42.0 31525
42.599998474121094 43.599998474121094 40.400001525878906 43.400001525878906 26915
41.400001525878906 46.20000076293945 40.599998474121094 45.79999923706055 24310
45.20000076293945 47.79999923706055 44.0 46.599998474121094 21970
47.0 47.400001525878906 42.599998474121094 45.400001525878906 28425
44.0 51.380001068115234 44.0 50.0 18530
48.79999923706055 51.0 47.20000076293945 49.599998474121094 7890
49.400001525878906 51.20000076293945 46.70000076293945 47.20000076293945 14215
48.599998474121094 50.20000076293945 47.0 48.79999923706055 8005
50.400001525878906 51.20000076293945 48.599998474121094 51.0 12635
49.400001525878906 50.79999923706055 47.560001373291016 49.20000076293945 7840
48.400001525878906 50.560001373291016 47.599998474121094 49.599998474121094 5155
49.0 50.400001525878906 48.0 50.0 5365
50.0 51.599998474121094 48.599998474121094 49.599998474121094 8075
48.599998474121094 48.599998474121094 44.099998474121094 45.599998474121094 7085
45.400001525878906 46.79999923706055 42.0 44.5 13370
42.599998474121094 44.900001525878906 42.599998474121094 44.20000076293945 5915
44.79999923706055 45.79999923706055 41.20000076293945 42.0 6925
44.0 45.20000076293945 42.400001525878906 43.0 6380
43.400001525878906 47.400001525878906 43.20000076293945 46.599998474121094 6945
45.79999923706055 46.79999923706055 42.599998474121094 42.79999923706055 5490
42.79999923706055 45.20000076293945 41.400001525878906 41.599998474121094 4730
42.599998474121094 42.599998474121094 41.0 42.0 4175
42.0 44.400001525878906 40.599998474121094 43.599998474121094 12720
43.79999923706055 44.79999923706055 42.400001525878906 42.79999923706055 7245
43.400001525878906 46.0 42.20000076293945 44.20000076293945 16685
44.20000076293945 46.20000076293945 43.400001525878906 43.599998474121094 4955
44.599998474121094 45.400001525878906 42.400001525878906 44.400001525878906 3480
44.20000076293945 45.0 42.400001525878906 42.79999923706055 3470
44.0 45.20000076293945 42.400001525878906 43.599998474121094 4000
43.0 44.79999923706055 41.400001525878906 41.599998474121094 4160
42.400001525878906 43.58000183105469 37.0 40.400001525878906 18910
40.599998474121094 41.20000076293945 38.79999923706055 40.79999923706055 8585
41.79999923706055 41.79999923706055 39.02000045776367 40.400001525878906 4930
41.0 42.0 39.0 41.400001525878906 5435
41.599998474121094 44.599998474121094 40.79999923706055 43.0 5845
44.20000076293945 46.0 42.20000076293945 43.0 7310
45.0 47.70000076293945 42.400001525878906 45.400001525878906 4655
44.0 44.0 39.20000076293945 40.0 12825
41.0 42.599998474121094 38.0 39.0 9920
38.400001525878906 39.0 37.29999923706055 38.20000076293945 7845
37.400001525878906 38.380001068115234 36.0 36.79999923706055 7400
38.0 38.0 36.20000076293945 37.400001525878906 3220
36.599998474121094 37.7599983215332 34.20000076293945 36.20000076293945 7420
36.20000076293945 37.29999923706055 35.400001525878906 36.599998474121094 2175
37.20000076293945 38.599998474121094 35.959999084472656 37.400001525878906 5100
37.599998474121094 37.79999923706055 34.400001525878906 36.20000076293945 3205
36.0 36.79999923706055 34.20000076293945 34.400001525878906 5290
34.900001525878906 36.0 34.400001525878906 35.0 2885
37.20000076293945 37.599998474121094 34.400001525878906 37.20000076293945 3410
38.0 39.79999923706055 36.20000076293945 38.0 4715
36.79999923706055 39.79999923706055 35.0 35.79999923706055 5790
35.400001525878906 36.599998474121094 35.20000076293945 36.400001525878906 2445
35.41999816894531 36.0 34.20000076293945 36.0 3785
36.0 36.0 33.599998474121094 34.0 10100
34.20000076293945 34.79999923706055 33.0 33.599998474121094 4485
32.79999923706055 34.0 32.400001525878906 32.400001525878906 3860
32.0 33.599998474121094 31.799999237060547 32.400001525878906 5105
33.79999923706055 34.400001525878906 32.220001220703125 34.400001525878906 4400
32.599998474121094 34.0 30.0 31.0 6050
30.200000762939453 31.399999618530273 29.200000762939453 30.399999618530273 6780
29.799999237060547 30.399999618530273 27.600000381469727 28.200000762939453 12940
28.799999237060547 30.040000915527344 25.399999618530273 26.799999237060547 14735
27.0 27.600000381469727 22.799999237060547 23.200000762939453 19380
22.799999237060547 24.600000381469727 22.0 24.600000381469727 14815
24.600000381469727 24.600000381469727 22.299999237060547 23.600000381469727 7990
23.0 24.299999237060547 22.399999618530273 22.600000381469727 12590
23.200000762939453 23.200000762939453 20.399999618530273 20.799999237060547 15010
20.399999618530273 21.0 19.600000381469727 19.799999237060547 20320
19.84000015258789 23.799999237060547 19.299999237060547 23.200000762939453 27665
22.200000762939453 24.799999237060547 22.0 23.799999237060547 11620
23.799999237060547 25.799999237060547 22.600000381469727 25.0 4555
25.200000762939453 25.200000762939453 22.799999237060547 24.0 6835
23.399999618530273 24.799999237060547 23.0 23.799999237060547 3795
25.0 25.0 23.200000762939453 24.200000762939453 2475
25.200000762939453 25.200000762939453 24.020000457763672 24.399999618530273 4000
24.799999237060547 25.0 24.0 24.799999237060547 1770
24.600000381469727 26.600000381469727 24.200000762939453 26.299999237060547 6935
27.399999618530273 35.0 25.600000381469727 26.799999237060547 41975
26.399999618530273 29.600000381469727 26.0 28.200000762939453 11190
29.600000381469727 39.20000076293945 28.200000762939453 29.600000381469727 73790
29.0 31.200000762939453 26.0 26.399999618530273 22150
26.200000762939453 28.299999237060547 26.0 26.200000762939453 14685
27.600000381469727 27.600000381469727 24.600000381469727 25.0 11280
24.600000381469727 27.200000762939453 24.600000381469727 26.200000762939453 17755
25.0 28.200000762939453 25.0 26.799999237060547 12060
26.600000381469727 26.899999618530273 25.0 25.399999618530273 8100
25.399999618530273 25.799999237060547 23.799999237060547 24.0 13050
23.799999237060547 27.600000381469727 23.600000381469727 24.399999618530273 31570
24.799999237060547 25.0 23.0 23.200000762939453 18350
24.0 25.0 23.200000762939453 25.0 11830
24.979999542236328 25.799999237060547 23.200000762939453 24.600000381469727 18120
25.799999237060547 26.0 24.0 24.399999618530273 12580
24.200000762939453 26.600000381469727 24.0 24.600000381469727 10535
24.799999237060547 27.0 24.200000762939453 26.600000381469727 24630
27.200000762939453 27.780000686645508 24.399999618530273 25.0 12690
25.600000381469727 26.399999618530273 24.600000381469727 25.799999237060547 9010
26.399999618530273 26.399999618530273 23.799999237060547 24.0 7050
24.0 24.100000381469727 23.200000762939453 24.0 5330
24.600000381469727 25.0 23.600000381469727 24.799999237060547 3290
24.600000381469727 26.0 23.200000762939453 25.799999237060547 3065
25.399999618530273 29.399999618530273 25.399999618530273 27.0 19325
27.399999618530273 27.600000381469727 25.799999237060547 27.399999618530273 7170
28.200000762939453 28.5 26.200000762939453 27.399999618530273 5475
26.799999237060547 27.200000762939453 24.600000381469727 24.799999237060547 5265
24.600000381469727 25.799999237060547 22.200000762939453 23.399999618530273 15145
23.600000381469727 24.100000381469727 21.200000762939453 22.799999237060547 11810
22.399999618530273 23.15999984741211 21.200000762939453 21.799999237060547 5550
22.600000381469727 22.739999771118164 21.200000762939453 21.399999618530273 4400
21.399999618530273 22.600000381469727 20.399999618530273 20.600000381469727 7870
20.600000381469727 21.799999237060547 20.0 21.0 12405
21.0 21.739999771118164 20.0 20.399999618530273 10335
20.0 21.600000381469727 20.0 21.399999618530273 13310
22.600000381469727 22.600000381469727 19.0 19.639999389648438 23860
20.0 20.200000762939453 19.0 19.899999618530273 13715
20.0 24.799999237060547 20.0 24.0 24765
24.399999618530273 24.399999618530273 21.0 21.799999237060547 33735
22.440000534057617 22.440000534057617 20.600000381469727 21.200000762939453 7260
20.200000762939453 22.200000762939453 19.600000381469727 21.399999618530273 13725
21.0 21.399999618530273 20.200000762939453 21.0 10565
21.600000381469727 21.799999237060547 20.200000762939453 20.5 8940
20.0 20.799999237060547 19.399999618530273 20.399999618530273 9325
20.399999618530273 21.399999618530273 19.040000915527344 20.600000381469727 26055
20.200000762939453 20.959999084472656 19.020000457763672 19.040000915527344 9965
19.600000381469727 20.399999618530273 19.059999465942383 19.059999465942383 4710
19.579999923706055 19.799999237060547 19.200000762939453 19.200000762939453 4160
19.0 20.399999618530273 18.81999969482422 19.200000762939453 9730
19.200000762939453 19.84000015258789 18.200000762939453 18.600000381469727 11625
18.760000228881836 19.0 17.299999237060547 17.399999618530273 11075
17.299999237060547 18.200000762939453 17.299999237060547 17.600000381469727 4965
17.799999237060547 17.81999969482422 17.020000457763672 17.3799991607666 7190
18.959999084472656 19.040000915527344 18.0 18.540000915527344 5975
19.100000381469727 20.0 18.600000381469727 19.18000030517578 5970
19.399999618530273 20.600000381469727 19.059999465942383 19.719999313354492 6395
19.18000030517578 20.0 17.600000381469727 17.65999984741211 10650
17.600000381469727 19.34000015258789 16.899999618530273 17.059999465942383 11420
16.799999237060547 18.0 16.399999618530273 16.799999237060547 7550
16.799999237060547 17.200000762939453 16.600000381469727 16.600000381469727 7900
16.760000228881836 18.0 16.600000381469727 16.600000381469727 6430
16.799999237060547 18.0 16.399999618530273 17.540000915527344 6945
18.1200008392334 18.860000610351562 17.200000762939453 17.799999237060547 7415
16.600000381469727 18.200000762939453 16.600000381469727 17.540000915527344 8460
17.200000762939453 18.079999923706055 16.399999618530273 17.200000762939453 8580
17.600000381469727 19.100000381469727 17.0 18.399999618530273 13590
18.040000915527344 18.899999618530273 16.420000076293945 17.68000030517578 11910
17.0 18.040000915527344 15.800000190734863 16.639999389648438 29365
16.200000762939453 16.899999618530273 15.899999618530273 16.1200008392334 7505
15.640000343322754 16.200000762939453 15.640000343322754 15.800000190734863 7035
15.739999771118164 16.299999237060547 15.600000381469727 15.899999618530273 4565
15.819999694824219 16.420000076293945 14.65999984741211 15.119999885559082 10500
15.800000190734863 15.800000190734863 14.600000381469727 15.100000381469727 11965
15.100000381469727 16.1200008392334 14.699999809265137 15.199999809265137 6625
15.600000381469727 16.139999389648438 14.600000381469727 15.800000190734863 7075
15.720000267028809 16.399999618530273 14.220000267028809 15.0 17205
15.260000228881836 15.920000076293945 14.199999809265137 14.600000381469727 6200
14.600000381469727 15.279999732971191 13.800000190734863 14.319999694824219 13430
14.0 15.399999618530273 14.0 14.899999618530273 12120
15.399999618530273 15.979999542236328 14.399999618530273 14.760000228881836 26810
15.239999771118164 15.260000228881836 14.0 14.359999656677246 14150
14.140000343322754 23.600000381469727 14.140000343322754 21.200000762939453 276550
20.0 22.799999237060547 19.200000762939453 20.0 42110
20.0 20.799999237060547 17.81999969482422 18.100000381469727 21400
19.0 19.200000762939453 15.84000015258789 16.360000610351562 11485
16.399999618530273 17.1200008392334 15.520000457763672 16.139999389648438 12705
16.600000381469727 19.0 16.399999618530273 17.899999618530273 5315
17.84000015258789 18.799999237060547 17.600000381469727 18.299999237060547 6665
18.799999237060547 19.600000381469727 18.299999237060547 18.920000076293945 14005
19.0 19.299999237060547 18.1200008392334 18.920000076293945 16510
19.0 19.200000762939453 19.0 19.0 9450
18.8799991607666 19.0 18.600000381469727 18.899999618530273 4270
18.600000381469727 19.0 18.219999313354492 18.459999084472656 2520
18.200000762939453 19.0 18.200000762939453 18.540000915527344 2265
18.399999618530273 19.0 18.0 18.920000076293945 4065
19.200000762939453 19.200000762939453 18.139999389648438 18.920000076293945 8250
18.920000076293945 19.0 18.219999313354492 18.360000610351562 2570
18.760000228881836 19.600000381469727 18.5 19.1200008392334 9530
19.0 20.399999618530273 18.399999618530273 18.639999389648438 16035
19.0 21.0 19.0 19.020000457763672 18600
19.799999237060547 21.0 19.799999237060547 21.0 10835
20.600000381469727 21.0 20.200000762939453 21.0 5110
21.0 21.399999618530273 20.399999618530273 20.799999237060547 7025
20.600000381469727 21.200000762939453 20.0 20.600000381469727 3410
20.600000381469727 21.799999237060547 20.600000381469727 20.799999237060547 7030
21.200000762939453 21.399999618530273 20.399999618530273 20.399999618530273 7305
20.600000381469727 21.399999618530273 19.600000381469727 20.399999618530273 8955
21.0 21.0 20.0 21.0 12825
20.600000381469727 21.0 20.0 20.0 6120
20.200000762939453 21.0 19.959999084472656 20.399999618530273 8335
20.799999237060547 20.799999237060547 20.200000762939453 20.399999618530273 3735
20.399999618530273 21.100000381469727 19.399999618530273 19.399999618530273 113300
19.600000381469727 20.799999237060547 18.399999618530273 18.399999618530273 7465
18.15999984741211 19.579999923706055 18.0 18.0 5430
18.200000762939453 19.399999618530273 18.200000762939453 18.360000610351562 2870
18.600000381469727 20.600000381469727 18.399999618530273 19.600000381469727 5125
19.399999618530273 20.799999237060547 19.399999618530273 19.600000381469727 7485
19.600000381469727 20.600000381469727 19.600000381469727 19.739999771118164 2525
19.600000381469727 20.600000381469727 19.600000381469727 19.600000381469727 3710
19.600000381469727 20.399999618530273 19.600000381469727 19.600000381469727 2470
19.600000381469727 20.200000762939453 19.600000381469727 19.600000381469727 1800
20.0 20.600000381469727 19.799999237060547 19.959999084472656 2815
20.399999618530273 20.600000381469727 20.0 20.0 2295
21.0 21.0 18.600000381469727 18.68000030517578 9265
18.1200008392334 20.0 18.1200008392334 19.399999618530273 3100
19.600000381469727 20.200000762939453 18.600000381469727 18.6200008392334 1965
18.799999237060547 19.799999237060547 18.200000762939453 18.600000381469727 3225
18.399999618530273 19.360000610351562 18.020000457763672 18.399999618530273 3675
18.6200008392334 19.0 18.399999618530273 19.0 2085
18.399999618530273 19.0 18.219999313354492 18.600000381469727 1740
18.219999313354492 20.200000762939453 18.219999313354492 19.399999618530273 4455
19.200000762939453 20.200000762939453 18.799999237060547 18.799999237060547 2130
18.799999237060547 20.0 18.600000381469727 18.799999237060547 5435
19.0 20.0 18.6200008392334 19.700000762939453 1345
19.200000762939453 20.0 19.0 19.1200008392334 685
19.0 20.0 19.0 19.799999237060547 1560
19.600000381469727 20.399999618530273 19.020000457763672 19.799999237060547 4605
20.0 20.200000762939453 19.399999618530273 19.799999237060547 3310
19.399999618530273 20.200000762939453 18.420000076293945 19.520000457763672 4900
19.0 21.0 18.600000381469727 20.200000762939453 15595
20.399999618530273 20.399999618530273 19.799999237060547 20.399999618530273 1495
20.399999618530273 20.600000381469727 19.84000015258789 19.84000015258789 1300
20.200000762939453 25.0 19.420000076293945 24.0 120335
19.579999923706055 20.200000762939453 18.020000457763672 19.0 17775
20.0 20.0 17.799999237060547 18.260000228881836 12800
18.600000381469727 18.600000381469727 17.200000762939453 17.399999618530273 9715
17.0 17.399999618530273 15.619999885559082 15.819999694824219 16145
16.0 17.5 15.800000190734863 16.799999237060547 2600
16.399999618530273 17.479999542236328 15.800000190734863 16.0 10980
15.800000190734863 17.020000457763672 15.600000381469727 15.619999885559082 7105
15.600000381469727 16.0 15.0 15.479999542236328 5315
16.0 16.600000381469727 14.460000038146973 14.800000190734863 11870
15.0 15.199999809265137 14.680000305175781 14.84000015258789 925
14.819999694824219 15.0 14.399999618530273 14.800000190734863 3890
14.399999618530273 15.199999809265137 14.399999618530273 14.65999984741211 1090
14.979999542236328 15.0 14.460000038146973 15.0 615
14.699999809265137 15.0 14.399999618530273 14.399999618530273 725
14.800000190734863 14.800000190734863 14.0 14.760000228881836 3965
16.399999618530273 16.399999618530273 14.600000381469727 15.220000267028809 4345
15.199999809265137 16.280000686645508 15.0 15.800000190734863 1685
16.5 16.5 15.880000114440918 16.200000762939453 620
15.880000114440918 16.260000228881836 15.199999809265137 15.260000228881836 3660
15.199999809265137 16.040000915527344 15.0 15.279999732971191 740
15.0 16.200000762939453 14.65999984741211 14.800000190734863 2005
16.3799991607666 16.399999618530273 13.619999885559082 14.0 14260
13.800000190734863 13.800000190734863 13.399999618530273 13.399999618530273 4740
13.84000015258789 14.079999923706055 13.020000457763672 13.460000038146973 3750
12.5600004196167 13.819999694824219 12.5600004196167 13.180000305175781 9085
13.399999618530273 14.0 13.199999809265137 13.380000114440918 2305
13.800000190734863 14.0 12.5600004196167 12.5600004196167 6095
12.600000381469727 14.0 12.5 12.539999961853027 5980
13.15999984741211 13.800000190734863 12.600000381469727 12.800000190734863 1840
12.800000190734863 13.800000190734863 12.399999618530273 12.800000190734863 6540
12.0 12.899999618530273 12.0 12.380000114440918 5445
12.199999809265137 12.600000381469727 11.65999984741211 11.979999542236328 9230
12.0 12.800000190734863 11.800000190734863 12.0 3770
12.539999961853027 12.699999809265137 12.0 12.199999809265137 1705
12.0 12.399999618530273 11.65999984741211 11.65999984741211 6830
12.800000190734863 12.800000190734863 11.800000190734863 12.199999809265137 1875
12.0 12.739999771118164 11.800000190734863 11.800000190734863 2765
12.399999618530273 12.739999771118164 11.399999618530273 11.65999984741211 10410
11.300000190734863 11.979999542236328 10.4399995803833 10.800000190734863 9480
10.5 12.65999984741211 10.5 12.479999542236328 89985
10.859999656677246 10.9399995803833 9.140000343322754 9.600000381469727 74850
9.600000381469727 9.979999542236328 8.300000190734863 8.600000381469727 18900
8.34000015258789 8.600000381469727 8.0 8.5 9655
8.239999771118164 8.520000457763672 7.0 7.400000095367432 91585
8.0 8.0 7.199999809265137 7.340000152587891 9605
7.199999809265137 8.0 7.0 7.480000019073486 8410
7.400000095367432 7.599999904632568 6.880000114440918 7.0 14410
7.360000133514404 7.5 4.400000095367432 4.920000076293945 139630
4.25 5.489999771118164 4.199999809265137 4.840000152587891 159600
4.75 4.939000129699707 4.230000019073486 4.300000190734863 48600
4.210000038146973 4.505000114440918 3.7699999809265137 3.799999952316284 79500
3.7200000286102295 4.260000228881836 3.1500000953674316 3.819999933242798 96700
3.75 4.400000095367432 3.720099925994873 4.15500020980835 49623
