34.0 37.9900016784668 23.450000762939453 25.149999618530273 2386500
26.469999313354492 26.469999313354492 19.8799991607666 20.15999984741211 895000
20.916000366210938 20.916000366210938 16.31999969482422 18.579999923706055 338400
17.260000228881836 19.479999542236328 16.760000228881836 18.8799991607666 288300
18.389999389648438 20.0 18.020000457763672 18.65999984741211 368300
17.05500030517578 19.700000762939453 17.05500030517578 19.68000030517578 133700
18.608999252319336 21.93000030517578 18.608999252319336 20.8700008392334 134800
21.239999771118164 22.100000381469727 19.829999923706055 22.040000915527344 67300
22.299999237060547 23.399999618530273 21.440000534057617 23.209999084472656 153400
23.280000686645508 25.989999771118164 22.209999084472656 24.81999969482422 220200
25.030000686645508 25.030000686645508 24.0 24.790000915527344 210800
24.549999237060547 25.632999420166016 24.32699966430664 24.6200008392334 150000
24.6200008392334 25.520000457763672 23.05500030517578 25.3700008392334 133700
25.15999984741211 25.5 24.639999389648438 24.950000762939453 74400
24.959999084472656 25.59000015258789 24.600000381469727 25.34000015258789 357000
25.299999237060547 25.986000061035156 22.770000457763672 25.399999618530273 257100
25.5 27.670000076293945 25.190000534057617 26.09000015258789 481700
26.0 27.3799991607666 25.0 27.299999237060547 177300
26.510000228881836 27.469999313354492 25.84000015258789 26.850000381469727 406200
26.6299991607666 27.90999984741211 26.399999618530273 27.790000915527344 355200
27.610000610351562 28.479999542236328 26.360000610351562 26.670000076293945 501600
27.010000228881836 27.989999771118164 26.06999969482422 27.350000381469727 297200
27.270000457763672 27.3700008392334 26.100000381469727 26.610000610351562 107000
26.399999618530273 26.889999389648438 25.985000610351562 26.790000915527344 374000
26.700000762939453 27.0 26.170000076293945 26.75 227700
26.31999969482422 26.920000076293945 25.530000686645508 26.649999618530273 306800
26.56999969482422 28.238000869750977 26.454999923706055 27.860000610351562 319800
27.399999618530273 29.450000762939453 27.395000457763672 28.68000030517578 461000
28.739999771118164 30.510000228881836 28.739999771118164 30.3700008392334 380000
30.260000228881836 30.649999618530273 29.52400016784668 30.510000228881836 300800
30.209999084472656 30.84000015258789 28.40999984741211 28.40999984741211 497100
28.18000030517578 29.135000228881836 26.780000686645508 27.600000381469727 483400
27.8700008392334 29.25 27.420000076293945 28.329999923706055 191000
28.420000076293945 31.5 28.420000076293945 31.270000457763672 162400
31.5 32.43000030517578 30.489999771118164 32.43000030517578 96700
32.72999954223633 34.150001525878906 31.610000610351562 34.02000045776367 61000
33.720001220703125 34.064998626708984 32.4900016784668 32.9900016784668 156100
32.9900016784668 34.189998626708984 32.77000045776367 33.90999984741211 90000
34.34000015258789 35.93000030517578 33.02000045776367 34.689998626708984 110800
35.0 35.79999923706055 30.020000457763672 30.469999313354492 201200
30.75 32.59000015258789 30.68000030517578 31.700000762939453 255500
31.700000762939453 32.68000030517578 31.219999313354492 32.11000061035156 106000
31.559999465942383 32.33000183105469 30.530000686645508 31.3700008392334 97600
31.139999389648438 33.709999084472656 30.48200035095215 32.220001220703125 95900
32.220001220703125 32.220001220703125 30.42099952697754 30.510000228881836 390600
30.510000228881836 31.09000015258789 28.2549991607666 29.350000381469727 294100
29.209999084472656 30.809999465942383 28.600000381469727 30.780000686645508 130800
30.780000686645508 32.0 29.350000381469727 29.43000030517578 308800
29.15999984741211 30.079999923706055 26.8700008392334 27.389999389648438 147800
27.389999389648438 29.700000762939453 26.375 28.43000030517578 179700
28.920000076293945 30.270000457763672 28.399999618530273 28.6299991607666 128400
29.010000228881836 30.1200008392334 28.1299991607666 29.520000457763672 65200
29.6200008392334 30.295000076293945 29.260000228881836 29.510000228881836 84900
29.360000610351562 32.83000183105469 28.815000534057617 31.010000228881836 118600
31.09000015258789 34.689998626708984 30.559999465942383 33.13999938964844 155500
33.06999969482422 34.47999954223633 31.84000015258789 32.720001220703125 130300
32.79999923706055 34.97999954223633 31.6200008392334 34.099998474121094 67600
34.310001373291016 35.72999954223633 31.489999771118164 31.950000762939453 115200
31.280000686645508 32.54499816894531 30.954999923706055 32.0099983215332 130400
31.90999984741211 32.72999954223633 30.645000457763672 31.280000686645508 187300
31.549999237060547 33.97999954223633 28.49799919128418 29.579999923706055 221600
29.170000076293945 30.315000534057617 26.040000915527344 26.65999984741211 228700
27.0 29.459999084472656 26.5049991607666 28.56999969482422 190200
28.889999389648438 29.049999237060547 26.75 27.719999313354492 191400
27.950000762939453 30.049999237060547 27.084999084472656 28.360000610351562 111000
28.360000610351562 31.1200008392334 27.55500030517578 29.790000915527344 184600
28.43000030517578 32.45000076293945 28.43000030517578 31.09000015258789 194600
30.760000228881836 34.939998626708984 30.010000228881836 34.349998474121094 289600
34.0 34.93000030517578 26.799999237060547 27.389999389648438 2066200
26.979999542236328 28.788000106811523 24.299999237060547 25.170000076293945 349300
25.40999984741211 26.520000457763672 24.280000686645508 25.739999771118164 141300
25.68000030517578 25.690000534057617 23.469999313354492 23.600000381469727 96500
23.850000381469727 23.8700008392334 21.799999237060547 22.8700008392334 64400
22.729999542236328 24.06999969482422 20.479999542236328 20.700000762939453 115100
20.489999771118164 25.190000534057617 20.229999542236328 24.799999237060547 130900
24.219999313354492 24.799999237060547 21.760000228881836 22.1299991607666 276900
22.31999969482422 23.356000900268555 21.93000030517578 22.93000030517578 124100
22.969999313354492 23.989999771118164 20.75 21.6299991607666 166200
21.6299991607666 22.700000762939453 20.520000457763672 22.360000610351562 61400
22.649999618530273 24.420000076293945 21.68000030517578 22.850000381469727 48900
22.989999771118164 23.2189998626709 21.639999389648438 23.079999923706055 53000
22.739999771118164 22.94499969482422 21.649999618530273 22.020000457763672 43200
22.139999389648438 22.700000762939453 20.860000610351562 21.420000076293945 59000
21.540000915527344 22.040000915527344 20.530000686645508 21.309999465942383 146500
21.200000762939453 21.700000762939453 18.270000457763672 18.940000534057617 50700
19.06999969482422 20.540000915527344 18.959999084472656 20.049999237060547 44000
19.81999969482422 21.71500015258789 19.010000228881836 21.479999542236328 19900
21.479999542236328 22.940000534057617 20.59000015258789 21.860000610351562 53700
22.389999389648438 22.389999389648438 20.8799991607666 21.1299991607666 69700
20.989999771118164 22.114999771118164 20.545000076293945 21.239999771118164 79800
21.170000076293945 21.719999313354492 20.899999618530273 21.510000228881836 65100
21.43000030517578 22.979999542236328 21.079999923706055 22.34000015258789 30200
22.299999237060547 25.100000381469727 22.299999237060547 25.020000457763672 76000
24.489999771118164 24.979999542236328 21.93000030517578 22.760000228881836 76500
22.579999923706055 23.3700008392334 21.350000381469727 22.860000610351562 39400
22.809999465942383 24.459999084472656 22.639999389648438 23.90999984741211 70400
23.850000381469727 24.81999969482422 23.489999771118164 23.93000030517578 71700
23.93000030517578 24.510000228881836 23.209999084472656 24.270000457763672 32400
24.149999618530273 24.600000381469727 23.440000534057617 24.350000381469727 48900
24.81999969482422 25.420000076293945 24.1200008392334 24.610000610351562 55100
24.959999084472656 27.475000381469727 24.209999084472656 27.31999969482422 63500
27.0 27.584999084472656 25.559999465942383 26.579999923706055 70100
26.389999389648438 28.059999465942383 26.299999237060547 26.700000762939453 35300
27.079999923706055 27.6299991607666 26.329999923706055 27.309999465942383 51300
27.790000915527344 29.510000228881836 23.1200008392334 24.280000686645508 138600
24.700000762939453 25.479999542236328 21.899999618530273 22.610000610351562 68000
23.0 24.399999618530273 21.889999389648438 23.8799991607666 89400
24.290000915527344 25.184999465942383 23.06999969482422 24.8799991607666 51000
25.06999969482422 25.714000701904297 22.18000030517578 22.479999542236328 38900
22.270000457763672 22.700000762939453 21.09000015258789 21.200000762939453 63500
21.0 21.600000381469727 20.170000076293945 20.399999618530273 65600
21.010000228881836 21.31999969482422 18.68000030517578 19.459999084472656 184500
19.280000686645508 19.920000076293945 18.600000381469727 19.010000228881836 122300
18.690000534057617 20.309999465942383 17.53499984741211 17.8799991607666 105300
17.8799991607666 19.71500015258789 16.6299991607666 18.239999771118164 109500
17.93000030517578 18.149999618530273 17.2549991607666 18.010000228881836 100100
17.549999237060547 19.18000030517578 17.020000457763672 18.829999923706055 92200
17.90999984741211 19.065000534057617 17.170000076293945 17.65999984741211 40400
18.030000686645508 18.190000534057617 17.030000686645508 18.010000228881836 102000
17.649999618530273 18.030000686645508 17.059999465942383 17.780000686645508 60300
18.290000915527344 18.290000915527344 14.390000343322754 15.4399995803833 164000
15.460000038146973 16.315000534057617 15.0 15.84000015258789 120200
15.6899995803833 16.709999084472656 14.890000343322754 16.040000915527344 76600
16.40999984741211 18.229999542236328 15.88700008392334 16.899999618530273 64500
17.200000762939453 18.850000381469727 17.200000762939453 17.760000228881836 65000
17.280000686645508 18.780000686645508 17.280000686645508 18.030000686645508 113800
18.924999237060547 19.989999771118164 16.13599967956543 18.469999313354492 74100
18.469999313354492 19.84000015258789 17.90999984741211 19.709999084472656 68700
19.93000030517578 21.145000457763672 19.31999969482422 19.799999237060547 99500
19.280000686645508 19.80500030517578 16.700000762939453 18.270000457763672 183200
18.049999237060547 20.459999084472656 17.649999618530273 19.68000030517578 177100
19.68000030517578 20.489999771118164 18.920000076293945 19.18000030517578 630600
19.170000076293945 20.65999984741211 18.045000076293945 20.020000457763672 444900
19.510000228881836 20.889999389648438 18.174999237060547 19.0 72200
19.059999465942383 19.655000686645508 18.409000396728516 18.979999542236328 250400
19.0 20.655000686645508 18.600000381469727 20.209999084472656 240600
20.149999618530273 22.610000610351562 20.149999618530273 21.440000534057617 97200
22.030000686645508 22.030000686645508 20.09000015258789 20.260000228881836 75300
19.979999542236328 21.700000762939453 19.979999542236328 21.079999923706055 44500
20.860000610351562 20.860000610351562 19.290000915527344 19.829999923706055 193900
19.42799949645996 21.100000381469727 19.42799949645996 19.889999389648438 150300
19.25 20.219999313354492 19.25 19.729999542236328 77800
19.354999542236328 20.43000030517578 19.264999389648438 20.239999771118164 60900
20.540000915527344 20.579999923706055 19.649999618530273 19.899999618530273 73500
20.09000015258789 20.850000381469727 18.829999923706055 19.59000015258789 115200
19.450000762939453 19.850000381469727 17.93000030517578 18.700000762939453 162000
18.5 19.469999313354492 18.19499969482422 18.5 49000
18.1299991607666 18.31999969482422 17.15999984741211 18.1299991607666 74100
18.649999618530273 19.479999542236328 17.420000076293945 19.010000228881836 121100
19.375 19.68000030517578 17.5 17.739999771118164 125100
17.549999237060547 17.81999969482422 15.420000076293945 15.9399995803833 39100
16.690000534057617 16.690000534057617 15.460000038146973 15.760000228881836 130400
15.329999923706055 15.760000228881836 14.079999923706055 14.760000228881836 105000
14.640000343322754 15.210000038146973 14.574999809265137 14.710000038146973 123700
15.0 15.149999618530273 14.170000076293945 14.270000457763672 120100
14.449999809265137 14.699999809265137 13.789999961853027 13.979999542236328 115900
13.800000190734863 14.770000457763672 13.25 14.529999732971191 57000
14.210000038146973 14.770000457763672 13.970000267028809 14.25 121400
14.699999809265137 16.889999389648438 14.149999618530273 14.239999771118164 92800
14.399999618530273 15.039999961853027 13.609999656677246 13.800000190734863 63000
14.130000114440918 14.880000114440918 13.420000076293945 14.550000190734863 45000
14.329999923706055 15.520000457763672 13.925000190734863 15.229999542236328 54400
15.300000190734863 16.225000381469727 15.0600004196167 15.739999771118164 38300
15.619999885559082 16.459999084472656 14.680000305175781 14.920000076293945 45200
14.609999656677246 15.354999542236328 14.25 14.40999984741211 45500
14.5 15.34000015258789 14.329999923706055 15.319999694824219 34800
15.359999656677246 17.190000534057617 14.680000305175781 15.420000076293945 93600
15.260000228881836 16.579999923706055 15.260000228881836 16.31999969482422 71800
16.3799991607666 17.360000610351562 15.454999923706055 16.989999771118164 62400
16.360000610351562 18.100000381469727 16.059999465942383 17.059999465942383 53900
17.170000076293945 18.579999923706055 17.0 17.25 64200
17.5 18.40999984741211 16.479999542236328 16.479999542236328 150400
16.6299991607666 18.190000534057617 16.6299991607666 17.850000381469727 69500
17.559999465942383 18.253999710083008 15.800000190734863 17.079999923706055 50800
16.770000457763672 17.489999771118164 16.200000762939453 16.260000228881836 43300
16.06999969482422 16.639999389648438 15.600000381469727 15.850000381469727 84400
15.899999618530273 17.670000076293945 15.479999542236328 16.510000228881836 130800
16.479999542236328 17.420000076293945 16.047000885009766 16.200000762939453 44900
15.619999885559082 17.520000457763672 15.119999885559082 16.950000762939453 57600
17.209999084472656 18.219999313354492 16.170000076293945 18.100000381469727 322700
17.940000534057617 18.56999969482422 17.18000030517578 17.280000686645508 66100
17.770000457763672 18.56999969482422 16.68000030517578 16.809999465942383 63400
16.780000686645508 18.1200008392334 16.395000457763672 17.639999389648438 54200
18.059999465942383 18.743999481201172 17.1200008392334 17.34000015258789 42500
16.93000030517578 17.709999084472656 16.610000610351562 17.350000381469727 41400
17.31999969482422 17.934999465942383 16.56999969482422 16.90999984741211 53600
16.610000610351562 18.360000610351562 15.149999618530273 17.860000610351562 56500
18.530000686645508 19.600000381469727 17.770000457763672 18.18000030517578 52300
17.809999465942383 18.40999984741211 17.135000228881836 17.770000457763672 44700
17.729999542236328 18.559999465942383 17.31999969482422 17.350000381469727 36900
17.709999084472656 18.139999389648438 16.299999237060547 16.649999618530273 56900
16.719999313354492 17.350000381469727 16.309999465942383 16.969999313354492 53600
17.520000457763672 17.75 16.6200008392334 17.139999389648438 68500
16.90999984741211 17.604999542236328 16.084999084472656 16.239999771118164 91400
16.020000457763672 18.165000915527344 16.020000457763672 16.860000610351562 532900
17.139999389648438 17.94300079345703 15.239999771118164 15.260000228881836 114200
15.369999885559082 16.110000610351562 15.140000343322754 15.59000015258789 53700
15.34000015258789 16.18000030517578 14.9399995803833 15.670000076293945 49900
15.729999542236328 16.100000381469727 15.4350004196167 16.0 25400
16.059999465942383 16.165000915527344 14.359999656677246 14.510000228881836 68100
14.680000305175781 14.680000305175781 13.140000343322754 13.239999771118164 66100
13.319999694824219 14.890000343322754 13.319999694824219 14.350000381469727 44800
15.661999702453613 15.661999702453613 14.369999885559082 14.569999694824219 55500
14.600000381469727 14.75 14.15999984741211 14.34000015258789 56200
14.260000228881836 15.15999984741211 13.970000267028809 15.15999984741211 37700
14.869999885559082 15.710000038146973 14.770000457763672 15.649999618530273 46500
15.739999771118164 16.34000015258789 14.9399995803833 15.039999961853027 29800
15.029999732971191 15.029999732971191 13.979999542236328 14.40999984741211 28600
14.279999732971191 14.739999771118164 13.470000267028809 14.510000228881836 32200
14.34000015258789 14.550000190734863 13.470999717712402 14.079999923706055 36300
13.380000114440918 14.949999809265137 13.25 14.0600004196167 43800
14.390000343322754 14.90999984741211 13.720000267028809 13.8100004196167 38500
13.970000267028809 14.368000030517578 13.5 14.010000228881836 63500
14.149999618530273 14.3100004196167 13.289999961853027 13.470000267028809 32300
13.359999656677246 13.5600004196167 13.239999771118164 13.489999771118164 57600
13.390000343322754 14.479999542236328 13.390000343322754 14.130000114440918 233800
14.300000190734863 14.369999885559082 13.579999923706055 14.319999694824219 112200
14.380000114440918 14.920000076293945 13.899999618530273 14.229999542236328 37800
14.380000114440918 14.380000114440918 13.130000114440918 13.229999542236328 35300
13.119999885559082 13.380000114440918 12.510000228881836 13.180000305175781 94700
12.920000076293945 13.100000381469727 12.265000343322754 12.640000343322754 44000
12.630000114440918 13.130000114440918 12.010000228881836 12.020000457763672 44000
12.210000038146973 12.260000228881836 10.40999984741211 10.789999961853027 60500
10.770000457763672 10.8100004196167 9.619999885559082 9.84000015258789 79700
9.739999771118164 10.40999984741211 9.449999809265137 10.34000015258789 68500
10.239999771118164 10.609999656677246 9.90999984741211 10.380000114440918 166300
9.824999809265137 11.670000076293945 9.824999809265137 11.579999923706055 131200
11.289999961853027 11.289999961853027 10.369999885559082 10.520000457763672 69400
10.550000190734863 10.739999771118164 9.864999771118164 10.130000114440918 46800
10.0600004196167 10.329999923706055 9.390000343322754 9.729999542236328 172700
10.050000190734863 10.954999923706055 9.913999557495117 10.220000267028809 135500
10.239999771118164 10.979999542236328 10.135000228881836 10.319999694824219 92000
10.199999809265137 11.145000457763672 10.199999809265137 10.600000381469727 43700
10.920000076293945 11.510000228881836 10.789999961853027 11.0600004196167 35500
10.949999809265137 11.430000305175781 10.194999694824219 10.40999984741211 32900
10.770000457763672 11.210000038146973 10.270000457763672 10.710000038146973 73500
10.4399995803833 11.430000305175781 9.954999923706055 10.579999923706055 222900
10.5 11.380000114440918 10.300000190734863 10.729999542236328 198600
10.970000267028809 12.069999694824219 9.819999694824219 10.350000381469727 130100
10.100000381469727 11.1899995803833 10.100000381469727 11.109999656677246 69800
11.0600004196167 11.345000267028809 10.619999885559082 10.949999809265137 24700
10.819999694824219 11.199999809265137 10.78499984741211 10.90999984741211 35700
11.069999694824219 11.359999656677246 10.680000305175781 11.0 56300
11.329999923706055 11.854999542236328 11.274999618530273 11.720000267028809 31100
11.789999961853027 11.819999694824219 10.96500015258789 11.130000114440918 61500
11.130000114440918 11.130000114440918 9.40999984741211 9.520000457763672 69500
9.470000267028809 10.220000267028809 9.399999618530273 10.210000038146973 52400
10.079999923706055 10.479999542236328 9.545000076293945 10.399999618530273 90700
10.5600004196167 10.800000190734863 10.119999885559082 10.579999923706055 48400
10.600000381469727 11.520000457763672 10.5600004196167 10.880000114440918 42800
10.729999542236328 11.369999885559082 10.680000305175781 10.960000038146973 34000
10.609999656677246 11.130999565124512 10.609999656677246 10.699999809265137 19000
10.460000038146973 10.6899995803833 10.100000381469727 10.329999923706055 46100
9.930000305175781 10.609999656677246 9.899999618530273 10.470000267028809 55900
10.4399995803833 10.949999809265137 10.25 10.729999542236328 44300
10.979999542236328 12.15999984741211 10.614999771118164 11.600000381469727 68800
11.15999984741211 11.555999755859375 10.569999694824219 11.359999656677246 64200
11.460000038146973 12.210000038146973 10.680000305175781 10.960000038146973 112200
11.170000076293945 12.305000305175781 11.170000076293945 12.0 56900
11.67199993133545 12.680000305175781 11.67199993133545 12.25 94500
12.800000190734863 14.03499984741211 12.329999923706055 13.5 127300
13.5 13.71500015258789 11.864999771118164 13.010000228881836 476400
13.1899995803833 13.25 12.5649995803833 12.600000381469727 58900
12.619999885559082 13.220000267028809 11.489999771118164 11.779999732971191 184900
11.649999618530273 12.199999809265137 10.770000457763672 11.4399995803833 152300
11.270000457763672 12.670000076293945 10.984999656677246 12.210000038146973 128700
12.210000038146973 13.270000457763672 11.130000114440918 11.800000190734863 80100
11.489999771118164 14.449999809265137 11.489999771118164 12.479999542236328 115900
12.40999984741211 13.430000305175781 12.085000038146973 13.039999961853027 81300
13.199999809265137 15.0 13.180000305175781 14.029999732971191 102000
13.789999961853027 15.15999984741211 13.079999923706055 14.550000190734863 354000
14.640000343322754 15.350000381469727 13.699999809265137 14.170000076293945 125500
14.170000076293945 14.829999923706055 13.359999656677246 14.5 117700
14.180000305175781 16.503999710083008 13.854999542236328 16.209999084472656 159100
15.890000343322754 16.760000228881836 15.1899995803833 15.970000267028809 124900
16.549999237060547 17.25 15.890000343322754 16.84000015258789 114500
17.059999465942383 17.58300018310547 14.760000228881836 14.779999732971191 54400
15.079999923706055 15.369999885559082 13.9399995803833 14.75 50700
14.75 17.18000030517578 14.75 15.350000381469727 65800
15.1899995803833 16.739999771118164 15.1899995803833 15.920000076293945 67100
15.819999694824219 15.819999694824219 14.720000267028809 14.760000228881836 33400
14.819999694824219 15.059000015258789 13.720000267028809 13.84000015258789 34900
13.819999694824219 14.289999961853027 13.170000076293945 13.899999618530273 22400
13.890000343322754 14.239999771118164 13.880000114440918 14.180000305175781 26200
14.260000228881836 14.335000038146973 13.199999809265137 13.319999694824219 65000
13.34000015258789 13.734999656677246 12.130000114440918 12.420000076293945 53800
12.119999885559082 12.119999885559082 11.15999984741211 11.550000190734863 55000
11.569999694824219 11.989999771118164 11.569999694824219 11.789999961853027 13800
11.880000114440918 12.5 11.65999984741211 11.930000305175781 24500
12.220000267028809 13.850000381469727 12.079999923706055 13.65999984741211 67100
13.520000457763672 13.979999542236328 12.600000381469727 13.84000015258789 53600
13.649999618530273 14.819999694824219 13.649999618530273 13.800000190734863 32200
13.359999656677246 13.359999656677246 12.430000305175781 12.460000038146973 16300
12.920000076293945 14.670000076293945 11.460000038146973 13.9399995803833 65900
13.65999984741211 14.079999923706055 13.09000015258789 13.460000038146973 31100
13.550000190734863 13.550000190734863 12.520000457763672 13.130000114440918 28600
12.899999618530273 14.770000457763672 12.380000114440918 14.40999984741211 56400
14.489999771118164 14.489999771118164 13.220000267028809 13.460000038146973 28600
13.300000190734863 14.630000114440918 13.020000457763672 13.550000190734863 45400
13.380000114440918 14.25 13.140000343322754 13.5 42400
13.279999732971191 14.600000381469727 13.140000343322754 13.930000305175781 32500
13.84000015258789 15.779999732971191 13.630000114440918 14.25 51200
14.1899995803833 15.329999923706055 13.90999984741211 14.59000015258789 47700
14.710000038146973 14.718000411987305 12.520000457763672 12.680000305175781 45300
12.979999542236328 13.3100004196167 12.170000076293945 12.5600004196167 18000
12.819999694824219 12.819999694824219 11.3100004196167 11.40999984741211 34600
11.369999885559082 11.550000190734863 10.59000015258789 10.869999885559082 22000
10.710000038146973 11.220000267028809 10.550000190734863 11.09000015258789 22600
11.100000381469727 11.100000381469727 10.0 10.819999694824219 37000
10.640000343322754 11.25 10.279999732971191 11.109999656677246 14300
11.34000015258789 11.34000015258789 10.619999885559082 11.09000015258789 29400
11.260000228881836 12.609999656677246 10.65999984741211 11.760000228881836 77300
11.6899995803833 13.010000228881836 11.680000305175781 12.920000076293945 32400
12.850000381469727 13.850000381469727 12.84000015258789 13.359999656677246 64100
13.579999923706055 14.350000381469727 13.15999984741211 13.229999542236328 38000
13.239999771118164 13.989999771118164 12.199999809265137 13.670000076293945 172500
13.130000114440918 13.9399995803833 12.710000038146973 12.8100004196167 52100
12.819999694824219 13.789999961853027 12.531000137329102 13.210000038146973 40200
13.029999732971191 14.095000267028809 13.029999732971191 13.25 70400
12.729999542236328 14.380000114440918 12.109999656677246 12.760000228881836 225500
12.449999809265137 13.289999961853027 12.390000343322754 13.25 26300
12.350000381469727 14.350000381469727 12.350000381469727 13.739999771118164 64300
13.729999542236328 15.15999984741211 13.369999885559082 13.539999961853027 80300
13.729999542236328 14.149999618530273 12.579999923706055 13.319999694824219 26700
13.109999656677246 13.109999656677246 11.800000190734863 12.510000228881836 20600
12.859999656677246 13.199999809265137 12.050000190734863 12.779999732971191 49400
12.819999694824219 14.100000381469727 12.569999694824219 12.789999961853027 36500
13.260000228881836 15.5 12.90999984741211 13.600000381469727 72800
13.420000076293945 14.475000381469727 13.0 13.369999885559082 32700
13.239999771118164 14.670000076293945 13.0 13.539999961853027 40500
13.729999542236328 14.149999618530273 12.630000114440918 12.90999984741211 33900
13.119999885559082 14.279999732971191 13.069999694824219 13.729999542236328 135800
13.600000381469727 14.850000381469727 12.869999885559082 14.15999984741211 26300
14.210000038146973 14.289999961853027 13.1899995803833 13.479999542236328 19800
13.430000305175781 13.430000305175781 11.960000038146973 12.359999656677246 34200
12.319999694824219 13.350000381469727 12.199999809265137 13.119999885559082 28200
12.789999961853027 14.0 12.279999732971191 12.789999961853027 36400
12.720000267028809 13.670000076293945 11.812000274658203 13.529999732971191 40400
13.180000305175781 14.069999694824219 12.295000076293945 13.5 52700
13.34000015258789 13.680000305175781 12.869999885559082 13.039999961853027 15600
13.270000457763672 14.079999923706055 12.880000114440918 13.84000015258789 51300
13.699999809265137 15.399999618530273 13.595000267028809 15.0 34300
15.0 15.5 14.305999755859375 15.329999923706055 43400
15.4399995803833 16.34000015258789 15.395000457763672 15.75 22000
15.960000038146973 18.149999618530273 15.960000038146973 17.5 106400
17.5 17.5 16.239999771118164 16.5 21700
16.65999984741211 17.34000015258789 16.610000610351562 17.209999084472656 27700
17.31999969482422 18.114999771118164 16.149999618530273 17.270000457763672 50400
17.520000457763672 17.540000915527344 16.59000015258789 17.110000610351562 28000
17.280000686645508 18.0 16.90999984741211 17.920000076293945 322100
17.649999618530273 18.770000457763672 17.479999542236328 18.079999923706055 486800
18.239999771118164 18.405000686645508 17.714000701904297 18.25 41000
18.479999542236328 18.75 18.010000228881836 18.219999313354492 56900
18.280000686645508 18.940000534057617 18.18000030517578 18.260000228881836 47800
18.65999984741211 19.049999237060547 17.725000381469727 18.43000030517578 35900
18.420000076293945 18.71500015258789 16.450000762939453 17.010000228881836 49600
17.040000915527344 17.3700008392334 16.485000610351562 17.110000610351562 55700
17.260000228881836 17.510000228881836 15.319999694824219 15.649999618530273 87300
16.149999618530273 17.09000015258789 14.5 16.950000762939453 381700
17.100000381469727 18.299999237060547 17.100000381469727 17.93000030517578 70900
17.93000030517578 18.020000457763672 16.309999465942383 16.450000762939453 77500
16.829999923706055 17.010000228881836 15.6899995803833 16.479999542236328 42000
16.389999389648438 16.790000915527344 15.53499984741211 15.699999809265137 65500
15.5 15.949999809265137 14.979999542236328 15.789999961853027 82900
16.34000015258789 16.34000015258789 14.350000381469727 14.5600004196167 44500
14.5 14.5 13.970000267028809 14.300000190734863 38000
14.399999618530273 14.399999618530273 14.0 14.380000114440918 53200
14.140000343322754 14.614999771118164 13.890000343322754 14.0 83300
14.270000457763672 14.46500015258789 13.75 13.930000305175781 37200
14.0 14.079999923706055 13.170000076293945 13.640000343322754 45100
13.770000457763672 14.109999656677246 13.329999923706055 13.529999732971191 51200
13.680000305175781 13.789999961853027 13.3100004196167 13.640000343322754 35600
13.6899995803833 13.770000457763672 12.819999694824219 13.609999656677246 117100
13.4399995803833 13.850000381469727 13.300000190734863 13.630000114440918 49600
13.600000381469727 13.859999656677246 13.130000114440918 13.5 92700
13.40999984741211 13.739999771118164 13.25 13.5 63400
13.550000190734863 14.149999618530273 13.420000076293945 13.670000076293945 62100
13.720000267028809 15.390000343322754 13.720000267028809 15.010000228881836 71300
14.899999618530273 15.444999694824219 13.859999656677246 14.109999656677246 53100
14.239999771118164 14.949999809265137 13.989999771118164 14.399999618530273 66700
14.9399995803833 15.0 13.880000114440918 14.3100004196167 58400
14.300000190734863 14.5600004196167 13.270000457763672 13.5 82900
13.25 13.25 12.449999809265137 12.699999809265137 102300
12.699999809265137 12.829999923706055 11.949999809265137 12.449999809265137 486100
12.5 12.699999809265137 10.960000038146973 11.100000381469727 47100
11.180000305175781 11.920000076293945 10.529999732971191 11.800000190734863 186600
11.670000076293945 12.4350004196167 11.670000076293945 12.010000228881836 51200
11.890000343322754 12.1899995803833 11.65999984741211 12.039999961853027 52500
12.0 12.170000076293945 11.399999618530273 11.859999656677246 67600
11.859999656677246 11.869999885559082 11.371999740600586 11.729999542236328 27300
11.739999771118164 12.210000038146973 11.729999542236328 12.079999923706055 23300
12.300000190734863 14.079999923706055 12.300000190734863 13.5 64600
13.3100004196167 13.649999618530273 12.869999885559082 13.170000076293945 31800
13.289999961853027 14.140000343322754 13.15999984741211 14.020000457763672 101700
14.119999885559082 14.600000381469727 13.670000076293945 13.8100004196167 102800
13.739999771118164 13.864999771118164 12.720000267028809 13.119999885559082 50000
13.09000015258789 13.199999809265137 12.369999885559082 12.5600004196167 425000
12.640000343322754 14.489999771118164 12.079999923706055 14.25 254100
14.170000076293945 15.25 14.170000076293945 15.069999694824219 992500
14.920000076293945 15.65999984741211 14.029999732971191 15.020000457763672 84100
15.130000114440918 17.709999084472656 15.09000015258789 17.450000762939453 46800
17.450000762939453 21.700000762939453 16.670000076293945 20.56999969482422 456800
20.690000534057617 23.31999969482422 19.399999618530273 22.010000228881836 161400
22.5 23.25 21.010000228881836 21.530000686645508 586000
21.049999237060547 22.190000534057617 20.3700008392334 21.329999923706055 101300
21.850000381469727 22.277000427246094 20.579999923706055 21.709999084472656 72100
21.780000686645508 21.780000686645508 20.459999084472656 20.5 67600
20.290000915527344 21.32699966430664 20.100000381469727 21.110000610351562 101700
21.0 21.760000228881836 20.5 21.639999389648438 57100
21.700000762939453 22.34000015258789 21.510000228881836 22.0 220300
21.6299991607666 22.209999084472656 21.520000457763672 22.0 30500
21.760000228881836 22.860000610351562 21.649999618530273 22.079999923706055 83600
22.18000030517578 23.639999389648438 21.764999389648438 22.209999084472656 90600
21.979999542236328 21.979999542236328 19.209999084472656 20.209999084472656 177300
20.510000228881836 22.25 20.395000457763672 21.84000015258789 75900
21.3799991607666 22.350000381469727 20.8799991607666 21.0 63600
20.739999771118164 21.43000030517578 20.709999084472656 21.280000686645508 61700
21.149999618530273 21.200000762939453 20.149999618530273 20.440000534057617 85900
20.100000381469727 20.309999465942383 19.020000457763672 19.739999771118164 48700
18.670000076293945 19.440000534057617 17.729999542236328 17.860000610351562 56000
17.719999313354492 18.739999771118164 17.719999313354492 18.420000076293945 66500
18.440000534057617 19.829999923706055 17.979999542236328 19.5 224100
19.110000610351562 19.690000534057617 17.260000228881836 17.81999969482422 71000
17.639999389648438 17.735000610351562 16.8799991607666 17.010000228881836 49300
16.670000076293945 16.719999313354492 15.850000381469727 16.389999389648438 115900
16.6200008392334 17.665000915527344 16.309999465942383 17.65999984741211 45500
17.309999465942383 17.75 16.969999313354492 17.299999237060547 42700
17.299999237060547 18.280000686645508 16.600000381469727 17.09000015258789 60700
17.100000381469727 17.739999771118164 16.950000762939453 17.209999084472656 33100
16.90999984741211 16.90999984741211 15.149999618530273 15.329999923706055 49600
15.619999885559082 16.81999969482422 15.329999923706055 16.65999984741211 69800
16.649999618530273 17.21299934387207 16.100000381469727 16.6299991607666 284000
16.6299991607666 17.3799991607666 16.420000076293945 16.59000015258789 33700
16.40999984741211 16.530000686645508 15.904999732971191 16.280000686645508 25800
16.280000686645508 16.43000030517578 15.880000114440918 16.34000015258789 29000
16.079999923706055 16.239999771118164 15.579999923706055 15.779999732971191 44700
15.850000381469727 16.360000610351562 15.84000015258789 16.219999313354492 27900
16.454999923706055 16.454999923706055 15.470000267028809 15.779999732971191 40700
15.6899995803833 15.920000076293945 14.010000228881836 14.114999771118164 43800
14.329999923706055 14.329999923706055 13.039999961853027 14.09000015258789 127900
14.09000015258789 14.300000190734863 13.399999618530273 13.760000228881836 72500
14.34000015258789 14.5 13.729999542236328 14.359999656677246 34900
13.829999923706055 13.829999923706055 13.100000381469727 13.449999809265137 30700
13.199999809265137 13.6899995803833 12.489999771118164 13.239999771118164 48900
12.899999618530273 13.079999923706055 11.779999732971191 11.930000305175781 149700
12.130000114440918 12.510000228881836 11.4399995803833 11.699999809265137 55600
11.949999809265137 12.130000114440918 11.380000114440918 11.529999732971191 79800
11.640000343322754 12.5600004196167 11.0 11.34000015258789 56400
11.470000267028809 11.47599983215332 10.680000305175781 11.289999961853027 47200
11.0600004196167 11.680000305175781 10.949999809265137 11.5 406700
11.789999961853027 11.970000267028809 11.210000038146973 11.579999923706055 80700
11.539999961853027 11.609999656677246 11.0 11.25 89100
11.539999961853027 12.739999771118164 11.0 12.550000190734863 172900
12.6899995803833 13.170000076293945 11.210000038146973 11.600000381469727 86100
11.649999618530273 12.420000076293945 11.649999618530273 12.100000381469727 89200
12.100000381469727 12.420000076293945 11.71500015258789 12.359999656677246 43900
12.40999984741211 12.40999984741211 11.489999771118164 11.65999984741211 31100
11.470000267028809 12.34000015258789 11.470000267028809 12.199999809265137 39700
12.350000381469727 13.779999732971191 12.092000007629395 13.420000076293945 64900
13.220000267028809 13.619999885559082 13.0600004196167 13.510000228881836 50100
13.510000228881836 14.015000343322754 13.239999771118164 13.90999984741211 45200
14.180000305175781 14.859999656677246 13.829999923706055 14.0600004196167 66000
14.100000381469727 15.319999694824219 13.539999961853027 14.979999542236328 35200
14.9399995803833 15.270000457763672 14.244999885559082 14.640000343322754 48200
14.819999694824219 15.020000457763672 14.026000022888184 14.890000343322754 10800
15.180000305175781 16.549999237060547 14.960000038146973 15.359999656677246 72200
15.180000305175781 16.19499969482422 15.180000305175781 15.920000076293945 25700
15.720000267028809 16.350000381469727 15.569999694824219 15.699999809265137 21700
15.59000015258789 16.040000915527344 15.149999618530273 15.40999984741211 94000
15.569999694824219 15.569999694824219 14.1850004196167 15.039999961853027 65000
14.949999809265137 15.479999542236328 14.645000457763672 14.800000190734863 39700
14.65999984741211 15.489999771118164 14.510000228881836 14.609999656677246 41000
14.630000114440918 14.970000267028809 14.520000457763672 14.9399995803833 15600
14.960000038146973 15.329999923706055 14.710000038146973 15.319999694824219 22000
15.359999656677246 16.110000610351562 15.34000015258789 15.350000381469727 63300
15.5 15.5 14.609999656677246 14.859999656677246 70900
15.130000114440918 15.385000228881836 14.09000015258789 15.0 90000
14.770000457763672 15.25 14.260000228881836 14.75 104000
15.069999694824219 15.380000114440918 14.604999542236328 14.75 41500
14.75 14.75 13.5600004196167 13.710000038146973 46700
13.5600004196167 13.600000381469727 12.460000038146973 13.319999694824219 31800
13.529999732971191 14.100000381469727 13.322999954223633 13.859999656677246 32200
13.649999618530273 13.989999771118164 12.890000343322754 13.010000228881836 46400
13.09000015258789 13.27299976348877 12.675000190734863 12.75 31600
12.760000228881836 13.399999618530273 11.729999542236328 12.029999732971191 61200
11.739999771118164 12.704999923706055 11.300000190734863 11.529999732971191 190400
11.600000381469727 12.774999618530273 11.5 12.0 857500
12.0 12.779999732971191 11.289999961853027 12.600000381469727 1937700
12.789999961853027 14.380000114440918 12.375 13.359999656677246 117800
13.529999732971191 14.039999961853027 13.039999961853027 13.529999732971191 153200
13.359999656677246 14.244999885559082 13.319999694824219 14.130000114440918 89900
13.989999771118164 13.989999771118164 12.670000076293945 12.850000381469727 81200
12.850000381469727 12.850000381469727 11.3100004196167 11.460000038146973 82200
11.3100004196167 11.65999984741211 11.25 11.385000228881836 92500
11.270000457763672 11.890000343322754 10.829999923706055 11.079999923706055 87300
11.199999809265137 12.239999771118164 10.880000114440918 11.619999885559082 192700
11.619999885559082 12.279999732971191 11.3149995803833 12.100000381469727 89300
12.399999618530273 13.729999542236328 12.300000190734863 13.670000076293945 99100
13.600000381469727 14.65999984741211 12.961999893188477 13.960000038146973 113600
13.930000305175781 14.255000114440918 13.539999961853027 13.75 227400
13.779999732971191 14.550000190734863 13.779999732971191 14.199999809265137 246100
14.079999923706055 14.390000343322754 12.970000267028809 13.229999542236328 78800
13.319999694824219 13.600000381469727 12.270000457763672 12.579999923706055 79300
12.739999771118164 13.430000305175781 12.739999771118164 12.989999771118164 58000
13.100000381469727 14.319999694824219 13.100000381469727 14.199999809265137 75200
14.329999923706055 14.569999694824219 13.149999618530273 13.220000267028809 75300
13.220000267028809 13.220000267028809 12.880000114440918 13.100000381469727 55300
13.380000114440918 13.449999809265137 12.520000457763672 12.569999694824219 106300
12.520000457763672 12.520000457763672 12.125 12.350000381469727 74800
12.350000381469727 12.399999618530273 11.8100004196167 12.0 182700
11.960000038146973 12.239999771118164 11.720000267028809 12.119999885559082 77100
11.829999923706055 12.649999618530273 11.829999923706055 12.5 172200
12.390000343322754 12.729999542236328 11.789999961853027 11.989999771118164 61600
11.960000038146973 12.020000457763672 11.420000076293945 11.5600004196167 129100
11.569999694824219 11.734999656677246 11.279999732971191 11.520000457763672 87100
11.5 11.680000305175781 10.850000381469727 11.529999732971191 621200
11.800000190734863 12.350000381469727 11.550000190734863 11.869999885559082 142400
11.649999618530273 12.614999771118164 11.649999618530273 12.279999732971191 72000
12.199999809265137 12.470000267028809 11.680000305175781 12.149999618530273 55000
11.930000305175781 12.15999984741211 11.449999809265137 12.079999923706055 57500
12.079999923706055 12.8100004196167 12.079999923706055 12.210000038146973 148600
12.130000114440918 12.710000038146973 12.130000114440918 12.300000190734863 62900
12.399999618530273 12.529999732971191 11.875 11.970000267028809 31700
12.260000228881836 12.779999732971191 11.989999771118164 12.640000343322754 76800
12.710000038146973 12.770000457763672 12.4399995803833 12.579999923706055 40000
12.710000038146973 12.739999771118164 12.149999618530273 12.460000038146973 31700
12.859999656677246 12.880000114440918 12.039999961853027 12.119999885559082 131900
12.119999885559082 12.84000015258789 12.0 12.489999771118164 327900
12.579999923706055 13.140000343322754 12.239999771118164 12.6899995803833 158500
12.699999809265137 12.875 12.239999771118164 12.470000267028809 57800
12.609999656677246 12.989999771118164 12.385000228881836 12.789999961853027 66600
13.390000343322754 14.920000076293945 13.210000038146973 13.640000343322754 203000
13.550000190734863 13.595000267028809 12.75 13.1899995803833 208300
13.199999809265137 13.880000114440918 12.960000038146973 13.1899995803833 171900
13.300000190734863 13.513999938964844 12.350000381469727 12.470000267028809 97100
12.640000343322754 13.5 12.571999549865723 13.40999984741211 93400
13.399999618530273 14.079999923706055 13.399999618530273 14.0 104800
13.90999984741211 13.90999984741211 12.960000038146973 13.239999771118164 56400
13.020000457763672 13.079999923706055 12.359999656677246 12.770000457763672 62700
12.640000343322754 13.15999984741211 12.220000267028809 12.670000076293945 56500
12.710000038146973 12.880000114440918 12.1899995803833 12.350000381469727 110800
12.380000114440918 12.380000114440918 11.619999885559082 12.0600004196167 111700
12.0600004196167 12.5 11.819999694824219 11.869999885559082 90700
11.960000038146973 12.850000381469727 11.960000038146973 12.680000305175781 89000
12.739999771118164 13.380000114440918 12.529999732971191 12.59000015258789 64000
12.529999732971191 12.789999961853027 12.425000190734863 12.579999923706055 34000
12.5600004196167 12.600000381469727 12.119999885559082 12.529999732971191 46900
12.470000267028809 12.470000267028809 11.9399995803833 12.0 94400
11.930000305175781 12.069999694824219 11.15999984741211 11.180000305175781 151200
11.109999656677246 11.279999732971191 11.010000228881836 11.109999656677246 117100
10.960000038146973 11.329999923706055 10.878000259399414 11.0600004196167 80700
11.0600004196167 11.649999618530273 10.9399995803833 11.3100004196167 75900
11.3100004196167 11.479999542236328 11.130000114440918 11.3100004196167 67400
11.40999984741211 11.699999809265137 11.229999542236328 11.600000381469727 128500
11.550000190734863 11.699999809265137 11.130000114440918 11.130000114440918 50700
11.170000076293945 11.180000305175781 10.819999694824219 11.010000228881836 56100
11.045000076293945 11.305999755859375 11.045000076293945 11.119999885559082 82900
11.050000190734863 11.25 10.779999732971191 10.920000076293945 54800
10.920000076293945 10.970000267028809 10.430000305175781 10.539999961853027 101400
10.529999732971191 11.069999694824219 10.369999885559082 11.0 108700
11.0600004196167 11.4399995803833 10.9399995803833 11.010000228881836 59500
10.960000038146973 10.960000038146973 10.5 10.5600004196167 82300
10.59000015258789 10.694999694824219 10.135000228881836 10.640000343322754 54500
10.59000015258789 10.710000038146973 10.3100004196167 10.65999984741211 30900
10.720000267028809 10.720000267028809 10.100000381469727 10.1850004196167 50000
10.300000190734863 10.859999656677246 10.09000015258789 10.729999542236328 65500
10.720000267028809 10.84000015258789 10.1899995803833 10.260000228881836 60700
10.069999694824219 10.510000228881836 10.029999732971191 10.260000228881836 61900
10.489999771118164 10.489999771118164 10.074999809265137 10.430000305175781 47100
10.40999984741211 10.40999984741211 9.788000106811523 9.869999885559082 107500
9.930000305175781 10.220000267028809 9.720000267028809 10.069999694824219 48800
10.020000457763672 10.15999984741211 9.279999732971191 9.640000343322754 34800
9.680000305175781 10.09000015258789 9.520000457763672 9.779999732971191 41400
9.649999618530273 9.699999809265137 9.260000228881836 9.5600004196167 72000
9.579999923706055 9.9399995803833 9.300000190734863 9.600000381469727 88800
9.550000190734863 10.510000228881836 9.364999771118164 9.710000038146973 62900
9.630000114440918 10.324999809265137 9.630000114440918 9.9399995803833 44600
10.430000305175781 10.430000305175781 9.875 9.960000038146973 24200
9.989999771118164 9.989999771118164 9.312000274658203 9.774999618530273 72600
10.638999938964844 10.638999938964844 9.760000228881836 10.079999923706055 75300
9.970000267028809 10.145000457763672 9.190999984741211 9.5 95700
9.460000038146973 9.460000038146973 8.989999771118164 9.25 63300
9.65999984741211 9.880000114440918 9.234999656677246 9.800000190734863 38300
9.789999961853027 10.460000038146973 9.789999961853027 10.25 57400
10.09000015258789 10.430000305175781 9.895000457763672 10.039999961853027 62100
9.819999694824219 10.220000267028809 9.470000267028809 10.149999618530273 182100
10.1899995803833 10.5600004196167 9.619999885559082 9.789999961853027 43500
9.725000381469727 9.90999984741211 9.369999885559082 9.489999771118164 46300
9.550000190734863 9.550000190734863 8.710000038146973 8.890000343322754 76300
8.949999809265137 9.210000038146973 8.6899995803833 8.739999771118164 103600
8.880000114440918 9.039999961853027 8.489999771118164 8.600000381469727 254900
8.569999694824219 8.614999771118164 7.760000228881836 7.840000152587891 139000
7.739999771118164 7.954999923706055 7.090000152587891 7.429999828338623 114200
7.349999904632568 7.599999904632568 7.059999942779541 7.119999885559082 57200
7.190000057220459 7.25 6.739999771118164 6.75 97100
6.630000114440918 6.885000228881836 6.570099830627441 6.614999771118164 15365
