25.040000915527344 25.219999313354492 25.011999130249023 25.219999313354492 1914800
25.34000015258789 25.34000015258789 25.17099952697754 25.326000213623047 56900
25.40999984741211 25.520000457763672 25.240999221801758 25.299999237060547 66500
25.3799991607666 25.3799991607666 25.25 25.368999481201172 91800
25.459999084472656 25.459999084472656 25.270000457763672 25.295000076293945 89000
25.329999923706055 25.395000457763672 25.270000457763672 25.329999923706055 111200
25.510000228881836 25.510000228881836 25.329999923706055 25.40399932861328 37000
25.43000030517578 25.559999465942383 25.329999923706055 25.488000869750977 44800
25.6299991607666 25.6299991607666 25.469999313354492 25.520000457763672 151300
25.559999465942383 25.600000381469727 25.490999221801758 25.540000915527344 22200
25.55500030517578 25.670000076293945 25.510000228881836 25.639999389648438 23700
25.639999389648438 25.68000030517578 25.62299919128418 25.624000549316406 14900
25.559999465942383 25.610000610351562 25.459999084472656 25.559999465942383 34600
25.6200008392334 25.6200008392334 25.459999084472656 25.527999877929688 27600
25.6200008392334 25.6200008392334 25.47599983215332 25.55500030517578 26000
25.540000915527344 25.56999969482422 25.492000579833984 25.530000686645508 54000
25.530000686645508 25.569000244140625 25.450000762939453 25.479999542236328 41300
25.530000686645508 25.600000381469727 25.472999572753906 25.600000381469727 23800
25.59000015258789 25.610000610351562 25.55500030517578 25.594999313354492 9500
25.594999313354492 25.684999465942383 25.549999237060547 25.615999221801758 12000
25.75 25.850000381469727 25.700000762939453 25.764999389648438 11300
25.774999618530273 25.790000915527344 25.704999923706055 25.7549991607666 13100
25.690000534057617 25.780000686645508 25.690000534057617 25.725000381469727 3900
25.56999969482422 25.68000030517578 25.540000915527344 25.645000457763672 8400
25.65999984741211 25.75 25.6200008392334 25.649999618530273 3500
25.700000762939453 25.700000762939453 25.6299991607666 25.670000076293945 4700
25.709999084472656 25.760000228881836 25.68000030517578 25.75 4200
25.809999465942383 25.899999618530273 25.799999237060547 25.819000244140625 5400
25.93000030517578 25.93000030517578 25.850000381469727 25.90999984741211 7700
25.889999389648438 25.950000762939453 25.889999389648438 25.915000915527344 6600
25.989999771118164 25.989999771118164 25.889999389648438 25.950000762939453 11800
26.020000457763672 26.020000457763672 25.90999984741211 26.0 5000
26.024999618530273 26.059999465942383 25.959999084472656 26.010000228881836 12800
25.989999771118164 26.020000457763672 25.889999389648438 25.94499969482422 8000
25.940000534057617 25.975000381469727 25.910999298095703 25.950000762939453 4900
25.989999771118164 26.030000686645508 25.940000534057617 25.993999481201172 4900
25.920000076293945 26.059999465942383 25.920000076293945 26.020000457763672 6300
26.0 26.049999237060547 25.940000534057617 26.01099967956543 7100
26.038999557495117 26.09000015258789 25.94499969482422 25.94499969482422 2000
26.079999923706055 26.079999923706055 26.010000228881836 26.05500030517578 14800
26.100000381469727 26.110000610351562 25.969999313354492 26.0 34500
26.040000915527344 26.09000015258789 25.969999313354492 26.072999954223633 37900
25.969999313354492 25.969999313354492 25.8799991607666 25.899999618530273 6700
25.8700008392334 25.889999389648438 25.81999969482422 25.889999389648438 6500
25.871000289916992 25.989999771118164 25.841999053955078 25.841999053955078 5400
25.895000457763672 25.959999084472656 25.8799991607666 25.944000244140625 3200
25.829999923706055 25.950000762939453 25.820999145507812 25.899999618530273 3700
25.84000015258789 25.915000915527344 25.799999237060547 25.84000015258789 7200
25.8700008392334 25.959999084472656 25.799999237060547 25.834999084472656 3600
25.860000610351562 25.889999389648438 25.770000457763672 25.834999084472656 5600
25.860000610351562 25.882999420166016 25.80500030517578 25.882999420166016 4000
25.780000686645508 25.850000381469727 25.76099967956543 25.777000427246094 3600
25.84000015258789 25.84000015258789 25.71500015258789 25.71500015258789 7800
25.719999313354492 25.75 25.600000381469727 25.631999969482422 3000
25.558000564575195 25.639999389648438 25.558000564575195 25.6299991607666 6000
25.60099983215332 25.735000610351562 25.60099983215332 25.714000701904297 5300
25.68000030517578 25.739999771118164 25.649999618530273 25.684999465942383 3200
25.790000915527344 25.825000762939453 25.76099967956543 25.795000076293945 7500
25.711000442504883 25.790000915527344 25.672000885009766 25.672000885009766 3400
25.663999557495117 25.739999771118164 25.663000106811523 25.739999771118164 5400
25.829999923706055 25.84000015258789 25.739999771118164 25.80699920654297 5300
25.829999923706055 26.0 25.829999923706055 25.954999923706055 6300
25.975000381469727 26.024999618530273 25.959999084472656 26.018999099731445 5200
26.040000915527344 26.079999923706055 25.989999771118164 26.0049991607666 4200
26.059999465942383 26.059999465942383 25.972000122070312 26.03499984741211 4100
25.959999084472656 26.049999237060547 25.959999084472656 26.030000686645508 6500
26.010000228881836 26.010000228881836 25.850000381469727 25.950000762939453 12500
25.790000915527344 25.940000534057617 25.790000915527344 25.905000686645508 4900
25.924999237060547 25.989999771118164 25.915000915527344 25.915000915527344 5200
25.920000076293945 26.030000686645508 25.920000076293945 25.989999771118164 1300
25.90999984741211 26.009000778198242 25.889999389648438 25.950000762939453 8200
25.90999984741211 26.020000457763672 25.90999984741211 25.961999893188477 3200
26.0 26.101999282836914 25.950000762939453 26.086999893188477 7900
25.996000289916992 26.049999237060547 25.90999984741211 25.93199920654297 11600
25.924999237060547 25.989999771118164 25.909000396728516 25.94499969482422 9600
25.860000610351562 25.954999923706055 25.860000610351562 25.93000030517578 5400
25.979999542236328 25.9950008392334 25.809999465942383 25.843000411987305 10200
25.65999984741211 25.760000228881836 25.600000381469727 25.600000381469727 8500
25.729999542236328 25.735000610351562 25.579999923706055 25.579999923706055 5400
25.56999969482422 25.690000534057617 25.559999465942383 25.663999557495117 20800
25.649999618530273 25.649999618530273 25.440000534057617 25.489999771118164 40300
25.520000457763672 25.559999465942383 25.420000076293945 25.450000762939453 4800
25.530000686645508 25.6200008392334 25.520000457763672 25.57900047302246 12700
25.610000610351562 25.639999389648438 25.489999771118164 25.559999465942383 12000
25.489999771118164 25.549999237060547 25.479999542236328 25.548999786376953 8500
25.43000030517578 25.43000030517578 25.34000015258789 25.343000411987305 3500
25.360000610351562 25.530000686645508 25.350000381469727 25.459999084472656 6000
25.43000030517578 25.5 25.415000915527344 25.451000213623047 12700
25.481000900268555 25.709999084472656 25.481000900268555 25.610000610351562 10300
25.6200008392334 25.729999542236328 25.170000076293945 25.694000244140625 4500
25.760000228881836 25.829999923706055 25.729999542236328 25.729999542236328 6100
25.709999084472656 25.899999618530273 25.690000534057617 25.860000610351562 4900
25.780000686645508 25.829999923706055 25.700000762939453 25.719999313354492 7500
25.700000762939453 25.71500015258789 25.65999984741211 25.65999984741211 14400
25.81999969482422 25.8700008392334 25.790000915527344 25.799999237060547 7400
25.790000915527344 25.889999389648438 25.780000686645508 25.790000915527344 8900
25.780000686645508 25.799999237060547 25.674999237060547 25.687000274658203 8800
25.610000610351562 25.760000228881836 25.559999465942383 25.589000701904297 7600
25.485000610351562 25.540000915527344 25.309999465942383 25.43899917602539 5700
25.44860076904297 25.50469970703125 25.43709945678711 25.5 3779
