9.899999618530273 10.0 9.899999618530273 10.0 200
10.0 10.0 10.0 10.0 0
10.0 10.0 10.0 10.0 0
10.0 10.0 10.0 10.0 0
10.0 10.0 10.0 10.0 0
9.800000190734863 9.800000190734863 9.800000190734863 9.800000190734863 100
9.760000228881836 9.760000228881836 9.755000114440918 9.755000114440918 200
9.760000228881836 9.770000457763672 9.760000228881836 9.770000457763672 700
9.770000457763672 9.770000457763672 9.770000457763672 9.770000457763672 0
9.770000457763672 9.770000457763672 9.770000457763672 9.770000457763672 0
9.770000457763672 9.770000457763672 9.770000457763672 9.770000457763672 0
9.699999809265137 9.699999809265137 9.609999656677246 9.65999984741211 363200
9.680000305175781 9.770000457763672 9.670000076293945 9.770000457763672 182800
9.770000457763672 9.770000457763672 9.770000457763672 9.770000457763672 200
9.770000457763672 9.770000457763672 9.770000457763672 9.770000457763672 0
9.899999618530273 9.899999618530273 9.899999618530273 9.899999618530273 100
9.800000190734863 9.84000015258789 9.800000190734863 9.84000015258789 1200
9.789999961853027 9.829999923706055 9.770000457763672 9.829999923706055 6500
10.010000228881836 10.039999961853027 9.899999618530273 9.899999618530273 2100
9.899999618530273 9.899999618530273 9.899999618530273 9.899999618530273 0
9.869999885559082 9.869999885559082 9.8100004196167 9.8100004196167 400
9.829999923706055 9.829999923706055 9.829999923706055 9.829999923706055 100
9.75 9.989999771118164 9.75 9.989999771118164 6400
10.100000381469727 10.100000381469727 9.949999809265137 9.989999771118164 4600
10.0 10.0 9.8100004196167 9.859000205993652 3000
9.829999923706055 9.859999656677246 9.829999923706055 9.829999923706055 2100
9.800000190734863 9.800000190734863 9.800000190734863 9.800000190734863 500
9.800000190734863 9.800000190734863 9.800000190734863 9.800000190734863 0
9.800000190734863 9.800000190734863 9.800000190734863 9.800000190734863 0
9.779999732971191 9.9399995803833 9.779999732971191 9.9399995803833 7500
9.9399995803833 9.9399995803833 9.9399995803833 9.9399995803833 0
9.805000305175781 9.8100004196167 9.805000305175781 9.8100004196167 16900
10.180000305175781 10.180000305175781 9.800000190734863 9.800000190734863 2100
9.800000190734863 9.8100004196167 9.729999542236328 9.8100004196167 5400
9.8100004196167 9.8100004196167 9.8100004196167 9.8100004196167 0
9.989999771118164 10.0 9.989999771118164 10.0 900
9.930000305175781 9.930000305175781 9.930000305175781 9.930000305175781 700
9.779999732971191 9.779999732971191 9.720000267028809 9.720000267028809 400
9.699999809265137 9.710000038146973 9.699999809265137 9.710000038146973 200
9.880000114440918 9.880000114440918 9.880000114440918 9.880000114440918 200
9.75 9.75 9.699999809265137 9.699999809265137 2600
9.699999809265137 9.699999809265137 9.699999809265137 9.699999809265137 0
9.699999809265137 9.699999809265137 9.699999809265137 9.699999809265137 300
9.670000076293945 9.75 9.670000076293945 9.75 1100
9.869999885559082 9.869999885559082 9.720000267028809 9.75 54300
9.75 9.75 9.75 9.75 0
9.75 9.75 9.75 9.75 0
9.75 9.75 9.75 9.75 0
9.75 9.890000343322754 9.75 9.890000343322754 2000
9.774999618530273 9.779999732971191 9.774999618530273 9.779999732971191 900
9.789999961853027 9.789999961853027 9.789999961853027 9.789999961853027 500
9.800000190734863 9.800000190734863 9.779999732971191 9.800000190734863 10200
9.800000190734863 9.800000190734863 9.800000190734863 9.800000190734863 200
9.800000190734863 9.800000190734863 9.800000190734863 9.800000190734863 0
9.8100004196167 9.8100004196167 9.789999961853027 9.8100004196167 11100
9.75 9.779999732971191 9.75 9.779999732971191 300
9.779999732971191 9.779999732971191 9.779999732971191 9.779999732971191 0
9.779999732971191 9.779999732971191 9.779999732971191 9.779999732971191 0
9.779999732971191 9.779999732971191 9.779999732971191 9.779999732971191 0
9.779999732971191 9.779999732971191 9.779999732971191 9.779999732971191 0
9.779999732971191 9.779999732971191 9.75 9.779999732971191 2900
9.779999732971191 9.779999732971191 9.779999732971191 9.779999732971191 0
9.789999961853027 9.789999961853027 9.789999961853027 9.789999961853027 250000
9.829999923706055 9.829999923706055 9.8100004196167 9.8100004196167 27200
9.819999694824219 9.819999694824219 9.819999694824219 9.819999694824219 16100
9.819999694824219 9.869999885559082 9.819999694824219 9.819999694824219 99200
9.819999694824219 9.819999694824219 9.819999694824219 9.819999694824219 0
9.819999694824219 9.819999694824219 9.819999694824219 9.819999694824219 0
9.859999656677246 9.880000114440918 9.859999656677246 9.880000114440918 600
9.880000114440918 9.880000114440918 9.880000114440918 9.880000114440918 0
9.880000114440918 9.880000114440918 9.880000114440918 9.880000114440918 0
9.880000114440918 9.880000114440918 9.880000114440918 9.880000114440918 0
9.84000015258789 9.84000015258789 9.84000015258789 9.84000015258789 250000
9.84000015258789 9.84000015258789 9.84000015258789 9.84000015258789 0
9.819999694824219 9.84000015258789 9.819999694824219 9.835000038146973 17800
9.835000038146973 9.835000038146973 9.835000038146973 9.835000038146973 0
9.835000038146973 9.835000038146973 9.835000038146973 9.835000038146973 0
9.84000015258789 9.84000015258789 9.84000015258789 9.84000015258789 1900
9.84000015258789 9.84000015258789 9.84000015258789 9.84000015258789 0
9.84000015258789 9.84000015258789 9.84000015258789 9.84000015258789 0
9.84000015258789 9.84000015258789 9.84000015258789 9.84000015258789 0
9.84000015258789 9.84000015258789 9.84000015258789 9.84000015258789 0
9.84000015258789 9.84000015258789 9.84000015258789 9.84000015258789 11100
9.84000015258789 9.84000015258789 9.84000015258789 9.84000015258789 15900
9.84000015258789 9.84000015258789 9.84000015258789 9.84000015258789 72500
9.859999656677246 9.880000114440918 9.84000015258789 9.859999656677246 102100
9.880000114440918 9.880000114440918 9.854999542236328 9.854999542236328 25600
9.850000381469727 9.880000114440918 9.850000381469727 9.880000114440918 175100
9.859999656677246 9.859999656677246 9.859999656677246 9.859999656677246 391000
9.845000267028809 9.845000267028809 9.845000267028809 9.845000267028809 200
9.845000267028809 9.845000267028809 9.845000267028809 9.845000267028809 0
9.859999656677246 9.859999656677246 9.859999656677246 9.859999656677246 200
9.859999656677246 9.859999656677246 9.859999656677246 9.859999656677246 0
9.859999656677246 9.859999656677246 9.859999656677246 9.859999656677246 0
9.854999542236328 9.854999542236328 9.854999542236328 9.854999542236328 7700
9.859999656677246 9.859999656677246 9.84000015258789 9.84000015258789 300
9.84000015258789 9.84000015258789 9.84000015258789 9.84000015258789 0
9.84000015258789 9.84000015258789 9.84000015258789 9.84000015258789 0
9.869999885559082 9.869999885559082 9.84000015258789 9.84000015258789 5200
9.84000015258789 9.84000015258789 9.84000015258789 9.84000015258789 0
9.84000015258789 9.84000015258789 9.84000015258789 9.84000015258789 0
9.84000015258789 9.84000015258789 9.84000015258789 9.84000015258789 300000
9.920000076293945 9.920000076293945 9.920000076293945 9.920000076293945 100
9.920000076293945 9.920000076293945 9.920000076293945 9.920000076293945 0
9.859999656677246 9.859999656677246 9.859999656677246 9.859999656677246 200
9.859999656677246 9.859999656677246 9.859999656677246 9.859999656677246 0
9.859999656677246 9.859999656677246 9.859999656677246 9.859999656677246 0
9.859999656677246 9.859999656677246 9.859999656677246 9.859999656677246 0
9.859999656677246 9.859999656677246 9.859999656677246 9.859999656677246 0
9.859999656677246 9.859999656677246 9.859999656677246 9.859999656677246 705000
9.859999656677246 9.859999656677246 9.859999656677246 9.859999656677246 0
9.859999656677246 9.859999656677246 9.859999656677246 9.859999656677246 150200
9.859999656677246 9.859999656677246 9.859999656677246 9.859999656677246 0
9.859999656677246 9.859999656677246 9.859999656677246 9.859999656677246 0
9.819999694824219 9.819999694824219 9.819999694824219 9.819999694824219 100
9.880000114440918 9.880000114440918 9.829999923706055 9.829999923706055 800
9.829999923706055 9.829999923706055 9.829999923706055 9.829999923706055 0
9.800000190734863 9.800000190734863 9.800000190734863 9.800000190734863 300
9.800000190734863 9.800000190734863 9.800000190734863 9.800000190734863 0
9.800000190734863 9.800000190734863 9.800000190734863 9.800000190734863 0
9.800000190734863 9.800000190734863 9.800000190734863 9.800000190734863 50200
9.800000190734863 9.8100004196167 9.800000190734863 9.8100004196167 970000
9.8100004196167 9.8100004196167 9.8100004196167 9.8100004196167 0
9.8100004196167 9.8100004196167 9.8100004196167 9.8100004196167 0
9.8100004196167 9.8100004196167 9.8100004196167 9.8100004196167 0
9.8100004196167 9.8100004196167 9.8100004196167 9.8100004196167 0
9.8100004196167 9.8100004196167 9.8100004196167 9.8100004196167 0
9.8100004196167 9.8100004196167 9.8100004196167 9.8100004196167 0
9.8100004196167 9.8100004196167 9.8100004196167 9.8100004196167 0
9.8100004196167 9.8100004196167 9.8100004196167 9.8100004196167 0
9.8100004196167 9.8100004196167 9.8100004196167 9.8100004196167 0
9.8100004196167 9.8100004196167 9.8100004196167 9.8100004196167 0
9.84000015258789 9.899999618530273 9.829999923706055 9.829999923706055 106800
9.880000114440918 9.880000114440918 9.829999923706055 9.859999656677246 33200
9.899999618530273 9.899999618530273 9.829999923706055 9.829999923706055 20600
9.819999694824219 9.850000381469727 9.819999694824219 9.829999923706055 94700
9.829999923706055 9.84000015258789 9.829999923706055 9.829999923706055 192200
9.829999923706055 9.829999923706055 9.829999923706055 9.829999923706055 0
9.84000015258789 9.84000015258789 9.829999923706055 9.829999923706055 300
9.829999923706055 9.829999923706055 9.829999923706055 9.829999923706055 0
9.829999923706055 9.829999923706055 9.829999923706055 9.829999923706055 0
9.829999923706055 9.829999923706055 9.829999923706055 9.829999923706055 0
9.850000381469727 9.850000381469727 9.800000190734863 9.850000381469727 36500
9.850000381469727 9.850000381469727 9.850000381469727 9.850000381469727 0
9.850000381469727 9.850000381469727 9.850000381469727 9.850000381469727 0
9.850000381469727 9.850000381469727 9.850000381469727 9.850000381469727 26500
9.989999771118164 9.989999771118164 9.9399995803833 9.9399995803833 1600
9.9399995803833 9.9399995803833 9.9399995803833 9.9399995803833 100
9.9399995803833 9.9399995803833 9.9399995803833 9.9399995803833 0
9.9399995803833 9.9399995803833 9.9399995803833 9.9399995803833 0
9.9399995803833 9.9399995803833 9.9399995803833 9.9399995803833 0
9.9399995803833 9.9399995803833 9.9399995803833 9.9399995803833 0
9.9399995803833 10.024999618530273 9.859999656677246 9.859999656677246 506300
9.9399995803833 9.9399995803833 9.890000343322754 9.890000343322754 200
9.859999656677246 9.859999656677246 9.84000015258789 9.84000015258789 600
9.859999656677246 9.859999656677246 9.859999656677246 9.859999656677246 22300
9.989999771118164 9.989999771118164 9.9399995803833 9.9399995803833 600
9.9399995803833 9.9399995803833 9.9399995803833 9.9399995803833 0
9.9399995803833 9.9399995803833 9.850000381469727 9.850000381469727 4200
9.869999885559082 9.869999885559082 9.869999885559082 9.869999885559082 900
9.845000267028809 9.880000114440918 9.845000267028809 9.875 277100
9.930000305175781 9.930000305175781 9.930000305175781 9.930000305175781 200
9.930000305175781 9.930000305175781 9.930000305175781 9.930000305175781 0
9.869999885559082 9.880000114440918 9.869999885559082 9.869999885559082 21900
9.869999885559082 9.869999885559082 9.869999885559082 9.869999885559082 0
9.875 9.890000343322754 9.875 9.875 9600
9.920000076293945 9.920000076293945 9.920000076293945 9.920000076293945 100
9.920000076293945 9.920000076293945 9.920000076293945 9.920000076293945 0
9.920000076293945 9.920000076293945 9.920000076293945 9.920000076293945 0
9.920000076293945 9.920000076293945 9.920000076293945 9.920000076293945 0
9.920000076293945 9.920000076293945 9.920000076293945 9.920000076293945 0
9.920000076293945 9.920000076293945 9.920000076293945 9.920000076293945 0
9.920000076293945 9.920000076293945 9.920000076293945 9.920000076293945 0
9.920000076293945 9.920000076293945 9.920000076293945 9.920000076293945 0
9.920000076293945 9.920000076293945 9.920000076293945 9.920000076293945 0
9.920000076293945 9.920000076293945 9.920000076293945 9.920000076293945 0
9.890000343322754 9.979999542236328 9.890000343322754 9.920000076293945 50100
9.920000076293945 9.920000076293945 9.920000076293945 9.920000076293945 900
9.920000076293945 9.920000076293945 9.920000076293945 9.920000076293945 0
9.920000076293945 9.920000076293945 9.920000076293945 9.920000076293945 0
9.920000076293945 9.920000076293945 9.920000076293945 9.920000076293945 100
9.920000076293945 9.920000076293945 9.920000076293945 9.920000076293945 0
9.920000076293945 9.920000076293945 9.920000076293945 9.920000076293945 0
9.920000076293945 9.920000076293945 9.920000076293945 9.920000076293945 0
9.920000076293945 9.920000076293945 9.920000076293945 9.920000076293945 0
9.920000076293945 9.920000076293945 9.920000076293945 9.920000076293945 0
9.920000076293945 9.920000076293945 9.920000076293945 9.920000076293945 0
9.920000076293945 9.920000076293945 9.920000076293945 9.920000076293945 0
9.920000076293945 9.920000076293945 9.920000076293945 9.920000076293945 0
9.920000076293945 9.920000076293945 9.920000076293945 9.920000076293945 0
9.920000076293945 9.920000076293945 9.920000076293945 9.920000076293945 0
9.920000076293945 9.920000076293945 9.920000076293945 9.920000076293945 0
9.920000076293945 9.920000076293945 9.920000076293945 9.920000076293945 0
9.920000076293945 9.920000076293945 9.920000076293945 9.920000076293945 0
9.920000076293945 9.920000076293945 9.920000076293945 9.920000076293945 0
9.920000076293945 9.920000076293945 9.920000076293945 9.920000076293945 0
9.920000076293945 9.920000076293945 9.920000076293945 9.920000076293945 0
9.920000076293945 9.920000076293945 9.920000076293945 9.920000076293945 0
9.920000076293945 9.920000076293945 9.920000076293945 9.920000076293945 0
9.920000076293945 9.920000076293945 9.920000076293945 9.920000076293945 0
9.819999694824219 9.9399995803833 9.819999694824219 9.9399995803833 1100
9.829999923706055 9.90999984741211 9.829999923706055 9.90999984741211 600
9.920000076293945 9.930000305175781 9.90999984741211 9.930000305175781 20300
9.920000076293945 9.920000076293945 9.920000076293945 9.920000076293945 213700
9.920000076293945 9.920000076293945 9.920000076293945 9.920000076293945 0
9.920000076293945 9.920000076293945 9.920000076293945 9.920000076293945 0
9.920000076293945 9.920000076293945 9.920000076293945 9.920000076293945 0
9.899999618530273 9.899999618530273 9.899999618530273 9.899999618530273 14300
9.880000114440918 9.880000114440918 9.880000114440918 9.880000114440918 34600
9.890000343322754 9.890000343322754 9.880000114440918 9.880000114440918 21600
9.859999656677246 9.880000114440918 9.850000381469727 9.869999885559082 133500
9.869999885559082 9.869999885559082 9.869999885559082 9.869999885559082 0
9.869999885559082 9.869999885559082 9.869999885559082 9.869999885559082 0
9.869999885559082 9.869999885559082 9.869999885559082 9.869999885559082 0
9.869999885559082 9.869999885559082 9.869999885559082 9.869999885559082 0
9.869999885559082 9.869999885559082 9.869999885559082 9.869999885559082 0
9.90999984741211 9.90999984741211 9.880000114440918 9.880000114440918 18900
9.880000114440918 9.880000114440918 9.880000114440918 9.880000114440918 0
9.880000114440918 9.880000114440918 9.880000114440918 9.880000114440918 0
9.880000114440918 9.880000114440918 9.880000114440918 9.880000114440918 0
9.899999618530273 9.899999618530273 9.899999618530273 9.899999618530273 600
9.920000076293945 9.930000305175781 9.920000076293945 9.925000190734863 7300
9.899999618530273 9.899999618530273 9.899999618530273 9.899999618530273 1300
9.920000076293945 9.930000305175781 9.920000076293945 9.930000305175781 400
9.930000305175781 9.930000305175781 9.930000305175781 9.930000305175781 0
9.930000305175781 9.930000305175781 9.930000305175781 9.930000305175781 0
9.930000305175781 9.930000305175781 9.930000305175781 9.930000305175781 0
9.930000305175781 9.930000305175781 9.930000305175781 9.930000305175781 0
9.9399995803833 9.960000038146973 9.9399995803833 9.949999809265137 7000
9.949999809265137 9.949999809265137 9.949999809265137 9.949999809265137 0
9.949999809265137 9.949999809265137 9.949999809265137 9.949999809265137 0
9.949999809265137 9.949999809265137 9.949999809265137 9.949999809265137 0
9.949999809265137 9.949999809265137 9.949999809265137 9.949999809265137 0
9.949999809265137 9.949999809265137 9.949999809265137 9.949999809265137 0
10.0 10.0 10.0 10.0 100
10.0 10.0 10.0 10.0 0
10.0 10.0 10.0 10.0 0
10.0 10.0 10.0 10.0 0
10.0 10.0 10.0 10.0 0
9.970000267028809 9.970000267028809 9.970000267028809 9.970000267028809 22300
9.970000267028809 9.970000267028809 9.970000267028809 9.970000267028809 0
9.970000267028809 9.970000267028809 9.970000267028809 9.970000267028809 0
10.020000457763672 10.020000457763672 9.970000267028809 9.970000267028809 1500
9.970000267028809 9.970000267028809 9.970000267028809 9.970000267028809 0
9.970000267028809 9.970000267028809 9.970000267028809 9.970000267028809 0
9.970000267028809 9.970000267028809 9.970000267028809 9.970000267028809 0
9.970000267028809 9.970000267028809 9.970000267028809 9.970000267028809 0
9.970000267028809 9.970000267028809 9.970000267028809 9.970000267028809 0
9.970000267028809 9.970000267028809 9.970000267028809 9.970000267028809 0
9.970000267028809 9.970000267028809 9.970000267028809 9.970000267028809 0
9.958999633789062 9.979999542236328 9.958999633789062 9.979999542236328 23400
9.979999542236328 9.979999542236328 9.979999542236328 9.979999542236328 0
10.09000015258789 10.09000015258789 10.039999961853027 10.039999961853027 10200
10.029999732971191 10.050000190734863 10.029999732971191 10.029999732971191 41400
10.029999732971191 10.03499984741211 9.9399995803833 9.9399995803833 23800
10.069999694824219 10.069999694824219 10.039999961853027 10.039999961853027 4900
10.039999961853027 10.039999961853027 10.039999961853027 10.039999961853027 0
10.039999961853027 10.050000190734863 10.039999961853027 10.050000190734863 896400
10.050000190734863 10.050000190734863 10.050000190734863 10.050000190734863 0
10.050000190734863 10.050000190734863 10.050000190734863 10.050000190734863 3700
10.050000190734863 10.050000190734863 10.050000190734863 10.050000190734863 0
10.055000305175781 10.0600004196167 10.055000305175781 10.0600004196167 11400
10.079999923706055 10.079999923706055 10.079999923706055 10.079999923706055 2700
10.079999923706055 10.079999923706055 10.079999923706055 10.079999923706055 0
10.085000038146973 10.085000038146973 10.079999923706055 10.079999923706055 20200
10.085000038146973 10.09000015258789 10.079999923706055 10.079999923706055 2800
10.079999923706055 10.079999923706055 10.079999923706055 10.079999923706055 0
10.095000267028809 10.100000381469727 10.09000015258789 10.100000381469727 33300
10.100000381469727 10.100000381469727 10.100000381469727 10.100000381469727 200
10.100000381469727 10.100000381469727 10.100000381469727 10.100000381469727 0
10.100000381469727 10.100000381469727 10.100000381469727 10.100000381469727 0
10.100000381469727 10.100000381469727 10.100000381469727 10.100000381469727 300
10.100000381469727 10.100000381469727 10.100000381469727 10.100000381469727 0
10.100000381469727 10.100000381469727 10.100000381469727 10.100000381469727 457400
10.100000381469727 10.100000381469727 10.100000381469727 10.100000381469727 0
10.100000381469727 10.100000381469727 10.100000381469727 10.100000381469727 100
10.100000381469727 10.121000289916992 10.100000381469727 10.121000289916992 300
10.121000289916992 10.121000289916992 10.121000289916992 10.121000289916992 0
10.121000289916992 10.121000289916992 10.121000289916992 10.121000289916992 0
10.109999656677246 10.145000457763672 10.109999656677246 10.140000343322754 22400
10.140000343322754 10.140000343322754 10.140000343322754 10.140000343322754 136400
10.140000343322754 10.149999618530273 10.140000343322754 10.149999618530273 36100
10.199999809265137 10.199999809265137 10.1899995803833 10.199999809265137 40200
10.149999618530273 10.149999618530273 10.149999618530273 10.149999618530273 5400
10.149999618530273 10.149999618530273 10.149999618530273 10.149999618530273 0
10.149999618530273 10.149999618530273 10.149999618530273 10.149999618530273 0
10.199999809265137 10.220000267028809 10.180000305175781 10.180000305175781 25400
10.180000305175781 10.180000305175781 10.180000305175781 10.180000305175781 2500
10.15999984741211 10.170000076293945 10.15999984741211 10.15999984741211 1200
10.220000267028809 10.220000267028809 10.220000267028809 10.220000267028809 100
10.170000076293945 10.180000305175781 10.170000076293945 10.180000305175781 52800
10.220000267028809 10.220000267028809 10.210000038146973 10.220000267028809 5000
10.229999542236328 10.229999542236328 10.210000038146973 10.210000038146973 300
10.220000267028809 10.220000267028809 10.210000038146973 10.220000267028809 4700
10.229999542236328 10.229999542236328 10.220000267028809 10.229999542236328 9600
10.229999542236328 10.229999542236328 10.229999542236328 10.229999542236328 0
10.239999771118164 10.239999771118164 10.239999771118164 10.239999771118164 100
10.239999771118164 10.239999771118164 10.239999771118164 10.239999771118164 0
10.239999771118164 10.239999771118164 10.229999542236328 10.229999542236328 8400
10.180000305175781 10.229999542236328 10.180000305175781 10.220000267028809 1818800
10.220000267028809 10.220000267028809 10.220000267028809 10.220000267028809 0
10.210000038146973 10.210000038146973 10.210000038146973 10.210000038146973 200
10.210000038146973 10.210000038146973 10.210000038146973 10.210000038146973 0
10.229999542236328 10.229999542236328 10.225000381469727 10.229999542236328 22700
10.239999771118164 10.239999771118164 10.229999542236328 10.239999771118164 1400
10.239999771118164 10.260000228881836 10.239999771118164 10.25 26300
10.25 10.25 10.25 10.25 0
10.260000228881836 10.260000228881836 10.25 10.260000228881836 14300
10.260000228881836 10.260000228881836 10.260000228881836 10.260000228881836 0
10.260000228881836 10.260000228881836 10.260000228881836 10.260000228881836 0
10.270000457763672 10.270000457763672 10.25 10.25 825700
10.25 10.25 10.25 10.25 0
10.25 10.25 10.25 10.25 0
10.25 10.25 10.25 10.25 400
10.25 10.25 10.25 10.25 0
10.25 10.25 10.25 10.25 0
10.270000457763672 10.420000076293945 10.25 10.25 26200
10.270000457763672 10.270000457763672 10.270000457763672 10.270000457763672 4900
10.289999961853027 10.289999961853027 10.25 10.25 7600
10.270000457763672 10.270000457763672 10.270000457763672 10.270000457763672 200
10.270000457763672 10.270000457763672 10.270000457763672 10.270000457763672 0
10.25 10.270000457763672 10.239999771118164 10.270000457763672 7500
10.239999771118164 10.239999771118164 10.239999771118164 10.239999771118164 4100
10.25 10.25 10.25 10.25 4100
10.25 10.25 10.25 10.25 0
10.25 10.25 10.25 10.25 0
10.260000228881836 10.270000457763672 10.25 10.25 1500
10.239999771118164 10.25 10.239999771118164 10.25 50200
10.25 10.25 10.25 10.25 0
10.25 10.25 10.25 10.25 0
10.25 10.25 10.25 10.25 0
10.25 10.25 10.25 10.25 0
10.25 10.25 10.25 10.25 0
10.25 10.25 10.25 10.25 0
10.270000457763672 10.270000457763672 10.270000457763672 10.270000457763672 30300
10.270000457763672 10.270000457763672 10.270000457763672 10.270000457763672 0
10.270000457763672 10.270000457763672 10.270000457763672 10.270000457763672 0
10.279999732971191 10.279999732971191 10.279999732971191 10.279999732971191 200
10.279999732971191 10.279999732971191 10.270000457763672 10.270000457763672 5800
10.270000457763672 10.270000457763672 10.270000457763672 10.270000457763672 0
10.270000457763672 10.270000457763672 10.270000457763672 10.270000457763672 0
10.270000457763672 10.270000457763672 10.270000457763672 10.270000457763672 0
10.270000457763672 10.270000457763672 10.270000457763672 10.270000457763672 0
10.279999732971191 10.279999732971191 10.270000457763672 10.279999732971191 100400
10.274999618530273 10.279999732971191 10.270000457763672 10.279999732971191 9300
10.270000457763672 10.270000457763672 10.270000457763672 10.270000457763672 400
10.270000457763672 10.270000457763672 10.270000457763672 10.270000457763672 50100
10.300000190734863 10.3100004196167 10.270000457763672 10.279999732971191 717800
10.34000015258789 10.34000015258789 10.319999694824219 10.319999694824219 2400
10.350000381469727 10.350000381469727 10.319999694824219 10.329999923706055 153000
10.34000015258789 10.34000015258789 10.34000015258789 10.34000015258789 400
10.350000381469727 10.350000381469727 10.34000015258789 10.34000015258789 400
10.300000190734863 10.34000015258789 10.300000190734863 10.300000190734863 5500
10.34000015258789 10.34000015258789 10.34000015258789 10.34000015258789 100
10.329999923706055 10.329999923706055 10.329999923706055 10.329999923706055 6300
10.329999923706055 10.329999923706055 10.329999923706055 10.329999923706055 100
10.319999694824219 10.319999694824219 10.319999694824219 10.319999694824219 100
10.329999923706055 10.329999923706055 10.329999923706055 10.329999923706055 300
10.335000038146973 10.34000015258789 10.335000038146973 10.34000015258789 6600
10.34000015258789 10.34000015258789 10.34000015258789 10.34000015258789 0
10.34000015258789 10.34000015258789 10.34000015258789 10.34000015258789 0
10.350000381469727 10.350000381469727 10.350000381469727 10.350000381469727 4400
10.350000381469727 10.350000381469727 10.350000381469727 10.350000381469727 19100
10.359999656677246 10.359999656677246 10.350000381469727 10.350000381469727 300
10.380000114440918 10.390000343322754 10.380000114440918 10.390000343322754 6100
10.390000343322754 10.390000343322754 10.390000343322754 10.390000343322754 0
10.399999618530273 10.399999618530273 10.380000114440918 10.380000114440918 3300
10.380000114440918 10.380000114440918 10.380000114440918 10.380000114440918 10300
10.380000114440918 10.380000114440918 10.380000114440918 10.380000114440918 0
10.399999618530273 10.399999618530273 10.399999618530273 10.399999618530273 5600
10.399999618530273 10.399999618530273 10.399999618530273 10.399999618530273 0
10.399999618530273 10.399999618530273 10.399999618530273 10.399999618530273 3800
10.399999618530273 10.430000305175781 10.380000114440918 10.420000076293945 538800
10.420000076293945 10.430000305175781 10.420000076293945 10.420000076293945 878800
10.420000076293945 10.420000076293945 10.420000076293945 10.420000076293945 158500
10.460000038146973 10.460000038146973 10.420000076293945 10.420000076293945 135200
10.449999809265137 10.449999809265137 10.449999809265137 10.449999809265137 700
10.550000190734863 10.600000381469727 10.5 10.5 600
10.5 10.5 10.5 10.5 0
10.430000305175781 10.430000305175781 10.430000305175781 10.430000305175781 100
10.430000305175781 10.430000305175781 10.430000305175781 10.430000305175781 0
10.619999885559082 10.774999618530273 10.449999809265137 10.449999809265137 19300
10.65999984741211 10.65999984741211 10.460000038146973 10.460000038146973 22000
10.428000450134277 10.470000267028809 10.428000450134277 10.460000038146973 7900
10.420000076293945 10.4399995803833 10.420000076293945 10.420000076293945 1800
10.399999618530273 10.449999809265137 10.399999618530273 10.449999809265137 3600
10.430000305175781 10.5600004196167 10.430000305175781 10.470000267028809 9500
10.470000267028809 10.470000267028809 10.470000267028809 10.470000267028809 0
10.5 10.50100040435791 10.461000442504883 10.461000442504883 4800
10.461000442504883 10.461000442504883 10.461000442504883 10.461000442504883 0
10.489999771118164 10.699999809265137 10.489999771118164 10.600000381469727 6400
10.5 10.75 10.460000038146973 10.479999542236328 26700
10.470000267028809 10.470000267028809 10.470000267028809 10.470000267028809 200
10.460000038146973 10.460000038146973 10.460000038146973 10.460000038146973 1100
10.460000038146973 10.460000038146973 10.460000038146973 10.460000038146973 0
10.460000038146973 10.460000038146973 10.460000038146973 10.460000038146973 0
10.5 10.5 10.460000038146973 10.470000267028809 2200
10.479999542236328 10.479999542236328 10.479999542236328 10.479999542236328 72800
10.479999542236328 10.479999542236328 10.479999542236328 10.479999542236328 0
10.470000267028809 10.470000267028809 10.470000267028809 10.470000267028809 100
10.470000267028809 10.470000267028809 10.470000267028809 10.470000267028809 0
10.470000267028809 10.470000267028809 10.470000267028809 10.470000267028809 0
10.520000457763672 10.520000457763672 10.520000457763672 10.520000457763672 200
10.520000457763672 10.520000457763672 10.520000457763672 10.520000457763672 0
10.520000457763672 10.520000457763672 10.520000457763672 10.520000457763672 0
10.520000457763672 10.520000457763672 10.520000457763672 10.520000457763672 0
10.520000457763672 10.520000457763672 10.520000457763672 10.520000457763672 0
10.520000457763672 10.520000457763672 10.520000457763672 10.520000457763672 0
10.5 10.5 10.5 10.5 700
10.5 10.5 10.5 10.5 0
10.5 10.5 10.5 10.5 0
10.510000228881836 10.510000228881836 10.510000228881836 10.510000228881836 600
10.510000228881836 10.510000228881836 10.510000228881836 10.510000228881836 82400
10.520000457763672 10.520000457763672 10.520000457763672 10.520000457763672 42700
10.520000457763672 10.520000457763672 10.520000457763672 10.520000457763672 11600
10.520000457763672 10.520000457763672 10.520000457763672 10.520000457763672 203500
10.520000457763672 10.520000457763672 10.520000457763672 10.520000457763672 0
10.520000457763672 10.520000457763672 10.520000457763672 10.520000457763672 100
10.520000457763672 10.520000457763672 10.520000457763672 10.520000457763672 0
10.520000457763672 10.520000457763672 10.520000457763672 10.520000457763672 0
10.520000457763672 10.520000457763672 10.520000457763672 10.520000457763672 0
10.520000457763672 10.520000457763672 10.520000457763672 10.520000457763672 1300
10.510000228881836 10.510000228881836 10.510000228881836 10.510000228881836 100
10.510000228881836 10.529999732971191 10.510000228881836 10.510000228881836 51900
10.510000228881836 10.510000228881836 10.510000228881836 10.510000228881836 0
10.510000228881836 10.529999732971191 10.510000228881836 10.510000228881836 14500
10.520000457763672 10.520000457763672 10.520000457763672 10.520000457763672 1000
10.529999732971191 10.600000381469727 10.529999732971191 10.539999961853027 17400
10.539999961853027 10.720000267028809 10.539999961853027 10.539999961853027 118300
10.539999961853027 10.550000190734863 10.539999961853027 10.539999961853027 166600
11.248000144958496 11.539999961853027 10.539999961853027 10.550000190734863 316200
10.569999694824219 10.569999694824219 10.539999961853027 10.539999961853027 300
10.539999961853027 10.569999694824219 10.539999961853027 10.545000076293945 5200
10.5600004196167 10.5600004196167 10.539999961853027 10.550000190734863 3200
10.553999900817871 10.600000381469727 10.539999961853027 10.600000381469727 3800
10.545000076293945 10.61299991607666 10.545000076293945 10.550000190734863 11200
10.550000190734863 10.550000190734863 10.550000190734863 10.550000190734863 0
10.550000190734863 10.550000190734863 10.550000190734863 10.550000190734863 900
10.550000190734863 10.550000190734863 10.550000190734863 10.550000190734863 0
10.550000190734863 10.550000190734863 10.550000190734863 10.550000190734863 0
10.550000190734863 10.550000190734863 10.550000190734863 10.550000190734863 0
10.569999694824219 10.569999694824219 10.569999694824219 10.569999694824219 400
10.569999694824219 10.569999694824219 10.569999694824219 10.569999694824219 0
10.569999694824219 10.569999694824219 10.569999694824219 10.569999694824219 0
10.569999694824219 10.569999694824219 10.569999694824219 10.569999694824219 0
10.569999694824219 10.569999694824219 10.569999694824219 10.569999694824219 0
10.569999694824219 10.569999694824219 10.569999694824219 10.569999694824219 0
10.579999923706055 10.600000381469727 10.579999923706055 10.59000015258789 167800
10.59000015258789 10.609999656677246 10.59000015258789 10.600000381469727 17800
10.600000381469727 10.600000381469727 10.600000381469727 10.600000381469727 0
10.600000381469727 10.600000381469727 10.600000381469727 10.600000381469727 1200
10.600000381469727 10.600000381469727 10.600000381469727 10.600000381469727 0
10.600000381469727 10.600000381469727 10.600000381469727 10.600000381469727 0
10.619999885559082 10.625 10.619999885559082 10.619999885559082 23500
10.619999885559082 10.649999618530273 10.619999885559082 10.649999618530273 282200
10.649999618530273 10.649999618530273 10.645000457763672 10.645000457763672 4700
10.649999618530273 10.649999618530273 10.649999618530273 10.649999618530273 157300
10.640000343322754 10.800000190734863 10.640000343322754 10.680000305175781 246200
10.680000305175781 10.680000305175781 10.640000343322754 10.640000343322754 4800
10.640000343322754 10.640000343322754 10.640000343322754 10.640000343322754 200
10.65999984741211 10.65999984741211 10.65999984741211 10.65999984741211 277200
10.65999984741211 10.65999984741211 10.65999984741211 10.65999984741211 0
10.640000343322754 10.640000343322754 10.640000343322754 10.640000343322754 694400
10.680000305175781 10.680000305175781 10.630000114440918 10.630000114440918 743600
10.640000343322754 10.800000190734863 10.630000114440918 10.649999618530273 1657100
10.640000343322754 10.640000343322754 10.640000343322754 10.640000343322754 85900
10.640000343322754 10.640000343322754 10.640000343322754 10.640000343322754 0
10.619999885559082 10.668999671936035 10.619999885559082 10.668999671936035 400
10.668999671936035 10.668999671936035 10.668999671936035 10.668999671936035 0
10.668999671936035 10.668999671936035 10.668999671936035 10.668999671936035 0
10.668999671936035 10.668999671936035 10.668999671936035 10.668999671936035 0
10.670000076293945 10.699999809265137 10.65999984741211 10.680000305175781 475800
10.680000305175781 10.680000305175781 10.680000305175781 10.680000305175781 0
10.699999809265137 10.699999809265137 10.699999809265137 10.699999809265137 300
10.680000305175781 10.680000305175781 10.680000305175781 10.680000305175781 400
10.680000305175781 10.680000305175781 10.680000305175781 10.680000305175781 500
10.680000305175781 10.680000305175781 10.680000305175781 10.680000305175781 9701
