25.06999969482422 25.1299991607666 25.0 25.097999572753906 1533200
25.09000015258789 25.09000015258789 24.809999465942383 24.940000534057617 227200
25.0 25.0 24.79599952697754 24.865999221801758 232300
24.90999984741211 24.90999984741211 24.670000076293945 24.75200080871582 67200
24.920000076293945 25.049999237060547 24.885000228881836 24.972999572753906 103400
25.0 25.0 24.93000030517578 24.996999740600586 77800
24.940000534057617 24.989999771118164 24.893999099731445 24.937999725341797 75500
25.1200008392334 25.1200008392334 24.899999618530273 25.020000457763672 145100
25.0 25.0 24.8700008392334 24.954999923706055 72100
25.0049991607666 25.079999923706055 24.878999710083008 25.0 342400
24.989999771118164 25.049999237060547 24.915000915527344 25.0 35800
25.06999969482422 25.06999969482422 24.90999984741211 24.940000534057617 64400
25.020000457763672 25.100000381469727 24.909000396728516 25.06999969482422 28900
25.06999969482422 25.165000915527344 25.040000915527344 25.165000915527344 56600
25.219999313354492 25.219999313354492 25.070999145507812 25.149999618530273 130700
25.200000762939453 25.200000762939453 25.110000610351562 25.1200008392334 83000
25.149999618530273 25.149999618530273 25.010000228881836 25.04199981689453 60300
25.059999465942383 25.059999465942383 24.850000381469727 24.915000915527344 81100
24.98900032043457 25.059999465942383 24.940000534057617 25.0049991607666 30400
25.110000610351562 25.207000732421875 25.099000930786133 25.174999237060547 27100
25.350000381469727 25.350000381469727 25.1200008392334 25.1200008392334 79500
25.190000534057617 25.190000534057617 25.030000686645508 25.1299991607666 82300
25.170000076293945 25.315000534057617 25.100000381469727 25.264999389648438 33900
25.440000534057617 25.510000228881836 25.31999969482422 25.43000030517578 49700
25.4060001373291 25.450000762939453 25.309999465942383 25.364999771118164 21300
25.389999389648438 25.440000534057617 25.309999465942383 25.415000915527344 23300
25.459999084472656 25.469999313354492 25.139999389648438 25.329999923706055 71600
25.489999771118164 25.489999771118164 25.364999771118164 25.479999542236328 75000
25.530000686645508 25.530000686645508 25.40999984741211 25.46500015258789 8300
25.530000686645508 25.549999237060547 25.43000030517578 25.549999237060547 6200
25.729999542236328 25.729999542236328 25.56999969482422 25.618999481201172 39900
25.68899917602539 25.690000534057617 25.559999465942383 25.597999572753906 11100
25.655000686645508 25.790000915527344 25.6200008392334 25.732999801635742 9900
25.860000610351562 25.860000610351562 25.65999984741211 25.749000549316406 32200
25.700000762939453 25.729000091552734 25.559999465942383 25.6200008392334 26400
25.739999771118164 25.739999771118164 25.559999465942383 25.624000549316406 23500
25.670000076293945 25.68000030517578 25.579999923706055 25.656999588012695 9500
25.579999923706055 25.65999984741211 25.549999237060547 25.614999771118164 5900
25.659000396728516 25.670000076293945 25.540000915527344 25.572999954223633 4200
25.649999618530273 25.711999893188477 25.649999618530273 25.69499969482422 2900
25.690000534057617 25.715999603271484 25.641000747680664 25.690000534057617 5700
25.663999557495117 25.75 25.540000915527344 25.729999542236328 4800
25.865999221801758 25.889999389648438 25.799999237060547 25.874000549316406 19200
25.90999984741211 25.90999984741211 25.809999465942383 25.875 6300
25.809999465942383 25.899999618530273 25.799999237060547 25.899999618530273 4100
25.690000534057617 25.795000076293945 25.65999984741211 25.759000778198242 7900
25.389999389648438 25.860000610351562 25.389999389648438 25.770000457763672 7800
25.774999618530273 25.84000015258789 25.729999542236328 25.780000686645508 3800
25.760000228881836 25.8799991607666 25.760000228881836 25.86199951171875 3800
25.957000732421875 26.0 25.90999984741211 25.97800064086914 5200
25.985000610351562 26.05900001525879 25.969999313354492 26.014999389648438 2900
25.979999542236328 26.09000015258789 25.969999313354492 26.0049991607666 8700
26.030000686645508 26.079999923706055 25.989999771118164 26.05500030517578 4200
26.030000686645508 26.139999389648438 26.030000686645508 26.110000610351562 16900
26.118999481201172 26.170000076293945 26.06999969482422 26.104999542236328 7200
26.1200008392334 26.1299991607666 25.989999771118164 26.049999237060547 3300
26.040000915527344 26.139999389648438 26.010000228881836 26.069000244140625 4700
26.1200008392334 26.139999389648438 26.06999969482422 26.094999313354492 5600
26.170000076293945 26.170000076293945 26.079999923706055 26.135000228881836 4700
26.110000610351562 26.170000076293945 26.075000762939453 26.125 4500
26.110000610351562 26.219999313354492 26.083999633789062 26.083999633789062 11800
26.149999618530273 26.170000076293945 26.079999923706055 26.125 154400
26.128000259399414 26.200000762939453 25.920000076293945 26.110000610351562 28700
26.18000030517578 26.190000534057617 26.079999923706055 26.18000030517578 345700
26.010000228881836 26.100000381469727 25.950000762939453 25.969999313354492 8700
25.975000381469727 26.0 25.920000076293945 26.0 4200
26.079999923706055 26.079999923706055 25.950000762939453 25.954999923706055 4000
26.020000457763672 26.049999237060547 25.969999313354492 26.035999298095703 1800
25.93000030517578 26.0049991607666 25.899999618530273 26.0049991607666 10800
25.950000762939453 26.010000228881836 25.889999389648438 25.951000213623047 5200
26.045000076293945 26.059999465942383 25.940000534057617 25.94499969482422 4900
25.934999465942383 25.989999771118164 25.934999465942383 25.96500015258789 1200
25.899999618530273 26.0 25.899999618530273 25.992000579833984 2200
25.8700008392334 25.969999313354492 25.8700008392334 25.89699935913086 8000
25.950000762939453 25.950000762939453 25.780000686645508 25.825000762939453 3800
25.799999237060547 25.950000762939453 25.743000030517578 25.743000030517578 2500
25.739999771118164 25.760000228881836 25.690000534057617 25.739999771118164 3400
25.746000289916992 25.825000762939453 25.746000289916992 25.825000762939453 3400
25.83300018310547 25.860000610351562 25.760000228881836 25.780000686645508 4300
25.8700008392334 25.94499969482422 25.8700008392334 25.905000686645508 3000
25.961999893188477 25.961999893188477 25.760000228881836 25.784000396728516 500
25.81999969482422 25.889999389648438 25.815000534057617 25.854999542236328 4300
25.889999389648438 25.940000534057617 25.8700008392334 25.927000045776367 5700
25.959999084472656 26.100000381469727 25.959999084472656 26.097000122070312 16200
26.170000076293945 26.170000076293945 26.059999465942383 26.070999145507812 7400
26.18000030517578 26.18000030517578 26.100000381469727 26.124000549316406 4100
26.1200008392334 26.18000030517578 26.079999923706055 26.139999389648438 5600
26.18000030517578 26.18000030517578 26.114999771118164 26.114999771118164 600
26.023000717163086 26.059999465942383 25.989999771118164 26.035999298095703 4500
25.90999984741211 26.040000915527344 25.90999984741211 26.000999450683594 2700
26.094999313354492 26.100000381469727 26.010000228881836 26.040000915527344 3100
26.1299991607666 26.15999984741211 26.06999969482422 26.104999542236328 2700
26.03499984741211 26.149999618530273 26.03499984741211 26.065000534057617 2300
26.110000610351562 26.1200008392334 26.020000457763672 26.072999954223633 13200
26.18000030517578 26.200000762939453 26.110000610351562 26.170000076293945 6100
26.100000381469727 26.190000534057617 26.010000228881836 26.049999237060547 8000
26.049999237060547 26.100000381469727 26.030000686645508 26.059999465942383 1400
26.0 26.049999237060547 25.959999084472656 26.045000076293945 3700
26.072999954223633 26.1299991607666 25.90999984741211 25.95400047302246 5600
25.8700008392334 25.8799991607666 25.760000228881836 25.760000228881836 4900
25.80299949645996 25.84000015258789 25.72599983215332 25.72599983215332 4500
25.6299991607666 25.799999237060547 25.6299991607666 25.768999099731445 3000
25.608999252319336 25.670000076293945 25.600000381469727 25.600000381469727 6800
25.58099937438965 25.690000534057617 25.540000915527344 25.600000381469727 1400
25.6299991607666 25.69300079345703 25.6200008392334 25.68899917602539 7200
25.719999313354492 25.74799919128418 25.59000015258789 25.695999145507812 67600
25.579999923706055 25.670000076293945 25.579999923706055 25.652999877929688 2500
25.479999542236328 25.540000915527344 25.420000076293945 25.481000900268555 3500
25.450000762939453 25.639999389648438 25.450000762939453 25.582000732421875 30800
25.540000915527344 25.649999618530273 25.459999084472656 25.611000061035156 6600
25.575000762939453 25.799999237060547 25.575000762939453 25.760000228881836 6200
25.75 25.84000015258789 25.735000610351562 25.808000564575195 2800
25.917999267578125 25.979999542236328 25.858999252319336 25.920000076293945 8000
26.059999465942383 26.059999465942383 25.889999389648438 25.95800018310547 16400
26.020000457763672 26.020000457763672 25.820999145507812 25.885000228881836 5700
25.8799991607666 26.0 25.739999771118164 25.815000534057617 10300
25.850000381469727 26.0 25.850000381469727 25.968000411987305 3100
25.989999771118164 26.0 25.90999984741211 25.94499969482422 4400
25.84000015258789 25.899999618530273 25.75 25.75 6300
25.764999389648438 25.799999237060547 25.700000762939453 25.700000762939453 6400
25.579999923706055 25.66900062561035 25.350000381469727 25.542999267578125 4100
25.399999618530273 25.649999618530273 25.399999618530273 25.649999618530273 2157
