17.60421415061033 17.67563111441476 17.475663888195413 17.497089385986328 21100
17.497093540107894 17.63992750162808 17.4256765593478 17.582794189453125 104900
17.639922769739343 17.769186802779036 17.58278947289033 17.675630569458008 69400
17.925588817800865 17.925588817800865 17.697055635965715 17.78275489807129 81900
17.847033733940044 17.854175567626953 17.77561675923644 17.854175567626953 18700
17.854168882004288 17.9184439989527 17.854168882004288 17.882736206054688 10000
17.88987999718188 18.009145736694336 17.82560486829711 18.009145736694336 23800
17.997005138819112 18.068420733983622 17.947012315172728 18.032712936401367 28400
18.125554604674125 18.125554604674125 17.961296551100233 17.9755802154541 9900
17.92558818148944 18.032712936401367 17.92558818148944 18.032712936401367 5900
18.032716304789812 18.139841079711914 18.017718863544026 18.139841079711914 7800
18.139841219437987 18.257679426275768 18.02557461035219 18.03414535522461 28200
18.032716304789812 18.282675021051663 18.03128739326694 18.139841079711914 14600
18.139838703147852 18.139838703147852 18.025572109912687 18.12555503845215 22500
18.125556019773654 18.28053092956543 18.089848218266404 18.28053092956543 16600
18.19483146710306 18.28267478942871 18.111274879291724 18.28267478942871 5400
18.261247743747823 18.261247743747823 18.17554847701782 18.189830780029297 11600
18.23982392770369 18.38979832819134 18.23982392770369 18.371944427490234 16600
18.354093551635742 18.45407650177187 18.354093551635742 18.354093551635742 20100
18.47621149017152 18.496921850131613 18.42550488996666 18.456214904785156 2100
18.454073420785335 18.51120672020526 18.35409048734179 18.46835708618164 8000
18.568341135609913 18.568341135609913 18.3540915904498 18.489782333374023 3000
18.461216393555464 18.461216393555464 18.232683181762695 18.232683181762695 3600
18.2326796150994 18.2326796150994 18.089845704587287 18.211254119873047 11200
18.22554012952301 18.22554012952301 18.1041316986084 18.1041316986084 10800
18.325525093890548 18.328381554838728 18.255537033081055 18.255537033081055 1800
18.3183824602777 18.3183824602777 18.149839012208105 18.276960372924805 1800
18.371946011604585 18.371946011604585 18.068424224853516 18.068424224853516 8400
18.196972036605626 18.275530830425808 18.139838739872374 18.246963500976562 5100
18.26124648056251 18.329093204376324 18.1184139251709 18.1184139251709 4700
18.21125703343702 18.27553216723414 18.139840066755177 18.153409957885742 2500
18.14698003638264 18.17554736498834 18.139838204231218 18.168405532836914 2400
18.175549084837737 18.254106521606445 18.15412358635609 18.254106521606445 3500
18.225540880807444 18.300528083596152 18.204115381939804 18.218399047851562 5100
18.154123913413997 18.38979895229662 18.154123913413997 18.218399047851562 1300
18.23410987854004 18.23410987854004 18.23410987854004 18.23410987854004 300
18.211258284998824 18.382658199515433 18.18269095149667 18.296958923339844 5900
18.325526593758745 18.325526593758745 18.211259973486584 18.26125144958496 5800
18.268388891754938 18.389797316877242 18.268388891754938 18.31838035583496 1000
18.214117282802547 18.31838561271025 18.211260821487567 18.304101943969727 4400
18.304099511784642 18.304099511784642 18.211258401638887 18.225542068481445 5800
18.300529744779734 18.421938191719526 18.239826202392578 18.239826202392578 13800
18.425506591796875 18.425506591796875 18.425506591796875 18.425506591796875 400
18.41122684782792 18.496926130123594 18.282676562218878 18.39337158203125 4000
18.404082286647313 18.404082286647313 18.211256886808485 18.254106521606445 9000
18.246965269876398 18.246965269876398 18.19697380065918 18.19697380065918 1000
18.24196256673627 18.293382937406314 18.24196256673627 18.247676849365234 700
18.196971312169435 18.31837973316488 17.997005462646484 17.997005462646484 14300
18.161264609354756 18.161264609354756 17.639923095703125 17.639923095703125 11200
17.647064098764613 18.040570500234683 17.568506663127412 17.718481063842773 12200
18.011289005621773 18.011289005621773 17.854172775576206 17.912734985351562 5000
18.07841953746113 18.168405532836914 17.897021359743597 18.168405532836914 7500
18.211254119873047 18.218395951615165 18.211254119873047 18.211254119873047 2400
18.239823794845975 18.26838976332661 18.059139378789823 18.1041316986084 2200
17.997010401017672 18.26125144958496 17.997010401017672 18.26125144958496 3100
18.11127391984755 18.11127391984755 16.979318618774414 16.979318618774414 15600
16.540108622669422 18.096992995839614 16.540108622669422 17.068592071533203 6700
17.49709196000339 17.49709196000339 15.733099914007116 15.883788108825684 6500
9.998336811614315 11.833745565514212 9.998336811614315 11.091012001037598 7200
11.521300534083412 12.79732373665119 9.280841905772832 10.757170677185059 16400
10.47525826229268 10.47525826229268 7.07005731243324 8.902485847473145 18100
8.902485656738282 11.350669353842507 5.823709296365693 11.128107070922852 13200
9.829827813541188 9.829827813541188 6.305927276611328 6.305927276611328 17900
9.273422681368313 9.644359588623047 7.344550480641304 9.644359588623047 16500
9.651778576103577 10.015296578407288 8.902485847473145 8.902485847473145 7200
8.902485566980697 8.902485566980697 6.053690072345917 6.305927276611328 13900
6.6768643210512275 6.966195362998941 4.807342325307004 6.461720943450928 10500
7.0329634216260475 12.389293267747746 7.003288497347262 9.96336555480957 19400
10.089484456284081 10.423327541104696 9.644359871519244 9.681453704833984 8600
9.374316187708418 10.386232190252112 9.357253267428758 10.282369613647461 5200
10.282369613647461 10.282369613647461 10.282369613647461 10.282369613647461 0
10.71710875579394 10.71710875579394 8.205124361231974 8.859457015991211 2000
10.4604189510283 10.4604189510283 8.516709327697754 8.516709327697754 1600
8.665826348764286 8.665826348764286 7.433574676513671 7.433574676513672 4900
8.123517566944514 8.160611396612124 7.975142955780029 7.975142955780029 1400
7.567112982775555 10.334302757889699 7.567112982775555 9.636940956115723 2000
8.73185498941042 8.73185498941042 8.71701717376709 8.71701717376709 800
9.08795282896434 9.889176368713379 9.08795282896434 9.889176368713379 5400
10.675563207364583 10.675563207364583 10.133995017679462 10.309077262878418 2000
10.475999313859575 10.475999313859575 10.081322081704457 10.386232376098633 1400
10.401071264640327 10.401071264640327 10.200764994241432 10.363977432250977 2200
9.184397644326765 10.200764656066895 8.160611724853515 10.200764656066895 700
10.01529620777477 10.38623310435902 10.01529620777477 10.200764656066895 1300
9.681452055430894 9.681452055430894 8.902484518556058 8.976672172546387 4200
8.212541629119938 9.644358095915422 8.160610696543818 8.531547546386719 3700
8.16803046721793 9.273422226857967 8.160611559635012 8.573835372924805 2600
8.650249042987998 9.273423194885254 8.650249042987998 9.273423194885254 1700
9.087954246852023 9.273422700869412 9.087954246852023 9.263778686523438 6300
9.236329255064549 9.47372936724504 9.180688858032227 9.180688858032227 5300
8.902485624272773 9.273422525284138 8.242217685770385 8.71701717376709 4400
9.087953909308942 9.829827697823957 9.087953909308942 9.782347679138184 9900
9.718547584459257 10.757170677185059 9.718547584459257 10.757170677185059 12800
10.727495560733892 10.727495560733892 9.503404029869387 10.013813018798828 2500
9.228909028602175 10.742331432247738 9.228909028602175 10.386232376098633 4500
10.57170032878259 10.57170032878259 9.577589447822442 9.707417488098145 2900
9.79273442174347 11.053919792175293 9.79273442174347 11.053919792175293 2200
10.671854972839355 10.671854972839355 10.671854972839355 10.671854972839355 300
10.377331147816907 10.979732905952597 10.377331147816907 10.746042251586914 2700
10.757170677185059 10.938929683036772 10.757170677185059 10.757170677185059 2000
10.757169949806343 10.942638397216797 10.571701502395888 10.942638397216797 1800
11.536136816382168 11.869979858398438 11.536136816382168 11.869979858398438 17900
10.682980499642744 11.684510231018066 10.682980499642744 11.684510231018066 1000
11.662254659415575 11.662254659415575 10.846193313598633 10.846193313598633 800
11.929329872131348 11.929329872131348 11.929329872131348 11.929329872131348 900
12.089575049036819 12.68604221594989 12.089575049036819 12.611854553222656 6500
12.092543384304824 12.315106391906738 11.777247558967233 12.315106391906738 2000
12.315104944573495 12.686041831970215 12.315104944573495 12.686041831970215 1200
12.482025817869376 12.559922218322754 12.482025817869376 12.559922218322754 900
12.611855542665882 12.648948669433594 12.611855542665882 12.648948669433594 500
13.034721304917525 13.420495986938477 13.034721304917525 13.420495986938477 700
13.353728294372559 13.353728294372559 12.7973229487737 13.353728294372559 5100
13.116330394976782 13.576291407124085 13.116330394976782 13.42791748046875 3300
13.472429516964137 13.617094696833243 13.42791748046875 13.42791748046875 1500
13.583707604087582 13.821106971355434 12.998369559228356 13.717245101928711 2000
12.99021053314209 12.99021053314209 12.99021053314209 12.99021053314209 600
12.99021053314209 12.99021053314209 12.99021053314209 12.99021053314209 0
13.672733082735723 14.318162436016037 13.019883407335396 13.947225570678711 5500
13.939810136935874 14.0881840559726 13.01988532985271 13.739503860473633 4300
13.70982744220096 13.817399482472748 13.70982744220096 13.798852920532227 1300
12.997628786047175 13.567387580871582 12.997628786047175 13.567387580871582 800
13.094071644255873 13.368565559387207 13.056978522081435 13.368565559387207 1600
13.012466430664062 13.346308773684074 13.012466430664062 13.012466430664062 1800
13.806656250698735 13.806656250698735 13.386653461081192 13.486689567565918 1700
13.39046866385937 14.13502025604248 13.386651092934175 14.13502025604248 700
13.745560030382988 14.249563781641141 13.636359460365714 13.938761711120605 6600
13.938761711120605 13.938761711120605 13.938761711120605 13.938761711120605 100
13.424834251403809 13.424834251403809 13.424834251403809 13.424834251403809 300
13.508834750177888 13.821928024291992 13.508834750177888 13.821928024291992 800
13.470650737952608 13.470650737952608 12.98192009459918 13.157557487487793 16500
13.401922974129267 13.44010596644388 13.401922974129267 13.432469367980957 1400
13.304176778952883 13.304176778952883 13.172829627990723 13.172829627990723 300
12.98955588653007 12.98955588653007 12.981919288635254 12.981919288635254 2400
12.981921607731875 13.081194485034402 12.294643696276076 12.325188636779785 7800
12.565735574762952 12.60009954086296 12.302279472351074 12.302279472351074 700
12.30227966453681 12.350388926521926 12.294643065669478 12.348097801208496 7900
12.97581159395123 12.97581159395123 12.294642448425293 12.294642448425293 2500
11.454634970016077 12.340459957841412 11.454634970016077 12.24118709564209 3400
12.218277918526596 12.222095489501953 12.103731854346854 12.222095489501953 1200
12.443552750916824 12.443552750916824 11.645546398465596 12.02736759185791 3500
11.981548309326172 11.981548309326172 11.981548309326172 11.981548309326172 300
11.836456327189858 11.836456327189858 11.11099624633789 11.11099624633789 3500
11.454637132841967 11.454637132841967 10.30917341955777 11.072815895080566 6100
11.080449432016698 11.454633966815493 10.690991702361128 10.83608341217041 13500
10.874268275271918 10.881904874529157 10.622266325912538 10.690994262695312 2200
10.805539391615591 11.065177917480469 10.690229374694008 11.065177917480469 3800
10.690993837723212 10.690993837723212 10.301536030279417 10.683357238769531 20700
10.492446635620581 10.50008323457506 9.927351421780056 10.309172630310059 18300
9.950260750888361 10.347355167723778 9.93498828084571 10.11826229095459 10200
11.454636867229755 11.469910065953837 9.766987006327257 9.927351951599121 21400
9.844114345063717 9.927351526708534 9.844114345063717 9.91971492767334 9100
9.896806282417156 10.11826256605295 9.85098741451111 9.927351951599121 9200
10.216007811045483 10.216007811045483 9.392801284790039 9.392801284790039 14900
9.255345185435218 9.54552936553955 9.201890454033347 9.54552936553955 3600
9.232435156374539 9.232435156374539 8.59097553336102 8.781886100769043 13900
8.78188731469235 8.78188731469235 8.20915553329937 8.552794456481934 20000
8.56043158815734 8.781887861624172 8.136609810485956 8.170973777770996 17200
9.010978927311875 10.20989705758913 8.713158179979592 8.781886100769043 45200
8.839160717757325 8.972798284671622 8.285520409492596 8.384793281555176 14800
8.629158958743142 10.209898437476404 8.590976694447928 10.102988243103027 55300
10.843722175466025 10.843722175466025 9.812805349502412 10.683357238769531 5600
10.339718327628367 10.706267067570813 9.985388437354727 10.371027946472168 5800
10.500082961033558 10.500082961033558 10.125898361206055 10.125898361206055 1400
10.393172550618557 11.68372858325453 10.393172550618557 11.439362525939941 14500
12.027366512164466 12.409187671280797 11.408815913958938 12.199186325073242 9700
12.409187560037529 13.669197082519531 12.409187560037529 13.669197082519531 25400
13.745561604964648 14.432839393906455 13.058283816022838 13.669197082519531 13000
14.463388208571692 14.700116956932188 14.127385127441324 14.501569747924805 5000
14.509203905650754 14.700114483356685 13.78374312775537 14.58556842803955 9500
14.577932129008632 14.700114784722716 14.249565695577473 14.616113662719727 9700
14.564948253162173 15.081934079082949 14.564948253162173 14.833749771118164 4600
15.059025845092274 15.059025845092274 14.58556842803955 14.58556842803955 9300
14.617641939585258 14.617641939585258 14.402295112609862 14.402295112609863 2200
14.364111230921363 14.738295782505809 14.3182931008277 14.700114250183105 9500
14.608479804254593 14.891028158913366 14.409934043884277 14.409934043884277 11000
14.455750132256838 14.509204864501953 14.318294274179559 14.509204864501953 6200
14.509204665028063 14.509204665028063 13.745562314237112 13.860108375549316 22800
14.051019159499267 14.66956906445028 13.96701949018092 14.59931468963623 4700
14.509202833848423 14.768841316871429 14.486293041864506 14.761204719543457 4600
14.845206930242187 14.845206930242187 13.424831766019782 14.58556842803955 4600
13.424835692535225 14.723028583245744 13.424835692535225 14.516844749450684 1900
14.471022856295072 14.738296508789064 13.860108113302118 14.738296508789062 3000
14.661935417579075 14.661935417579075 14.127385127441324 14.501569747924805 2800
13.821928968530187 14.051021126423691 13.821928968530187 13.912038803100586 3800
14.471023329050361 14.547386399953547 14.127383683857166 14.509204864501953 3700
14.326693621728632 14.57793231150541 13.936472632710151 14.280112266540527 3800
13.974655359097175 14.700116222837117 13.5546526210576 14.643607139587402 10200
14.620867970103577 14.701629423567473 14.438961029052734 14.438961029052734 4900
14.584799392259466 14.780037448982881 14.294688094717193 14.466403007507324 5600
14.307228779096146 14.317422288315415 13.706619319516465 13.995946884155273 15900
13.886177937902051 14.690651843126558 13.439248655233788 14.309585571289062 6700
14.364470481872559 14.364470481872559 14.364470481872559 14.364470481872559 500
13.729360030574435 13.729360030574435 13.45492935180664 13.45492935180664 2700
13.760722655816187 13.933222707875663 13.760722655816187 13.925381660461426 2600
13.956744543143174 13.956744543143174 13.916757144975282 13.948904991149902 3300
14.113562999726703 14.113562999726703 13.486294131282964 13.839132308959961 4400
14.113563537597656 14.113563537597656 14.105722489502416 14.113563537597656 600
14.046917487757055 14.627925268678794 14.046917487757055 14.505607604980469 4600
14.598128296023157 14.897649434407551 14.56676410567675 14.701627731323242 2200
14.486005833893769 14.693004728455529 14.486005833893769 14.623220443725586 1700
14.752594749853111 14.752594749853111 14.00692797545101 14.113563537597656 11200
14.425630563899155 14.505606861031014 13.564702033996582 13.564702033996582 600
13.564702033996582 13.564702033996582 13.564702033996582 13.564702033996582 0
14.090040393311938 14.113563537597656 14.090040393311938 14.113563537597656 400
13.643110016146894 14.408378601074219 13.643110016146894 14.408378601074219 2400
13.803064936520236 14.387993952132332 13.803064936520236 14.373095512390137 1200
13.941063851667867 14.11748218536377 13.93322280419942 14.11748218536377 1600
14.105723546677622 14.105723546677622 14.074360847473145 14.074360847473145 300
13.619588840753671 13.837564882909646 13.400043990840537 13.721519470214844 3300
13.525496227640502 13.956743335238622 13.525496227640502 13.917539596557617 5100
13.917539596557617 13.917539596557617 13.917539596557617 13.917539596557617 700
13.794441518892135 14.113564572582789 13.611749421904078 13.635271072387695 6800
13.862655312306325 13.862655312306325 13.57254252887752 13.666633605957031 2900
13.658795078565479 14.81140238618913 13.611750279108467 13.814827919006348 10600
13.603906172983516 13.941063733637707 13.603906172983516 13.739553451538086 6000
13.862656405222996 13.862656405222996 13.627429441742647 13.682316780090332 3200
13.721519657386668 13.745042800903322 13.65879277020255 13.74504280090332 1400
13.61958937025397 13.897939845687816 13.454930352535797 13.564702033996582 5500
13.682316259021132 14.055541471514799 13.400044511805405 13.564702033996582 3500
13.439247409084246 13.525497436523438 13.133454032566236 13.525497436523438 6400
13.470612921921672 13.729361534118652 13.470612921921672 13.729361534118652 2300
13.729361534118652 13.729361534118652 13.729361534118652 13.729361534118652 0
13.729359930924934 13.729359930924934 13.454929254148995 13.494132995605469 6900
13.635269970800515 13.85010990132162 13.405533095878443 13.564702033996582 6400
13.56470115829938 14.105721473693848 13.380441775675019 14.105721473693848 4400
14.113563954593078 14.42719841003418 14.082199761285443 14.42719841003418 2900
14.289982532126224 14.289982532126224 13.998302439732768 14.231175422668457 7600
14.505606253540611 14.936853408813477 14.21157369434722 14.936853408813477 10000
14.803559319181659 15.556283485527576 14.70398114897883 15.289693832397461 5900
14.711825336335766 14.897653579711914 14.711825336335766 14.897653579711914 200
15.289693832397461 15.328897577346652 14.897650400797525 15.289693832397461 6400
15.211284627973289 15.211284627973289 15.054468154907225 15.054468154907227 500
15.274014398643049 15.681739997504716 15.097594524565668 15.211287498474121 7300
15.407303786520195 15.877756118774414 15.407303786520195 15.877756118774414 3500
15.877757285535601 16.01889314513577 15.40730491871066 15.477872848510742 7500
15.195602874158821 15.854235964236494 15.093672239147118 15.305376052856445 4300
15.485714559305112 15.799348985451479 15.364180564880371 15.364180564880371 3600
15.603328491299852 15.838555450782982 15.36810302734375 15.36810302734375 11700
15.75230361365084 16.073779075519074 15.540599822998047 15.540599822998047 17500
15.681736027739008 15.728780817074696 15.53903285202577 15.63469123840332 6800
15.68173885345459 15.68173885345459 15.544524236697725 15.68173885345459 2000
15.67389660373007 15.76014663938483 15.415147992292834 15.650373458862305 5600
15.68173712608682 16.269802268315075 15.68173712608682 16.26588249206543 12400
16.207077443430695 16.418781280517578 16.042418404965172 16.418781280517578 7300
16.238436338007368 16.642242042738093 16.238436338007368 16.465822219848633 4900
16.520712127678085 17.845819518431707 16.520712127678085 17.79877471923828 20900
17.790932232081488 17.790932232081488 17.093093872070312 17.093093872070312 3600
17.23501416553156 17.445932827307786 17.23501416553156 17.44279670715332 3800
17.46945493659618 18.771038941775515 17.46945493659618 18.230018615722656 5700
17.249911051123636 18.147690871574508 17.249911051123636 17.649795532226562 9600
17.57138586256376 17.916384488904818 17.249910379675597 17.30479621887207 4500
17.64976955122375 17.64976955122375 16.975869136852427 16.991914749145508 4500
17.649767955596065 17.649767955596065 17.136320650186157 17.15236473083496 3600
17.04807423753531 18.30281184037413 17.007961733759856 18.211355209350586 15300
18.211354021886148 18.644574849149965 18.211354021886148 18.4520320892334 5800
17.681858519646944 18.636549376361867 17.168409703139854 17.72999382019043 7800
17.72999382019043 17.72999382019043 17.72999382019043 17.72999382019043 400
17.52943120540635 17.697905550495314 16.909281884734867 17.28875160217285 10700
17.40909375134916 17.40909375134916 16.8796007183767 17.1283016204834 5600
17.12830006354439 17.28875160217285 17.12830006354439 17.28875160217285 4900
17.72999692661222 17.72999692661222 17.247034072875977 17.247034072875977 11300
17.06892897702757 17.20852395174169 16.64693982741412 17.048070907592773 6800
17.24863816855267 17.641746482724336 17.24863816855267 17.456424713134766 3700
17.048071601610577 17.77010726928711 17.048071601610577 17.77010726928711 4000
17.87440449456384 17.87440449456384 17.088186282028506 17.8503360748291 3600
17.83428877258782 17.842311578406225 17.048072164708916 17.649768829345703 5000
17.192479209270672 17.64976841893014 17.192479209270672 17.545475006103516 3900
17.609657998257276 17.8503360748291 17.609657998257276 17.8503360748291 1900
17.534242192222536 17.534242192222536 16.855527877807617 16.855527877807617 21600
16.959821283544038 18.158402044127147 16.83948226763475 16.855527877807617 4100
17.048071111951558 17.248636654445104 16.787335294632484 16.847505569458008 8200
16.887620941562083 16.92773497500774 16.63089724828552 16.807395935058594 10400
16.807390930091877 16.847503421398777 16.62286949157715 16.62286949157715 13200
16.582762420499996 16.717541904330822 16.350908962160272 16.406265258789062 12200
16.646938700734832 16.71994423410599 16.17360393574424 16.245807647705078 22400
16.655766265051078 16.655766265051078 16.045244951711034 16.205698013305664 15900
16.646941401607073 16.646941401607073 16.486488342285156 16.486488342285156 400
16.205700010048158 16.621271623945372 16.172005138396546 16.56671714782715 7200
16.847506066668153 16.847506066668153 16.46001358627493 16.8394832611084 6000
16.847506279582184 16.847506279582184 16.520985893161647 16.638917922973633 3400
16.81541777925373 17.5695448013589 16.79937369552772 17.52943229675293 42500
17.754062455277555 18.32366943359375 17.72999556773049 18.32366943359375 6500
18.3076252297002 18.331693649291992 18.119896453504637 18.331693649291992 6800
18.427961481182912 18.708753546525884 18.427961481182912 18.6846866607666 17600
18.93338983642853 19.2542944376845 18.468077782058906 19.238248825073242 18300
19.174069371180934 19.583223342895508 19.133956866778977 19.583223342895508 48100
19.50299530824006 20.128760428201637 19.25429443359375 20.056556701660156 201000
19.555144455523934 20.257124000081202 19.555144455523934 20.200965881347656 89200
19.892092952499347 20.032488237012902 19.262317195920545 19.29440689086914 10500
19.52706228703354 19.655424118041992 18.901297213222055 19.655424118041992 12700
19.575197015605507 19.615311042987383 19.11469899865611 19.27033805847168 2900
18.965480170617735 19.254295086578455 18.965480170617735 19.061752319335938 3200
19.494973428907542 19.494973428907542 19.254295349121094 19.254295349121094 1300
19.206160039202587 19.45486092567444 19.114701879221684 19.254295349121094 5600
19.414748422441335 19.414748422441335 19.254295349121094 19.254295349121094 700
19.10828399658203 19.10828399658203 19.10828399658203 19.10828399658203 400
19.358586427463873 19.655424118041992 19.235038585921515 19.655424118041992 8000
19.428382873535156 19.428382873535156 19.428382873535156 19.428382873535156 400
19.254291455520377 19.45485699151538 19.254291455520377 19.366607666015625 7500
19.454855681407075 19.454855681407075 19.190109252929688 19.190109252929688 1500
19.270340797454807 19.61531383100313 19.037683996152392 19.07619285583496 4900
19.254294299142177 19.430791446014535 18.957456588745117 18.957456588745117 3200
19.615313033384474 19.615313033384474 19.214181900024414 19.214181900024414 1000
19.583222772253066 21.713229746119396 19.583222772253066 20.85881996154785 89400
20.68231912175112 20.68231912175112 19.839942932128906 19.839942932128906 7200
19.84395938637528 20.217011495326947 19.6955397523578 20.200965881347656 12900
20.056554380563053 20.127152925596015 19.936215360318407 19.952260971069336 2800
19.99237752407839 20.225032806396484 19.95226501925616 20.225032806396484 800
20.2571219577946 20.2571219577946 20.06457920003684 20.127958297729492 7300
20.176896101907076 20.179303096861307 20.104692374055574 20.136783599853516 3400
20.265141983636525 20.265141983636525 20.144802967822436 20.21700668334961 7900
20.21700965253363 20.32341427629312 20.21700965253363 20.298858642578125 3500
20.421634253312952 20.675369544640127 20.38889340995753 20.46255874633789 20700
20.55259556603596 20.67537061262204 20.380709251879914 20.528039932250977 5100
20.634443346229386 20.658998978574328 20.560779571533203 20.560779571533203 1300
20.61807912722933 20.65081841655663 20.462563209708037 20.542776107788086 3400
20.380710522560967 20.4216365814209 20.380710522560967 20.4216365814209 1700
20.380707205874252 20.380707205874252 20.33978271484375 20.33978271484375 1900
20.31522928282638 20.31522928282638 20.102418471856737 20.12697410583496 4700
20.27430457003254 20.462559745005937 20.27430457003254 20.298858642578125 2400
20.25792974366708 20.25792974366708 20.094228676826383 20.135154724121094 4400
20.257932688218133 20.339783233535705 20.09668731689453 20.09668731689453 5600
20.24074402888956 20.2440178008852 19.652240970810002 19.783201217651367 7700
20.004199389628052 20.536225645279817 20.004199389628052 20.446189880371094 11300
20.446186159634497 20.67536735534668 20.16380344085721 20.67536735534668 5900
20.38070623605092 20.667182343140166 20.38070623605092 20.519851684570312 1900
20.554231599614397 20.675370540225618 20.503484226671446 20.58533477783203 2200
20.47074277025024 20.523945857033333 20.44618713915745 20.490386962890625 3400
20.503483986634762 20.503483986634762 20.462559492118285 20.464197158813477 1700
20.48547621830052 20.544408798217773 20.48547621830052 20.544408798217773 700
20.544407523588095 20.544407523588095 20.4993896484375 20.4993896484375 1600
20.536222932909624 20.536222932909624 20.45928382873535 20.45928382873535 7700
20.38070904541595 20.446189173676487 20.38070904541595 20.397079467773438 3700
20.46255741642918 20.46255741642918 20.453554153442383 20.453554153442383 400
20.43800579687634 20.454376220703125 20.4216369342191 20.454376220703125 1000
20.45436976576996 20.45436976576996 20.410171508789062 20.410171508789062 800
20.454376220703125 20.454376220703125 20.454376220703125 20.454376220703125 3500
20.417542494424342 20.421635880754646 20.38889503479004 20.38889503479004 700
20.454376084034273 20.454376084034273 20.380710738475493 20.417543411254883 4200
20.421633716772117 21.40465362680078 20.421633716772117 21.326078414916992 45500
21.477501909665776 21.477501909665776 20.83088585193746 21.010955810546875 3400
20.956934666847115 21.010955810546875 20.839069501773434 21.010955810546875 11900
20.912737359789897 21.19102832283014 20.888183284984294 21.11736297607422 8500
21.158285237298806 21.690311431884766 21.158285237298806 21.690311431884766 30100
21.164833389831788 21.164833389831788 20.953660260263526 21.055973052978516 1800
21.1992124306739 21.588001393598187 21.082984924316406 21.082984924316406 5000
21.539709208545627 21.539709208545627 21.28106246188287 21.451311111450195 3000
21.28106146980212 21.405474178865976 21.26714676724871 21.349815368652344 8200
21.27287483215332 21.27287483215332 21.09362293881418 21.27287483215332 1900
21.117361005242714 21.117361005242714 20.871810913085938 20.871810913085938 2400
20.87181192378195 21.27615169876535 20.87181192378195 21.228679656982422 8000
21.076437143591697 21.174658120107463 20.91273603645524 20.96184730529785 5700
20.953661464194667 21.281062107460173 20.871810913085938 20.871810913085938 1900
20.871810913085938 20.878358457600424 20.462559718711702 20.871810913085938 6200
20.667184926457193 20.863625308714873 20.667184926457193 20.73512077331543 3300
21.027327440117066 21.027327440117066 20.9618473094833 20.97821617126465 800
20.97821617126465 20.97821617126465 20.97821617126465 20.97821617126465 0
20.994586160623424 21.17056430078654 20.798145772779126 21.154193878173828 4700
21.133731578639587 21.133731578639587 20.732665592628674 20.773590087890625 2500
20.8636223045338 20.8636223045338 20.789956976648163 20.830883026123047 1000
20.789960168754813 21.15828686473615 20.789960168754813 21.152557373046875 6600
20.871809922398374 21.035511016845703 20.871809922398374 21.035511016845703 2000
20.888180767805483 21.264691107034995 20.798145007916094 21.010955810546875 6900
21.107540130615234 21.107540130615234 21.107540130615234 21.107540130615234 700
21.01095883200284 21.040424346923828 21.01095883200284 21.040424346923828 400
20.937288482877925 21.094440460205078 20.937288482877925 21.094440460205078 800
21.272877346501375 21.272877346501375 21.237682342529297 21.237682342529297 600
21.04369354248047 21.04369354248047 21.04369354248047 21.04369354248047 1400
21.035511016845703 21.035511016845703 21.035511016845703 21.035511016845703 100
21.035508958465122 21.17629051208496 20.978212488196633 21.17629051208496 2600
21.248318071823903 21.272873701819982 21.105080799769716 21.26468849182129 1900
21.124724991532744 21.26468849182129 21.109174185353652 21.26468849182129 1200
21.26468849182129 21.26468849182129 21.26468849182129 21.26468849182129 400
21.26469084881004 21.412021522778364 21.261417076681532 21.348997116088867 3000
21.297432015217897 21.55116731247043 21.26469117109789 21.54298210144043 1700
21.542980634422378 21.542980634422378 21.067399978637695 21.067399978637695 6900
21.06740087389461 21.159180159227258 21.06740087389461 21.092432022094727 2100
21.109117853628888 21.275988992088063 21.109117853628888 21.234272003173828 2400
21.175866450342152 21.44286059595201 21.125805744278306 21.309364318847656 4900
21.309366748154858 21.359427459925715 21.180041518728697 21.22593116760254 4100
21.275989585017147 21.275989585017147 21.117462158203125 21.117462158203125 4200
21.326047897338867 21.326047897338867 21.1858772986711 21.326047897338867 1100
21.2926765416253 21.2926765416253 21.16084805506343 21.1842098236084 2000
21.309362487230043 21.31770461135602 21.192552061253153 21.27598762512207 4000
21.234271539025123 21.234271539025123 21.1591796875 21.1591796875 4200
21.225925946993872 21.234269662137066 21.109115526390124 21.14249038696289 7300
21.094933697959732 21.142491125395907 21.094933697959732 21.096601486206055 2600
21.11745927861657 21.242611823182344 21.025681594682172 21.125802993774414 5900
21.096607835402533 21.359429380787518 21.096607835402533 21.351085662841797 6800
21.250958359843832 21.97684576094338 21.067401376203115 21.968502044677734 2700
21.495424270629883 21.88506610614952 21.495424270629883 21.495424270629883 1200
21.442862941674445 21.91844367980957 21.442862941674445 21.91844367980957 1200
21.09243445464454 21.910099626668085 21.08409073761557 21.40114402770996 8800
21.326048326805594 21.538809094240612 21.284331340571796 21.417827606201172 3900
21.409486311789554 21.409486311789554 21.334394454956055 21.334394454956055 1000
21.209242840989873 21.209242840989873 21.10911983025876 21.200899124145508 6800
21.15083840582968 21.926786566624337 21.15083840582968 21.73488426208496 19600
22.11034207871685 22.46494126794713 21.267645831163655 22.360647201538086 28300
22.277212187092797 22.277212187092797 21.284332275390625 21.284332275390625 700
21.109116497384235 21.568011302962773 21.109116497384235 21.27598762512207 4400
21.39280028524873 21.551327725808115 21.39280028524873 21.542984008789062 1300
21.651446904406026 21.6848201751709 21.651446904406026 21.6848201751709 800
21.609729766845703 21.609729766845703 21.609729766845703 21.609729766845703 100
21.609727232537686 21.808303833007812 21.609727232537686 21.808303833007812 700
21.70401382446289 21.70401382446289 21.70401382446289 21.70401382446289 3200
21.60972919297396 21.60972919297396 21.30936337844517 21.442859649658203 3400
21.603889772520546 21.826662063598633 21.603889772520546 21.826662063598633 900
21.826662063598633 21.826662063598633 21.826662063598633 21.826662063598633 0
21.623912811279297 21.623912811279297 21.623912811279297 21.623912811279297 200
21.714859659946928 21.741560190398484 21.714859659946928 21.73488426208496 1500
21.764084465341675 21.833335876464844 21.726540130126633 21.833335876464844 1800
21.833335876464844 21.833335876464844 21.833335876464844 21.833335876464844 0
21.833335876464844 21.833335876464844 21.833335876464844 21.833335876464844 0
21.776599026738896 21.876720428466797 21.718194610497456 21.876720428466797 1900
21.835004672348656 22.424057006835938 21.835004672348656 22.424057006835938 500
21.943474173700714 21.943474173700714 21.926788330078125 21.926788330078125 900
22.085309924379544 22.527517318725586 22.02690550447369 22.527517318725586 5500
22.185437189655815 22.318933486938477 22.185437189655815 22.318933486938477 2300
22.527517318725586 22.527517318725586 22.49414245512162 22.527517318725586 13800
22.52752059830305 22.52752059830305 22.131202788015603 22.485803604125977 700
22.485803604125977 22.485803604125977 22.485803604125977 22.485803604125977 0
22.427392468012567 22.844568680219208 22.277210368394982 22.79450798034668 24600
22.5275172863679 22.5275172863679 22.360646151389926 22.40236473083496 2000
22.419886012240298 22.85291420363221 22.419886012240298 22.56089210510254 2900
22.318929195404053 22.85291428185883 22.318929195404053 22.527517318725586 4600
22.7027338436539 22.894636154174805 22.7027338436539 22.894636154174805 3700
22.894636154174805 22.894636154174805 22.894636154174805 22.894636154174805 0
22.485799321805786 23.001429164985517 22.469111890752476 22.97806739807129 2300
22.76530581001985 22.777820587158203 22.374828531013495 22.777820587158203 2700
22.525015833480747 22.525015833480747 22.27721397628831 22.28221893310547 1900
22.57757619593978 22.802851732835865 22.506657003621175 22.777820587158203 56500
22.83789717903287 22.94469451904297 22.83789717903287 22.94469451904297 1500
22.91966001423147 22.91966001423147 22.736103057861328 22.736103057861328 800
22.807024002075195 22.807024002075195 22.807024002075195 22.807024002075195 200
22.811196858339205 23.311808663035517 22.811196858339205 23.221698760986328 2800
22.94469451904297 22.94469451904297 22.94469451904297 22.94469451904297 200
22.45075911510332 22.86125946044922 22.45075911510332 22.86125946044922 2400
22.77782243015099 22.77782243015099 22.527517318725586 22.527517318725586 1300
22.527517318725586 22.527517318725586 22.527517318725586 22.527517318725586 0
23.292602719818202 23.292602719818202 23.047775268554688 23.047775268554688 5800
23.165084838867188 23.165084838867188 23.165084838867188 23.165084838867188 500
23.165084838867188 23.165084838867188 23.165084838867188 23.165084838867188 0
23.165084838867188 23.165084838867188 23.165084838867188 23.165084838867188 0
23.165084838867188 23.165084838867188 23.165084838867188 23.165084838867188 0
23.165084838867188 23.165084838867188 23.165084838867188 23.165084838867188 0
22.952566146850586 22.952566146850586 22.55302206060083 22.952566146850586 2400
23.335109708140216 23.581636428833008 23.335109708140216 23.581636428833008 1600
22.717940906044344 22.918561768289926 22.717940906044344 22.7264404296875 1400
22.7264404296875 22.7264404296875 22.7264404296875 22.7264404296875 0
23.134484666748385 23.134484666748385 23.122583389282227 23.122583389282227 21200
23.122583389282227 23.122583389282227 23.080077668740625 23.122583389282227 900
23.296850418443153 23.296850418443153 23.012067794799805 23.012067794799805 3700
23.046076166828225 23.046076166828225 22.95256519716813 22.961915969848633 3700
23.054577180822992 23.58163517436431 23.054577180822992 23.547632217407227 1200
23.547632217407227 23.547632217407227 23.547632217407227 23.547632217407227 0
23.547632217407227 23.547632217407227 23.547632217407227 23.547632217407227 0
23.547632217407227 23.547632217407227 23.547632217407227 23.547632217407227 0
22.85905244746792 22.85905244746792 21.881443589482174 22.629528045654297 1100
22.314993518198538 22.408504486083984 22.314993518198538 22.408504486083984 1800
22.408504486083984 22.408504486083984 22.408504486083984 22.408504486083984 0
22.32349521160473 22.357498168945312 22.10247031389448 22.357498168945312 1700
22.367700576782227 22.367700576782227 22.367700576782227 22.367700576782227 600
22.367700576782227 22.367700576782227 22.367700576782227 22.367700576782227 0
22.11096954345703 22.11096954345703 22.11096954345703 22.11096954345703 300
22.11096954345703 22.11096954345703 22.11096954345703 22.11096954345703 300
22.17047882080078 22.17047882080078 22.17047882080078 22.17047882080078 100
22.13647410853332 22.536018166340796 22.13647410853332 22.29374122619629 1700
22.527517318725586 22.527517318725586 22.527517318725586 22.527517318725586 2900
22.519017621662563 23.33510971069336 22.519017621662563 23.33510971069336 300
22.952566146850586 22.952566146850586 22.952566146850586 22.952566146850586 400
22.74004116360387 22.746841430664062 22.74004116360387 22.746841430664062 300
22.527517318725586 22.527517318725586 22.51901617422269 22.527517318725586 1200
22.527517318725586 22.527517318725586 22.527517318725586 22.527517318725586 0
22.59552485332124 22.59552485332124 22.48501321763862 22.527517318725586 600
21.405392011624443 22.952564627056915 21.405392011624443 22.753643035888672 3800
22.57002067565918 22.638028208012567 22.57002067565918 22.57002067565918 1000
22.255486446560063 22.57002067565918 22.255486446560063 22.57002067565918 1400
22.655031204223633 22.655031204223633 22.655031204223633 22.655031204223633 400
22.655031204223633 22.655031204223633 22.655031204223633 22.655031204223633 0
22.35749955103924 23.292604446411133 22.314995446379104 23.292604446411133 15000
22.697536288742587 22.697536288742587 22.314992904663086 22.314992904663086 300
22.314992904663086 22.314992904663086 22.314992904663086 22.314992904663086 0
22.986570358276367 22.986570358276367 22.986570358276367 22.986570358276367 200
22.952563594838715 22.952563594838715 22.58702250778882 22.612525939941406 2600
22.621029419216146 22.72899055480957 22.570022549645408 22.72899055480957 500
22.72899055480957 22.72899055480957 22.72899055480957 22.72899055480957 0
22.72899055480957 22.72899055480957 22.72899055480957 22.72899055480957 0
22.72899055480957 22.72899055480957 22.72899055480957 22.72899055480957 0
22.72899055480957 22.72899055480957 22.72899055480957 22.72899055480957 0
22.72899055480957 22.72899055480957 22.72899055480957 22.72899055480957 0
22.730690002441406 22.730690002441406 22.730690002441406 22.730690002441406 500
22.730690002441406 22.730690002441406 22.730690002441406 22.730690002441406 0
22.730690002441406 22.730690002441406 22.730690002441406 22.730690002441406 0
22.731541241235526 22.952566146850586 22.731541241235526 22.952566146850586 6400
22.952566146850586 22.952566146850586 22.952566146850586 22.952566146850586 0
22.952566146850586 22.952566146850586 22.952566146850586 22.952566146850586 400
22.952567894215733 22.952567894215733 22.741744995117188 22.741744995117188 400
22.82505081208993 22.82505081208993 22.78254508972168 22.78254508972168 800
22.78254508972168 22.78254508972168 22.78254508972168 22.78254508972168 0
22.78254508972168 22.78254508972168 22.78254508972168 22.78254508972168 0
23.037570934681813 23.165084838867188 23.037570934681813 23.165084838867188 6900
23.165084838867188 23.165084838867188 23.165084838867188 23.165084838867188 0
23.165084838867188 23.165084838867188 23.165084838867188 23.165084838867188 0
22.385700980428346 23.16508674621582 22.351060805545394 23.16508674621582 2300
23.16508674621582 23.16508674621582 23.16508674621582 23.16508674621582 0
23.165088826802634 23.165088826802634 22.55889892578125 22.55889892578125 1100
22.593538284301758 22.593538284301758 22.593538284301758 22.593538284301758 300
22.59354332272628 22.740760803222656 22.59354332272628 22.740760803222656 1300
22.948593139648438 22.948593139648438 22.948593139648438 22.948593139648438 800
22.941664493419616 22.941664493419616 22.73209571838379 22.73209571838379 2100
22.948593139648438 22.948593139648438 22.948593139648438 22.948593139648438 1000
23.161629464381182 23.161629464381182 22.740760803222656 22.740760803222656 700
22.939931869506836 22.939931869506836 22.939931869506836 22.939931869506836 200
20.653734933168728 22.065289233768127 15.587724228544747 20.99146842956543 92600
20.913528357266433 21.61497544082492 20.24671979979579 21.216623306274414 22400
20.85291052860063 20.904003636710087 19.965276583219293 20.393938064575195 5700
20.419919025045917 22.03931113011223 20.246721425496087 21.96137237548828 16200
22.030652599948276 22.030652599948276 21.727557605760435 21.98735237121582 25100
22.082607963989975 22.273123987094063 21.736214443921366 22.143226623535156 17000
22.29910539088165 22.58055107107209 22.29910539088165 22.42900276184082 5700
22.342401912345277 22.38570213317871 22.16054594004847 22.38570213317871 10300
22.36838414343321 22.7753963470459 22.342404008495713 22.7753963470459 6000
22.420341323694924 23.38158478218423 22.352795289617905 23.026531219482422 35900
22.948593139648438 23.173749346019182 22.619519700635585 22.948593139648438 20500
22.740755929093247 23.381584338686128 22.723435840574226 22.84467315673828 37200
22.758075682673173 22.758075682673173 22.619518280029297 22.619518280029297 1000
22.515598391267 22.86199188232422 22.515598391267 22.86199188232422 45700
22.541579866328142 22.84467315673828 22.541579866328142 22.84467315673828 3500
22.818693315342486 23.247354744358773 22.7753930966263 22.86199188232422 1000
22.853333033660114 23.64397706485761 22.73209571838379 22.73209571838379 1800
23.25601463081249 23.25601463081249 22.818693161010742 22.818693161010742 1300
23.247359721034424 23.247359721034424 22.732099396015926 22.82735824584961 1000
22.905293298836717 23.08282007552043 22.73209571838379 22.73209571838379 2700
23.38158496121036 23.71065839316047 23.199728982122444 23.20838737487793 3800
22.948593485816758 23.38158581573783 22.948593485816758 22.97890281677246 2600
23.901174416589864 23.901174416589864 22.836013793945312 22.836013793945312 2800
22.732097516002092 23.294987219384733 22.732097516002092 22.965913772583008 4200
22.792711473310717 23.086280822753906 22.775391387124277 23.086280822753906 1100
23.121789524712025 23.121789524712025 23.078489303588867 23.078489303588867 700
22.99189233770875 22.99189233770875 22.524261474609375 22.524261474609375 1100
22.68880024659422 22.817832114782725 22.394365310668945 22.394365310668945 6800
23.07849003355178 23.07849003355178 22.55889892578125 22.55889892578125 800
22.78318977355957 22.78318977355957 22.78318977355957 22.78318977355957 400
22.693126678466797 22.693126678466797 22.693126678466797 22.693126678466797 300
22.823022902240734 22.836013793945312 22.823022902240734 22.836013793945312 600
22.74248630976027 22.787517547607422 22.74248630976027 22.787517547607422 600
22.78405502817106 22.948592569456622 22.6541576647286 22.792715072631836 4500
22.792715072631836 22.792715072631836 22.792715072631836 22.792715072631836 100
22.645499353344388 22.758078288215632 22.61086082458496 22.61086082458496 1400
22.63683930822085 22.63683930822085 22.61086082458496 22.61086082458496 1300
22.610859771891636 22.612590789794922 22.60219972717129 22.612590789794922 5800
22.55889892578125 22.55889892578125 22.55889892578125 22.55889892578125 1100
22.51560232310609 22.723438454034287 22.411683431774623 22.641170501708984 700
22.948591913720158 22.948591913720158 22.905293344388088 22.939931869506836 1200
22.948593139648438 22.948593139648438 22.948593139648438 22.948593139648438 200
22.55889938790395 22.948593139648438 22.55889938790395 22.948593139648438 3100
22.73209636027996 22.905293945623548 22.515600204467773 22.515600204467773 8900
22.515600204467773 22.515600204467773 22.515600204467773 22.515600204467773 0
22.861994344623593 22.948593139648438 22.861994344623593 22.948593139648438 800
23.078489303588867 23.078489303588867 23.078489303588867 23.078489303588867 1400
23.078489303588867 23.078489303588867 23.078489303588867 23.078489303588867 0
23.078489303588867 23.078489303588867 23.078489303588867 23.078489303588867 0
23.078489303588867 23.078489303588867 23.078489303588867 23.078489303588867 0
22.86199172769963 22.948590512811844 22.818693161010742 22.818693161010742 800
23.039379119873047 23.039379119873047 23.039379119873047 23.039379119873047 700
22.73042106628418 22.73042106628418 22.73042106628418 22.73042106628418 600
22.73042106628418 22.73042106628418 22.73042106628418 22.73042106628418 0
22.95110511779785 22.95110511779785 22.95110511779785 22.95110511779785 600
22.933450358029912 22.942277908325195 22.92285830788541 22.942277908325195 800
22.73042106628418 22.73042106628418 22.73042106628418 22.73042106628418 2100
22.73042106628418 22.73042106628418 22.59889343311517 22.73042106628418 2800
22.73042106628418 22.73042106628418 22.73042106628418 22.73042106628418 0
22.741013116109013 22.814280266033908 22.515916483263425 22.73042106628418 2200
22.73042106628418 22.73042106628418 22.73042106628418 22.73042106628418 500
22.73042106628418 22.73042106628418 22.73042106628418 22.73042106628418 0
22.730419873625845 22.748074972757223 22.730419873625845 22.738365173339844 2700
22.951105098061152 22.995241165161133 22.951105098061152 22.995241165161133 1500
22.995241165161133 22.995241165161133 22.995241165161133 22.995241165161133 0
22.981999827272052 23.38364408420723 22.951104244714188 23.108230590820312 4600
23.519586448327022 23.519586448327022 22.951106002051556 22.977588653564453 2900
23.171785354614258 23.171785354614258 23.171785354614258 23.171785354614258 1100
23.171785354614258 23.171785354614258 23.171785354614258 23.171785354614258 0
23.03937908976851 23.10646712451842 23.03937908976851 23.10558319091797 1100
23.10558319091797 23.10558319091797 23.10558319091797 23.10558319091797 0
23.083515197456318 23.083515197456318 23.017311096191406 23.017311096191406 700
22.977588312663777 22.98641586303711 22.977588312663777 22.98641586303711 2200
23.38364601135254 23.38364601135254 23.38364601135254 23.38364601135254 1100
23.012892842793374 23.268002774749768 23.012892842793374 23.171785354614258 2200
23.07909861727967 23.171785354614258 23.07909861727967 23.171785354614258 300
22.986416513067375 22.989063262939453 22.95110631057551 22.989063262939453 5600
22.862830591991095 22.86547902532666 22.509737014770508 22.509737014770508 2100
22.509737014770508 22.567997497103978 22.421463199544615 22.509737014770508 13600
22.436470577080556 22.465601661012048 22.156644139770975 22.174299240112305 5200
21.87416839348503 22.509736827185577 21.87416839348503 22.421463012695312 2800
22.421463012695312 22.421463012695312 22.421463012695312 22.421463012695312 0
22.421463012695312 22.421463012695312 22.421463012695312 22.421463012695312 0
22.421463012695312 22.421463012695312 22.421463012695312 22.421463012695312 0
22.178712673187256 22.289054527282715 22.068370819091797 22.068370819091797 2100
22.068370819091797 22.068370819091797 22.068370819091797 22.068370819091797 300
22.402925492773072 22.402925492773072 22.289052963256836 22.289052963256836 400
22.289052963256836 22.289052963256836 22.289052963256836 22.289052963256836 600
22.509737014770508 22.509737014770508 22.509737014770508 22.509737014770508 400
22.509737014770508 22.509737014770508 22.509737014770508 22.509737014770508 0
22.289052945587187 22.333189010620117 22.289052945587187 22.333189010620117 2600
22.333189010620117 22.509736638117754 22.333189010620117 22.333189010620117 2800
22.333192166985047 22.620081681294252 21.935962474499068 21.937726974487305 8000
22.138990418083065 22.324365615844727 22.138990418083065 22.324365615844727 4000
22.324365615844727 22.324365615844727 22.324365615844727 22.324365615844727 0
22.324365615844727 22.324365615844727 22.324365615844727 22.324365615844727 0
22.324365615844727 22.324365615844727 22.324365615844727 22.324365615844727 0
22.0771983903131 22.0771983903131 22.024234771728516 22.024234771728516 1500
22.024234771728516 22.05954328955721 22.024234771728516 22.024234771728516 500
21.891821788335232 21.98627471923828 21.77706700818658 21.98627471923828 3800
21.838859538411807 21.97480010986328 21.715277200728647 21.97480010986328 2500
21.97480010986328 21.97480010986328 21.97480010986328 21.97480010986328 0
21.97126824588921 22.024233545207252 21.635829768623193 22.00657844543457 4100
22.068370819091797 22.068370819091797 22.050715718352585 22.068370819091797 5200
22.006579650187632 22.068370819091797 22.006579650187632 22.068370819091797 500
22.068370819091797 22.11250688725675 22.068370819091797 22.068370819091797 4700
22.0595434108288 22.93345069885254 22.0595434108288 22.93345069885254 1000
22.08602523803711 22.08602523803711 22.08602523803711 22.08602523803711 200
22.02423491295317 22.843412399291992 22.02423491295317 22.843412399291992 700
22.16547203063965 22.16547203063965 22.16547203063965 22.16547203063965 200
22.16547203063965 22.16547203063965 22.16547203063965 22.16547203063965 0
22.16547203063965 22.16547203063965 22.16547203063965 22.16547203063965 0
22.16547203063965 22.16547203063965 22.16547203063965 22.16547203063965 0
22.500911712646484 22.553875333599716 22.500911712646484 22.500911712646484 7200
22.601542733335798 22.601542733335798 22.500910679566747 22.549461364746094 2500
22.508946825796354 22.68001530251539 22.508946825796354 22.58997917175293 6900
22.58997917175293 22.58997917175293 22.58997917175293 22.58997917175293 0
22.643997192382812 22.643997192382812 22.55396107343316 22.643997192382812 34000
22.643997192382812 22.643997192382812 22.643997192382812 22.643997192382812 0
22.72503292014824 22.860086260085694 22.72503292014824 22.743940353393555 3600
22.654804229736328 22.654804229736328 22.654804229736328 22.654804229736328 200
22.654804229736328 22.654804229736328 22.654804229736328 22.654804229736328 0
22.654804229736328 22.654804229736328 22.654804229736328 22.654804229736328 0
22.7520444551534 22.86008644104004 22.7520444551534 22.86008644104004 500
22.73403549194336 22.73403549194336 22.73403549194336 22.73403549194336 100
22.73403549194336 22.73403549194336 22.73403549194336 22.73403549194336 0
22.77905245702286 22.95012092590332 22.77905245702286 22.95012092590332 1200
22.95012092590332 22.95012092590332 22.95012092590332 22.95012092590332 0
23.130189587303548 23.130189587303548 22.779048919677734 22.779048919677734 1900
22.837575042034338 22.837575042034338 22.499940872192383 22.499940872192383 1100
23.175212766401373 23.193220337039293 23.025753021240234 23.025753021240234 5900
23.337276204248596 23.38229341111006 22.9501220429731 22.963626861572266 5400
22.963626861572266 22.963626861572266 22.963626861572266 22.963626861572266 0
23.04015648727366 23.139196395874023 23.0185477487191 23.139196395874023 2100
23.409303665161133 23.409303665161133 23.409303665161133 23.409303665161133 300
23.040157318115234 23.040157318115234 23.040157318115234 23.040157318115234 200
23.00414276123047 23.00414276123047 23.00414276123047 23.00414276123047 500
23.00414276123047 23.00414276123047 23.00414276123047 23.00414276123047 0
23.00414276123047 23.00414276123047 23.00414276123047 23.00414276123047 1900
23.076169967651367 23.076169967651367 23.076169967651367 23.076169967651367 200
23.076169967651367 23.076169967651367 23.076169967651367 23.076169967651367 0
23.076169967651367 23.076169967651367 23.076169967651367 23.076169967651367 0
23.00414276123047 23.00414276123047 23.00414276123047 23.00414276123047 800
23.00414276123047 23.00414276123047 23.00414276123047 23.00414276123047 0
23.00414276123047 23.00414276123047 23.00414276123047 23.00414276123047 0
22.86008343538215 22.86908721923828 22.86008343538215 22.86908721923828 900
22.55396270751953 22.55396270751953 22.55396270751953 22.55396270751953 200
22.643997192382812 22.643997192382812 22.643997192382812 22.643997192382812 500
23.328269958496094 23.328269958496094 23.328269958496094 23.328269958496094 300
23.184214435476235 23.184214435476235 22.643999386724325 23.040157318115234 8500
22.950120098566696 23.12659117518074 22.788055419921875 22.788055419921875 600
22.72503089904785 22.72503089904785 22.72503089904785 22.72503089904785 500
22.743038235224446 23.112184795859395 22.734034451148442 22.941116333007812 800
22.941116333007812 22.941116333007812 22.941116333007812 22.941116333007812 0
22.941116333007812 22.941116333007812 22.941116333007812 22.941116333007812 100
22.90510368347168 22.90510368347168 22.90510368347168 22.90510368347168 100
22.914107044989983 22.914107044989983 22.87449073791504 22.87449073791504 700
22.950121443452126 22.97713279724121 22.950121443452126 22.97713279724121 600
22.97713279724121 22.97713279724121 22.97713279724121 22.97713279724121 0
22.97713279724121 22.97713279724121 22.97713279724121 22.97713279724121 0
22.977131450772905 22.981632484159164 22.788055419921875 22.788055419921875 1500
22.788055419921875 22.788055419921875 22.788055419921875 22.788055419921875 0
23.184213638305664 23.184213638305664 23.184213638305664 23.184213638305664 200
23.184213638305664 23.184213638305664 23.184213638305664 23.184213638305664 0
23.184215580673087 23.229232788085938 22.806065199597437 23.229232788085938 1800
23.265245671787603 23.265245671787603 22.788055419921875 22.788055419921875 2400
22.91410698186526 23.184213638305664 22.91410698186526 23.184213638305664 2200
23.281451601652233 23.31026268005371 23.281451601652233 23.31026268005371 700
23.031152725219727 23.031152725219727 23.031152725219727 23.031152725219727 400
23.031151259358513 23.031151259358513 22.54495896559929 22.598979949951172 5100
22.752042770385742 22.752042770385742 22.752042770385742 22.752042770385742 1300
22.75203928798837 22.779048919677734 22.75203928798837 22.779048919677734 500
22.779048919677734 22.779048919677734 22.779048919677734 22.779048919677734 0
22.779048919677734 22.779048919677734 22.779048919677734 22.779048919677734 0
23.022150597693155 23.24724006652832 23.004143028035216 23.24724006652832 500
22.833074050227356 22.833074050227356 22.806062698364258 22.806062698364258 500
22.82407053753235 22.82407053753235 22.634994506835938 22.634994506835938 6600
22.653003148845798 22.76104684540798 22.653003148845798 22.73403549194336 4700
22.917746940848478 22.917746940848478 22.757000174544334 22.87181854248047 2700
22.87181854248047 22.87181854248047 22.87181854248047 22.87181854248047 200
22.7983341217041 22.7983341217041 22.7983341217041 22.7983341217041 100
22.853446238402103 22.963672637939453 22.779962556040264 22.963672637939453 3400
22.96642809302042 23.147382292592535 22.605439488181016 22.73403549194336 6000
22.651366049535657 23.188716888427734 22.513584367149452 23.188716888427734 2200
23.306289890854096 23.306289890854096 22.963672637939453 22.963672637939453 500
22.684432983398438 22.684432983398438 22.684432983398438 22.684432983398438 200
22.68810907146103 23.356810049591413 22.68810907146103 22.75240707397461 900
22.550323486328125 22.550323486328125 22.550323486328125 22.550323486328125 500
22.550323486328125 22.550323486328125 22.550323486328125 22.550323486328125 0
22.550323486328125 22.550323486328125 22.550323486328125 22.550323486328125 0
22.550323486328125 22.550323486328125 22.550323486328125 22.550323486328125 0
22.982040685599603 22.982040685599603 22.091049194335938 22.091049194335938 3800
22.945301081515343 23.404574530314235 22.75240707397461 22.75240707397461 2000
22.75240707397461 22.75240707397461 22.75240707397461 22.75240707397461 0
22.752405984303795 22.75883578424721 22.274761199951172 22.274761199951172 1000
22.274762144144223 22.274762144144223 22.182907104492188 22.182907104492188 800
22.182907104492188 22.182907104492188 22.182907104492188 22.182907104492188 300
22.136979200753565 22.136979200753565 22.054309844970703 22.054309844970703 4100
22.054309844970703 22.054309844970703 22.054309844970703 22.054309844970703 100
21.815488389197817 22.38958018891355 21.585851669311523 21.585851669311523 1400
21.585851669311523 21.585851669311523 21.585851669311523 21.585851669311523 500
21.585851669311523 21.585851669311523 21.585851669311523 21.585851669311523 0
21.820079803466797 21.820079803466797 21.820079803466797 21.820079803466797 700
21.820079803466797 21.820079803466797 21.820079803466797 21.820079803466797 0
21.97623295384185 22.043286832663018 21.35621452331543 21.35621452331543 2500
21.144949165712706 21.35621452331543 21.126577808010964 21.35621452331543 3000
21.585849782566907 21.990010864797412 21.585849782566907 21.881622314453125 1600
21.841205596923828 21.841205596923828 21.841205596923828 21.841205596923828 200
21.824673118946112 22.04512415020952 21.677705764770508 21.677705764770508 6700
21.677705670120304 22.045124053955078 21.631777277147798 22.045124053955078 900
22.017567450225357 22.274761199951172 21.585851059746496 22.274761199951172 2000
22.421728880299025 22.421728880299025 22.02216148376465 22.02216148376465 500
22.192093436747722 22.697293541717716 22.192093436747722 22.614625930786133 1400
22.550325738331225 22.550325738331225 21.72363387711137 22.201278686523438 3400
22.734034950509017 22.734034950509017 22.49521255493164 22.49521255493164 400
22.49521255493164 22.49521255493164 22.49521255493164 22.49521255493164 0
22.504399196043636 22.634833038896968 22.504399196043636 22.587068557739258 700
22.7340354558627 22.7340354558627 22.565940856933594 22.565940856933594 1400
22.565940856933594 22.565940856933594 22.565940856933594 22.565940856933594 0
22.412542437789853 22.412542437789853 22.045124053955078 22.045124053955078 2200
22.045125539679276 22.09105218375794 21.815488815307617 21.815488815307617 3500
22.026753552413037 22.734035063763056 22.026753552413037 22.504398345947266 1800
22.57880006786715 22.61921670485516 22.504398345947266 22.504398345947266 900
22.46765605330519 22.73403549194336 22.46765605330519 22.73403549194336 1100
22.73403549194336 22.73403549194336 22.73403549194336 22.73403549194336 0
23.147381999918647 23.147381999918647 22.778125762939453 22.778125762939453 700
23.184121973171298 23.184121973171298 21.833858752476395 23.174936294555664 2800
23.174935999848046 23.174935999848046 22.799249983594727 23.138195037841797 1000
23.138195037841797 23.138195037841797 23.138195037841797 23.138195037841797 100
22.871815617343092 23.138195037841797 22.871815617343092 23.138195037841797 600
23.138195037841797 23.138195037841797 23.138195037841797 23.138195037841797 0
22.504397471745808 22.504397471745808 21.970722334925387 22.045124053955078 6700
22.274762144144223 22.274762144144223 22.054311100172836 22.182907104492188 1200
22.228834985363967 22.504398345947266 22.228834985363967 22.504398345947266 700
22.51358402489859 22.550324988714777 22.504398345947266 22.504398345947266 2300
22.504398345947266 22.504398345947266 22.504398345947266 22.504398345947266 0
22.504398345947266 22.51450206719699 22.504398345947266 22.504398345947266 800
22.73403549194336 22.73403549194336 22.73403549194336 22.73403549194336 200
22.541141510009766 22.541141510009766 22.541141510009766 22.541141510009766 200
22.550323486328125 22.550323486328125 22.26924838670248 22.550323486328125 1100
22.550323486328125 22.550323486328125 22.550323486328125 22.550323486328125 0
22.688108444213867 22.688108444213867 22.688108444213867 22.688108444213867 300
23.438127517700195 23.438127517700195 22.453726877231674 23.438127517700195 2100
23.438127517700195 23.438127517700195 23.438127517700195 23.438127517700195 0
23.438127517700195 23.438127517700195 23.438127517700195 23.438127517700195 0
23.016240553192183 23.152182122231974 22.959989547729492 22.959989547729492 900
22.744361394252184 22.969367225964863 22.434978152123826 22.5006046295166 1900
22.969367225964863 23.12687077170752 22.5006046295166 22.5006046295166 1100
22.5006046295166 22.5006046295166 22.5006046295166 22.5006046295166 100
22.5006046295166 22.5006046295166 22.5006046295166 22.5006046295166 0
22.669357779193398 23.0162410736084 21.94746300471521 23.0162410736084 3900
22.922488371411703 27.000720941033578 22.922488371411703 23.719383239746094 11400
23.438128214347127 23.438128214347127 22.594355956268085 22.87842559814453 4400
22.688108408333242 23.025616232427947 22.688108408333242 22.978740692138672 4700
22.87561122559779 23.30218505859375 22.87561122559779 23.30218505859375 2100
23.541256546602302 23.541256546602302 23.367813110351562 23.367813110351562 200
23.297500047788297 23.53188133239746 23.297500047788297 23.53188133239746 1700
23.306874168428596 23.438127108013575 23.29749870300293 23.29749870300293 2100
23.355625923974294 23.438127517700195 23.29749911023144 23.438127517700195 1400
23.29750058459362 23.4193780685962 22.969366420942688 23.40062713623047 4000
23.42875318049809 23.42875318049809 22.50997896671871 22.9693660736084 900
23.391252517700195 23.391252517700195 23.391252517700195 23.391252517700195 800
23.20374797484341 23.20374797484341 23.128746032714844 23.128746032714844 1100
23.391252517700195 23.414690288121285 23.128744839697106 23.391252517700195 5200
23.438128058542375 23.438128058542375 23.15687123711477 23.391252517700195 1300
23.309687932194954 23.391252517700195 23.309687932194954 23.391252517700195 1300
23.37250104676059 23.71938433263771 23.37250104676059 23.438127517700195 5200
23.419377528982654 23.81313815865354 23.394063949690914 23.53188133239746 8600
23.672509745525502 23.672509745525502 23.53188133239746 23.53188133239746 5800
23.531880928413997 23.531880928413997 23.250622318799135 23.391252517700195 3600
23.391252517700195 23.391252517700195 23.391252517700195 23.391252517700195 0
23.719384250222433 23.719384250222433 23.285310745239258 23.285310745239258 4500
23.466254858816864 23.53188133239746 23.391252919269423 23.53188133239746 1600
23.87876319885254 23.87876319885254 23.87876319885254 23.87876319885254 300
23.438129000961926 23.456879933327656 23.34437612732061 23.40062713623047 17500
23.442815299806114 23.53188133239746 23.442815299806114 23.53188133239746 1200
23.456876754760742 23.456876754760742 23.456876754760742 23.456876754760742 200
23.625633239746094 23.625633239746094 23.625633239746094 23.625633239746094 400
23.657506942749023 23.657506942749023 23.657506942749023 23.657506942749023 200
23.657506942749023 23.657506942749023 23.657506942749023 23.657506942749023 0
23.530006408691406 23.530006408691406 23.530006408691406 23.530006408691406 1000
23.87876373874548 23.87876373874548 23.813137267620473 23.83188819885254 1100
23.869389665577224 23.869389665577224 23.775638580322266 23.775638580322266 400
23.738136291503906 23.738136291503906 23.738136291503906 23.738136291503906 100
23.738136291503906 23.738136291503906 23.738136291503906 23.738136291503906 0
23.667822134812482 23.694072723388672 23.667822134812482 23.694072723388672 700
23.51313073029274 23.680009735193906 23.456879721889926 23.46625518798828 1400
23.691259161561295 23.860013961791992 23.691259161561295 23.860013961791992 500
23.60125732421875 23.60125732421875 23.60125732421875 23.60125732421875 1100
23.672508239746094 23.672508239746094 23.656570127434996 23.672508239746094 2400
23.672508239746094 23.672508239746094 23.672508239746094 23.672508239746094 0
23.79438591003418 23.79438591003418 23.79438591003418 23.79438591003418 300
23.644383536643755 23.672509934769128 23.644383536643755 23.653759002685547 800
23.653759002685547 23.653759002685547 23.653759002685547 23.653759002685547 400
23.485004425048828 23.485004425048828 23.485004425048828 23.485004425048828 400
23.543129814321777 23.71938427533008 23.487815819208148 23.533754348754883 1300
23.4475040435791 23.4475040435791 23.4475040435791 23.4475040435791 400
23.4475040435791 23.4475040435791 23.4475040435791 23.4475040435791 100
23.4475040435791 23.4475040435791 23.4475040435791 23.4475040435791 200
23.625633239746094 23.625633239746094 23.625633239746094 23.625633239746094 100
23.44750298328974 23.625633253116682 23.438127517700195 23.438127517700195 3300
23.44750445863425 23.500942648851115 20.063038059903832 22.21934700012207 14100
22.698211669921875 22.698211669921875 22.698211669921875 22.698211669921875 0
22.02779808550842 22.02779808550842 21.76921045217742 21.99332046508789 5600
22.98553095923926 22.98553095923926 21.39569854736328 21.39569854736328 1500
22.95679637711919 22.98552894592285 22.9376431579758 22.98552894592285 900
22.698211669921875 22.698211669921875 22.698211669921875 22.698211669921875 100
21.501048744477846 22.746097564697266 21.501048744477846 22.746097564697266 1100
22.583282470703125 22.583282470703125 22.583282470703125 22.583282470703125 700
20.600780692396008 21.070068359375 20.600780692396008 21.070068359375 600
22.74609766875508 22.793983459472656 22.74609766875508 22.793983459472656 1100
22.793982604770672 22.793982604770672 21.836252212524414 21.836252212524414 300
21.959801074404332 22.257654190063477 21.884139920071163 22.257654190063477 2200
22.257654190063477 22.257654190063477 22.257654190063477 22.257654190063477 0
22.257654190063477 22.257654190063477 22.257654190063477 22.257654190063477 300
22.345766070394554 22.345766070394554 22.037376403808594 22.037376403808594 400
22.63116966103318 22.63116966103318 22.209769579555157 22.26723289489746 700
22.458778492805298 22.458778492805298 22.123572489219622 22.198274612426758 1300
22.097712846545164 22.98552894592285 21.836251767936425 22.98552894592285 5200
22.985529473487368 23.22017422395522 21.213727877894232 22.506664276123047 9200
22.26723133433949 22.26723133433949 21.070068359375 21.070068359375 800
22.555509636395783 22.555509636395783 22.027799606323242 22.027799606323242 600
22.027799606323242 22.027799606323242 22.027799606323242 22.027799606323242 0
22.027799606323242 22.027799606323242 21.788367001906686 22.027799606323242 4000
21.309502495606832 22.01822280883789 21.309502495606832 22.01822280883789 1000
21.932025909423828 21.932025909423828 21.932025909423828 21.932025909423828 300
21.050914764404297 21.050914764404297 21.050914764404297 21.050914764404297 400
21.232884132736608 22.01822280883789 21.232884132736608 22.01822280883789 900
22.01822280883789 22.01822280883789 22.01822280883789 22.01822280883789 300
21.523075846007583 21.638004302978516 21.070069755451957 21.638004302978516 3100
21.079646854503356 21.753889526125114 21.079646854503356 21.405275344848633 1100
21.673438799832276 21.673438799832276 21.079646956946913 21.453161239624023 1100
21.687806839611387 21.687806839611387 21.31333351135254 21.31333351135254 1200
21.633213898522147 21.633213898522147 21.30950164794922 21.30950164794922 700
21.30950164794922 21.30950164794922 21.30950164794922 21.30950164794922 0
21.568087871911317 21.568087871911317 20.49542907856424 21.257781982421875 6700
21.252038726405832 21.453161239624023 21.2424612029108 21.453161239624023 1500
21.453161239624023 21.453161239624023 21.453161239624023 21.453161239624023 100
20.73486328125 20.73486328125 20.217689803010636 20.73486328125 4100
20.744440700050077 21.003028351228387 20.68697738647461 20.68697738647461 3100
20.734862884854984 20.734862884854984 20.591203689575195 20.591203689575195 1600
20.591203689575195 20.591203689575195 20.591203689575195 20.591203689575195 500
21.0700683034241 21.19457244873047 21.0700683034241 21.19457244873047 500
20.792326855151867 20.792326855151867 20.16022491455078 20.16022491455078 2200
21.070067890481933 21.070067890481933 20.12191505461733 20.285686492919922 1900
21.03175808815902 21.03175808815902 20.351770401000977 20.351770401000977 900
20.351771012567166 20.351771012567166 17.81378581634512 18.57996940612793 15500
20.351769978072408 21.127531051635742 20.351769978072408 21.127531051635742 1600
21.0700691881874 21.0700691881874 20.68697738647461 20.68697738647461 1400
21.07006965174656 21.07006965174656 20.686977841605426 20.706132888793945 1600
21.156263260103643 21.77878761291504 21.14668573754031 21.77878761291504 2400
21.69259471093952 21.740482330322266 21.69259471093952 21.740482330322266 700
21.09880256652832 21.09880256652832 21.09880256652832 21.09880256652832 200
21.089223861694336 21.089223861694336 21.089223861694336 21.089223861694336 400
21.089223861694336 21.089223861694336 21.089223861694336 21.089223861694336 0
21.625552383776142 21.74048083566752 21.510623931884766 21.510623931884766 800
21.510623931884766 21.510623931884766 21.510623931884766 21.510623931884766 0
21.15626482391558 21.644707550395943 21.079646464471157 21.261615753173828 2700
21.30950276212031 21.443584442138672 21.30950276212031 21.443584442138672 400
21.520201313518783 21.711748123168945 21.453160478158953 21.711748123168945 1400
21.28076871481896 21.711748123168945 21.28076871481896 21.711748123168945 600
21.11795550710263 21.548934936523438 21.11795550710263 21.548934936523438 1900
21.730904302874844 21.9703369140625 21.730904302874844 21.9703369140625 2100
21.9703369140625 21.9703369140625 21.9703369140625 21.9703369140625 0
21.673438261656468 21.932025909423828 21.32865655802577 21.932025909423828 1200
21.76921200175098 22.01822213008447 21.76921200175098 21.873605728149414 2200
22.21729278564453 22.21729278564453 22.21729278564453 22.21729278564453 100
22.21729278564453 22.21729278564453 22.21729278564453 22.21729278564453 0
21.737502111996513 22.520834747472364 21.69833454641656 22.148752212524414 2100
22.03125 22.03125 22.03125 22.03125 400
22.52083439037895 22.52083439037895 22.011667251586914 22.011667251586914 400
22.011667251586914 22.011667251586914 22.011667251586914 22.011667251586914 100
22.52083377994891 22.52083377994891 22.04104232788086 22.04104232788086 500
22.05083465576172 22.05083465576172 22.05083465576172 22.05083465576172 1200
22.001875123805426 22.001875123805426 21.962709426879883 21.962709426879883 200
22.95166778564453 22.95166778564453 22.95166778564453 22.95166778564453 500
22.951667945880864 22.951667945880864 22.665751449083707 22.912500381469727 1100
21.51229170318002 22.912500381469727 21.51229170318002 22.912500381469727 1200
22.215333938598633 22.215333938598633 22.215333938598633 22.215333938598633 400
22.163438031743777 22.912499944504912 22.163438031743777 22.902708053588867 3100
22.902708053588867 22.902708053588867 22.902708053588867 22.902708053588867 0
22.902708053588867 22.902708053588867 22.902708053588867 22.902708053588867 0
22.486562728881836 22.486562728881836 22.486562728881836 22.486562728881836 500
22.76562638363366 22.883127212524414 22.109584602390047 22.883127212524414 700
22.3984375 22.3984375 22.3984375 22.3984375 200
22.912500381469727 22.912500381469727 22.912500381469727 22.912500381469727 800
22.951667740735328 23.167083740234375 22.951667740735328 23.167083740234375 1200
23.235624313354492 23.235624313354492 23.235624313354492 23.235624313354492 200
23.235624313354492 23.235624313354492 23.235624313354492 23.235624313354492 200
23.235624313354492 23.235624313354492 23.235624313354492 23.235624313354492 400
23.216040531995176 23.235624313354492 23.216040531995176 23.235624313354492 700
23.235624313354492 23.235624313354492 23.235624313354492 23.235624313354492 0
22.912499391374535 23.25031308318007 22.912499391374535 23.235624313354492 1400
23.205270250638325 23.5 22.912499626477558 23.5 2100
23.5 23.5 23.333541591962177 23.5 2500
23.5 23.5 23.5 23.5 0
23.97979164123535 23.97979164123535 23.97979164123535 23.97979164123535 500
23.97979164123535 23.97979164123535 23.97979164123535 23.97979164123535 100
23.97979164123535 23.97979164123535 23.97979164123535 23.97979164123535 100
23.97979164123535 23.97979164123535 23.97979164123535 23.97979164123535 100
23.5 23.5 23.5 23.5 200
23.5 23.5 23.5 23.5 0
23.5 23.5 23.5 23.5 0
23.95041632766232 23.95041632766232 23.891666849226336 23.901458740234375 1100
23.499999595042738 23.499999595042738 23.010416270146017 23.05937385559082 4300
23.167084052983476 23.514687784462758 23.167084052983476 23.304166793823242 1500
23.304167207420253 23.304167207420253 23.010417938232422 23.010417938232422 1000
23.500001152116482 23.703668008058937 23.500001152116482 23.50489616394043 2100
23.50489616394043 23.50489616394043 23.50489616394043 23.50489616394043 0
23.566584544904714 23.699750900268555 23.500000433416677 23.699750900268555 800
23.699750900268555 23.699750900268555 23.699750900268555 23.699750900268555 0
23.699750900268555 23.699750900268555 23.699750900268555 23.699750900268555 0
23.699750900268555 23.699750900268555 23.699750900268555 23.699750900268555 100
23.699750900268555 23.699750900268555 23.699750900268555 23.699750900268555 0
23.500001226972593 23.593021392822266 23.500001226972593 23.593021392822266 1200
23.593021392822266 23.593021392822266 23.593021392822266 23.593021392822266 0
23.5 23.5 23.5 23.5 800
23.09854138626296 23.49020767211914 23.02020812909172 23.49020767211914 1000
23.05937436801162 23.891666412353516 23.05937436801162 23.891666412353516 600
23.549938082695007 23.549938082695007 23.5 23.5 500
23.5 23.5 23.5 23.5 0
23.5 23.5 23.5 23.5 500
23.940626401566643 23.940626401566643 23.25520896911621 23.25520896911621 1600
23.499999562717065 23.499999562717065 23.25520790060543 23.49020767211914 3500
23.5 23.5 23.5 23.5 100
23.49020767211914 23.49020767211914 23.49020767211914 23.49020767211914 300
23.5 23.5 23.5 23.5 500
23.451043807396232 23.451043807396232 23.402084350585938 23.402084350585938 1000
23.059374252955116 23.5 23.059374252955116 23.5 2400
23.5 23.5 23.0 23.200000762939453 5000
23.200000762939453 23.200000762939453 23.200000762939453 23.200000762939453 0
23.200000762939453 23.200000762939453 23.200000762939453 23.200000762939453 0
23.5 23.5 23.440000534057617 23.440000534057617 1400
23.440000534057617 23.440000534057617 23.440000534057617 23.440000534057617 100
23.5 23.5 23.5 23.5 600
23.5 23.5 22.510000228881836 23.288999557495117 4500
22.670000076293945 22.850000381469727 22.510000228881836 22.850000381469727 3400
23.200000762939453 23.200000762939453 22.325000762939453 22.56999969482422 6800
24.0 24.0 22.049999237060547 22.65999984741211 2700
22.65999984741211 22.65999984741211 22.610000610351562 22.6200008392334 800
22.649999618530273 23.040000915527344 22.649999618530273 23.010000228881836 1200
23.010000228881836 23.010000228881836 23.010000228881836 23.010000228881836 0
22.799999237060547 23.969999313354492 22.799999237060547 22.801000595092773 2700
23.027000427246094 23.027000427246094 23.0 23.0 300
23.0 23.124000549316406 23.0 23.124000549316406 300
23.124000549316406 23.124000549316406 23.124000549316406 23.124000549316406 0
23.124000549316406 23.124000549316406 23.124000549316406 23.124000549316406 100
23.0 23.0 23.0 23.0 400
23.049999237060547 23.049999237060547 23.049999237060547 23.049999237060547 400
23.969999313354492 23.969999313354492 23.969999313354492 23.969999313354492 400
23.25 23.25 22.950000762939453 23.25 1400
23.25 23.25 23.25 23.25 0
23.25 23.25 23.25 23.25 0
23.25 23.25 23.25 23.25 0
22.75 23.299999237060547 22.75 23.200000762939453 1100
23.010000228881836 23.010000228881836 23.010000228881836 23.010000228881836 200
22.81999969482422 22.81999969482422 22.61009979248047 22.61009979248047 900
