19.759709101255204 19.88738441467285 19.759709101255204 19.88738441467285 1500
19.510343676674704 19.510343676674704 19.483413696289062 19.483413696289062 700
19.390649311349044 19.410597092582588 19.356735229492188 19.356735229492188 900
19.671934127807617 19.671934127807617 19.671934127807617 19.671934127807617 0
19.669937082372297 19.669937082372297 19.540267944335938 19.540267944335938 100
19.856462478637695 19.856462478637695 19.856462478637695 19.856462478637695 100
19.65996262714355 19.878408432006836 19.65996262714355 19.878408432006836 100
19.77965882103386 20.02004623413086 19.77965882103386 20.02004623413086 100
20.278389323440287 20.342226028442383 20.278389323440287 20.342226028442383 300
20.341230392456055 20.341230392456055 20.341230392456055 20.341230392456055 0
20.606555829958808 20.630495071411133 20.606555829958808 20.630495071411133 200
20.70330810546875 20.70330810546875 20.70330810546875 20.70330810546875 100
20.46790885925293 20.46790885925293 20.46790885925293 20.46790885925293 0
20.31230354309082 20.31230354309082 20.31230354309082 20.31230354309082 100
20.248464315497504 20.248464315497504 20.025033950805664 20.025033950805664 800
20.318289324909813 20.343225479125977 20.30931139618882 20.343225479125977 1000
20.57762756243326 20.617526931088758 20.49384117126465 20.49384117126465 700
20.422025680541992 20.422025680541992 20.422025680541992 20.422025680541992 100
20.567654040793705 20.622512817382812 20.567654040793705 20.622512817382812 500
20.81003761291504 20.81003761291504 20.81003761291504 20.81003761291504 100
20.744205474853516 20.744205474853516 20.744205474853516 20.744205474853516 0
20.978607177734375 20.978607177734375 20.978607177734375 20.978607177734375 100
20.910781860351562 20.910781860351562 20.910781860351562 20.910781860351562 0
20.987585067749023 20.987585067749023 20.987585067749023 20.987585067749023 100
21.045438679318426 21.205032348632812 21.045438679318426 21.205032348632812 200
21.786550521850586 21.786550521850586 21.786550521850586 21.786550521850586 100
21.68082046508789 21.68082046508789 21.68082046508789 21.68082046508789 100
21.78455727290782 21.799518585205078 21.78455727290782 21.799518585205078 700
21.79453195526236 21.83542823791504 21.79453195526236 21.83542823791504 300
22.12369457809662 22.158605575561523 22.12369457809662 22.158605575561523 100
22.406972885131836 22.406972885131836 22.406972885131836 22.406972885131836 0
21.432451248168945 21.432451248168945 21.432451248168945 21.432451248168945 200
21.005538940429688 21.005538940429688 21.005538940429688 21.005538940429688 100
20.537730671674684 20.55768035656135 20.368162155151367 20.368162155151367 500
20.87287712097168 20.87287712097168 20.87287712097168 20.87287712097168 0
20.526758193969727 20.526758193969727 20.526758193969727 20.526758193969727 100
20.398086547851562 20.398086547851562 20.398086547851562 20.398086547851562 3900
20.744205474853516 20.744205474853516 20.744205474853516 20.744205474853516 0
21.016511109916763 21.054414749145508 21.016511109916763 21.054414749145508 500
20.807044982910156 20.807044982910156 20.807044982910156 20.807044982910156 100
20.547704117846607 20.547704117846607 20.53473663330078 20.53473663330078 100
20.39908350023343 20.39908350023343 20.389108657836914 20.389108657836914 100
20.37115478515625 20.37115478515625 20.37115478515625 20.37115478515625 100
20.734230041503906 20.734230041503906 20.734230041503906 20.734230041503906 100
20.184629440307617 20.184629440307617 20.184629440307617 20.184629440307617 100
20.408058804765698 20.408058804765698 20.267417907714844 20.267417907714844 500
20.71627426147461 20.71627426147461 20.71627426147461 20.71627426147461 100
21.019502639770508 21.019502639770508 21.019502639770508 21.019502639770508 100
21.046435814003306 21.046435814003306 21.015514373779297 21.015514373779297 200
21.145183563232422 21.145183563232422 21.145183563232422 21.145183563232422 0
21.441429138183594 21.441429138183594 21.441429138183594 21.441429138183594 0
21.235952748646227 21.235952748646227 21.152164459228516 21.152164459228516 100
21.510255813598633 21.510255813598633 21.510255813598633 21.510255813598633 0
21.25490379333496 21.25490379333496 21.25490379333496 21.25490379333496 0
21.48531894408265 21.668851852416992 21.48531894408265 21.668851852416992 600
21.745656967163086 21.745656967163086 21.745656967163086 21.745656967163086 100
22.043896981179984 22.04589080810547 22.043896981179984 22.04589080810547 300
22.360092163085938 22.360092163085938 22.360092163085938 22.360092163085938 100
22.445873260498047 22.445873260498047 22.445873260498047 22.445873260498047 100
22.189525604248047 22.189525604248047 22.189525604248047 22.189525604248047 0
22.103744506835938 22.103744506835938 22.103744506835938 22.103744506835938 100
22.08180046081543 22.08180046081543 22.08180046081543 22.08180046081543 100
21.741666793823242 21.741666793823242 21.741666793823242 21.741666793823242 0
21.82744598388672 21.82744598388672 21.82744598388672 21.82744598388672 0
21.76361083984375 21.76361083984375 21.76361083984375 21.76361083984375 0
21.794532319671514 21.794532319671514 21.7546329498291 21.7546329498291 2400
21.916221618652344 21.916221618652344 21.916221618652344 21.916221618652344 10000
21.50925636291504 21.50925636291504 21.50925636291504 21.50925636291504 100
21.67882537841797 21.67882537841797 21.67882537841797 21.67882537841797 100
21.146182705951105 21.146182705951105 20.934720993041992 20.934720993041992 300
21.156155248056905 21.301786422729492 21.156155248056905 21.301786422729492 100
20.58061981201172 20.58061981201172 20.58061981201172 20.58061981201172 100
20.74021339416504 20.74021339416504 20.74021339416504 20.74021339416504 100
21.161144173776847 21.17909812927246 21.161144173776847 21.17909812927246 100
22.113718637035525 22.12070083618164 22.113718637035525 22.12070083618164 700
22.642374254751303 22.642374254751303 22.59449577331543 22.59449577331543 100
22.65833282470703 22.65833282470703 22.65833282470703 22.65833282470703 400
22.921661784219012 22.921661784219012 22.268325805664062 22.268325805664062 900
21.819467544555664 21.819467544555664 21.819467544555664 21.819467544555664 100
22.250370025634766 22.250370025634766 22.250370025634766 22.250370025634766 100
22.149627685546875 22.149627685546875 22.149627685546875 22.149627685546875 100
22.349119186401367 22.349119186401367 22.349119186401367 22.349119186401367 100
22.41495132446289 22.41495132446289 22.41495132446289 22.41495132446289 200
22.452856063842773 22.452856063842773 22.452856063842773 22.452856063842773 100
22.24139404296875 22.24139404296875 22.24139404296875 22.24139404296875 100
22.43490219116211 22.43490219116211 22.43490219116211 22.43490219116211 100
22.53265183133901 22.53265183133901 22.405973434448242 22.405973434448242 300
22.52666664123535 22.52666664123535 22.52666664123535 22.52666664123535 0
22.63339614868164 22.63339614868164 22.63339614868164 22.63339614868164 0
22.656338686487967 22.727157592773438 22.656338686487967 22.727157592773438 300
22.851840127192762 22.89872169494629 22.851840127192762 22.89872169494629 2000
22.84186613040269 22.85184097290039 22.627411772968777 22.85184097290039 500
23.061307907104492 23.061307907104492 23.061307907104492 23.061307907104492 0
22.782017439233417 23.061307302785917 22.782017439233417 23.054325103759766 400
23.01143317034064 23.03636932373047 23.01143317034064 23.03636932373047 100
23.300699107675396 23.34059657470562 23.300699107675396 23.32762908935547 800
23.407424926757812 23.407424926757812 23.407424926757812 23.407424926757812 100
23.539091110229492 23.539091110229492 23.539091110229492 23.539091110229492 100
23.460292016891263 23.460292016891263 23.214916229248047 23.214916229248047 400
23.334609985351562 23.334609985351562 23.334609985351562 23.334609985351562 100
23.262795645597198 23.288728713989258 23.262795645597198 23.288728713989258 300
23.34159278869629 23.34159278869629 23.34159278869629 23.34159278869629 0
23.492210388183594 23.492210388183594 23.492210388183594 23.492210388183594 100
23.72162628173828 23.72162628173828 23.72162628173828 23.72162628173828 100
23.968997256450425 24.00889472169807 23.936080087802544 23.982961654663086 600
24.095674514770508 24.095674514770508 24.095674514770508 24.095674514770508 100
23.98595428466797 23.98595428466797 23.98595428466797 23.98595428466797 100
24.10265656727297 24.128591537475586 24.10265656727297 24.128591537475586 300
24.0687419352291 24.0687419352291 23.967998504638672 23.967998504638672 100
23.941999435424805 23.941999435424805 23.941999435424805 23.941999435424805 100
23.917999267578125 23.917999267578125 23.917999267578125 23.917999267578125 100
23.91699981689453 23.91699981689453 23.881000518798828 23.881000518798828 300
23.965999603271484 23.965999603271484 23.965999603271484 23.965999603271484 100
23.986000061035156 23.986000061035156 23.986000061035156 23.986000061035156 100
23.5939998626709 23.5939998626709 23.5939998626709 23.5939998626709 100
23.67099952697754 23.822999954223633 23.67099952697754 23.822999954223633 400
23.60099983215332 23.84000015258789 23.538000106811523 23.538000106811523 500
24.084999084472656 24.084999084472656 24.084999084472656 24.084999084472656 100
24.190000534057617 24.19300079345703 24.190000534057617 24.19300079345703 600
24.024999618530273 24.024999618530273 23.937999725341797 23.937999725341797 200
24.00200080871582 24.00200080871582 24.00200080871582 24.00200080871582 100
24.14299964904785 24.14299964904785 24.14299964904785 24.14299964904785 200
24.100000381469727 24.100000381469727 23.950000762939453 23.950000762939453 100
23.83799934387207 23.83799934387207 23.83799934387207 23.83799934387207 100
24.010000228881836 24.010000228881836 24.010000228881836 24.010000228881836 100
24.55699920654297 24.55699920654297 24.55699920654297 24.55699920654297 100
24.559999465942383 24.604999542236328 24.540000915527344 24.604999542236328 1100
24.55500030517578 24.55500030517578 24.55500030517578 24.55500030517578 900
24.315000534057617 24.434999465942383 24.315000534057617 24.434999465942383 100
24.347000122070312 24.347000122070312 24.218000411987305 24.218000411987305 800
23.899999618530273 23.899999618530273 23.417999267578125 23.417999267578125 1800
23.975000381469727 23.975000381469727 23.975000381469727 23.975000381469727 100
23.65999984741211 23.700000762939453 23.45599937438965 23.610000610351562 1200
23.889999389648438 24.200000762939453 23.889999389648438 24.16900062561035 900
24.670000076293945 24.677000045776367 24.670000076293945 24.670000076293945 1300
24.709999084472656 24.725000381469727 24.60099983215332 24.60099983215332 7800
24.882999420166016 25.06399917602539 24.882999420166016 25.06399917602539 10800
25.149999618530273 25.312000274658203 25.149999618530273 25.312000274658203 16400
25.479999542236328 25.481000900268555 25.451000213623047 25.481000900268555 2200
25.565000534057617 25.709999084472656 25.565000534057617 25.6299991607666 35700
25.783000946044922 25.8799991607666 25.770000457763672 25.770000457763672 52400
25.84000015258789 26.010000228881836 25.84000015258789 25.969999313354492 3700
25.969999313354492 26.099000930786133 25.969999313354492 26.099000930786133 2400
26.0 26.09000015258789 25.93000030517578 26.003000259399414 3700
26.0 26.0 25.56999969482422 25.788999557495117 9100
25.55900001525879 25.790000915527344 25.55900001525879 25.698999404907227 22400
25.770000457763672 25.770000457763672 25.56399917602539 25.56399917602539 2700
25.200000762939453 25.200000762939453 24.929000854492188 24.929000854492188 900
24.149999618530273 24.969999313354492 24.149999618530273 24.89699935913086 5300
24.790000915527344 24.93400001525879 24.56999969482422 24.93400001525879 1500
24.8799991607666 24.8799991607666 24.030000686645508 24.158000946044922 79200
24.100000381469727 24.399999618530273 24.100000381469727 24.25 5700
24.739999771118164 24.8700008392334 24.739999771118164 24.832000732421875 3400
25.110000610351562 25.110000610351562 24.655000686645508 24.655000686645508 10000
24.155000686645508 24.155000686645508 23.902999877929688 23.902999877929688 2700
23.950000762939453 23.950000762939453 23.246999740600586 23.246999740600586 4000
23.25 23.58300018310547 22.780000686645508 23.58300018310547 7900
23.760000228881836 23.770000457763672 22.99799919128418 22.99799919128418 20600
23.80500030517578 23.80500030517578 23.80500030517578 23.80500030517578 600
24.100000381469727 24.100000381469727 23.709999084472656 23.709999084472656 1200
24.18000030517578 24.56999969482422 24.18000030517578 24.476999282836914 9000
24.0 24.312999725341797 24.0 24.312999725341797 18500
24.25 24.482999801635742 24.170000076293945 24.482999801635742 5400
24.59000015258789 24.59000015258789 24.360000610351562 24.448999404907227 4400
24.229999542236328 24.5 24.030000686645508 24.39299964904785 13000
23.8799991607666 24.030000686645508 23.635000228881836 23.635000228881836 11600
23.780000686645508 23.850000381469727 23.75 23.819000244140625 3500
23.959999084472656 24.190000534057617 23.959999084472656 24.041000366210938 22400
24.139999389648438 24.170000076293945 23.809999465942383 23.820999145507812 114500
23.600000381469727 23.760000228881836 23.33799934387207 23.33799934387207 3200
23.201000213623047 23.31999969482422 23.030000686645508 23.30900001525879 4100
23.3700008392334 23.68000030517578 23.239999771118164 23.68000030517578 22200
23.6299991607666 23.6299991607666 23.34000015258789 23.499000549316406 49100
23.31999969482422 23.600000381469727 23.31999969482422 23.489999771118164 16300
23.739999771118164 24.079999923706055 23.739999771118164 23.992000579833984 6400
24.459999084472656 24.510000228881836 24.360000610351562 24.45400047302246 178200
24.551000595092773 24.698999404907227 24.551000595092773 24.698999404907227 5400
24.84000015258789 25.040000915527344 24.829999923706055 24.871000289916992 40600
24.900999069213867 25.010000228881836 24.829999923706055 24.888999938964844 36700
25.149999618530273 25.290000915527344 25.149999618530273 25.288000106811523 5800
25.264999389648438 25.468000411987305 25.264999389648438 25.468000411987305 6200
25.469999313354492 25.5 25.375 25.5 5500
25.66900062561035 25.690000534057617 25.610000610351562 25.690000534057617 5600
25.790000915527344 25.790000915527344 25.31599998474121 25.31599998474121 15700
25.709999084472656 25.829999923706055 25.709999084472656 25.81100082397461 32800
25.65999984741211 25.775999069213867 25.64299964904785 25.764999389648438 6000
25.709999084472656 25.770000457763672 25.459999084472656 25.492000579833984 15800
25.59000015258789 25.59000015258789 25.139999389648438 25.219999313354492 8900
25.1299991607666 25.3799991607666 25.1299991607666 25.35300064086914 5500
25.360000610351562 25.59000015258789 25.344999313354492 25.344999313354492 26300
25.55299949645996 25.790000915527344 25.540000915527344 25.733999252319336 23400
25.84000015258789 25.981000900268555 25.809999465942383 25.981000900268555 9600
26.1200008392334 26.1200008392334 25.920000076293945 25.993000030517578 5200
26.040000915527344 26.059999465942383 25.969999313354492 25.98699951171875 6600
26.229999542236328 26.229999542236328 25.59600067138672 25.79199981689453 20100
25.649999618530273 25.790000915527344 25.520000457763672 25.5310001373291 30900
25.75 25.75 25.386999130249023 25.386999130249023 5900
25.260000228881836 25.260000228881836 24.6299991607666 24.902999877929688 15700
25.059999465942383 25.059999465942383 24.75 24.750999450683594 6500
24.399999618530273 24.6299991607666 24.3799991607666 24.601999282836914 29300
24.898000717163086 24.898000717163086 24.898000717163086 24.898000717163086 300
24.517000198364258 24.517000198364258 24.25200080871582 24.25200080871582 1400
24.02199935913086 24.340999603271484 23.9950008392334 24.340999603271484 7500
23.93000030517578 23.940000534057617 23.6200008392334 23.64699935913086 11300
23.850000381469727 23.860000610351562 23.3799991607666 23.5939998626709 364200
23.90999984741211 24.240999221801758 23.809999465942383 24.240999221801758 15700
24.065000534057617 24.09000015258789 23.899999618530273 24.09000015258789 160000
24.200000762939453 24.329999923706055 24.100000381469727 24.100000381469727 49200
23.639999389648438 24.079999923706055 23.639999389648438 24.07699966430664 33600
24.469999313354492 24.639999389648438 24.469999313354492 24.614999771118164 6000
24.739999771118164 24.739999771118164 24.479000091552734 24.479000091552734 34700
24.81999969482422 24.950000762939453 24.81999969482422 24.878000259399414 41900
24.90999984741211 25.020000457763672 24.854999542236328 24.895999908447266 199100
24.959999084472656 24.989999771118164 24.920000076293945 24.933000564575195 33900
24.908000946044922 25.06999969482422 24.84000015258789 25.052000045776367 45900
25.190000534057617 25.209999084472656 25.006000518798828 25.006000518798828 54300
25.219999313354492 25.219999313354492 24.81999969482422 24.950000762939453 87900
25.010000228881836 25.010000228881836 24.839000701904297 24.8799991607666 23900
24.75 24.75 24.55699920654297 24.55900001525879 27600
24.760000228881836 24.8799991607666 24.760000228881836 24.8700008392334 102700
24.940000534057617 24.989999771118164 24.81999969482422 24.979000091552734 241100
25.190000534057617 25.219999313354492 24.899999618530273 25.05900001525879 178000
25.170000076293945 25.229999542236328 24.986000061035156 24.986000061035156 267900
25.15999984741211 25.339000701904297 25.084999084472656 25.339000701904297 161900
25.420000076293945 25.479999542236328 25.32900047302246 25.479999542236328 121800
25.59000015258789 25.729999542236328 25.52899932861328 25.729000091552734 126300
25.6200008392334 25.700000762939453 25.5 25.510000228881836 101000
25.6200008392334 25.6200008392334 25.229999542236328 25.459999084472656 29100
25.420000076293945 25.969999313354492 25.420000076293945 25.926000595092773 190200
25.719999313354492 26.003999710083008 25.719999313354492 25.860000610351562 132900
25.969999313354492 26.010000228881836 25.788000106811523 26.0 55900
26.079999923706055 26.290000915527344 25.986000061035156 26.25 282400
26.30299949645996 26.3700008392334 26.229999542236328 26.285999298095703 430000
26.5 26.6299991607666 26.450000762939453 26.492000579833984 578500
26.65999984741211 26.65999984741211 26.405000686645508 26.509000778198242 539000
26.6299991607666 26.645000457763672 26.513999938964844 26.639999389648438 354600
26.68000030517578 26.719999313354492 26.600000381469727 26.709999084472656 329800
26.75 26.75 26.510000228881836 26.510000228881836 167600
26.530000686645508 26.6200008392334 26.406999588012695 26.516000747680664 83500
26.6200008392334 26.75 26.6200008392334 26.75 29700
26.829999923706055 26.920000076293945 26.73200035095215 26.910999298095703 40600
27.024999618530273 27.040000915527344 26.82900047302246 26.889999389648438 8400
26.469999313354492 26.729999542236328 26.299999237060547 26.655000686645508 20300
26.81999969482422 27.0 26.72800064086914 26.989999771118164 38600
27.100000381469727 27.100000381469727 26.92799949645996 26.968000411987305 11500
27.0 27.174999237060547 26.940000534057617 26.950000762939453 10900
27.02899932861328 27.079999923706055 26.829999923706055 26.829999923706055 230100
26.850000381469727 26.850000381469727 26.5 26.610000610351562 31300
26.579999923706055 26.649999618530273 26.488000869750977 26.488000869750977 16600
26.09000015258789 26.32900047302246 26.040000915527344 26.239999771118164 40900
26.309999465942383 26.86400032043457 26.309999465942383 26.739999771118164 12500
26.809999465942383 27.049999237060547 26.770000457763672 27.049999237060547 20400
27.1299991607666 27.219999313354492 27.059999465942383 27.209999084472656 28400
27.34000015258789 27.639999389648438 27.34000015258789 27.600000381469727 56400
27.600000381469727 27.625999450683594 27.440000534057617 27.507999420166016 10000
27.479999542236328 27.479999542236328 26.871999740600586 27.190000534057617 39400
27.239999771118164 27.40999984741211 27.239999771118164 27.3700008392334 46000
27.399999618530273 27.54199981689453 27.389999389648438 27.399999618530273 82600
27.149999618530273 27.44499969482422 27.149999618530273 27.260000228881836 45100
27.469999313354492 27.486000061035156 27.235000610351562 27.329999923706055 51400
27.31999969482422 27.371000289916992 27.040000915527344 27.356000900268555 12600
27.360000610351562 27.469999313354492 27.290000915527344 27.43000030517578 6400
27.5 27.698999404907227 27.5 27.690000534057617 15900
27.582000732421875 27.589000701904297 27.520000457763672 27.540000915527344 61100
27.6200008392334 27.6299991607666 27.496000289916992 27.533000946044922 8600
27.6299991607666 27.6299991607666 27.31999969482422 27.34000015258789 38200
27.440000534057617 27.479999542236328 27.13599967956543 27.270000457763672 12800
27.209999084472656 27.399999618530273 27.209999084472656 27.39900016784668 7600
27.450000762939453 27.450000762939453 27.381999969482422 27.434999465942383 15600
27.450000762939453 27.450000762939453 27.049999237060547 27.31999969482422 23300
27.15999984741211 27.357999801635742 27.084999084472656 27.229000091552734 65700
27.270000457763672 27.40999984741211 27.163000106811523 27.163000106811523 30300
26.950000762939453 27.291000366210938 26.950000762939453 27.219999313354492 14500
27.24799919128418 27.389999389648438 27.24799919128418 27.389999389648438 11200
27.59000015258789 27.760000228881836 27.57900047302246 27.709999084472656 30300
27.8439998626709 27.929000854492188 27.815000534057617 27.860000610351562 17500
27.959999084472656 27.96500015258789 27.84000015258789 27.93000030517578 54600
27.959999084472656 27.959999084472656 27.760000228881836 27.780000686645508 219200
27.8799991607666 28.079999923706055 27.875 28.03700065612793 19900
28.170000076293945 28.31999969482422 28.1200008392334 28.299999237060547 20900
28.299999237060547 28.299999237060547 28.208999633789062 28.25 16600
28.399999618530273 28.559999465942383 28.399999618530273 28.440000534057617 76000
28.610000610351562 28.610000610351562 28.415000915527344 28.465999603271484 23000
28.434999465942383 28.670000076293945 28.389999389648438 28.65999984741211 12200
28.690000534057617 28.722999572753906 28.60099983215332 28.649999618530273 67100
28.700000762939453 28.700000762939453 28.42799949645996 28.520000457763672 103600
28.5 28.559999465942383 28.347000122070312 28.347000122070312 30600
28.450000762939453 28.514999389648438 28.200000762939453 28.200000762939453 19900
28.049999237060547 28.100000381469727 27.915000915527344 28.100000381469727 17600
28.1299991607666 28.209999084472656 28.04800033569336 28.06999969482422 6800
28.15999984741211 28.299999237060547 28.010000228881836 28.280000686645508 17900
28.23699951171875 28.459999084472656 28.18000030517578 28.448999404907227 5900
28.299999237060547 28.329999923706055 28.149999618530273 28.280000686645508 27500
27.790000915527344 27.940000534057617 27.43000030517578 27.790000915527344 37800
28.020000457763672 28.069000244140625 27.834999084472656 27.940000534057617 15000
27.90999984741211 28.219999313354492 27.90999984741211 28.16900062561035 18900
28.3700008392334 28.527999877929688 28.3700008392334 28.482999801635742 22400
28.32900047302246 28.489999771118164 28.32900047302246 28.489999771118164 94300
28.177000045776367 28.246000289916992 28.059999465942383 28.198999404907227 13600
27.90999984741211 27.90999984741211 27.290000915527344 27.309999465942383 6700
27.479999542236328 27.510000228881836 27.209999084472656 27.229999542236328 23600
27.40999984741211 27.507999420166016 27.209999084472656 27.23200035095215 220300
27.34000015258789 27.59000015258789 27.040000915527344 27.51799964904785 15400
27.260000228881836 27.260000228881836 26.649999618530273 26.860000610351562 195200
26.8799991607666 27.364999771118164 26.8799991607666 27.229999542236328 20200
27.1200008392334 27.381000518798828 26.969999313354492 27.381000518798828 31600
27.729999542236328 27.913000106811523 27.68400001525879 27.68400001525879 45600
27.805999755859375 27.836000442504883 27.509000778198242 27.509000778198242 9000
27.514999389648438 27.600000381469727 27.190000534057617 27.190000534057617 9500
27.280000686645508 27.450000762939453 27.201000213623047 27.329999923706055 10900
27.489999771118164 27.639999389648438 27.437999725341797 27.639999389648438 56800
27.979999542236328 28.062999725341797 27.905000686645508 28.0 22200
28.200000762939453 28.229999542236328 28.100000381469727 28.200000762939453 27800
28.1200008392334 28.40999984741211 28.110000610351562 28.40999984741211 11400
28.479999542236328 28.709999084472656 28.479999542236328 28.63599967956543 29400
28.639999389648438 28.639999389648438 28.510000228881836 28.56999969482422 24300
28.722999572753906 28.900999069213867 28.722999572753906 28.89299964904785 19700
28.739999771118164 28.815000534057617 28.5 28.649999618530273 15800
28.639999389648438 28.81999969482422 28.559999465942383 28.753000259399414 36400
28.899999618530273 28.920000076293945 28.600000381469727 28.6560001373291 7500
28.68000030517578 28.68000030517578 28.344999313354492 28.344999313354492 10400
28.440000534057617 28.559999465942383 28.34000015258789 28.52400016784668 5700
28.5 28.719999313354492 28.479999542236328 28.701000213623047 10000
28.77400016784668 28.799999237060547 28.65999984741211 28.760000228881836 13800
28.790000915527344 28.809999465942383 28.672000885009766 28.770000457763672 11400
28.84000015258789 28.920000076293945 28.65999984741211 28.91699981689453 23600
29.06999969482422 29.155000686645508 28.989999771118164 29.1299991607666 19300
29.350000381469727 29.350000381469727 29.049999237060547 29.110000610351562 23100
29.170000076293945 29.209999084472656 29.11400032043457 29.125999450683594 11900
29.170000076293945 29.19300079345703 28.915000915527344 29.020999908447266 9200
28.989999771118164 29.05500030517578 28.518999099731445 28.601999282836914 6500
28.829999923706055 28.829999923706055 28.6299991607666 28.6299991607666 11800
28.75 29.141000747680664 28.75 29.141000747680664 3600
29.25 29.25 29.038000106811523 29.08099937438965 17900
29.18000030517578 29.308000564575195 29.160999298095703 29.270999908447266 3700
29.299999237060547 29.299999237060547 28.974000930786133 29.006999969482422 10700
28.895999908447266 29.06999969482422 28.889999389648438 28.981000900268555 33700
29.15999984741211 29.15999984741211 28.910999298095703 28.910999298095703 15200
28.875999450683594 28.898000717163086 28.190000534057617 28.190000534057617 7500
28.010000228881836 28.14299964904785 27.6299991607666 27.93899917602539 7200
27.829999923706055 28.229999542236328 27.75 28.208999633789062 27900
27.940000534057617 28.110000610351562 27.777999877929688 27.790000915527344 6000
28.079999923706055 28.17799949645996 27.986000061035156 28.10700035095215 3900
28.072999954223633 28.08300018310547 27.3700008392334 27.37299919128418 8500
27.700000762939453 27.700000762939453 26.540000915527344 26.540000915527344 75500
26.5 27.040000915527344 26.5 26.964000701904297 28500
27.010000228881836 27.010000228881836 26.149999618530273 26.437999725341797 28200
26.214000701904297 26.799999237060547 26.214000701904297 26.722000122070312 14600
27.170000076293945 27.6299991607666 27.170000076293945 27.520000457763672 22900
27.65999984741211 27.829999923706055 27.420000076293945 27.81999969482422 9500
27.790000915527344 27.809999465942383 27.388999938964844 27.388999938964844 9600
27.209999084472656 27.31999969482422 27.184999465942383 27.31999969482422 5700
27.209999084472656 27.219999313354492 26.91200065612793 26.992000579833984 11700
26.649999618530273 26.649999618530273 26.295000076293945 26.510000228881836 26900
26.420000076293945 27.01799964904785 26.229999542236328 27.01799964904785 11300
27.01099967956543 27.01099967956543 26.204999923706055 26.360000610351562 15400
26.059999465942383 26.520000457763672 25.937999725341797 26.426000595092773 12600
25.940000534057617 26.12700080871582 25.87299919128418 26.05900001525879 46200
26.256999969482422 26.920000076293945 26.256999969482422 26.920000076293945 7100
26.9950008392334 27.115999221801758 26.9950008392334 27.115999221801758 6000
27.110000610351562 27.350000381469727 27.110000610351562 27.312000274658203 12100
27.299999237060547 27.549999237060547 27.299999237060547 27.540000915527344 23200
27.649999618530273 27.649999618530273 27.323999404907227 27.344999313354492 14600
27.40999984741211 27.40999984741211 27.242000579833984 27.31999969482422 66300
27.360000610351562 27.59000015258789 27.360000610351562 27.389999389648438 20500
27.299999237060547 27.325000762939453 27.15999984741211 27.15999984741211 4200
27.329999923706055 27.329999923706055 27.020999908447266 27.15999984741211 60400
27.149999618530273 27.149999618530273 26.332000732421875 26.649999618530273 90600
26.260000228881836 26.514999389648438 25.649999618530273 25.649999618530273 92700
25.469999313354492 25.84000015258789 25.295000076293945 25.648000717163086 77300
25.59000015258789 25.59000015258789 25.25 25.290000915527344 108300
24.93000030517578 25.235000610351562 24.499000549316406 25.235000610351562 161800
25.27400016784668 25.649999618530273 25.145000457763672 25.621000289916992 27400
25.70800018310547 25.760000228881836 25.500999450683594 25.608999252319336 113700
25.649999618530273 25.649999618530273 24.775999069213867 24.775999069213867 17300
24.639999389648438 24.75 24.389999389648438 24.72599983215332 18000
24.329999923706055 24.489999771118164 24.079999923706055 24.100000381469727 47900
24.149999618530273 24.486000061035156 23.98900032043457 23.98900032043457 127500
24.110000610351562 24.579999923706055 23.780000686645508 23.7810001373291 23200
23.399999618530273 23.566999435424805 22.8799991607666 22.8799991607666 51500
22.270000457763672 23.040000915527344 21.59000015258789 23.010000228881836 114800
22.621999740600586 22.719999313354492 22.200000762939453 22.42099952697754 523700
23.030000686645508 23.045000076293945 22.040000915527344 22.214000701904297 61900
22.56999969482422 22.75 22.09000015258789 22.139999389648438 67200
22.299999237060547 22.979999542236328 22.1299991607666 22.979999542236328 146800
23.520000457763672 23.90999984741211 23.469999313354492 23.90999984741211 36200
24.049999237060547 24.299999237060547 23.8700008392334 24.280000686645508 33400
24.469999313354492 24.469999313354492 23.93000030517578 24.131000518798828 26200
23.3799991607666 23.549999237060547 23.04800033569336 23.04800033569336 40000
23.059999465942383 23.709999084472656 23.040000915527344 23.54400062561035 25100
23.700000762939453 23.770000457763672 23.375999450683594 23.389999389648438 21400
23.25 23.649999618530273 23.229999542236328 23.645000457763672 50400
23.899999618530273 24.309999465942383 23.899999618530273 24.309999465942383 35900
24.079999923706055 24.389999389648438 23.790000915527344 23.868000030517578 60200
23.797000885009766 23.797000885009766 23.06399917602539 23.100000381469727 20400
23.0 23.200000762939453 22.790000915527344 22.96500015258789 157200
23.399999618530273 23.562000274658203 23.299999237060547 23.562000274658203 35000
23.30500030517578 23.43000030517578 23.101999282836914 23.3799991607666 31600
23.239999771118164 23.239999771118164 22.610000610351562 22.62299919128418 42800
22.48900032043457 22.48900032043457 22.149999618530273 22.232999801635742 32100
21.969999313354492 22.399999618530273 21.8700008392334 21.92099952697754 36800
22.059999465942383 22.059999465942383 21.280000686645508 21.280000686645508 24000
20.450000762939453 22.229999542236328 20.450000762939453 22.229999542236328 83700
22.260000228881836 22.68000030517578 22.15999984741211 22.659000396728516 14100
22.459999084472656 22.844999313354492 22.427000045776367 22.698999404907227 6900
22.649999618530273 22.715999603271484 22.200000762939453 22.260000228881836 10800
22.309999465942383 22.56599998474121 22.108999252319336 22.5 24600
22.510000228881836 22.510000228881836 21.84000015258789 21.899999618530273 23700
21.670000076293945 21.670000076293945 21.243000030517578 21.36199951171875 12300
21.31999969482422 21.350000381469727 20.350000381469727 20.350000381469727 34300
20.270000457763672 20.860000610351562 20.049999237060547 20.329999923706055 159000
20.979999542236328 21.34000015258789 20.94099998474121 21.264999389648438 25300
20.899999618530273 21.1299991607666 20.760000228881836 21.06999969482422 62900
21.270000457763672 21.270000457763672 20.520000457763672 20.520000457763672 18200
20.520000457763672 20.69499969482422 20.052000045776367 20.113000869750977 41200
20.309999465942383 20.75 20.309999465942383 20.729999542236328 65000
21.18000030517578 21.700000762939453 20.959999084472656 21.700000762939453 119700
21.540000915527344 22.190000534057617 21.540000915527344 22.190000534057617 12100
22.1299991607666 22.79800033569336 22.1200008392334 22.79800033569336 21500
22.690000534057617 22.690000534057617 22.34000015258789 22.510000228881836 12300
22.649999618530273 23.145999908447266 22.6200008392334 23.020999908447266 5800
22.749000549316406 23.030000686645508 22.648000717163086 22.648000717163086 8900
22.617000579833984 22.969999313354492 22.440000534057617 22.969999313354492 20700
22.90999984741211 22.90999984741211 22.56999969482422 22.792999267578125 2300
22.760000228881836 23.200000762939453 22.760000228881836 23.187999725341797 3300
23.59000015258789 23.90999984741211 23.510000228881836 23.816999435424805 17300
23.656999588012695 23.65999984741211 23.31999969482422 23.38599967956543 3000
23.389999389648438 23.389999389648438 23.040000915527344 23.049999237060547 22000
23.190000534057617 23.29199981689453 23.030000686645508 23.170000076293945 8000
23.219999313354492 23.673999786376953 23.219999313354492 23.670000076293945 5800
23.520000457763672 23.540000915527344 23.1200008392334 23.1200008392334 10000
22.36199951171875 22.58099937438965 22.270000457763672 22.540000915527344 27800
22.63800048828125 22.649999618530273 22.25 22.523000717163086 9600
22.33300018310547 22.479999542236328 22.190000534057617 22.190000534057617 15300
21.8799991607666 22.02899932861328 21.774999618530273 21.84000015258789 8900
22.229999542236328 22.344999313354492 21.67099952697754 21.700000762939453 15000
21.649999618530273 22.201000213623047 21.649999618530273 22.148000717163086 24200
22.1200008392334 22.1200008392334 21.67799949645996 21.67799949645996 20300
21.6299991607666 21.6299991607666 21.290000915527344 21.45800018310547 23300
21.73699951171875 22.110000610351562 21.73699951171875 22.04599952697754 18500
22.09000015258789 22.09000015258789 21.479999542236328 21.52199935913086 22100
21.809999465942383 21.809999465942383 20.836000442504883 20.854000091552734 26900
20.790000915527344 20.84600067138672 20.219999313354492 20.219999313354492 14200
20.1200008392334 20.489999771118164 20.06999969482422 20.489999771118164 45000
20.399999618530273 20.399999618530273 19.739999771118164 19.739999771118164 70200
19.93000030517578 19.990999221801758 19.690000534057617 19.738000869750977 35600
20.049999237060547 20.530000686645508 19.81999969482422 20.392000198364258 50000
20.139999389648438 20.246000289916992 19.464000701904297 19.464000701904297 7700
19.43000030517578 19.770000457763672 19.25 19.760000228881836 23500
19.780000686645508 19.780000686645508 19.520000457763672 19.634000778198242 7900
19.559999465942383 20.239999771118164 19.18400001525879 20.239999771118164 21000
19.8700008392334 19.8700008392334 18.902000427246094 19.09000015258789 21800
18.319000244140625 18.857999801635742 18.319000244140625 18.674999237060547 26000
18.280000686645508 18.350000381469727 17.6299991607666 17.674999237060547 30200
18.059999465942383 18.084999084472656 17.399999618530273 17.761999130249023 47900
17.84000015258789 17.84000015258789 17.187000274658203 17.187000274658203 13300
16.989999771118164 17.70599937438965 16.899999618530273 17.440000534057617 56800
17.899999618530273 18.42300033569336 17.889999389648438 18.360000610351562 14100
18.229999542236328 18.229999542236328 17.889999389648438 17.899999618530273 7100
18.420000076293945 18.530000686645508 17.969999313354492 18.350000381469727 21700
18.1299991607666 18.229999542236328 17.479000091552734 17.524999618530273 115800
17.665000915527344 17.961999893188477 17.4950008392334 17.77899932861328 26100
17.632999420166016 17.768999099731445 17.229999542236328 17.768999099731445 29700
17.93000030517578 17.975000381469727 17.78700065612793 17.944000244140625 10500
17.6200008392334 17.6200008392334 17.100000381469727 17.280000686645508 14900
17.270000457763672 17.805999755859375 17.270000457763672 17.68000030517578 15100
17.68000030517578 18.239999771118164 17.68000030517578 18.170000076293945 12900
18.350000381469727 18.809999465942383 18.350000381469727 18.809999465942383 87600
18.770000457763672 18.8799991607666 18.6299991607666 18.684999465942383 4600
18.809999465942383 18.969999313354492 18.360000610351562 18.479999542236328 18900
18.649999618530273 19.231000900268555 18.645000457763672 19.231000900268555 50200
18.950000762939453 18.989999771118164 18.6299991607666 18.684999465942383 10600
19.030000686645508 19.049999237060547 18.729999542236328 18.74799919128418 23100
18.479999542236328 19.020000457763672 18.479999542236328 19.020000457763672 10400
19.165000915527344 19.165000915527344 18.93000030517578 18.940000534057617 10000
18.739999771118164 18.75 18.31999969482422 18.31999969482422 89400
17.950000762939453 17.950000762939453 17.540000915527344 17.584999084472656 27500
16.860000610351562 16.8700008392334 16.520000457763672 16.56999969482422 121900
16.674999237060547 16.72599983215332 16.459999084472656 16.538000106811523 96000
16.700000762939453 17.239999771118164 16.690000534057617 17.040000915527344 31000
16.549999237060547 16.549999237060547 16.09000015258789 16.165000915527344 19300
16.190000534057617 16.6200008392334 16.190000534057617 16.479999542236328 38100
16.829999923706055 17.059999465942383 16.799999237060547 16.834999084472656 25000
17.100000381469727 17.100000381469727 16.850000381469727 16.899999618530273 11800
17.049999237060547 17.440000534057617 17.049999237060547 17.440000534057617 13100
17.59000015258789 18.134000778198242 17.59000015258789 18.134000778198242 7500
17.8799991607666 18.05299949645996 17.860000610351562 17.899999618530273 5900
18.0 18.0 17.239999771118164 17.250999450683594 59700
17.270000457763672 17.329999923706055 17.09000015258789 17.222999572753906 355400
16.989999771118164 17.09000015258789 16.6299991607666 16.940000534057617 11700
16.850000381469727 17.19499969482422 16.84000015258789 17.18000030517578 83300
16.93000030517578 17.649999618530273 16.93000030517578 17.645000457763672 28500
17.597999572753906 17.739999771118164 17.450000762939453 17.5939998626709 8700
17.8700008392334 18.04599952697754 17.8700008392334 18.04599952697754 12800
17.860000610351562 18.1200008392334 17.850000381469727 18.010000228881836 64700
17.770000457763672 17.770000457763672 17.56999969482422 17.579999923706055 28800
17.59000015258789 17.59000015258789 17.190000534057617 17.243999481201172 12200
16.90999984741211 17.299999237060547 16.90999984741211 17.200000762939453 48700
16.950000762939453 17.06999969482422 16.732999801635742 17.030000686645508 23000
17.165000915527344 17.420000076293945 17.125 17.391000747680664 20000
17.65999984741211 17.799999237060547 17.343000411987305 17.343000411987305 16300
17.549999237060547 17.940000534057617 17.43000030517578 17.929000854492188 88200
18.18000030517578 18.488000869750977 18.0049991607666 18.440000534057617 72500
18.3700008392334 18.719999313354492 18.329999923706055 18.719999313354492 26400
18.719999313354492 18.719999313354492 18.238000869750977 18.238000869750977 3200
18.020000457763672 18.18000030517578 18.014999389648438 18.09000015258789 1700
17.860000610351562 17.860000610351562 17.559999465942383 17.6200008392334 10900
17.93000030517578 18.450000762939453 17.889999389648438 18.389999389648438 166600
18.3700008392334 18.600000381469727 18.34000015258789 18.600000381469727 50800
18.65999984741211 18.940000534057617 18.54599952697754 18.900999069213867 2900
18.809999465942383 19.1200008392334 18.809999465942383 18.969999313354492 24600
18.81999969482422 19.099000930786133 18.81999969482422 19.099000930786133 21100
19.1200008392334 19.639999389648438 19.1200008392334 19.59000015258789 42200
19.610000610351562 19.79599952697754 19.540000915527344 19.79599952697754 7200
19.549999237060547 19.950000762939453 19.5 19.920000076293945 5600
20.030000686645508 20.195999145507812 19.850000381469727 19.90999984741211 42100
19.770000457763672 19.770000457763672 19.41200065612793 19.46500015258789 15900
20.059999465942383 20.225000381469727 20.05500030517578 20.194000244140625 14300
20.3799991607666 20.440000534057617 19.979999542236328 20.020000457763672 25400
20.05299949645996 20.3799991607666 20.040000915527344 20.3799991607666 25500
20.239999771118164 20.530000686645508 20.239999771118164 20.48900032043457 6400
20.260000228881836 20.459999084472656 20.136999130249023 20.3700008392334 14500
20.125 20.125 19.850000381469727 19.950000762939453 5100
19.764999389648438 19.96299934387207 19.764999389648438 19.90999984741211 11300
19.709999084472656 19.709999084472656 19.3700008392334 19.40999984741211 13400
19.059999465942383 19.059999465942383 18.850000381469727 18.8700008392334 7400
18.899999618530273 19.040000915527344 18.82900047302246 18.82900047302246 20500
18.81999969482422 19.138999938964844 18.81999969482422 18.969999313354492 6600
19.170000076293945 19.420000076293945 19.100000381469727 19.40999984741211 216600
19.3700008392334 19.3700008392334 18.6299991607666 18.6299991607666 91500
18.499000549316406 18.527000427246094 18.399999618530273 18.405000686645508 30100
18.549999237060547 18.549999237060547 18.139999389648438 18.253000259399414 11900
18.389999389648438 18.389999389648438 18.139999389648438 18.139999389648438 6000
17.950000762939453 18.035999298095703 17.639999389648438 18.035999298095703 8800
18.299999237060547 18.31999969482422 17.770000457763672 17.858999252319336 28800
17.75 17.93000030517578 17.66200065612793 17.780000686645508 12500
17.829999923706055 18.299999237060547 17.829999923706055 18.268999099731445 26100
18.09000015258789 18.5 18.09000015258789 18.4689998626709 10300
18.90999984741211 19.020000457763672 18.87299919128418 18.993999481201172 15500
19.110000610351562 19.2189998626709 19.06999969482422 19.2189998626709 13900
18.450000762939453 18.5049991607666 18.239999771118164 18.240999221801758 7300
18.280000686645508 18.3799991607666 18.219999313354492 18.3799991607666 9000
18.270000457763672 18.31999969482422 18.070999145507812 18.141000747680664 9900
17.829999923706055 17.829999923706055 17.656999588012695 17.816999435424805 10500
17.6299991607666 17.864999771118164 17.6299991607666 17.864999771118164 6200
17.645000457763672 17.770000457763672 17.510000228881836 17.575000762939453 6900
17.6299991607666 17.719999313354492 17.229999542236328 17.229999542236328 25600
16.989999771118164 16.989999771118164 16.829999923706055 16.84000015258789 16500
16.65999984741211 16.65999984741211 16.41900062561035 16.582000732421875 5800
16.520000457763672 16.7810001373291 16.420000076293945 16.44300079345703 38400
16.670000076293945 16.695999145507812 16.329999923706055 16.451000213623047 28300
16.510000228881836 16.950000762939453 16.489999771118164 16.92300033569336 25100
16.670000076293945 16.670000076293945 16.329999923706055 16.479999542236328 6000
16.395999908447266 16.760000228881836 16.266000747680664 16.266000747680664 7100
16.420000076293945 16.76099967956543 16.420000076293945 16.670000076293945 41400
17.09000015258789 17.389999389648438 17.09000015258789 17.360000610351562 183300
17.100000381469727 17.510000228881836 17.0 17.389999389648438 20800
17.3700008392334 17.510000228881836 17.25 17.350000381469727 23800
17.1299991607666 17.1299991607666 16.670000076293945 16.72800064086914 22300
16.780000686645508 16.780000686645508 16.290000915527344 16.479999542236328 150900
16.350000381469727 16.440000534057617 16.079999923706055 16.156999588012695 22000
16.190000534057617 16.270000457763672 16.048999786376953 16.200000762939453 58200
15.609999656677246 16.479999542236328 15.609999656677246 16.39299964904785 57400
16.549999237060547 16.6299991607666 15.8100004196167 15.8149995803833 32100
16.190000534057617 16.530000686645508 16.190000534057617 16.459999084472656 29700
17.010000228881836 17.010000228881836 16.510000228881836 16.639999389648438 11100
16.489999771118164 16.65999984741211 16.329999923706055 16.450000762939453 166800
16.739999771118164 16.770000457763672 16.350000381469727 16.409000396728516 5000
16.270000457763672 16.739999771118164 16.270000457763672 16.722999572753906 15500
16.736000061035156 16.889999389648438 16.5 16.84000015258789 9300
16.8799991607666 17.329999923706055 16.8799991607666 17.31999969482422 5100
17.25 17.510000228881836 17.094999313354492 17.094999313354492 10600
17.190000534057617 17.260000228881836 17.01300048828125 17.020000457763672 25200
17.059999465942383 17.329999923706055 17.049999237060547 17.329999923706055 7000
17.200000762939453 17.25 17.09000015258789 17.170000076293945 11100
17.5 17.510000228881836 17.020000457763672 17.020000457763672 12600
17.020000457763672 17.020000457763672 16.329999923706055 16.329999923706055 7100
16.18000030517578 16.350000381469727 16.049999237060547 16.0939998626709 45400
16.3700008392334 16.3700008392334 15.770000457763672 16.054000854492188 30900
16.010000228881836 16.25 16.010000228881836 16.19099998474121 159700
16.239999771118164 16.459999084472656 16.18000030517578 16.290000915527344 10300
16.170000076293945 16.170000076293945 15.819999694824219 15.84000015258789 7000
16.729999542236328 17.160999298095703 16.719999313354492 17.160999298095703 11600
17.149999618530273 17.649999618530273 17.149999618530273 17.555999755859375 6900
17.391000747680664 17.511999130249023 17.25 17.290000915527344 38300
17.760000228881836 17.8799991607666 17.642000198364258 17.7189998626709 56100
17.610000610351562 17.610000610351562 17.350000381469727 17.395000457763672 19700
17.09000015258789 17.270000457763672 17.030000686645508 17.118999481201172 20700
17.209999084472656 17.209999084472656 16.969999313354492 17.05699920654297 19900
16.940000534057617 17.010000228881836 16.739999771118164 16.819000244140625 13900
16.920000076293945 17.040000915527344 16.729999542236328 17.040000915527344 27600
17.079999923706055 17.29800033569336 17.079999923706055 17.283000946044922 10400
17.209999084472656 17.246999740600586 17.209999084472656 17.240999221801758 1600
17.229999542236328 17.229999542236328 16.989999771118164 17.02899932861328 23200
17.0 17.040000915527344 16.91200065612793 16.920000076293945 6100
16.940000534057617 17.69499969482422 16.940000534057617 17.69499969482422 19200
17.780000686645508 17.899999618530273 17.68000030517578 17.868000030517578 16800
17.56999969482422 17.7810001373291 17.56999969482422 17.780000686645508 8000
17.600000381469727 17.600000381469727 17.239999771118164 17.285999298095703 17200
17.25 17.25 16.899999618530273 16.97100067138672 26500
16.940000534057617 16.989999771118164 16.8700008392334 16.94099998474121 26700
17.100000381469727 17.270000457763672 16.950000762939453 17.260000228881836 15500
17.209999084472656 17.329999923706055 17.1200008392334 17.1200008392334 9800
17.139999389648438 17.402000427246094 17.139999389648438 17.402000427246094 24500
18.06999969482422 18.139999389648438 17.549999237060547 17.656999588012695 12400
17.735000610351562 17.829999923706055 17.540000915527344 17.594999313354492 13300
17.280000686645508 17.280000686645508 16.93000030517578 16.965999603271484 20400
16.860000610351562 16.913999557495117 16.639999389648438 16.7810001373291 52600
16.760000228881836 16.760000228881836 16.43000030517578 16.464000701904297 12600
16.399999618530273 16.56999969482422 16.399999618530273 16.52899932861328 8100
16.65999984741211 16.8700008392334 16.540000915527344 16.780000686645508 61900
16.6299991607666 16.6299991607666 16.165000915527344 16.422000885009766 32400
16.239999771118164 16.43899917602539 16.239999771118164 16.43899917602539 30300
16.280000686645508 16.3700008392334 16.2549991607666 16.26799964904785 25700
16.334999084472656 16.350000381469727 16.075000762939453 16.09000015258789 65400
16.270000457763672 16.586000442504883 16.270000457763672 16.559999465942383 5000
16.3799991607666 16.520000457763672 16.350000381469727 16.51799964904785 16500
16.510000228881836 16.510000228881836 16.3700008392334 16.496999740600586 2000
16.610000610351562 16.770000457763672 16.579999923706055 16.665000915527344 15400
16.549999237060547 16.549999237060547 16.309999465942383 16.309999465942383 7500
16.264999389648438 16.739999771118164 16.264999389648438 16.68000030517578 11900
16.799999237060547 17.04199981689453 16.79599952697754 16.79599952697754 14900
16.8799991607666 16.969999313354492 16.790000915527344 16.969999313354492 6900
17.059999465942383 17.268999099731445 17.059999465942383 17.268999099731445 23500
17.3700008392334 17.399999618530273 17.190000534057617 17.399999618530273 32000
17.200000762939453 17.549999237060547 17.200000762939453 17.535999298095703 24600
17.43000030517578 17.65999984741211 17.43000030517578 17.6299991607666 57700
17.729999542236328 17.84000015258789 17.409000396728516 17.409000396728516 21000
17.229999542236328 17.347999572753906 17.170000076293945 17.238000869750977 11900
17.350000381469727 17.79800033569336 17.350000381469727 17.79800033569336 14000
17.979999542236328 18.165000915527344 17.979999542236328 18.125 10200
18.0 18.100000381469727 17.968000411987305 18.034000396728516 28700
17.631000518798828 18.08300018310547 17.631000518798828 18.049999237060547 5800
18.260000228881836 18.329999923706055 18.052000045776367 18.312999725341797 15600
18.40999984741211 18.639999389648438 18.3700008392334 18.527999877929688 10800
18.350000381469727 18.389999389648438 18.138999938964844 18.138999938964844 81900
18.270000457763672 18.459999084472656 18.219999313354492 18.45800018310547 28200
18.43000030517578 18.8799991607666 18.3799991607666 18.8700008392334 55300
19.479999542236328 19.559999465942383 19.299999237060547 19.474000930786133 16400
19.010000228881836 19.350000381469727 18.968000411987305 19.038999557495117 3500
18.805999755859375 18.90999984741211 18.760000228881836 18.809999465942383 7200
18.670000076293945 19.12700080871582 18.65999984741211 19.12700080871582 3600
19.049999237060547 19.100000381469727 18.90999984741211 18.920000076293945 11000
19.149999618530273 19.149999618530273 18.709999084472656 18.715999603271484 17500
18.59000015258789 18.600000381469727 18.44300079345703 18.58300018310547 8300
18.719999313354492 18.875 18.719999313354492 18.84000015258789 14200
18.739999771118164 19.059999465942383 18.739999771118164 19.048999786376953 4200
18.97599983215332 19.299999237060547 18.97599983215332 19.299999237060547 16800
18.954999923706055 19.139999389648438 18.847000122070312 18.847000122070312 5600
18.739999771118164 18.739999771118164 18.42300033569336 18.555999755859375 2200
18.260000228881836 18.329999923706055 18.09600067138672 18.09600067138672 16900
18.190000534057617 18.190000534057617 18.125999450683594 18.125999450683594 300
18.209999084472656 18.274999618530273 17.989999771118164 18.246000289916992 11800
17.959999084472656 17.969999313354492 17.889999389648438 17.944000244140625 6600
18.110000610351562 18.19499969482422 17.989999771118164 18.010000228881836 44200
18.010000228881836 18.1299991607666 18.0 18.059999465942383 5500
17.934999465942383 17.934999465942383 17.857999801635742 17.9060001373291 7500
17.790000915527344 18.118999481201172 17.790000915527344 18.118999481201172 13800
18.190000534057617 18.525999069213867 18.190000534057617 18.525999069213867 1500
18.559999465942383 18.690000534057617 18.405000686645508 18.405000686645508 4200
18.381999969482422 18.469999313354492 18.25 18.259000778198242 1900
18.209999084472656 18.308000564575195 18.200000762939453 18.308000564575195 4100
18.450000762939453 18.450000762939453 17.905000686645508 17.905000686645508 3200
17.81999969482422 17.81999969482422 17.422000885009766 17.422000885009766 3200
17.260000228881836 17.709999084472656 17.18000030517578 17.535999298095703 3800
17.850000381469727 17.950000762939453 17.760000228881836 17.93000030517578 7300
17.700000762939453 17.899999618530273 17.610000610351562 17.8799991607666 6900
17.860000610351562 18.31999969482422 17.850000381469727 18.308000564575195 2500
18.290000915527344 18.290000915527344 18.049999237060547 18.145999908447266 3500
18.100000381469727 18.170000076293945 18.030000686645508 18.16900062561035 3800
18.299999237060547 18.56999969482422 18.299999237060547 18.510000228881836 1300
18.510000228881836 18.700000762939453 18.170000076293945 18.170000076293945 4200
18.260000228881836 18.540000915527344 18.139999389648438 18.309999465942383 8000
18.19300079345703 18.260000228881836 18.06999969482422 18.260000228881836 5600
18.420000076293945 18.420000076293945 18.239999771118164 18.25 16700
18.280000686645508 18.280000686645508 18.084999084472656 18.14900016784668 3700
18.3700008392334 18.510000228881836 18.3700008392334 18.506999969482422 3500
18.700000762939453 18.700000762939453 18.6299991607666 18.679000854492188 1100
18.860000610351562 19.09000015258789 18.860000610351562 19.09000015258789 1700
18.989999771118164 19.02899932861328 18.8799991607666 19.02899932861328 2100
19.059999465942383 19.059999465942383 18.940000534057617 18.959999084472656 22900
18.719999313354492 18.722000122070312 18.610000610351562 18.655000686645508 6900
18.43000030517578 18.739999771118164 18.43000030517578 18.739999771118164 2100
18.5 18.77899932861328 18.5 18.77899932861328 5900
18.799999237060547 18.829999923706055 18.670000076293945 18.746999740600586 12100
18.700000762939453 18.850000381469727 18.59000015258789 18.59000015258789 5800
18.889999389648438 18.975000381469727 18.88599967956543 18.961000442504883 2100
19.0 19.0 18.75 18.884000778198242 4600
18.899999618530273 18.97599983215332 18.829999923706055 18.97599983215332 1600
19.139999389648438 19.139999389648438 18.989999771118164 19.0310001373291 3300
19.049999237060547 19.049999237060547 19.010000228881836 19.016000747680664 7000
18.84000015258789 19.040000915527344 18.84000015258789 18.892000198364258 2300
18.899999618530273 18.989999771118164 18.889999389648438 18.969999313354492 33900
18.969999313354492 18.969999313354492 18.809999465942383 18.920000076293945 55500
18.729000091552734 18.729000091552734 18.420000076293945 18.42099952697754 17300
18.649999618530273 18.739999771118164 18.56999969482422 18.6200008392334 2700
18.649999618530273 18.950000762939453 18.649999618530273 18.90999984741211 1400
18.799999237060547 18.989999771118164 18.719999313354492 18.989999771118164 5900
18.959999084472656 19.010000228881836 18.90999984741211 18.944000244140625 10400
18.940000534057617 18.940000534057617 18.649999618530273 18.76799964904785 6800
18.756999969482422 18.920000076293945 18.667999267578125 18.667999267578125 23000
18.81999969482422 18.81999969482422 18.73699951171875 18.749000549316406 1900
19.010000228881836 19.049999237060547 18.98900032043457 19.049999237060547 5300
19.100000381469727 19.200000762939453 19.100000381469727 19.197999954223633 2200
19.149999618530273 19.18000030517578 19.1299991607666 19.134000778198242 2400
19.239999771118164 19.3700008392334 19.200000762939453 19.329999923706055 10700
19.299999237060547 19.371000289916992 19.270000457763672 19.35099983215332 3200
19.360000610351562 19.360000610351562 19.1299991607666 19.243999481201172 13500
19.25 19.389999389648438 19.229999542236328 19.389999389648438 8300
19.360000610351562 19.3700008392334 19.280000686645508 19.280000686645508 12400
19.329999923706055 19.56999969482422 19.302000045776367 19.562999725341797 9900
19.700000762939453 19.979999542236328 19.700000762939453 19.959999084472656 163400
19.959999084472656 19.959999084472656 19.780000686645508 19.820999145507812 14800
19.969999313354492 19.979999542236328 19.920000076293945 19.920000076293945 8500
19.860000610351562 19.860000610351562 19.579999923706055 19.610000610351562 18400
19.40999984741211 19.610000610351562 19.40999984741211 19.5310001373291 10000
19.889999389648438 19.889999389648438 19.709999084472656 19.760000228881836 37900
19.809999465942383 20.219999313354492 19.809999465942383 20.18000030517578 72700
20.389999389648438 20.415000915527344 20.160999298095703 20.222999572753906 2700
20.1299991607666 20.219999313354492 20.047000885009766 20.17799949645996 9800
20.100000381469727 20.527999877929688 20.100000381469727 20.458999633789062 3100
20.709999084472656 20.799999237060547 20.690000534057617 20.739999771118164 26700
20.687000274658203 20.8799991607666 20.687000274658203 20.760000228881836 3400
20.926000595092773 20.926000595092773 20.8700008392334 20.892000198364258 4800
20.895000457763672 20.895000457763672 20.395000457763672 20.417999267578125 8700
20.40999984741211 20.610000610351562 20.40999984741211 20.591999053955078 5600
20.718000411987305 20.72599983215332 20.6299991607666 20.659000396728516 25800
20.860000610351562 21.0 20.860000610351562 20.999000549316406 5500
21.18000030517578 21.219999313354492 21.110000610351562 21.219999313354492 7300
21.260000228881836 21.329999923706055 21.06999969482422 21.280000686645508 3500
21.381999969482422 21.65999984741211 21.381999969482422 21.5939998626709 9400
21.559999465942383 21.579999923706055 21.40999984741211 21.40999984741211 35600
21.222000122070312 21.3799991607666 21.222000122070312 21.3799991607666 4800
21.309999465942383 21.309999465942383 21.10099983215332 21.1299991607666 7500
21.110000610351562 21.301000595092773 21.049999237060547 21.299999237060547 14100
21.06999969482422 21.25 21.06999969482422 21.149999618530273 7500
21.100000381469727 21.209999084472656 20.927000045776367 20.927000045776367 2100
21.030000686645508 21.274999618530273 20.969999313354492 21.23900032043457 4800
21.155000686645508 21.364999771118164 21.152999877929688 21.325000762939453 7000
21.389999389648438 21.389999389648438 21.216999053955078 21.27899932861328 12600
21.610000610351562 21.677000045776367 21.610000610351562 21.625 3500
21.6200008392334 21.6200008392334 21.549999237060547 21.591999053955078 300
21.530000686645508 21.645000457763672 21.530000686645508 21.600000381469727 42500
21.31999969482422 21.3799991607666 21.239999771118164 21.375999450683594 1200
21.441999435424805 21.566999435424805 21.347999572753906 21.347999572753906 15500
21.290000915527344 21.448999404907227 21.290000915527344 21.448999404907227 7400
21.506000518798828 21.641000747680664 21.506000518798828 21.641000747680664 13700
21.93000030517578 21.93000030517578 21.770000457763672 21.857999801635742 2800
22.049999237060547 22.309999465942383 22.049999237060547 22.28499984741211 1300
22.309999465942383 22.440000534057617 22.257999420166016 22.267000198364258 5700
22.469999313354492 22.525999069213867 22.4689998626709 22.503999710083008 8200
22.469999313354492 22.729999542236328 22.450000762939453 22.694000244140625 10800
22.780000686645508 22.833999633789062 22.6299991607666 22.674999237060547 16500
22.489999771118164 22.489999771118164 22.101999282836914 22.101999282836914 6300
22.280000686645508 22.280000686645508 22.073999404907227 22.073999404907227 800
22.09000015258789 22.09000015258789 22.040000915527344 22.069000244140625 3100
22.149999618530273 22.260000228881836 22.1200008392334 22.222999572753906 5300
22.079999923706055 22.100000381469727 22.010000228881836 22.100000381469727 2800
22.5 22.5 21.944000244140625 21.944000244140625 5500
22.270000457763672 22.384000778198242 22.270000457763672 22.384000778198242 800
22.5 22.514999389648438 22.440000534057617 22.461999893188477 14400
22.3700008392334 22.389999389648438 22.277000427246094 22.35700035095215 27900
21.69300079345703 21.836000442504883 21.69300079345703 21.760000228881836 6600
21.649999618530273 21.760000228881836 21.649999618530273 21.70599937438965 2800
21.8700008392334 21.93000030517578 21.614999771118164 21.614999771118164 8500
21.709999084472656 21.777000427246094 21.610000610351562 21.777000427246094 28000
21.489999771118164 21.510000228881836 21.329999923706055 21.510000228881836 13100
21.459999084472656 21.459999084472656 21.23699951171875 21.27400016784668 15700
21.520000457763672 21.648000717163086 21.290000915527344 21.329999923706055 65000
21.190000534057617 21.190000534057617 21.121000289916992 21.139999389648438 7900
21.139999389648438 21.417999267578125 21.139999389648438 21.417999267578125 3200
21.329999923706055 21.360000610351562 21.110000610351562 21.149999618530273 5300
21.100000381469727 21.190000534057617 20.93000030517578 20.93000030517578 18100
20.868999481201172 20.892000198364258 20.652999877929688 20.691999435424805 3900
20.5 20.645999908447266 20.420000076293945 20.645999908447266 2200
20.84000015258789 20.959999084472656 20.81999969482422 20.94499969482422 4800
21.09000015258789 21.09000015258789 20.937999725341797 20.937999725341797 800
21.030000686645508 21.270000457763672 21.030000686645508 21.222999572753906 1500
21.18000030517578 21.18000030517578 20.81100082397461 20.81100082397461 2600
20.899999618530273 20.979999542236328 20.760000228881836 20.94300079345703 27100
21.03499984741211 21.059999465942383 20.968000411987305 21.052000045776367 2100
21.040000915527344 21.506000518798828 21.040000915527344 21.479000091552734 12200
21.459999084472656 21.670000076293945 21.450000762939453 21.62700080871582 13100
21.770000457763672 21.809999465942383 21.760000228881836 21.761999130249023 1500
21.729999542236328 21.795000076293945 21.729999542236328 21.795000076293945 3100
21.799999237060547 21.850000381469727 21.700000762939453 21.809999465942383 13300
21.642000198364258 21.68000030517578 21.59000015258789 21.68000030517578 1700
21.420000076293945 21.600000381469727 21.389999389648438 21.57900047302246 7600
21.540000915527344 21.540000915527344 21.489999771118164 21.524999618530273 1800
21.639999389648438 21.766000747680664 21.639999389648438 21.766000747680664 3200
21.65999984741211 21.711999893188477 21.518999099731445 21.518999099731445 2400
21.450000762939453 21.648000717163086 21.450000762939453 21.579999923706055 1500
21.670000076293945 21.670000076293945 21.610000610351562 21.628000259399414 2600
21.260000228881836 21.290000915527344 21.18899917602539 21.20400047302246 3900
21.219999313354492 21.246000289916992 21.149999618530273 21.149999618530273 5200
21.02400016784668 21.059999465942383 20.889999389648438 21.059999465942383 11100
21.100000381469727 21.149999618530273 20.770000457763672 20.770000457763672 42300
20.420000076293945 20.420000076293945 20.242000579833984 20.242000579833984 5600
20.3799991607666 20.3799991607666 20.249000549316406 20.249000549316406 500
20.239999771118164 20.360000610351562 20.239999771118164 20.33799934387207 2800
20.1200008392334 20.1200008392334 20.0 20.020999908447266 4600
20.01300048828125 20.229999542236328 19.923999786376953 20.115999221801758 9300
20.049999237060547 20.368999481201172 20.049999237060547 20.323999404907227 7100
20.3700008392334 20.410999298095703 20.361000061035156 20.361000061035156 1100
20.43000030517578 20.459999084472656 20.344999313354492 20.459999084472656 900
20.198999404907227 20.198999404907227 19.961000442504883 20.0049991607666 9200
20.1200008392334 20.290000915527344 20.110000610351562 20.260000228881836 5700
19.961999893188477 20.222000122070312 19.959999084472656 20.200000762939453 11500
20.239999771118164 20.6299991607666 20.22100067138672 20.59000015258789 5300
20.3799991607666 20.670000076293945 20.34000015258789 20.65999984741211 3800
20.690000534057617 20.989999771118164 20.690000534057617 20.847000122070312 4100
20.992000579833984 20.992000579833984 20.760000228881836 20.93000030517578 7500
20.969999313354492 20.989999771118164 20.68000030517578 20.75 12600
20.700000762939453 20.700000762939453 20.450000762939453 20.4689998626709 5600
20.549999237060547 20.849000930786133 20.549999237060547 20.815000534057617 7100
20.579999923706055 20.799999237060547 20.579999923706055 20.785999298095703 3800
20.559999465942383 20.610000610351562 20.420000076293945 20.424999237060547 3000
20.510000228881836 20.59000015258789 20.3439998626709 20.3439998626709 600
20.280000686645508 20.280000686645508 20.040000915527344 20.040000915527344 1500
19.90489959716797 19.90489959716797 19.90489959716797 19.90489959716797 297
