23.15856804119107 23.63312886912657 19.599361831674845 19.817659378051758 21708500
20.890164807104064 23.24398573486929 20.671867292660124 22.00063705444336 7596000
22.55113076073152 22.674515779460158 19.599361831674845 19.817659378051758 4074200
20.501026286743762 20.99456993792246 18.46990489467935 18.982431411743164 2263600
19.267168404338005 21.355236718736833 19.24818734753157 19.9790096282959 2718100
20.216287181592833 20.216287181592833 18.991921390633784 19.124797821044922 698300
19.26716622378503 19.26716622378503 18.033308966021597 18.43194007873535 1367500
18.286725185723494 18.289572796589642 17.406889460922663 17.511293411254883 1881600
17.511293835308297 18.080765333768937 17.511293835308297 18.07127571105957 850000
17.55874914872019 18.688204330577527 17.55874914872019 18.033309936523438 1045000
18.094052935310174 18.327537118075846 17.796029542621813 18.033309936523438 893300
17.84348396780749 18.18042348542888 17.84348396780749 18.12822151184082 508600
18.033308929811348 18.32753609493848 17.748573197147106 18.318044662475586 881500
18.08076516306011 19.5993600353308 18.023818375812855 19.210220336914062 552300
19.210219895450777 20.12137752199649 18.1851686970279 19.409536361694336 882000
19.362080086707405 19.732238738059433 18.930229835384846 19.352588653564453 631300
19.12479881139006 19.618342450339586 18.574308386501958 19.409536361694336 449100
21.39320125844217 23.528724811075918 20.861691870810965 21.744375228881836 3168800
21.583022627133452 21.583022627133452 19.66579676849003 19.997989654541016 1491000
20.007480589677115 20.339673467475002 19.523428420938288 19.665796279907227 697600
19.665796844245083 19.931551516170707 18.89700893550692 19.01090431213379 934900
19.257676113591884 19.58037575827236 18.972938577265914 19.086833953857422 576200
19.45699306194912 19.642071486791902 19.00141512228907 19.41902732849121 803200
19.172256449982886 19.290896646306283 18.830572105273678 18.982431411743164 414700
18.982431933470153 19.153274110520307 17.84348529333963 18.93497657775879 412900
18.84955641357103 18.87802890427176 17.890943336685993 18.72616958618164 405000
18.70718490289484 18.726167768389864 17.97636268439343 18.042800903320312 592600
18.17567941249583 18.36265685728801 17.416382809221552 17.435365676879883 684400
17.48281864461045 17.48281864461045 17.065204664773336 17.10317039489746 1022500
17.16011792380359 19.400045409687117 17.13164362497591 18.982431411743164 1653200
18.982432370495538 19.305133865618426 18.05229361881465 19.07734489440918 1114900
19.07734300269437 19.15327265223491 18.13771291076553 18.92548370361328 332400
18.92548558026968 19.498755124753323 18.74515196586434 19.07734489440918 580200
18.963447647014775 18.97293907950745 18.299063665278155 18.697694778442383 260100
18.60278224048956 19.172255517196458 18.431940076446928 18.92548370361328 387600
19.14378368856473 20.95660588914687 19.13429225485993 20.842710494995117 878300
20.66237593111219 20.975585960394536 19.020396135489758 19.267166137695312 732400
19.50444610901862 20.643392633616234 19.456990758121048 19.732236862182617 784800
19.960028644989826 20.722172840326504 19.751220726597523 19.865116119384766 876500
20.415605980802496 22.010130569976788 20.23527236861341 20.823728561401367 1758800
20.690849263576823 21.934199809377017 20.690849263576823 21.677936553955078 837000
22.143005453908884 22.161988319180633 20.751593652930527 21.042024612426758 894800
20.979382099363036 22.143004919936985 20.14035793970233 22.00063705444336 1327200
22.019621343432352 22.769426449024007 21.089480820749817 21.82030487060547 1380600
22.30435655753533 23.15856559555001 22.237918338289454 22.96874237060547 2163000
23.15856653436255 23.433812665602883 21.83928809783954 22.684005737304688 2643700
22.76942686523699 27.33375263376762 22.617567554738578 26.43303680419922 2623800
26.43303630760724 27.049964971205156 25.43645756458992 26.328632354736328 1784900
26.10084327535011 28.70143616991194 25.97745826731025 28.037052154541016 1786400
28.407209766172684 29.99224290994458 28.04654254454715 29.460735321044922 1001900
28.08450509779152 28.150943312593714 23.092125831801663 24.32598304748535 2710100
25.46493295949139 25.868308923351133 24.6771620883151 25.32256507873535 937500
25.44594968072095 26.005931571561376 24.33547733231097 25.028337478637695 1367900
25.04731559753418 25.986945657488253 24.84800095313737 25.04731559753418 679300
25.075792425324853 25.341547121653228 23.938744806441026 24.126670837402344 942400
24.126670681218087 25.51238732166773 24.126670681218087 25.3795108795166 547500
25.189686566831117 27.761805073968294 25.189686566831117 27.524524688720703 1503000
27.15436694268934 27.999084506118507 26.357104730572022 27.049962997436523 1907700
26.841158851241296 27.18758800963505 25.854071542142048 26.480491638183594 893300
25.77814220654974 27.818753260374248 24.91444170558074 27.57198143005371 1218000
27.619438422433 29.622083731197755 27.54350876821878 29.508190155029297 1847200
29.21396206577929 29.830890713436958 28.11298120864402 29.033628463745117 1442300
29.40378685215492 29.527173674423956 27.571981867115653 27.980104446411133 772900
27.581473932974976 27.856720073345027 26.766179166226692 27.135387420654297 757500
27.704858189864613 29.40378480083634 27.420120642396743 28.77736473083496 852200
29.68852315082819 30.99831011160771 29.68852315082819 30.5047664642334 1326400
30.28646763038511 30.32443336022208 27.220805547969498 28.786855697631836 1392300
28.568559558523646 29.06210320835119 28.008577688585806 28.834312438964844 1066500
29.916311623521963 33.209764553247 28.995662563486693 32.260643005371094 2351100
32.03285245311417 32.03285245311417 28.76787379989634 29.223453521728516 1109000
28.112983202007737 28.236368216165662 26.670317904052933 27.818754196166992 1693900
27.8064154235988 30.04918870445405 27.562491209535754 29.44175148010254 864200
29.251926375884242 30.67560872495302 28.236366589864097 29.897329330444336 489600
30.50476702361771 30.704081686612835 28.66347246052708 29.62208366394043 792500
29.62208240269197 29.721741540251998 28.283821175744215 28.511611938476562 692200
28.638793081294896 29.792924494815736 28.293312537374526 29.536663055419922 663700
29.887837520736866 29.887837520736866 28.569507740049776 28.88176918029785 509300
29.138032872830525 29.147522495445102 27.8472269605606 28.75838279724121 676900
28.27433249548559 33.399586811313064 28.075016024030162 33.00095748901367 1097400
32.754187194181426 33.41857308640218 31.47287438966498 32.365047454833984 712100
32.72571056176894 33.20976457910492 30.580697454968234 30.93187141418457 903700
31.226101388108408 31.56778211513369 30.191556912174203 30.60917091369629 381100
30.39087367244382 32.40301042458444 30.39087367244382 31.928449630737305 264600
32.877568780960715 32.877568780960715 31.226099368351466 31.368465423583984 739900
32.27392863249148 32.630797790825994 31.08372875068491 31.691165924072266 561400
30.37188960999016 30.846450385146255 28.758382250337156 30.13460922241211 843500
30.56550979644554 31.036276182447697 27.828244249742543 28.037052154541016 994300
27.619438530147363 29.546154192211986 27.078439515472944 28.8248233795166 809900
27.334700028211543 28.758382359062264 26.233719170511442 28.198400497436523 890100
28.16043576135619 28.29805881716075 26.42354344041596 26.660823822021484 1129600
29.07159108166918 29.42276683722864 25.683227577482395 25.797122955322266 1638200
26.496626549645317 26.518457026309772 24.439880292597437 25.313072204589844 953200
26.214739190572786 26.7652296420035 25.8825462710202 26.622859954833984 1059100
26.57540551672736 27.201825644797182 25.882547164514655 27.135387420654297 807500
27.505541848897238 28.18891051763872 27.04996394327336 27.7143497467041 1099000
26.774717833722313 28.03705122261008 24.9049490474934 26.46150779724121 1890900
26.21473894186306 26.698789356546264 24.677161179527218 25.3415470123291 1442700
24.60123034470475 25.1517207644966 21.564040698077232 21.763357162475586 1327200
22.64604314970573 24.155146718124016 22.64604314970573 23.33890151977539 739200
23.604652874840806 24.03650309175827 22.256900251113944 23.02568817138672 767000
23.595162376792583 23.756513113145846 22.778917262263647 23.158565521240234 1098300
22.778917236328123 24.0507402601809 22.513162550194245 23.728038787841797 492100
23.7280402165352 24.02226740833461 23.054164743332382 23.547706604003906 808400
23.822951823685738 24.012775051937556 22.764681487945875 23.073144912719727 475000
22.96874234768287 23.144329328415402 22.20944401774538 22.77891731262207 664700
22.93077613893835 23.201275631567224 22.44672393889045 22.864337921142578 581500
22.94975999998334 23.206023260006358 22.41825242424747 22.465707778930664 812500
22.475198797456517 22.77891740656176 21.08948038053171 21.75386619567871 774000
21.051516100636555 21.184392537278246 20.249507238691756 20.58644676208496 938600
20.339675470887514 21.051516646152514 19.53292177685937 20.12137794494629 1245500
19.475975463740845 20.121378434671538 19.2102207667971 19.694272994995117 452900
20.140358496799234 20.97558646866128 19.741727376207276 20.434587478637695 2871100
20.415606777022838 22.646043002194073 20.27323889250252 21.336254119873047 1413300
21.35523609488746 21.83928833027494 20.073921567133056 21.39320182800293 1099600
21.397946438436716 23.111111207601017 21.345744461046326 22.797901153564453 952300
23.0541638923424 23.225004254938412 22.750443468125 22.845355987548828 506400
22.94975846771269 23.87989711572497 22.63654844092057 23.63312530517578 1090500
23.405337786666273 23.820104173711265 22.665022309872562 23.64261817932129 1264000
23.728037364531744 24.174123815274932 23.36737199312532 24.136159896850586 422500
24.21209048440956 24.43038800216865 23.5477046882755 23.623634338378906 672400
23.538215241351036 23.946337823949705 23.367374871935933 23.433813095092773 1169800
23.44330167253698 24.01277312182485 23.386353079363722 23.68058204650879 500100
24.18361655933333 26.736754025141213 24.05074012218166 25.967966079711914 540600
25.882546362252373 26.399817704581714 25.512387708734956 25.825597763061523 514700
26.15778882253455 26.37134152854051 24.544283310023665 24.7246150970459 532700
24.772072877551434 25.075791484644167 23.26296946454194 23.57617950439453 423700
23.5666895147838 23.680584904571013 22.97823331977717 23.319917678833008 197800
23.5382147960963 24.363951379025607 22.636550368400425 22.75993537902832 558300
22.873831436354077 24.999863650918876 22.873831436354077 24.75309181213379 671600
24.86698706622467 26.067625331306942 24.610723795401366 25.436458587646484 311700
25.20866959361093 26.195756942396443 25.17070567036077 26.04389762878418 176000
25.93000266294631 26.252704162232067 25.673739388165416 25.996440887451172 642500
25.768649557801446 26.565911799594023 25.683228474016122 26.42354393005371 179100
27.09741891314341 27.09741891314341 25.913864613367036 26.129316329956055 919000
25.62628180642648 25.721194323326234 24.20259948384723 25.09477424621582 316700
25.09477510471689 25.692720904121607 24.643941991749163 25.531370162963867 158300
25.445948589663868 25.835088285555013 25.238091097769985 25.692720413208008 166800
25.626282282398442 25.654756581088943 24.658177850590015 25.085283279418945 226400
25.075790457366672 25.22290494365913 23.74227407928038 23.974809646606445 273500
23.97481009811409 24.55377481151068 23.49075789990958 24.534791946411133 662800
24.43987999314962 24.98087898878596 23.111110180825925 23.424320220947266 208200
23.253478684234143 23.291444416338834 21.564041621996044 21.744375228881836 2054300
21.15591989043954 23.063652583292523 20.918639506618405 22.788408279418945 489900
22.3328309149308 22.60807522543473 21.393200789601035 21.829795837402344 364200
21.97216421538106 22.454319238003567 21.07049980054636 21.59251594543457 283600
21.45014660129406 23.073143523014984 21.40268943936017 23.02568817138672 271000
22.80738972503539 23.21551043914901 22.2379164772483 22.32333755493164 164000
22.598584787038313 22.69349730909075 21.639971753889682 21.658954620361328 338400
21.402691287447098 22.712480105030565 20.977484855453945 22.304357528686523 710800
22.465707259329424 22.94026803640837 22.02911040305783 22.51316261291504 184200
22.55112648010254 23.1490722132653 22.10504003822891 22.55112648010254 379400
22.769426250885594 24.098196087047505 21.526077500862478 23.718547821044922 773600
23.353136416506846 23.88939062470536 22.33283178780294 22.532146453857422 627400
22.636548986663005 23.063652591509832 21.815559075586034 22.294864654541016 573100
22.304355726268778 22.30815193718339 20.406112685735266 20.7477970123291 2799500
20.795253355653422 20.88067444137441 19.79867643598284 20.007482528686523 2947000
20.282727585051795 21.45963804716755 20.121376854986412 21.31726837158203 3458000
20.966095394240522 21.336252223148776 20.69084927303798 21.26032257080078 639700
20.833219502956823 21.26981456286035 20.50102658633567 20.985078811645508 766200
20.985079306979856 21.032534663200554 20.425097414107796 20.823728561401367 338100
20.82372757551278 20.82372757551278 20.263745709152772 20.538990020751953 219800
20.63390245574737 21.630481177930484 20.415604931858905 21.48811149597168 529200
21.48811104686905 22.58909188642417 21.12744565886541 22.180971145629883 1212000
22.18097203550028 22.551128870973372 21.98165556311079 22.1240234375 590700
22.161991082335565 22.389780063080266 21.934202101590866 22.31385040283203 493400
22.294866123414952 22.82637371149591 22.0575857238763 22.41825294494629 416900
22.418252497294812 22.665022514818375 21.364726965082326 22.010129928588867 427100
21.715900410777348 22.42774157797507 21.37421788153032 21.79183006286621 537400
21.791830159547107 22.23791845156576 21.364726543517023 21.45014762878418 433900
21.488112429028266 23.424321360562733 21.222359539817816 21.73488426208496 4522600
21.37421557821695 21.611495941713216 20.966093063354492 20.966093063354492 311100
21.032533209147413 21.279305027107593 20.339674918512497 20.396621704101562 421600
20.45356951602119 20.66902124632542 19.846132278442383 19.846132278442383 643700
20.02646540562862 20.320692584217234 19.779693581220013 19.93155288696289 986000
20.216288179271206 20.216288179271206 19.419025936848136 19.7891845703125 2347600
19.903078577181823 20.377639359940332 19.618342831649006 20.007482528686523 1025000
20.035955429938294 20.035955429938294 18.972938554165683 19.390552520751953 928000
19.35258681377968 19.855621860699657 19.153272167643177 19.732236862182617 507200
19.713255499892384 19.713255499892384 19.010905753315395 19.020397186279297 185900
19.029887330319287 19.058361629991126 18.374994730619015 18.44143295288086 268000
18.33703087286878 18.659732394259304 18.25160977542388 18.517364501953125 416000
18.52685421843172 18.602783874642267 17.103171806754595 17.264522552490234 502500
16.894363440662634 16.998767394012514 16.429294082576593 16.666574478149414 886200
17.065206087879343 17.24553970039606 16.543189927280086 17.1885929107666 426200
17.15062567592091 17.805520035393272 16.97978351168415 17.786537170410156 486700
17.796029554427435 18.34651999623216 17.748574199737924 17.957380294799805 541800
17.568239212036133 17.63467742749993 17.055712732220094 17.568239212036133 796200
17.425872830165897 17.5255301618331 16.61911912315715 16.666574478149414 524600
16.676066464033873 16.73301325397357 16.305909613967117 16.467260360717773 745400
16.22997900639071 16.647592998861395 16.002190049671892 16.372346878051758 602000
16.4862421897708 17.08418797226559 16.334381075647194 16.903854370117188 554100
16.894363839996718 17.425873242063332 16.59539183792827 17.302486419677734 321800
17.141135731908037 17.302486477664395 16.733013150859257 16.998767852783203 213300
16.495732366723175 16.60962775356789 15.290349328439481 16.28692626953125 1176200
15.669999043310403 16.135068445987446 15.0340874497916 16.06863021850586 1148700
15.717453765988218 15.893042571852977 14.065982338611363 14.246315956115723 2368300
15.223911075980391 16.932329203021464 14.948664947679529 16.78046989440918 1177700
16.903853951350083 16.9702921688363 15.755417768389714 16.04015350341797 672000
15.992696712825348 16.400819223888387 15.878801342873025 16.03066062927246 401800
16.05913682459413 16.457767951138532 15.954732873975972 16.106592178344727 332600
15.6794886265509 15.964224370807747 15.29034893125721 15.65101432800293 467600
15.641521993742519 16.05913596351735 15.518136994423342 15.613049507141113 188800
15.632031512287007 15.80287368350966 15.128997336651578 15.13848876953125 225900
15.06255916048954 15.233400427054871 14.132420459252408 15.00561237335205 622100
14.977137587330473 14.977137587330473 13.95208640067837 14.578506469726562 898300
14.71138425255091 15.195436467774757 14.607929806487697 14.929681777954102 647500
14.95815572208244 14.996120547563752 13.800227187173158 13.819210052490234 600500
13.819210082295342 13.819210082295342 12.813140847141431 13.382614135742188 367100
13.430068999591889 13.430068999591889 12.908052893402534 13.088385581970215 221900
12.965001682260873 13.012457946113882 12.177230779820924 12.405019760131836 373700
12.348072024595938 12.594843853663022 12.053843935300128 12.367053985595703 788300
12.52840375439281 12.79415752382264 12.300614809167241 12.44298267364502 1521400
13.05042129813765 13.667349942897564 12.091808316455946 12.300615310668945 1678300
12.414509808961451 12.746702713719898 11.740633471855084 11.7691068649292 433500
11.816562666253455 12.281631990797436 11.436914422779349 12.196211814880371 968400
12.348071978225683 13.139639028699618 12.348071978225683 12.80364990234375 808600
12.566369946759453 13.287702590328255 12.39552867181635 13.135843276977539 406300
12.97449212334058 13.012456950487584 12.310107195691575 12.67077350616455 280400
12.67077252990952 12.851105218675334 12.329088206759632 12.651789665222168 481500
12.67676034761733 12.705570910561534 12.340634670944869 12.68636417388916 192100
12.840021852113814 13.128130231892822 12.763193072955584 12.984076499938965 318800
13.137733471027706 13.809985716549672 13.012886481508144 13.493066787719727 383400
13.59870663325429 13.70914788799859 13.243373303291353 13.56029224395752 404200
13.349012246740429 13.5891024016521 12.763192598469603 12.888039588928223 969400
13.01288656272791 13.723553200547569 12.97447217462607 13.435444831848145 252600
13.291391082525136 13.61791383876361 12.974472152263385 13.464256286621094 407300
13.156940790840967 13.445049170526508 12.916850627081566 13.339409828186035 289000
13.454652658768554 13.459454571827623 13.080111683002492 13.156940460205078 179000
13.25297713312282 13.25297713312282 12.63834598833908 12.849625587463379 290500
12.705570426132605 12.792003027541059 12.340634200429967 12.590327262878418 400400
12.455877423920391 12.599931149716953 12.117830260550573 12.561516761779785 579600
12.398255851984088 12.599931625233188 12.273408857508809 12.46548080444336 218800
12.580723703252705 12.66715538432711 12.369444123593583 12.60953426361084 515000
12.446273335295622 12.580724148173813 12.196579361038086 12.542309761047363 342600
12.484687985905452 12.772796353369829 12.38865155812691 12.561516761779785 198500
12.638346045988945 13.50747218044454 12.532706703880564 13.176148414611816 331300
13.214562833126593 13.425841517807536 13.022490885293328 13.339409828186035 419900
13.128129743839894 13.224166172153065 12.65755326002212 12.888039588928223 207200
12.964868151312094 13.790777940867217 12.888039376277721 13.550687789916992 328300
13.517075277300295 13.675534739846851 13.233768826706262 13.387426376342773 183900
13.36821955477457 14.386201272518514 13.252976393286835 13.992453575134277 817800
14.246949931749448 15.068057827845632 13.95403964756785 14.635895729064941 769500
14.760742787088704 15.029643507297848 14.31897686023805 14.962418556213379 457900
14.799157291600775 15.163133695139251 14.453427791481179 15.068058013916016 576700
14.98162593033418 15.634671440304665 14.73193195112532 14.751138687133789 465300
14.664707354405552 14.74153613203192 14.107697342807473 14.549463272094727 301300
14.933607621834023 15.817138537661222 14.904797060068338 15.356165885925293 661600
15.356166421825812 15.749914137892432 15.231319428655935 15.586652755737305 609400
15.721103715182341 15.778724837881068 15.096868780137905 15.11607551574707 187400
15.26973315331004 15.48101365734377 14.415012806606242 14.511048316955566 429700
14.5590662520662 15.653876727545187 14.463030743550636 15.615463256835938 281600
15.42339172674404 16.124456402488047 15.365770599882408 15.93238353729248 574000
15.990002964184596 16.11485086281135 15.288940194716337 15.625066757202148 248000
15.519427778520402 15.711500639002816 15.21211266714258 15.260130882263184 253500
15.490616424384225 15.721104591511994 15.317752130780965 15.557843208312988 328600
15.79793279242446 15.932382691881562 15.346562132688476 15.68268871307373 270300
15.40418547413133 15.769121709689552 15.375373995636254 15.481014251708984 159800
15.442598703372843 15.626987400301148 15.308147886797874 15.596256256103516 146200
15.644275653752363 16.191680923686082 15.615464175219122 15.970796585083008 226900
15.970796426993132 15.980400253075814 15.135283706967682 15.346562385559082 361500
15.11607625933116 15.317752030439928 14.827967884051308 14.875986099243164 138900
14.703121402002527 14.981625943402657 14.587877322366177 14.943211555480957 172100
14.827967762466235 14.94513242638275 14.299770147300732 14.415013313293457 166800
14.290165986838355 15.10647195582325 14.251751599072845 14.97202205657959 623900
14.962418771905115 15.557843177615643 14.885589993594973 15.39458179473877 271300
15.346563067530754 15.951591315428258 15.26973428719771 15.874762535095215 368700
15.932382020110236 16.7006697442461 15.749912998724561 16.057228088378906 788400
16.201285153778382 16.278113933373227 15.384978225744037 15.769122123718262 793300
15.721104585044259 15.817139184274993 15.312950211343377 15.36577033996582 271400
15.365769869270801 15.8747616556177 15.279337267216752 15.461806297302246 176400
15.461805873977415 16.047624588619477 15.336958887303192 15.500219345092773 211900
15.682690203609974 16.278114645318663 15.644276728003783 16.268510818481445 307800
16.33573320262197 16.402958148155587 15.922777872352741 16.066831588745117 273700
16.21088635390102 16.21088635390102 15.701896400936015 15.84595012664795 411400
15.922778902477148 16.08123928298003 15.673084923096626 15.84595012664795 545100
16.23969809731802 16.23969809731802 15.308148030315714 15.5098237991333 274800
16.143661226962994 16.326130254459557 15.221715927124023 15.221715927124023 747000
15.010436414552018 15.144887229400066 13.346131671211007 13.52187728881836 1415900
13.550688362686572 13.915625517460871 13.334607767220676 13.78117561340332 1016700
13.765809052513703 14.117301215030126 12.782400512513995 12.907246589660645 397300
12.859228976241367 13.497868749161476 12.67675994633776 13.272183418273926 464100
12.747827079565562 12.945660767226569 12.20618356326668 12.50389575958252 631200
12.628741930033845 13.454652658768554 12.427066160909238 13.156940460205078 772900
12.92645322079918 12.974471432146393 12.302219220899012 12.772795677185059 303600
12.945660704044098 12.945660704044098 12.427066006437283 12.532706260681152 392900
12.743985780828744 12.743985780828744 11.351462158549582 11.466705322265625 809800
11.07295831552892 11.14018418550598 10.102994730785163 10.18942642211914 967100
10.3046688420584 10.852075009171037 9.997353741834633 10.813660621643066 567900
11.044147245594033 11.217012452082137 10.611985145245042 10.640795707702637 677000
10.693616133681429 11.015336990356445 10.371895277006415 11.015336990356445 1470500
10.991326994637603 11.313047838732915 10.477534209859549 10.53515625 645100
10.400705282452048 11.822039454593199 10.227840080413884 11.168993949890137 1563100
10.938507835592425 11.11137212509656 10.3142728805542 10.3142728805542 749700
10.199029186692142 10.275857959347844 9.709245074108633 9.891714096069336 657600
9.704443421306514 10.0645786462295 9.363515847997617 9.910921096801758 799300
9.882110888992417 10.314272991195448 9.651624556600302 9.709245681762695 1063900
9.627615083020794 9.709245774338576 9.325101883355645 9.488363265991211 2940200
9.267479866034165 9.363516296966953 8.883335974045572 9.104218482971191 899700
9.71884916001708 9.997353697322671 9.565191610589338 9.910921096801758 2056400
9.642020759816981 9.77839216078595 9.497967030600972 9.517173767089844 1012200
9.608408639560325 9.757264287373895 9.334705994400395 9.670831680297852 2091100
9.517173828847111 9.987750324269022 9.478759439748817 9.488363265991211 275000
9.488363024604931 9.574795626845043 9.315497820124705 9.44034481048584 2090100
9.699642503119316 9.699642503119316 8.950560569763184 8.950560569763184 815200
8.960165026012078 10.064579436102358 8.960165026012078 9.83409309387207 783400
9.728453282467214 10.304669110391403 9.632416853210882 9.930129051208496 650100
9.901318550109863 9.98775023793041 9.574795787661342 9.901318550109863 477300
9.651623969434874 9.913802179477834 9.526776984683178 9.699642181396484 308900
9.584397958949305 9.882110135836033 9.36351546954238 9.40192985534668 240400
9.613209905661789 9.891714445340353 9.517173478515561 9.690038681030273 279600
9.738056534373234 10.247047381328663 9.728452708839628 10.083786010742188 1082400
10.112596435537581 10.194227119733533 9.469154787374475 9.594001770019531 408900
9.632417315452741 9.930129527737012 9.550786621428934 9.83409309387207 322900
10.208632905112744 10.371894274260653 9.642020025819557 9.75726318359375 205600
9.526777252313112 9.680434802209897 9.085011338424232 9.171443939208984 333300
9.181047765045344 9.44034465152836 8.940957614363807 9.171443939208984 321000
8.91214617298283 9.63241662794728 8.892939437103491 9.334705352783203 620600
9.36351599882479 9.545984112741612 9.085011457033055 9.277083396911621 480800
9.747659683227539 10.102993909720643 9.603605960173432 9.747659683227539 619000
9.632416751090949 9.757263741452082 9.315497820124705 9.44034481048584 391500
9.171444023748908 9.901318308357666 9.07540759624256 9.853300094604492 635500
9.67083187262102 9.757264481415941 9.22042284008611 9.392327308654785 369600
9.488363714074397 9.488363714074397 8.64324619813042 8.710471153259277 459400
8.811308928536972 9.003380870602234 8.547209206809882 8.672056198120117 320200
8.58562311705824 8.988974630866803 8.518398170047217 8.960164070129395 161900
9.065803623420376 9.88211049638361 9.065803623420376 9.747659683227539 664000
9.632416847785759 9.728453276988 9.459552557441494 9.574795722961426 122700
9.526777403120745 9.526777403120745 9.056200920144866 9.08501148223877 122000
8.950561412807394 9.094616067038663 8.739282718662333 8.844922065734863 182300
8.83531756127583 9.123425931769106 8.7104705701997 9.056200981140137 226000
9.036992715694703 9.195452171330697 8.806506401291657 8.854524612426758 192300
8.806507487033453 9.181048481018431 8.806507487033453 9.12342643737793 686100
9.171444750422067 9.632417440885398 9.133030359550123 9.584399223327637 201700
9.526776756833986 10.026163768025867 9.421137425741962 9.459551811218262 391900
9.60360640142342 9.690039005575635 9.27708363723562 9.325101852416992 229700
9.238669762702386 9.430741718251758 9.00818341604314 9.036993980407715 1067700
9.123425820723343 9.469155311584473 9.123425820723343 9.469155311584473 1179500
9.392326745755721 9.89171471514324 9.392326745755721 9.709245681762695 420200
9.603606042526568 9.949335530343877 9.507569615752805 9.526777267456055 713300
9.440344844981336 9.76686760313878 9.373119894491719 9.603606224060059 191200
9.430741073437094 9.872506998931142 9.171444180142363 9.219462394714355 515200
9.377921679377632 9.377921679377632 7.730903087915168 7.759713649749756 826000
7.346759430390545 8.383948452898595 7.298741212322139 8.326327323913574 633800
8.326326250877292 8.489587621747138 8.019011160238152 8.383947372436523 409400
8.230289827116954 8.604830780736815 8.028614069917216 8.383947372436523 726000
8.518398019040408 8.979371562023259 8.46077689858705 8.499191284179688 857100
8.595227203528859 8.595227203528859 8.115046902595726 8.431965827941895 473700
9.238668530114712 9.795677584829544 8.931353442236517 9.565191268920898 1057200
9.411534355969055 9.44034491842141 8.652849495001059 8.835317611694336 963900
8.643245479038784 8.912146193053818 8.39355150094634 8.403155326843262 716600
8.403155534775353 8.691263907713333 8.163065376638913 8.287912368774414 955900
8.60002945920497 9.473957495195098 8.460777642637394 9.325101852416992 540100
8.85452479597051 9.046596728621138 8.691263424249673 8.931353569030762 810600
9.027389745779127 9.027389745779127 6.991425735139473 7.039443492889404 1171800
6.616884106680673 6.780145474570608 5.935028074867178 6.2231364250183105 2567600
6.13670436199898 6.986623748294087 5.9926501743972755 6.904993057250977 1776900
7.932579001784348 8.11504711799897 7.317947870561715 7.673281192779541 976200
7.567641943420711 8.067028999328613 7.365966172643932 8.067028999328613 330400
7.990200173501055 8.835317640447707 7.849987609006348 8.643245697021484 812800
8.672056117631145 8.864128057913707 7.913371266611585 7.990200042724609 327500
8.259102327681392 8.662453892085958 8.047822718738207 8.518399238586426 353800
8.326326695936668 8.547209200172372 8.153461490276543 8.316722869873047 404000
8.383947345570093 8.383947345570093 7.970992922814869 8.028614044189453 166600
7.788524334419394 7.922014402599502 7.654073975221071 7.70209264755249 175400
7.817335714092199 7.9229750517350155 7.356362143920021 7.567641735076904 348700
7.740506987342105 8.355137196964849 7.636787773119765 8.34553337097168 1214900
8.067028908741143 8.614435089486117 7.586849052683345 7.769317626953125 379000
7.846146586006818 7.956587840979198 7.452398865933957 7.490813255310059 627000
7.922974880779038 8.057425693318024 7.817335545415628 7.846146106719971 525000
8.14385772436979 8.441569923442332 8.095840425439517 8.287912368774414 1252500
8.249497912192057 8.268704648431788 7.874956938869027 7.961389541625977 1583400
7.8173359141713155 7.8173359141713155 7.423587741641466 7.548434734344482 435000
7.548435041867672 7.750110362534501 7.1066690942561 7.634867191314697 904600
7.66367790086928 7.8173359141713155 7.442794936062265 7.548434734344482 404700
7.423587752372264 7.634866891306466 7.356362342834473 7.356362342834473 368000
7.5100202560424805 7.634866789322671 7.394776632954843 7.5100202560424805 385700
7.3371551006263696 8.191875934927301 7.3371551006263696 7.932579040527344 405500
7.846146556342691 8.019011765817234 7.769317777880957 7.778921604156494 362800
7.682885110514382 7.711695673234854 7.317947957860396 7.452398777008057 494300
7.490812596125256 7.913370842077623 7.433190559196148 7.865352630615234 390800
7.874956825295226 7.874956825295226 7.52922733512485 7.66367769241333 474800
7.72129923415512 7.72129923415512 6.962614392192448 7.049046993255615 985800
7.116271820046866 7.442794566942448 7.116271820046866 7.298740386962891 397200
7.2987406495813145 7.2987406495813145 6.904992940347156 7.058650493621826 437900
6.895389246318565 7.001029045185293 6.674506280289393 6.808957099914551 301600
7.010632826078773 7.413983908538851 6.837767618517388 7.097064971923828 350500
7.154686318508045 7.260326113197811 6.924199993296505 7.145082950592041 242900
7.6156595821781385 7.831740630954552 7.010632737191307 7.058650493621826 633600
7.039443405465352 7.385173363475137 6.904993044325407 7.356362342834473 496100
7.370767809105741 7.682884821817843 7.020235950983779 7.241118907928467 472000
7.1546862799959845 7.1546862799959845 6.684109806254288 6.981821537017822 541500
6.780145893104907 6.8089569130727465 6.4632269631368064 6.636091709136963 181600
6.597677359965893 6.597677359965893 5.7621637291444925 5.8005781173706055 638000
5.493262785066767 5.694938560718625 5.214758229725753 5.397226810455322 441100
5.40683045709537 5.685335003175499 5.281983465284103 5.320397853851318 218100
5.330001255384357 5.454847779314982 5.080307291651914 5.099514484405518 500000
5.099514828934282 5.224361819235302 4.92665008247292 5.089911460876465 270700
5.2051543192130785 5.445244459708621 5.0803073362508515 5.262775897979736 402300
5.157136419925272 5.52687547846519 5.128325857766822 5.445244789123535 1972800
5.445244966882772 5.63731691399469 5.406830577460388 5.522073745727539 303200
5.378019108024123 5.550884303947558 5.166739983816776 5.330001354217529 326400
5.310794293170478 5.608506022742693 5.195550673710573 5.33960485458374 364200
5.378019114142045 5.387622939675652 4.869028267186617 5.041893005371094 712400
5.05149672523604 5.229163372470838 4.897838725461828 5.195550441741943 404300
5.09951515579262 5.128326177683998 4.965064788816057 5.080307960510254 364700
5.1283255025037215 5.2051542735181355 5.0034785206375 5.099514484405518 233900
5.1571364734728355 5.387623262811762 5.147533105298849 5.320397853851318 1472400
5.281983311365259 5.5316772877116245 5.281983311365259 5.502866268157959 190300
5.598902304812575 5.598902304812575 5.262776181592017 5.281983375549316 1207600
5.281983459930369 5.301190654194508 4.878631922447803 4.965064525604248 322000
4.94585749071401 5.185947655720169 4.897839274538518 5.137929439544678 472200
5.051496778802915 5.1283255505369265 4.926649795767344 4.974667549133301 189100
5.147532688885175 5.370336216138286 5.128325496155347 5.195550441741943 815000
5.1667403135087575 5.397226645533298 5.110079021529046 5.224361896514893 1014200
5.281983281813037 7.020235906875598 5.224361700963715 6.626488208770752 4066800
6.4920379471638165 6.4920379471638165 5.522073510693731 5.570091724395752 1391500
5.694938554003469 6.050272346550298 5.618109774404906 5.752560138702393 1124900
5.493262588122437 5.589299017226434 5.330001666104032 5.416433811187744 673100
5.512469723401425 6.079082634138424 5.493262529373169 5.992650032043457 1757200
6.0790828181103596 6.434416147354403 6.002254039672257 6.165515422821045 568800
6.098289743350022 6.1271007629595085 5.831309612689805 6.050271987915039 254100
6.328776472985967 7.49081283056169 6.232740047055583 7.365965843200684 2627300
7.250723033432381 8.067029029965164 7.202704818137211 7.874957084655762 1839300
7.51002005208904 7.874956731826287 7.423587451604513 7.625263214111328 1595600
7.682885225987255 7.9998041682895265 7.558038231160408 7.913371562957764 919800
8.076632863508864 8.691264004926554 7.913371480880278 8.42236328125 1960700
8.297515989590881 8.796903029904518 7.980597061962492 8.403155326843262 3709700
8.508794725791395 9.248272839533625 8.239894009826608 8.374344825744629 1936200
8.038218370761262 8.163065362683323 7.356362286184628 7.4812092781066895 1545100
7.260326673872491 7.5484350605715465 7.068254721363559 7.5388312339782715 1986200
7.529227567502742 7.721299512414286 7.356362359146714 7.615659713745117 723400
7.404379953648082 7.538830303815459 6.741731112348322 6.962614059448242 2573300
7.0586504206787755 7.634866697439887 7.010632664744464 7.4716057777404785 2276900
7.529227176975595 7.620461231592526 7.097064636436638 7.202704429626465 2101100
7.077857839142417 7.361164302502873 7.010632887114946 7.068254470825195 384100
6.876181768991153 6.962614369776047 6.597677230834961 6.597677230834961 523400
6.59767757570865 6.741731765234932 6.520848796744138 6.588074207305908 1648400
6.5976769610619455 6.76093833011975 6.367190645640764 6.386397838592529 1349300
6.415208983585829 6.492038220328927 6.232740404950302 6.328776836395264 912300
6.299965439498651 6.837767316999505 6.213532839529287 6.8185601234436035 992900
6.866578607219428 7.062492172393563 6.770542635650858 6.933803558349609 775700
6.981821252329296 7.337154549596593 6.909794393509244 6.962614059448242 712300
7.077857721350006 7.2315157332890765 7.029839964691749 7.221911907196045 482000
7.308344233242133 7.308344233242133 6.991425311156161 7.106668472290039 531900
7.029839761360815 7.029839761360815 6.837767366476384 6.8857855796813965 545700
7.029839853660067 7.029839853660067 6.760938680465536 6.924200057983398 264200
6.722524184511241 6.722524184511241 5.800577974000563 5.88701057434082 2964200
6.011858061674408 6.021461430324009 5.195551119353758 5.435641288757324 2801000
5.435640937880923 5.747758412719438 5.272379559955489 5.637316703796387 2216400
5.598902315806358 5.906217877662213 5.531677365791621 5.637316703796387 1125900
5.618109763361836 5.71414573767127 5.464452204466742 5.493262767791748 693200
5.426037884451951 5.906218220103705 5.426037884451951 5.72374963760376 612600
5.906218107957941 6.213533223861025 5.82938932898217 6.136704444885254 864700
6.386398373672232 6.6456957292139 6.371993092235372 6.616884708404541 813300
6.63609198192334 6.63609198192334 6.3191730389278185 6.492038249969482 539900
6.386398122356918 6.588073886279235 6.3220540460063095 6.405605316162109 621700
6.578470090842255 6.578470090842255 5.973442796276317 6.021461009979248 543600
5.752559528963117 5.805379652790226 5.646920197180097 5.742956161499023 550400
5.742956770220396 5.877407134517882 5.618109774404906 5.752560138702393 294100
5.685335247386472 5.781371222929692 5.5892992718432515 5.72374963760376 185400
5.637316784435594 5.901416049096578 5.5796952016263015 5.867803573608398 335400
5.88701062781964 5.88701062781964 5.5989022626919605 5.7621636390686035 502900
5.8293893762366045 5.8293893762366045 5.637316969304547 5.752560138702393 382100
5.656523885322117 5.810181894879133 5.599862594471386 5.7333526611328125 324300
5.723749275545221 5.733352643524251 5.512469684779076 5.570091724395752 391200
5.53167732476427 5.757361738047924 5.512469672976088 5.666127681732178 280000
5.694938231755979 5.790974658755621 5.570091700940566 5.7621636390686035 456500
5.64692046488715 6.011857604535472 5.64692046488715 5.858199596405029 875800
6.242343963801601 7.0010288089211 5.819785240530448 6.664902687072754 1816200
6.73212845882115 7.10666898868971 6.338380276098955 6.463227272033691 1423000
6.415208755113168 7.001028859559948 6.415208755113168 6.732128143310547 1284500
6.842393435404332 6.842393435404332 6.310754256195142 6.3796706199646 675500
6.399361132121247 6.556883717455768 6.320599839453987 6.497812747955322 637000
6.300909371728917 6.35998033987413 6.16307711272342 6.2123026847839355 839200
6.1630771559485575 6.1630771559485575 5.769270229430824 5.848031520843506 883800
5.7988055726696075 5.8381862190121865 5.336082743417137 5.414844036102295 855400
5.375463386930929 5.660973307491547 5.336082740609073 5.6117472648620605 730400
5.316392653551076 5.45422492179875 5.277012005480311 5.3656182289123535 437100
5.542831374309416 5.710199356079102 5.488682633469614 5.710199356079102 501500
5.720044326327386 5.8086510160432345 5.665896054531222 5.739734649658203 284600
5.503450725100265 5.562521694614134 5.385308316618193 5.414844036102295 491100
5.513295703535609 5.532986026891101 5.217940853203222 5.444379806518555 453500
5.414844036102295 5.582212017785423 5.385308316618193 5.414844036102295 332400
5.336082746437129 5.345927673301179 5.188405087841711 5.217940807342529 992400
5.188405318304258 5.316392659402282 5.119488949377393 5.267166614532471 461500
5.198250529655832 5.254367693017027 5.129334163186983 5.149024486541748 631000
5.08010821699619 5.109643937319019 4.883204979691821 4.912740230560303 472800
4.9225853830290225 4.9225853830290225 4.656765791123629 4.6666107177734375 363100
4.617385241978114 4.627230168833381 4.459862656659157 4.528778553009033 352200
4.5090883227225875 4.686301704310999 4.479553072094082 4.5878496170043945 672500
4.666610816684624 4.69122383801232 4.43032693862915 4.43032693862915 706100
4.440172289142221 4.804443498780838 4.381100850783331 4.79459810256958 1189600
4.774907643385651 5.070262948937059 4.538623774507978 4.902894973754883 710400
4.893049894175198 5.670818853151816 4.814288599457147 5.404998779296875 1455200
5.29670218547854 5.641283081454461 5.237631214978754 5.572366714477539 2077000
5.74957995614874 6.153231812846056 5.700353913864239 5.976018905639648 449100
5.907102770096699 6.094161080817617 5.808651151152625 6.02524471282959 281900
5.995709275360952 6.064625171750817 5.769270324106395 5.808650970458984 227000
5.739734703268966 5.7692704232682335 5.6215927621805815 5.67081880569458 447200
5.5231410022611795 5.67574088820386 5.404998594763289 5.582211971282959 366700
5.444379752445857 5.444379752445857 5.080108069805625 5.119488716125488 336900
5.050572915170479 5.129334209297572 4.92258557748678 5.080108165740967 1102200
4.937353112380606 5.032851391015811 4.853669121539042 4.922585487365723 344100
4.971811533128052 5.080108075910652 4.725682258605957 4.725682258605957 873200
4.833978995371486 5.0210373078492685 4.715837051528998 4.745372772216797 269800
4.824133871509275 5.001346780050881 4.705991932481538 4.922585487365723 240700
4.8438241961631565 4.9915018547201955 4.774907830315382 4.82413387298584 357900
4.863514519340472 5.0397429821956035 4.784753226631207 4.82413387298584 232800
4.814288382094302 5.001346683331252 4.784753132635709 4.961966037750244 187200
4.656765758115581 4.932430744171143 4.381100772060019 4.932430744171143 1042000
4.824133778216717 5.316392317433641 4.784753132635709 4.961966037750244 571300
4.971811661387651 5.592057092398728 4.9393226038238724 5.503450870513916 457500
5.493605531631645 5.503450928307986 5.080108260312386 5.237631320953369 482400
5.139178856894028 5.217940616192804 4.843824019977313 5.1982502937316895 520200
4.991501851724524 5.163792062059057 4.902895162752611 5.0210371017456055 399500
5.355773114375003 5.926792960891625 5.355773114375003 5.5428314208984375 934300
5.621592480628235 6.2516832709964385 5.621592480628235 5.7889604568481445 706800
5.631437804420856 6.4003458218922376 5.601902553271688 6.251683712005615 486800
6.783322479614526 6.891619488741966 6.419051276450059 6.675025939941406 1469800
6.675026266160959 7.039297487127961 6.675026266160959 6.783322811126709 719800
6.665180631763567 6.768554944235519 6.46827740298572 6.635644912719727 359100
6.468277695802259 6.468277695802259 6.212303017348851 6.3206000328063965 278400
6.556883671746298 6.901465028944912 6.556883671746298 6.665180683135986 500100
6.803012949307118 7.167284629801097 6.665180687999692 6.960536003112793 1023900
7.718614356856711 9.441519313694059 7.580781622302594 8.978796005249023 4045300
9.195389753658127 11.203804575952185 8.998486523807465 10.77061653137207 4397200
10.59340445726542 10.59340445726542 9.505512549304303 9.599041938781738 1505800
9.224924829739317 10.258667940629772 9.165854331350515 9.864861488342285 1099900
9.530125429162592 9.69749340426299 9.087092001597636 9.60888671875 623400
9.146164135250265 9.234770827515765 8.88034499736247 9.067402839660645 854800
8.909880016581752 9.205235336809897 8.73266663666313 9.116628646850586 645500
9.25446071783991 9.559661443614536 8.939415534259943 9.490745544433594 701200
9.333221435546875 9.525202903942889 8.890188938855994 9.333221435546875 304600
9.313531413342906 10.022383958538203 9.156008834168093 9.60888671875 458500
10.091300441844908 10.731236191861841 9.963313104059782 10.357120513916016 1307300
11.381018392988983 11.6566829254547 10.859223640043002 11.627147674560547 1314000
11.21364968648347 11.479468805282464 10.701700363005944 10.987210273742676 970300
11.105352237378884 11.83389557951348 10.928139804023889 11.774824142456055 1080300
12.779031369599556 12.798722162063504 10.347274834821727 10.967520713806152 2174900
11.075817581675185 11.715753333052941 10.8690689492609 11.371172904968262 1268600
10.859223702768452 10.967521188187057 10.07160980940826 10.86906909942627 1286100
11.410553403444895 12.168631086478907 11.302255920933838 12.07017993927002 928400
12.030798763463675 12.242470082070595 11.656682167143549 11.942192077636719 635700
11.597611390989007 11.597611390989007 10.701700963537492 10.977365493774414 403500
11.484391461409258 11.577920844955345 10.957674984806813 11.15457820892334 1153600
11.075817022139896 11.371172330512021 10.80015250581661 11.21364974975586 343700
11.233339581721841 11.233339581721841 10.524487030746615 10.819842338562012 486500
10.56386818754636 10.987210847217613 10.499874988225878 10.947830200195312 712500
10.90844937106346 10.90844937106346 10.396500968320192 10.435881614685059 332600
10.332506380048589 10.957674935341466 10.229132539944802 10.928139686584473 510900
11.036436794095028 11.321946717234152 10.741081474559358 11.28256607055664 364100
11.272720584115655 11.587766693927888 11.218572782184523 11.420398712158203 409700
11.075817108154297 11.125043149750047 10.770616401387572 11.075817108154297 294100
11.341637089460104 11.824050228098082 11.095507822125382 11.804359436035156 557100
11.799437423333904 11.799437423333904 11.213650409068823 11.2333402633667 484500
11.18903619249066 11.223494139460527 10.435881240410316 10.79030704498291 540000
10.435881177823118 10.731235543741299 10.219287162428973 10.563867568969727 500700
10.829688316167788 11.17426968360933 10.33742975634198 10.583559036254883 500100
11.046281917858984 11.784669729019717 10.888759335036745 11.499159812927246 763800
11.47946916609468 11.666527939748095 11.184113850105739 11.587766647338867 404100
11.454856524688436 12.409837422406033 11.361327138593472 12.316308975219727 796100
12.631354753843222 13.128536019171872 12.43445151482908 12.700270652770996 1729600
12.700270178954083 13.448503398201726 12.675657627086316 12.995625495910645 1146000
13.08423218488848 13.118690133066822 12.419682956463385 12.995625495910645 1266300
12.798722664952265 12.798722664952265 12.227702805782476 12.444296836853027 851200
12.50336694491821 14.3394911056026 12.483677091209458 14.177045822143555 1951300
14.12289837154251 14.147510924017807 13.320516391689635 13.793085098266602 1100100
13.852155308305816 14.718530469710165 13.428813593404415 13.61587142944336 1098400
13.778316390899967 14.536394991468805 13.59618125729901 14.39363956451416 859700
14.7382215911738 15.004040726096619 13.960453101720082 14.807137489318848 1533100
14.885898018305424 15.018808048384342 14.556084761577354 14.925278663635254 593200
14.56100783407146 14.77760185840998 14.393639852388333 14.767756462097168 582000
14.546240161701766 15.171408762076295 14.433020917545063 15.033576965332031 582100
15.176331163617352 15.260015155250882 14.29026614306948 15.053266525268555 637300
14.915433414299498 15.033576290359813 14.679149539996182 15.013885498046875 542400
14.393639947151211 15.269860507678171 13.497729532777663 15.023731231689453 1173600
15.06311149567084 15.151718183001455 14.541317706723353 14.984350204467773 1046200
15.264937466584893 15.624285976118102 14.866208311334466 15.013885498046875 1151500
15.102492200396282 16.214995677722058 15.06311155464058 15.99840259552002 1821500
15.880259812134126 15.99840268900021 14.830765549666912 15.072957038879395 1442300
14.944969884077068 15.023731176994026 14.48224658400844 14.79729175567627 1178200
15.004040298593978 15.771964308510254 14.964659652360478 15.722738265991211 1643000
15.737505657800781 15.821189649667025 15.181253904037181 15.67351245880127 1265300
16.00824818591126 16.283913648454437 15.579982836576852 15.722738265991211 1595700
15.535679156826234 16.008247840335404 15.299395284525971 15.515989303588867 1406300
15.634131206465675 16.480815549860647 15.61444041436157 16.470970153808594 2552200
16.500506003566574 16.717099078817892 16.14607926423055 16.461124420166016 1467400
16.20515100468275 16.470971079577 15.634132085198656 16.441436767578125 1247400
16.342984092102515 17.229049098761045 16.207120252773908 16.874622344970703 2078600
16.707254802700863 16.723007812680315 15.70304783139953 15.95902156829834 2702200
15.64889957204145 15.781809604324122 15.220634225433503 15.26986026763916 1497000
15.319086264092066 15.978711847606602 15.319086264092066 15.831034660339355 1269800
15.949178389985025 16.48081666814857 15.89995140638452 16.165771484375 1879600
15.978711817737526 16.22484108866195 15.831034630746334 16.1953067779541 1914100
16.323293673434048 17.307810787339157 16.323293673434048 16.717100143432617 2214400
17.62285614013672 18.15449628833142 17.268431252490974 17.62285614013672 13542200
18.410471001484098 18.94112529657605 17.689804119962414 17.849294662475586 2842600
17.780378118460337 18.474462591752722 17.701616826378128 18.223411560058594 1733700
18.415391460827927 19.11932130622559 18.22341093532261 18.991334915161133 2690500
19.18331605113996 19.188237810337917 18.065888931471854 18.390779495239258 1722200
18.410469860484294 18.587681354758654 17.711461768102534 18.321863174438477 1902700
18.095424021862975 18.843657265947417 17.672083233359945 18.695980072021484 2338400
18.25393100960982 18.39077881965723 17.987126978829362 18.3710880279541 1977900
18.193874945468465 18.252947321510362 17.48502333332121 18.154495239257812 1399900
18.44000552898328 19.079941292596445 18.07573523979894 18.587682723999023 2603000
18.459695057256468 18.804276407222044 17.79514678632215 18.77474021911621 1342500
18.543378918385763 18.6467546423718 18.048168433077564 18.292327880859375 1533000
18.272636618497785 18.52861128658988 17.918211743908003 18.390779495239258 1653300
18.489232278274308 18.489232278274308 16.91400450315726 17.229049682617188 2295200
17.416107356164066 18.36124283452688 16.923848825062446 17.53424835205078 2244800
17.691771316823647 17.72130750534679 16.864776816348744 17.376726150512695 1582500
17.23889440393095 17.544094174850482 16.76632665325219 17.20935821533203 2061200
17.332423190763226 17.898521277523663 16.850010034431026 17.21920394897461 1774000
17.076449086084065 17.130597829135912 16.018094289208317 16.165771484375 1389000
16.12639001108985 16.58911427110698 16.04762871459166 16.45128059387207 1734000
16.79586208597071 17.21920476174721 16.165771709643327 16.510353088378906 4221100
16.402054254646217 16.402054254646217 15.860570616656723 16.077163696289062 2169600
16.342983922108516 17.376726106154624 16.155925150907407 17.150287628173828 2352300
17.20935925538999 17.613011134883543 16.894314069230873 17.465333938598633 2060200
17.583475974037697 17.898521144998096 16.618647790699796 16.93369483947754 1725200
16.618648205496555 17.08137245498428 16.618648205496555 17.00261116027832 746600
17.160134083788854 17.475179268746455 16.18546233864475 16.618648529052734 712200
16.73679146731391 17.002611547176844 16.42174628132114 16.45128059387207 2124300
16.382363093116837 16.638337751173943 15.988556649112537 16.62849235534668 560400
16.82047442083652 17.36688173350942 16.82047442083652 17.179824829101562 678100
17.179824559381785 17.268431250738576 16.510352614827088 16.60880470275879 1132600
16.736791412320546 17.07152739079235 16.461125936573936 16.618648529052734 740600
16.539885869000916 16.80570592607197 16.146079420275612 16.352828979492188 729500
16.490661238637404 16.763372892886547 16.451279653730133 16.648183822631836 493400
16.677720719520366 16.973075107597623 16.6088048208235 16.89431381225586 481400
16.64818411192757 16.85493368064878 16.42174562822791 16.825397491455078 332200
16.74663572955742 17.278273975448588 16.441435961030685 16.53004264831543 550300
16.41189974089027 16.42174513699366 15.417537268255533 16.136234283447266 833900
16.116545471695783 16.56450066925765 15.712892679064009 15.99840259552002 605300
16.106700016267407 16.49853664202259 15.614440537769333 15.968866348266602 809000
16.151003608174324 16.470970537134765 16.1263891785627 16.313447952270508 645900
16.333139539986444 17.07152739666642 16.30360334970497 17.0124568939209 890500
17.19951248257054 18.262790839700067 16.894312717623187 18.154495239257812 829000
18.08656384113816 18.164341157356763 17.4751784395978 17.494869232177734 422900
17.27827446864384 17.357035762054316 16.37251865551467 16.431591033935547 564500
16.421745391362666 16.470970494824797 15.70304742612982 16.08700942993164 854500
16.16577005593083 16.8057057636519 16.16577005593083 16.461124420166016 1154700
16.461124757756544 16.697408629553934 16.244531678063257 16.470970153808594 531700
16.44143540103517 16.44143540103517 15.53567870570155 16.00824737548828 1401700
15.77196463845235 15.800514973805548 15.04342125952879 15.535679817199707 939200
15.486453275888676 16.323293172595186 15.358466881247592 16.1953067779541 735900
16.087009744467263 16.953383975934653 16.087009744467263 16.88446807861328 708600
16.667875395674503 16.697409707920784 16.22484193380621 16.333139419555664 541700
16.451280302040463 17.30781102935443 16.342984694912413 17.061681747436523 980700
17.573631537340088 18.07573551015751 16.382364807051506 16.510353088378906 2051700
16.658029825391715 17.94774673298733 16.628493635635824 17.229049682617188 1960600
17.179824102033308 17.263507153966202 15.5406022333882 15.752273559570312 1388200
16.0180934916362 16.14607988698999 15.240324089831615 15.860570907592773 1474700
15.97871263008707 16.83031972544277 15.959021836735891 16.726945877075195 1439600
16.525119277772603 16.89431318813896 16.116545660098854 16.313447952270508 1703000
16.23468720972322 16.267177206333326 15.358467567010198 15.456918716430664 1152400
15.348621595216688 15.525834972004755 14.344413711962522 14.511781692504883 1309500
14.733298279775417 14.97450485215414 14.442865665523582 14.81698226928711 884700
14.895743753422925 15.427382946931159 14.482246498593335 14.738221168518066 1169000
14.556085133042554 14.974505087167802 14.236117264208659 14.964659690856934 2512600
14.964659596674704 15.811343956998673 14.964659596674704 15.693202018737793 1227000
16.338061317678974 16.47097135736769 15.917672452406054 16.224842071533203 1249400
16.077163448135366 16.254376818652545 15.727660343958288 16.126388549804688 764500
16.27406783034475 17.150287421055694 16.27406783034475 17.03214454650879 1859600
17.0321450871763 17.524403637416277 17.002610775965 17.160133361816406 2299800
17.297965530051663 17.744936769059887 17.169979130453786 17.39641761779785 1830800
17.465332975348833 17.603164767237377 16.864776948719047 16.874622344970703 736300
16.874622768099158 17.150288236605842 16.766327162250093 16.943538665771484 752700
17.229049934931542 17.603165621564678 16.943539063228886 17.179824829101562 2040100
17.23397063520581 17.603164539692646 16.94353802189681 17.317655563354492 2085100
17.819759544430394 18.351397791787942 17.130596836496462 17.54409408569336 2188900
17.622855900331096 17.721307986933084 17.11090655225464 17.278274536132812 1000400
16.923849226188146 16.933694622381605 15.791654953382839 15.831034660339355 2652400
15.7522737957739 15.890105590585364 15.466763870781847 15.703047752380371 1544000
15.673512507877142 15.909796389565656 15.476609273136711 15.506144523620605 299300
15.456917908784677 15.486453158176687 15.151718140947048 15.348621368408203 442800
15.407691828172537 16.08700913482897 15.407691828172537 15.909795761108398 736400
16.303602786214178 17.12075191091806 16.293757389793967 17.051836013793945 1112100
16.933694113846535 16.933694113846535 16.293756525210878 16.687564849853516 659000
16.530043882093498 16.530043882093498 16.087010412602403 16.510353088378906 504600
16.51035278366445 16.87462307157422 16.335107351783332 16.726945877075195 317300
16.982920452335488 17.435797429712085 16.968153296321983 17.061681747436523 534400
17.032145436840004 17.032145436840004 16.480816375041503 16.776172637939453 649700
16.638339260035355 16.638339260035355 16.077164791711507 16.165771484375 637000
16.264222844163886 16.94353828702079 16.224841259050095 16.70725440979004 750400
16.697408710889952 17.534248601217914 16.697408710889952 17.485023498535156 922100
17.524402815963324 17.637623929690562 16.992764583089603 17.24873924255371 561700
17.494868517392046 17.721306989357696 17.189666878324683 17.642545700073242 719500
17.89950599701363 19.17839355977707 17.898522020678723 19.099632263183594 1099700
19.030714742862983 19.030714742862983 18.351397443954475 18.48923110961914 719100
18.449850555324183 18.499077537886173 18.001895342005643 18.351398468017578 426600
18.248023514979966 18.468556252288483 17.494868566710622 17.86898422241211 793700
18.09050180329211 18.646754493372672 17.297965233363776 17.61301040649414 799000
17.51455981877288 17.92805519118443 17.48502363025035 17.770532608032227 433000
18.065888394966382 18.538456132263722 18.006817897258532 18.26279067993164 613500
18.37108880330039 20.271207093049377 18.37108880330039 20.02507781982422 2145700
20.57640686605972 21.00959491272485 19.621425961960348 20.02507781982422 1563900
20.31058675116489 20.91114277728295 20.281052440252413 20.586252212524414 1305500
20.615787847610132 20.625633243588997 19.87740004955063 20.064456939697266 1263000
20.502568360278108 21.226187116626534 20.28105164800114 20.67485809326172 1538000
20.674858430884846 20.8816061138414 20.212136084874505 20.684703826904297 1590300
20.55179435170109 21.08835624342107 20.23182554479917 20.645322799682617 628200
20.36965913505384 20.379504531300217 19.306380752070538 19.79863929748535 1448700
20.182599809866026 20.714239925722108 19.73956637998596 20.625633239746094 869100
20.48780021475724 21.11789243227608 19.995541667411107 20.645322799682617 938900
20.842227232707835 20.852072629117053 19.710032935090656 20.20229148864746 1151000
19.690341438921845 19.97585229113851 19.227619091121404 19.956161499023438 741100
20.133375927519534 20.335201862732536 19.59582816594803 20.21213722229004 840400
20.645321880233215 20.901296538791332 19.857708990683058 19.887245178222656 880800
19.345759819049945 19.345759819049945 18.32383100742863 18.82396697998047 1425000
18.636909274740464 19.759258184176478 18.548302584225265 19.70018768310547 1384300
19.877401611352152 20.822537165776943 19.78879491839765 20.448421478271484 1237400
20.18260063589797 20.18260063589797 19.444212807755363 19.58204460144043 868200
20.281052918019036 20.620710646235228 20.03984539892009 20.093994140625 912300
19.49343707020573 19.975852082909828 18.833810563765116 19.8380184173584 757700
19.838019714175584 20.315511121207347 19.621426622460685 20.044769287109375 1224000
21.75782847131186 22.11225335342182 20.88160696791569 22.003957748413086 2960200
22.31900252766361 23.145997034313467 22.161479943331955 22.949092864990234 1951900
23.185377401312714 23.69535880125347 22.348539352416992 22.348539352416992 1756400
22.270761274247644 22.417454485220077 21.689896043636622 22.269777297973633 1241600
22.68327412093175 23.214912360550656 22.309156583961702 22.594667434692383 1062000
23.214913219966228 25.23317253054038 22.89986804737098 24.701534271240234 2763100
24.612927764838748 24.6719982656855 24.13051460598599 24.42586898803711 2262300
25.449767815266036 25.823883492975597 25.15441155387887 25.498992919921875 2665300
25.558063371688096 25.863265028980184 24.908282226836185 25.66636085510254 1782300
27.7141552725394 27.93075023073972 25.922334497340177 26.197999954223633 4261600
26.729999542236328 28.0 26.600000381469727 27.170000076293945 3503200
26.739999771118164 27.0 25.90999984741211 26.860000610351562 2261100
26.709999084472656 26.950000762939453 26.219999313354492 26.690000534057617 925800
27.200000762939453 28.229999542236328 27.110000610351562 28.1299991607666 2284000
28.149999618530273 28.920000076293945 27.8799991607666 27.90999984741211 1791500
27.899999618530273 28.155000686645508 27.459999084472656 28.149999618530273 1514200
28.709999084472656 29.690000534057617 28.510000228881836 29.639999389648438 2576000
29.920000076293945 29.920000076293945 27.350000381469727 28.149999618530273 2535000
26.770000457763672 27.239999771118164 25.84000015258789 26.56999969482422 2812600
25.56999969482422 25.809999465942383 24.940000534057617 25.649999618530273 4896700
25.850000381469727 25.989999771118164 25.40999984741211 25.489999771118164 2027300
24.790000915527344 25.40999984741211 24.540000915527344 25.139999389648438 2089600
26.479999542236328 26.540000915527344 25.280000686645508 25.780000686645508 2500700
25.209999084472656 26.790000915527344 25.149999618530273 26.34000015258789 1492000
26.079999923706055 26.809999465942383 26.0 26.399999618530273 2669000
26.5 26.59000015258789 24.722000122070312 25.440000534057617 1817200
25.40999984741211 26.110000610351562 24.989999771118164 25.989999771118164 2706600
26.450000762939453 26.68000030517578 25.726999282836914 25.899999618530273 1256800
25.809999465942383 26.260000228881836 25.43000030517578 25.700000762939453 1059800
25.079999923706055 25.450000762939453 24.7450008392334 25.170000076293945 1025900
25.309999465942383 25.309999465942383 24.209999084472656 24.68000030517578 1255100
24.549999237060547 24.6299991607666 23.611000061035156 24.010000228881836 1471500
24.270000457763672 24.8799991607666 24.229999542236328 24.690000534057617 1467800
25.0 26.170000076293945 25.0 26.010000228881836 1972300
26.719999313354492 27.6200008392334 25.399999618530273 25.989999771118164 2895500
26.010000228881836 26.40999984741211 25.579999923706055 26.0 1831300
25.799999237060547 26.139999389648438 24.68000030517578 24.979999542236328 1517500
25.739999771118164 26.190000534057617 25.100000381469727 25.799999237060547 1648600
25.600000381469727 25.799999237060547 25.114999771118164 25.270000457763672 677600
25.81999969482422 26.6200008392334 25.25 25.600000381469727 2271200
25.270000457763672 26.110000610351562 25.209999084472656 25.59000015258789 1605900
25.200000762939453 25.540000915527344 24.81999969482422 24.959999084472656 1323900
24.8700008392334 25.600000381469727 24.760000228881836 25.06999969482422 1729300
24.940000534057617 25.59000015258789 24.030000686645508 25.55500030517578 361471
