25.0 25.05900001525879 24.980600357055664 25.00950050354004 519
25.274999618530273 25.296199798583984 25.274999618530273 25.296199798583984 514
25.270000457763672 25.270000457763672 25.19499969482422 25.19499969482422 950
25.68000030517578 25.68000030517578 25.645000457763672 25.645000457763672 275
25.391199111938477 25.391199111938477 25.359500885009766 25.359500885009766 249
25.389999389648438 25.450000762939453 25.381799697875977 25.381799697875977 921
25.490100860595703 25.490100860595703 25.490100860595703 25.490100860595703 20
25.52989959716797 25.63520050048828 25.520000457763672 25.63520050048828 951
25.59779930114746 25.59779930114746 25.590499877929688 25.590499877929688 133
25.449499130249023 25.449499130249023 25.449499130249023 25.449499130249023 51
25.607900619506836 25.607900619506836 25.607900619506836 25.607900619506836 104
25.723600387573242 25.723600387573242 25.723600387573242 25.723600387573242 165
25.709800720214844 25.709999084472656 25.6299991607666 25.6299991607666 442
25.790000915527344 25.790000915527344 25.790000915527344 25.790000915527344 0
26.049999237060547 26.049999237060547 26.049999237060547 26.049999237060547 100
26.328399658203125 26.328399658203125 26.239999771118164 26.290000915527344 1238
26.100000381469727 26.114900588989258 26.100000381469727 26.114900588989258 294
26.184999465942383 26.200000762939453 26.184999465942383 26.190000534057617 564
26.27989959716797 26.329999923706055 26.27989959716797 26.309999465942383 638
26.14459991455078 26.14459991455078 26.14459991455078 26.14459991455078 1
25.829999923706055 26.140199661254883 25.829999923706055 26.085100173950195 511
26.0 26.0 26.0 26.0 338
25.800399780273438 25.800399780273438 25.800399780273438 25.800399780273438 0
25.584699630737305 25.584699630737305 25.584699630737305 25.584699630737305 50
25.614999771118164 25.614999771118164 25.614999771118164 25.614999771118164 2
25.674999237060547 25.690000534057617 25.663000106811523 25.663000106811523 516
25.46500015258789 25.46500015258789 25.46500015258789 25.46500015258789 61
25.65999984741211 25.65999984741211 25.649999618530273 25.649999618530273 564
25.43899917602539 25.43899917602539 25.43899917602539 25.43899917602539 59
25.579999923706055 25.579999923706055 25.520000457763672 25.520000457763672 416
25.44070053100586 25.488300323486328 25.40999984741211 25.40999984741211 673
25.329999923706055 25.329999923706055 25.329999923706055 25.329999923706055 110
25.3700008392334 25.3700008392334 25.34000015258789 25.34000015258789 204
25.600000381469727 25.600000381469727 25.600000381469727 25.600000381469727 9
25.739999771118164 25.739999771118164 25.739999771118164 25.739999771118164 227
25.479999542236328 25.479999542236328 25.479999542236328 25.479999542236328 100
25.709999084472656 25.729999542236328 25.709999084472656 25.729999542236328 208
25.729999542236328 25.729999542236328 25.729999542236328 25.729999542236328 115
25.449800491333008 25.449800491333008 25.449800491333008 25.449800491333008 0
25.6299991607666 25.6299991607666 25.6299991607666 25.6299991607666 111
25.892499923706055 25.892499923706055 25.892499923706055 25.892499923706055 0
25.799999237060547 25.84000015258789 25.770000457763672 25.770000457763672 816
25.450000762939453 25.450000762939453 25.450000762939453 25.450000762939453 134
25.559999465942383 25.559999465942383 25.559999465942383 25.559999465942383 141
25.48819923400879 25.48819923400879 25.3700008392334 25.3700008392334 886
25.309999465942383 25.309999465942383 25.25 25.25 837
