24.65059681864606 24.65059681864606 24.44583844448514 24.55716323852539 243500
24.619782696937676 24.72017596953373 24.619782696937676 24.705265045166016 261900
24.461741691765567 24.461741691765567 24.213247775826 24.2838191986084 522900
24.23412239714462 24.28282699479136 24.013459667315924 24.02439308166504 455800
23.746078984980603 24.093970860890597 23.746078984980603 23.917043685913086 6300
23.58704306361211 23.58704306361211 23.23915118711572 23.308731079101562 266000
23.050297049162086 23.113910675048828 22.9906571420528 23.113910675048828 4900
23.13975445153857 23.13975445153857 22.88628959213023 22.967796325683594 12100
23.387253667272685 23.433971405029297 23.3385490701228 23.433971405029297 5000
23.11987507173646 23.199393052116175 23.036381476716485 23.132797241210938 11400
23.060236098327245 23.07713198587888 22.99165153503418 22.99165153503418 1200
23.293820003723784 23.418066966250795 23.278910974895165 23.358428955078125 10200
23.219273391625528 26.320476571770552 23.219273391625528 25.793670654296875 22000
23.736139523395366 23.984633455112 23.67650151062368 23.843490600585938 13500
23.768940349519056 23.88523607947813 23.63674216149052 23.663578033447266 7800
23.52740394526688 23.52740394526688 23.028427360161732 23.054271697998047 3100
22.980719875245573 23.041351318359375 22.980719875245573 23.041351318359375 600
23.00059747735802 23.119875397537538 22.788881301879883 22.788881301879883 4300
22.74216243657088 22.781922373279894 22.652706370691856 22.67854881286621 3900
22.39427237196172 23.090054198610936 22.39427237196172 23.029422760009766 3900
22.99065761099072 22.99065761099072 22.764032405270836 22.801803588867188 10500
23.010536590017917 23.23418149696785 23.010536590017917 23.187463760375977 1300
23.229212295153822 23.400175094604492 23.229212295153822 23.400175094604492 3500
23.080114701421284 23.259030627889832 23.080114701421284 23.20038604736328 3200
23.43794700875231 23.43794700875231 23.104966058147767 23.151681900024414 6400
23.09999524447462 23.462796150675242 23.09999524447462 23.4468936920166 900
23.716261417021308 23.724212646484375 23.716261417021308 23.724212646484375 1000
23.5771022717076 24.074090108010648 23.5771022717076 24.027374267578125 2300
24.148639262206114 24.148639262206114 24.134723663330078 24.134723663330078 800
24.312645305214478 24.312645305214478 24.00550679125346 24.069122314453125 6000
23.915055236407856 24.21523594864615 23.915055236407856 24.200326919555664 6700
23.964754994246615 24.08403101786293 23.964754994246615 24.04924201965332 4100
24.31264543850525 24.31264543850525 24.04427343233791 24.100929260253906 3300
23.934935429261706 24.153609406683017 23.661592483520508 23.661592483520508 2900
23.60692200279274 23.60692200279274 23.398188023516784 23.47472381591797 3200
23.69638028974287 24.397133066146058 23.69638028974287 24.38520622253418 10200
24.37228444687023 24.5621337890625 24.37228444687023 24.5621337890625 3400
24.8464093384769 24.88915145974557 24.753969192504883 24.753969192504883 13100
24.521380235274368 24.61083819863129 24.39216423034668 24.39216423034668 10100
24.571078102080328 25.783729643795198 24.571078102080328 25.77776527404785 17700
26.01234482857544 26.489452722110375 26.01234482857544 26.446712493896484 15100
26.340356770766462 26.429814737883007 26.283700942993164 26.283700942993164 33500
26.449694171719845 26.645505990660347 26.360236206415184 26.43876075744629 8200
26.310535623581515 26.330415592230157 26.20119958773031 26.298608779907227 6900
26.13162284228368 26.320476865897604 26.13162284228368 26.25885009765625 2700
26.34035580075912 26.35725358466848 26.211139795159408 26.324451446533203 3300
26.171380629858547 26.171380629858547 26.032224635743322 26.11372947692871 8200
26.141559252422347 26.36619758605957 26.141559252422347 26.36619758605957 4900
26.4993918065838 26.577916356452874 26.439753795882638 26.54412078857422 6400
26.658428176926247 26.668368161506137 26.618670134464885 26.639543533325195 7800
26.41987397373368 26.499391953729504 26.26083801374203 26.312524795532227 1900
26.257856070080706 26.257856070080706 26.171380289738895 26.25686264038086 19800
26.435779098496457 26.747886657714844 26.23201415032768 26.747886657714844 2200
26.8472829297868 26.955625534057617 26.78764492074788 26.955625534057617 12000
26.85722312161524 27.026199061747256 26.85722312161524 26.962583541870117 12300
26.668368862477816 26.767766815031177 26.56897090992446 26.635568618774414 3000
26.529211759863472 26.54412078857422 26.42981381145608 26.54412078857422 900
26.590837852134847 26.658427090321663 26.56698226928711 26.56698226928711 3800
26.709121927121693 26.756833095472125 26.709121927121693 26.73496437072754 800
26.78764526963242 26.847283279448067 26.730987548828125 26.730987548828125 17100
26.6683685241123 26.797584533691406 26.6683685241123 26.797584533691406 11200
27.533128459423995 27.533128459423995 27.100747652168867 27.187223434448242 2100
27.274693915695053 27.3442719118089 26.847284058586325 27.166349411010742 18200
26.757826798033868 26.757826798033868 26.449694851761183 26.51629066467285 2600
26.260838602495838 26.42981455075759 26.260838602495838 26.396018981933594 12300
26.409934456422373 26.409934456422373 26.259845048566795 26.282705307006836 2200
26.33538613079181 26.399993184127606 26.303577423095703 26.303577423095703 12800
26.58388082657383 26.678307835195096 26.56896990194865 26.638547897338867 4000
26.116710164925337 26.29065704345703 26.071981184258117 26.29065704345703 7800
26.390053522650938 26.44869810288668 26.390053522650938 26.404964447021484 2800
26.509332357929104 26.509332357929104 26.459634330591673 26.508338928222656 3600
26.588850845016953 26.588850845016953 26.231018974633674 26.23400115966797 1700
26.68000030517578 26.889999389648438 26.68000030517578 26.840999603271484 7800
26.399999618530273 26.499000549316406 26.399999618530273 26.499000549316406 7800
26.729999542236328 26.760000228881836 26.579999923706055 26.72599983215332 4900
27.399999618530273 27.399999618530273 27.190000534057617 27.29599952697754 14200
27.079999923706055 27.079999923706055 26.979999542236328 27.035999298095703 8200
27.073999404907227 27.729999542236328 27.073999404907227 27.660999298095703 10200
28.049999237060547 28.091999053955078 27.90999984741211 27.90999984741211 2000
27.874000549316406 27.93000030517578 27.84000015258789 27.893999099731445 8800
27.950000762939453 28.070999145507812 27.889999389648438 28.059999465942383 8500
28.200000762939453 28.44499969482422 28.18000030517578 28.402999877929688 38300
28.655000686645508 28.684999465942383 28.549999237060547 28.684999465942383 24900
28.777999877929688 28.93000030517578 28.71500015258789 28.799999237060547 2100
28.719999313354492 28.81999969482422 28.719999313354492 28.76799964904785 1500
28.690000534057617 28.690000534057617 28.56999969482422 28.64699935913086 4300
28.920000076293945 29.010000228881836 28.77199935913086 29.0 14300
29.1299991607666 29.309999465942383 29.059999465942383 29.19499969482422 9700
29.184999465942383 29.209999084472656 29.1200008392334 29.17799949645996 6800
29.15999984741211 29.309999465942383 29.139999389648438 29.23699951171875 25700
29.273000717163086 29.363000869750977 29.260000228881836 29.363000869750977 8300
29.260000228881836 29.358999252319336 29.229999542236328 29.288999557495117 25300
29.059999465942383 29.148000717163086 29.020000457763672 29.075000762939453 21700
29.09000015258789 29.27400016784668 29.09000015258789 29.27400016784668 14900
29.235000610351562 29.6200008392334 29.184999465942383 29.559999465942383 33600
29.719999313354492 29.889999389648438 29.670000076293945 29.760000228881836 27200
29.6299991607666 29.700000762939453 29.399999618530273 29.409000396728516 5500
29.125 29.156999588012695 29.06999969482422 29.156999588012695 13800
29.344999313354492 29.344999313354492 29.110000610351562 29.339000701904297 12600
29.309999465942383 29.309999465942383 29.1200008392334 29.141000747680664 5000
29.315000534057617 29.325000762939453 29.1200008392334 29.200000762939453 2600
28.96500015258789 29.03499984741211 28.950000762939453 29.03499984741211 641500
29.165000915527344 29.280000686645508 29.165000915527344 29.256000518798828 100100
29.31999969482422 29.469999313354492 29.31999969482422 29.43400001525879 6000
29.100000381469727 29.34000015258789 29.100000381469727 29.332000732421875 3500
29.190000534057617 29.389999389648438 29.190000534057617 29.260000228881836 7200
29.086000442504883 29.270000457763672 28.989999771118164 29.270000457763672 10300
29.059999465942383 29.059999465942383 28.908000946044922 28.908000946044922 3100
28.75 28.75 28.641000747680664 28.641000747680664 1500
28.673999786376953 28.81100082397461 28.6200008392334 28.81100082397461 22600
28.350000381469727 28.41900062561035 28.270000457763672 28.41900062561035 8500
28.6299991607666 28.71500015258789 28.6299991607666 28.697999954223633 15700
28.59000015258789 28.6200008392334 28.43000030517578 28.43000030517578 19300
28.679000854492188 28.729999542236328 28.674999237060547 28.70199966430664 4600
28.719999313354492 28.88599967956543 28.718000411987305 28.88599967956543 2800
29.114999771118164 29.219999313354492 29.049999237060547 29.21500015258789 4200
29.249000549316406 29.259000778198242 29.170000076293945 29.170000076293945 5700
28.81999969482422 28.93000030517578 28.739999771118164 28.739999771118164 280900
28.768999099731445 28.84000015258789 28.768999099731445 28.78499984741211 5500
28.7810001373291 28.790000915527344 28.459999084472656 28.464000701904297 4400
28.479999542236328 28.600000381469727 28.2189998626709 28.2189998626709 26600
28.209999084472656 28.301000595092773 28.187000274658203 28.187000274658203 4800
28.43199920654297 28.469999313354492 28.277999877929688 28.395999908447266 7400
27.489999771118164 27.73900032043457 27.479999542236328 27.667999267578125 8700
27.899999618530273 28.239999771118164 27.85700035095215 28.239999771118164 37400
28.0 28.1299991607666 28.0 28.052000045776367 13900
28.059999465942383 28.3799991607666 28.059999465942383 28.309999465942383 5100
28.514999389648438 28.61400032043457 28.459999084472656 28.61400032043457 3300
28.70800018310547 28.993000030517578 28.614999771118164 28.614999771118164 3800
28.885000228881836 29.06999969482422 28.649999618530273 28.76300048828125 7400
28.809999465942383 28.809999465942383 28.420000076293945 28.61400032043457 8200
28.763999938964844 28.799999237060547 28.68000030517578 28.770000457763672 15600
28.79800033569336 28.864999771118164 28.79800033569336 28.864999771118164 2700
29.329999923706055 29.329999923706055 29.09000015258789 29.170000076293945 25900
29.610000610351562 29.610000610351562 29.31999969482422 29.381999969482422 11800
29.520000457763672 29.520000457763672 29.493999481201172 29.496999740600586 1800
29.56999969482422 29.68000030517578 29.5 29.68000030517578 17000
29.59000015258789 29.610000610351562 29.5 29.600000381469727 10100
29.190000534057617 29.299999237060547 29.139999389648438 29.28700065612793 13800
29.209999084472656 29.399999618530273 29.209999084472656 29.209999084472656 13700
29.059999465942383 29.399999618530273 29.059999465942383 29.246000289916992 26400
29.399999618530273 29.530000686645508 29.399999618530273 29.44099998474121 6500
29.652000427246094 29.68899917602539 29.489999771118164 29.516000747680664 449800
29.749000549316406 29.940000534057617 29.719999313354492 29.857999801635742 23300
29.735000610351562 29.780000686645508 29.649999618530273 29.743000030517578 25600
29.672000885009766 29.770000457763672 29.6299991607666 29.746000289916992 11000
29.8799991607666 29.882999420166016 29.80900001525879 29.839000701904297 33300
29.729999542236328 29.760000228881836 29.69499969482422 29.697999954223633 8000
29.649999618530273 29.790000915527344 29.566999435424805 29.610000610351562 11900
29.59000015258789 29.799999237060547 29.59000015258789 29.725000381469727 36500
29.69499969482422 29.780000686645508 29.69499969482422 29.743999481201172 18300
29.3799991607666 29.399999618530273 29.239999771118164 29.30299949645996 25800
29.371999740600586 29.43000030517578 29.236000061035156 29.326000213623047 67500
29.520000457763672 29.670000076293945 29.43000030517578 29.61400032043457 31100
29.690000534057617 29.690000534057617 29.68000030517578 29.690000534057617 1100
29.56999969482422 29.899999618530273 29.56999969482422 29.770999908447266 5100
29.631999969482422 29.631999969482422 29.170000076293945 29.360000610351562 354700
29.350000381469727 29.600000381469727 29.350000381469727 29.402999877929688 7000
29.299999237060547 29.309999465942383 29.155000686645508 29.19700050354004 8300
29.299999237060547 29.59000015258789 29.299999237060547 29.548999786376953 5500
29.670000076293945 29.670000076293945 29.530000686645508 29.617000579833984 4600
29.270000457763672 29.579999923706055 29.270000457763672 29.511999130249023 3500
29.690000534057617 29.760000228881836 29.389999389648438 29.625 16400
29.559999465942383 29.6200008392334 29.45400047302246 29.53700065612793 10200
29.315000534057617 29.440000534057617 29.315000534057617 29.409000396728516 1200
29.53499984741211 29.785999298095703 29.53499984741211 29.639999389648438 6100
29.554000854492188 29.6200008392334 29.481000900268555 29.540000915527344 27800
29.354999542236328 29.639999389648438 29.31999969482422 29.582000732421875 13400
29.54599952697754 29.667999267578125 29.440000534057617 29.6299991607666 4300
29.65999984741211 29.81999969482422 29.65999984741211 29.785999298095703 26300
29.75 29.959999084472656 29.75 29.888999938964844 7000
29.729999542236328 29.780000686645508 29.459999084472656 29.540000915527344 19900
29.160999298095703 29.239999771118164 29.059999465942383 29.100000381469727 29200
29.25 29.36400032043457 29.190000534057617 29.3439998626709 9600
29.68000030517578 29.739999771118164 29.68000030517578 29.729999542236328 2200
29.469999313354492 29.579999923706055 29.40999984741211 29.503999710083008 8000
29.190000534057617 29.329999923706055 29.097000122070312 29.264999389648438 9800
29.40999984741211 29.709999084472656 29.40999984741211 29.613000869750977 6400
30.1200008392334 30.1200008392334 29.959999084472656 30.05500030517578 8400
30.0 30.016000747680664 29.8700008392334 29.93199920654297 3100
30.016000747680664 30.18000030517578 30.016000747680664 30.174999237060547 154600
30.040000915527344 30.045000076293945 29.770999908447266 29.90999984741211 11500
30.09000015258789 30.219999313354492 30.09000015258789 30.208999633789062 6700
30.18000030517578 30.243999481201172 30.1200008392334 30.149999618530273 23600
30.239999771118164 30.440000534057617 30.239999771118164 30.309999465942383 35500
30.709999084472656 30.780000686645508 30.68000030517578 30.690000534057617 20800
30.836999893188477 30.920000076293945 30.792999267578125 30.84000015258789 8500
30.8700008392334 31.049999237060547 30.8700008392334 30.93000030517578 29200
31.079999923706055 31.079999923706055 30.93000030517578 30.98200035095215 13000
30.719999313354492 30.854999542236328 30.670000076293945 30.670000076293945 6000
30.663000106811523 30.829999923706055 30.65999984741211 30.709999084472656 18400
30.621999740600586 30.73900032043457 30.6200008392334 30.648000717163086 3800
30.329999923706055 30.329999923706055 30.15999984741211 30.18000030517578 2100
30.323999404907227 30.3700008392334 30.277999877929688 30.277999877929688 12300
30.459999084472656 30.55900001525879 30.459999084472656 30.527999877929688 4300
30.5 30.5 30.465999603271484 30.489999771118164 3200
30.43000030517578 30.479999542236328 30.3700008392334 30.433000564575195 5400
30.719999313354492 30.780000686645508 30.68000030517578 30.739999771118164 3400
30.88599967956543 30.950000762939453 30.85700035095215 30.900999069213867 19700
30.670000076293945 30.70599937438965 30.6200008392334 30.6200008392334 1600
30.110000610351562 30.110000610351562 29.847999572753906 29.952999114990234 755400
30.312000274658203 30.350000381469727 30.170000076293945 30.170000076293945 7900
30.239999771118164 30.329999923706055 30.239999771118164 30.304000854492188 4200
30.440000534057617 30.56999969482422 30.440000534057617 30.56999969482422 600
31.06800079345703 31.107999801635742 31.030000686645508 31.049999237060547 8700
31.5049991607666 31.57699966430664 31.5049991607666 31.520000457763672 14100
31.530000686645508 31.540000915527344 31.3700008392334 31.389999389648438 5900
31.398000717163086 31.489999771118164 31.398000717163086 31.48900032043457 3700
31.614999771118164 31.635000228881836 31.55500030517578 31.635000228881836 1800
31.434999465942383 31.5 31.434999465942383 31.5 6400
31.18000030517578 31.18000030517578 31.06999969482422 31.10700035095215 2900
31.23699951171875 31.260000228881836 31.177000045776367 31.229999542236328 5200
31.139999389648438 31.309999465942383 31.139999389648438 31.224000930786133 5200
31.399999618530273 31.450000762939453 31.389999389648438 31.429000854492188 2700
31.3799991607666 31.485000610351562 31.354999542236328 31.485000610351562 3800
31.559999465942383 31.599000930786133 31.34000015258789 31.375999450683594 3200
31.746999740600586 31.799999237060547 31.729999542236328 31.739999771118164 3700
31.697999954223633 31.729999542236328 31.6200008392334 31.65399932861328 9900
31.399999618530273 31.440000534057617 31.360000610351562 31.415000915527344 12600
30.839000701904297 30.940000534057617 30.809999465942383 30.809999465942383 22300
30.738000869750977 30.940000534057617 30.738000869750977 30.844999313354492 10500
31.010000228881836 31.198999404907227 30.90999984741211 30.92099952697754 7300
31.149999618530273 31.239999771118164 31.145000457763672 31.191999435424805 11300
30.665000915527344 30.9060001373291 30.665000915527344 30.9060001373291 7800
31.219999313354492 31.219999313354492 30.780000686645508 30.84000015258789 12600
31.128999710083008 31.128999710083008 30.850000381469727 30.850000381469727 5000
30.635000228881836 30.635000228881836 30.520999908447266 30.56100082397461 2300
30.520000457763672 30.549999237060547 30.329999923706055 30.506000518798828 9600
30.170000076293945 30.209999084472656 30.06999969482422 30.118000030517578 20700
30.110000610351562 30.110000610351562 29.89900016784668 29.979999542236328 6000
29.988000869750977 29.988000869750977 29.76099967956543 29.82699966430664 11800
29.729999542236328 29.81999969482422 29.729999542236328 29.750999450683594 2900
29.65399932861328 29.760000228881836 29.65399932861328 29.760000228881836 3700
29.889999389648438 29.889999389648438 29.759000778198242 29.759000778198242 6200
29.479999542236328 30.113000869750977 29.479999542236328 30.025999069213867 4000
29.791000366210938 29.791000366210938 29.742000579833984 29.742000579833984 400
29.950000762939453 29.954999923706055 29.85700035095215 29.923999786376953 7900
30.104999542236328 30.118000030517578 30.059999465942383 30.118000030517578 4100
30.030000686645508 30.448999404907227 30.030000686645508 30.437000274658203 4700
30.510000228881836 30.510000228881836 30.34000015258789 30.43899917602539 25800
30.510000228881836 30.56999969482422 30.389999389648438 30.441999435424805 17200
30.30900001525879 30.350000381469727 30.229999542236328 30.273000717163086 22900
30.149999618530273 30.149999618530273 30.06999969482422 30.06999969482422 9000
29.940000534057617 30.010000228881836 29.841999053955078 29.951000213623047 15400
29.670000076293945 29.700000762939453 29.655000686645508 29.658000946044922 1500
29.57200050354004 29.6200008392334 29.450000762939453 29.503999710083008 6200
29.639999389648438 29.639999389648438 29.635000228881836 29.635000228881836 1000
29.450000762939453 29.510000228881836 29.350000381469727 29.420000076293945 4000
29.3700008392334 29.469999313354492 29.309999465942383 29.378000259399414 4900
29.649999618530273 29.670000076293945 29.540000915527344 29.652000427246094 8100
29.600000381469727 29.600000381469727 29.392000198364258 29.427000045776367 9900
29.31999969482422 29.389999389648438 29.290000915527344 29.33799934387207 6100
29.31999969482422 29.34000015258789 29.23699951171875 29.31999969482422 3600
29.469999313354492 29.489999771118164 29.211999893188477 29.21299934387207 5200
28.899999618530273 28.959999084472656 28.832000732421875 28.832000732421875 3300
28.989999771118164 28.989999771118164 28.812999725341797 28.822999954223633 11100
28.610000610351562 28.79400062561035 28.610000610351562 28.756999969482422 6400
28.5 28.530000686645508 28.378999710083008 28.423999786376953 11100
28.3799991607666 28.440000534057617 28.309999465942383 28.405000686645508 1700
28.530000686645508 28.59000015258789 28.520000457763672 28.559999465942383 4000
28.719999313354492 28.719999313354492 28.541000366210938 28.541000366210938 4600
28.14299964904785 28.219999313354492 28.12700080871582 28.18400001525879 6500
27.920000076293945 28.010000228881836 27.915000915527344 27.94099998474121 10900
28.075000762939453 28.18000030517578 28.020000457763672 28.18000030517578 3700
28.219999313354492 28.229999542236328 28.174999237060547 28.226999282836914 2500
28.06999969482422 28.530000686645508 28.06999969482422 28.427000045776367 12500
28.239999771118164 28.415000915527344 28.20400047302246 28.393999099731445 4700
28.690000534057617 28.690000534057617 28.579999923706055 28.579999923706055 1900
28.75 28.75 28.639999389648438 28.718000411987305 2300
28.639999389648438 28.639999389648438 28.40999984741211 28.5 1300
28.459999084472656 28.459999084472656 28.21500015258789 28.233999252319336 1000
28.301000595092773 28.389999389648438 28.301000595092773 28.37299919128418 6100
28.280000686645508 28.43899917602539 28.280000686645508 28.349000930786133 3700
28.09000015258789 28.110000610351562 27.885000228881836 27.885000228881836 6200
27.899999618530273 27.899999618530273 27.695999145507812 27.70800018310547 9400
27.56999969482422 27.579999923706055 27.47100067138672 27.47599983215332 5100
27.479999542236328 27.600000381469727 27.518199920654297 27.600000381469727 1220
