14.01653414743845 14.01723252894424 13.989282608032227 13.989282608032227 1500
14.017231709865829 14.017231709865829 13.708377838134766 13.708377838134766 1600
13.709775696444568 13.709775696444568 13.662259101867676 13.662259101867676 100
14.474923133850096 14.474923133850096 14.474923133850096 14.474923133850098 100
14.7229861718251 14.7229861718251 14.590220377990901 14.613280296325684 400
14.85854434967041 14.85854434967041 14.85854434967041 14.85854434967041 100
14.5482927423287 14.5482927423287 14.33586883544922 14.335868835449219 100
13.884466727720241 13.905428833177089 13.76777172088623 13.76777172088623 300
13.667849168202762 13.730738153083788 13.667849168202762 13.693005561828613 2500
13.905428404261627 13.94595718383789 13.905428404261627 13.94595718383789 100
13.755194664001465 13.755194664001465 13.755194664001465 13.755194664001465 0
13.779651160688738 14.02980899810791 13.779651160688738 14.02980899810791 800
14.075923919677733 14.075923919677733 14.075923919677733 14.075923919677734 0
14.04029178619385 14.04029178619385 14.04029178619385 14.040291786193848 0
13.374368890973935 13.395332332090685 13.325455527824037 13.370177268981934 1700
13.374366760253904 13.374366760253904 13.374366760253904 13.374366760253906 100
12.976770401000977 12.976770401000977 12.976770401000977 12.976770401000977 100
12.970481872558594 12.970481872558594 12.970481872558594 12.970481872558594 100
13.19268798828125 13.19268798828125 13.19268798828125 13.19268798828125 100
12.819546699523926 12.819546699523926 12.819546699523926 12.819546699523926 100
12.537245750427246 12.537245750427246 12.537245750427246 12.537245750427246 100
12.12846851348877 12.12846851348877 12.12846851348877 12.12846851348877 100
12.099820137023926 12.099820137023926 12.099820137023926 12.099820137023926 100
12.574980735778809 12.574980735778809 12.574980735778809 12.574980735778809 0
12.715431213378906 12.715431213378906 12.715431213378906 12.715431213378906 0
12.410072326660156 12.410072326660156 12.410072326660156 12.410072326660156 100
12.748273849487305 12.748273849487305 12.748273849487305 12.748273849487305 0
12.56309980204968 12.613411249136014 12.56309980204968 12.584761619567871 800
12.689577102661133 12.689577102661133 12.689577102661133 12.689577102661133 100
13.094863007130389 13.164739811399352 13.046648025512695 13.046648025512695 2400
13.027723974845289 13.156545639038084 13.027723974845289 13.156545639038086 900
13.274451153258314 13.274451153258314 13.24606704711914 13.24606704711914 400
13.391626358032227 13.391626358032227 13.391626358032227 13.391626358032227 100
13.424379147825425 13.474597930908203 13.424379147825425 13.474597930908203 200
13.69657787792547 13.69657787792547 13.599051331855826 13.626708030700684 400
13.754801097935905 13.754801097935905 13.472412109375 13.472412109375 500
13.224232523835372 13.224232523835372 13.144902229309082 13.144902229309082 1000
13.44985127098215 13.759169578552244 13.44985127098215 13.759169578552246 1600
14.090320436550577 14.096869866810941 14.090320436550577 14.093958854675293 1000
14.083041095053979 14.083041095053979 14.014627456665039 14.014627456665039 600
13.6463565111489 14.065572738647463 13.6463565111489 14.065572738647461 100
14.254802703857422 14.254802703857422 14.254802703857422 14.254802703857422 100
14.380712255263008 14.380712255263008 14.315937042236328 14.315937042236328 400
14.192212338914375 14.192212338914375 13.68784236907959 13.68784236907959 700
13.646356314402166 13.928745269775389 13.646356314402166 13.92874526977539 200
13.920013403475338 14.489158630371094 13.920013403475338 14.489158630371094 400
14.973875999450684 14.973875999450684 14.973875999450684 14.973875999450684 100
14.93530385089 15.058303495436663 14.93530385089 14.965144157409668 900
14.956408433440437 14.956408433440437 14.79847526550293 14.79847526550293 3100
14.16309944093906 14.628896071881972 14.155822604927788 14.567031860351562 6600
14.617064423088305 14.617064423088305 14.06671142578125 14.06671142578125 1400
14.355357122210593 14.355357122210593 13.589482307434082 13.589482307434082 8000
13.230791380335715 13.23156215000565 12.97678240044285 13.08608341217041 4800
12.977552829923912 13.408598048838938 12.975243457240055 13.370112419128418 3200
13.316228737920413 13.79576778411865 13.093009472198995 13.795767784118652 3300
13.932011631916648 14.139837567767863 13.920464767836414 14.125981330871582 2400
14.055165018804846 14.369982543269245 13.862733955789663 13.898140907287598 10900
13.80115635773399 13.801925659179688 13.493266944214199 13.801925659179688 11300
13.520208900516229 13.716487967877256 13.095321015228647 13.096090316772461 25800
13.185377173585348 13.400900515275849 13.085313656309584 13.385505676269531 25200
13.470175768921528 13.470175768921528 12.71430620706621 13.18537712097168 58700
12.708149372197743 12.846699992034406 12.554203912794184 12.687366485595703 7200
12.908276758682877 12.946762386117774 12.82360661656701 12.899039268493652 12000
13.03835977593612 13.239259047310565 13.023735706642341 13.12841796875 26600
13.133036174560916 13.169983199230014 13.031432590787189 13.07376766204834 13700
13.470175115040384 13.470175115040384 12.705069567838152 13.12687873840332 23400
13.231561480806175 13.408597722173813 13.131496496984374 13.354717254638672 38200
13.470175986505094 13.485570825698655 13.190765380859377 13.190765380859375 48400
13.246954543986917 13.339322106283845 12.984478862153182 13.029123306274414 18900
13.111372245713726 13.111372245713726 12.796892565192072 12.981549263000488 15600
13.103307425747436 13.103307425747436 12.685614585876465 12.685614585876465 28300
12.434031743352573 12.450158492215607 11.813136147577026 12.043754577636719 40000
12.038917674178665 12.571113499064907 11.700247463977886 12.355815887451172 14000
12.59449722617358 12.692065941344012 12.458222314130008 12.571112632751465 11800
12.474351016364713 12.772703205686634 12.458223496886657 12.69206714630127 14500
12.829146509840694 13.115403026619795 12.780765494977752 13.0783109664917 14900
13.079116148811043 13.127498698970292 12.869463814470558 13.017026901245117 37100
13.15168997175361 13.15168997175361 12.762219471721025 12.861401557922363 39400
13.127498664509185 13.570188692673078 12.917845561716739 13.538741111755371 25000
13.635504405355608 13.635504405355608 13.087181091308594 13.087181091308594 81000
12.990417989981813 13.336344459846503 12.700128838651153 12.869463920593262 85400
12.748511640667859 12.880753905835462 12.619493802525641 12.756574630737305 43300
13.111372713251079 13.111372713251079 12.804956780816891 12.861401557922363 42000
12.853337446991626 12.853337446991626 12.611430826584643 12.656586647033691 26200
12.829146131033687 13.054926757068657 12.796891865743312 12.942035675048828 27600
13.25651667375401 13.25651667375401 13.022672279155119 13.046863555908203 39200
13.21619740848956 13.433914277499387 13.123466491245678 13.369405746459961 34400
13.377469459454513 13.377469459454513 13.046863046754696 13.272642135620117 79300
13.369406409221654 13.369406409221654 13.143625770388685 13.151689529418945 51700
13.240388491138903 13.240388491138903 12.643684203231873 12.772701263427734 62900
12.647724665636382 12.996828247922348 12.57273803013488 12.922675132751465 61600
12.889347625917091 12.989329540160352 12.714379077344981 12.956002235412598 41500
13.005991866554691 13.089310519767555 12.947669286057025 12.997660636901855 56300
13.232619754698487 13.232619754698487 12.664388498550657 12.781034469604492 99500
12.789366341389716 13.255948630831586 12.789366341389716 13.072648048400879 38300
13.205957975549142 13.26428056267227 12.96100152046069 13.02265739440918 20900
13.055985019323957 13.164298965615426 12.96433512380918 13.08098030090332 44200
13.23095289559074 13.255948175877997 13.03098906412141 13.172630310058594 26400
13.072647893121404 13.230953192526618 12.914343388301843 13.18929386138916 31400
12.997661570715909 13.039320105729724 12.706047058105469 12.706047058105469 47800
12.864351474470284 12.864351474470284 12.664387647179828 12.831024169921875 42100
12.856020326829196 12.856020326829196 12.497751204693904 12.706047058105469 41400
12.66438833161449 12.66438833161449 12.297787961769423 12.314451217651367 44500
12.472757474152342 12.514416808926761 12.081160998609947 12.097825050354004 51300
12.106155240080563 12.256128514531152 12.006173321975387 12.222801208496094 25700
12.189474017486965 12.339447293352777 12.039500741621152 12.314451217651367 39100
12.347778728794836 12.347778728794836 12.196972724655849 12.281124114990234 53500
12.347777979890646 12.347777979890646 11.989509651066633 11.997840881347656 45300
12.131151882000754 12.256129086821524 11.989510626091514 12.039501190185547 43200
12.181141924765598 12.339447224988149 12.04783270010597 12.306119918823242 62300
12.421449721490415 12.840054091260331 12.421449721490415 12.814425468444824 39000
12.891312310157346 12.916940933288052 12.711910318803932 12.85714054107666 52300
12.857139768781106 13.002369982330226 12.720452700668803 12.9425687789917 42300
13.2074002692491 13.250115180694422 13.053626913933606 13.113428115844727 45000
13.121971158070927 13.25011589935724 13.053627621939247 13.173229217529297 42000
13.19031318900839 13.275743006783895 12.916939075677373 12.95111083984375 30000
12.908396725663735 13.275743824107419 12.908396725663735 13.156142234802246 48100
13.224486090428961 13.224486090428961 12.916940186483819 12.993826866149902 23800
13.156143502473563 13.241573333740234 12.94256973902614 13.241573333740234 30300
13.301372818951112 13.352630877156503 13.173228895516427 13.33554458618164 58000
13.45514604679708 13.45514604679708 13.215943678530948 13.344087600708008 41300
13.4551460470409 13.694349230030554 13.32700212486152 13.591833114624023 49000
13.65163401022261 13.65163401022261 13.506404606559101 13.514946937561035 39600
13.438059835974505 13.489317893981934 13.369716301777395 13.489317893981934 59300
13.651634047649425 13.651634047649425 13.241572828540493 13.318459510803223 66500
13.25011583679335 13.608919807150095 13.241572691137424 13.574748039245605 43400
13.788320782679218 13.928426414129564 13.643945207899696 13.728520393371582 85000
13.796863057445847 13.882292877967151 13.64309052111431 13.873749732971191 28000
13.873751153031638 14.010438228081135 13.762693515593346 13.993351936340332 54300
14.11295421670167 14.11295421670167 13.942094559773306 14.0018949508667 75900
14.001893582286144 14.07023711248973 13.873749666834208 13.984808921813965 70900
13.98480890317809 14.189839493515628 13.839578698009214 14.181296348571777 58600
14.24299436021117 14.313504166703844 14.101974747225823 14.15485668182373 132100
14.242993891560232 14.251807827217602 14.119602154529728 14.20773983001709 47100
14.278249740600586 14.392827542827629 14.278249740600586 14.278249740600586 68700
14.410456094269046 14.419270030408011 14.268553907844055 14.366386413574219 80300
14.47214976839682 14.648425102233887 14.339944108562104 14.648425102233887 107500
14.701307649503367 14.701307649503367 14.375198772487533 14.532084465026855 58900
14.472150031040417 14.710121231713359 14.472150031040417 14.70130729675293 51800
14.807072377993643 14.84232812074944 14.68456152976403 14.754190444946289 69300
14.807070387062987 14.842326125078365 14.569100879803656 14.763002395629883 102000
14.851141509080238 14.88639556945036 14.331131090202287 14.401640892028809 123200
14.36638527434258 14.428082822422821 14.1460419316006 14.304689407348633 104500
14.234179765440144 14.31350350420873 14.028819942521654 14.205095291137695 89800
14.234180424263787 14.419269716986049 14.133703571767288 14.15485668182373 69400
14.401640877713595 14.586728476916882 14.231535119419478 14.56910228729248 110700
14.630798707473684 14.824700249371542 14.507405288914738 14.754190444946289 80700
14.82469982959157 14.82469982959157 14.683680224734212 14.7189359664917 99400
14.965718847055502 14.974532782148932 14.755070337255313 14.842327117919922 124800
15.009790038367337 15.071485909165817 14.930466295601748 15.027416229248047 134900
15.062671817096941 15.089113624773603 14.923413983520788 15.0450439453125 196000
15.02741421213709 15.02741421213709 14.47214976839682 14.648425102233887 206700
14.5982748488759 15.017712261078367 14.5982748488759 14.77152156829834 115600
14.917413334851853 15.215578919866164 14.799788522896364 15.181840896606445 118200
15.34596836193473 15.37332365546921 15.181840079053677 15.273022651672363 102700
15.482742681341215 15.482742681341215 15.291260827639164 15.428033828735352 113200
15.473623411024406 15.473623411024406 15.345968848805983 15.355087280273438 109900
15.491861591368355 15.592162606876862 15.318614857079968 15.345970153808594 87700
15.455387240492017 15.59216022491455 15.345967809456276 15.59216022491455 259500
15.573925119853902 15.610398847367437 15.511009157307189 15.54656982421875 176500
15.637751579284668 15.738052585495119 15.61039802425488 15.637751579284668 110300
15.637752160160662 15.637752160160662 15.273023586524037 15.31861400604248 149900
15.500977966073485 15.62863252220314 15.181839836586452 15.46450424194336 83600
15.482741351281302 15.482741351281302 15.104336022783688 15.273022651672363 186700
15.482742215694419 15.499154697066261 15.23654977762773 15.300378799438477 109800
15.227431686733508 15.646869070850993 15.153572918598313 15.59216022491455 144100
15.801880356107723 15.801880356107723 15.049626264529001 15.136250495910645 195200
15.5374512942758 15.920414952906029 15.500977571075104 15.82923412322998 161800
15.938654299863156 16.093664169311523 15.920417435419086 16.093664169311523 196500
16.00248266252762 16.020719528198242 15.738055066956552 16.020719528198242 221900
15.765408868541314 15.765408868541314 15.099777248071053 15.218315124511719 268200
15.136250597042615 15.136250597042615 14.935648577061038 15.108895301818848 263800
15.21731926447196 15.21731926447196 14.751289079683005 14.798843383789062 326400
14.912972835105355 14.912972835105355 14.456452795753718 14.694223403930664 232700
14.675202226928409 14.694223403930664 14.418409534726322 14.694223403930664 120500
14.741777319010156 14.741777319010156 14.171127511594166 14.294768333435059 221600
14.484985318311471 14.513518444947117 13.980911872379547 14.03797721862793 184800
14.028466176416048 14.17112818150264 13.90482534873031 14.03797721862793 152600
13.980912390389468 14.10455322265625 13.790696074218626 14.10455322265625 235900
14.028465988473643 14.104552511103533 13.885803985298324 13.914336204528809 178400
13.895314274138993 13.895314274138993 13.476838395043336 13.581457138061523 249700
13.64803353591929 13.64803353591929 13.191513487745228 13.277111053466797 188900
12.934722204282945 13.372220185201945 12.925211161714001 13.343687057495117 196400
13.48634938937213 13.590968132019043 13.315154258656364 13.590968132019043 187600
13.78118381090303 13.78118381090303 13.410262253982236 13.533902168273926 122800
13.600479923069491 13.809718326907685 13.520588434392312 13.771674156188965 148100
13.904825469540416 13.904825469540416 13.35319771477925 13.410263061523438 206300
13.41026281864587 13.64803342956496 13.286621992125195 13.600479125976562 185900
13.79069576768599 13.79069576768599 13.563386753376154 13.695587158203125 228700
13.733630678559303 14.11406421661377 13.590968668678215 14.11406421661377 191500
14.11406392806458 14.16161823272705 14.00944427640256 14.16161823272705 196600
14.199661399830147 14.199661399830147 14.133085010939977 14.171128273010254 240000
14.228193379391433 14.228193379391433 14.123574637220335 14.209171295166016 233700
14.237704134460262 14.266236353200256 14.114063310556448 14.256725311279297 542800
14.304280232691989 14.332812452666342 14.209171623413587 14.313791275024414 270100
14.275747347125797 14.304279565769866 14.076020002571568 14.266236305236816 271000
14.396851675549401 14.396851675549401 14.201903724987726 14.270135879516602 273200
14.201903590890874 14.435840943439862 14.201903590890874 14.396851539611816 181200
14.318872414300175 14.474830965858049 14.318872414300175 14.43584156036377 224200
14.318872016153477 14.367609004061348 14.19215714900603 14.260388374328613 105300
14.299378135328567 14.41244768981189 14.211651740822873 14.328619956970215 98000
14.299377655169682 14.328619475829418 14.094683051390088 14.162914276123047 109600
14.162914313107871 14.167788104827341 13.850999079707567 13.938725471496582 195000
13.938725588699397 13.938725588699397 13.617062769155472 13.704789161682129 207700
13.802262347344215 13.93872572927088 13.500094691794745 13.578073501586914 148500
13.314894117748837 13.321717240261798 13.090705275419708 13.158936500549316 207000
13.344135501052934 13.353883084203483 12.866515081644373 12.876262664794922 153800
12.876262742816547 12.983483369380187 12.729077582841914 12.866515159606934 172600
12.944494487940485 13.032220881202024 12.758319917203039 12.808032035827637 148700
12.973736997700874 13.012726401805956 12.710557822806033 12.944494247436523 115700
12.944494447466859 13.119947233441346 12.758319877311525 13.032220840454102 60100
13.207673688675557 13.305146736113532 13.168684283784222 13.246663093566895 133200
13.266157005390932 13.27590458876954 13.012726344612144 13.06146240234375 183600
12.963989188330512 13.090704981858682 12.700810018022612 12.749547004699707 164700
12.769042591073104 13.032220840454102 12.62283162623412 13.032220840454102 148800
13.051715988241762 13.051715988241762 12.720305583928448 12.925000190734863 226800
12.880000114440918 13.199999809265137 12.715999603271484 13.180000305175781 127500
13.050000190734863 13.239999771118164 12.920000076293945 13.199999809265137 109500
13.210000038146973 13.449999809265137 13.1850004196167 13.366000175476074 127900
13.350000381469727 13.449999809265137 13.25 13.319999694824219 121700
13.350000381469727 13.350000381469727 12.984999656677246 13.09000015258789 83200
13.010000228881836 13.012999534606934 12.75 12.760000228881836 141800
12.9399995803833 13.079999923706055 12.729999542236328 13.069999694824219 146600
12.949999809265137 13.239999771118164 12.920000076293945 13.210000038146973 247200
13.050000190734863 13.164999961853027 12.699999809265137 12.699999809265137 129700
12.65999984741211 12.800000190734863 12.420000076293945 12.420000076293945 144500
12.380000114440918 12.479000091552734 12.1899995803833 12.25 133800
12.170000076293945 12.489999771118164 12.010000228881836 12.442399978637695 115139
