31.25 41.849998474121094 29.0 30.0 264280
31.25 32.79999923706055 26.350000381469727 30.5 276580
86.19999694824219 129.25 31.399999618530273 36.650001525878906 5819640
35.29999923706055 35.5 30.0 30.0 1187400
28.399999618530273 32.75 27.0 31.5 977340
31.100000381469727 31.399999618530273 28.600000381469727 29.350000381469727 327380
28.899999618530273 30.0 27.5 28.299999237060547 360200
28.049999237060547 28.235000610351562 26.75 27.100000381469727 206360
27.100000381469727 28.0 24.450000762939453 26.0 299140
25.600000381469727 25.75 23.200000762939453 25.450000762939453 272980
25.799999237060547 27.399999618530273 24.75 25.549999237060547 210840
25.655000686645508 25.844999313354492 24.149999618530273 24.5 120140
24.100000381469727 24.75 22.600000381469727 23.25 129780
23.049999237060547 27.299999237060547 22.649999618530273 25.200000762939453 540880
24.850000381469727 26.0 23.850000381469727 24.100000381469727 117200
24.25 25.0 24.0 24.700000762939453 125380
25.5 26.600000381469727 24.100000381469727 25.799999237060547 314440
25.299999237060547 31.299999237060547 25.0 26.899999618530273 1014320
27.200000762939453 27.200000762939453 24.399999618530273 25.899999618530273 192680
25.399999618530273 26.510000228881836 24.75 25.799999237060547 101300
25.600000381469727 25.899999618530273 24.799999237060547 25.0 88780
25.200000762939453 25.545000076293945 24.399999618530273 25.0 93040
24.75 25.350000381469727 24.260000228881836 25.0 99020
24.899999618530273 25.0 24.200000762939453 24.450000762939453 96720
24.5 25.450000762939453 24.299999237060547 25.200000762939453 117680
24.899999618530273 25.25 24.450000762939453 25.100000381469727 60440
24.549999237060547 25.049999237060547 23.25 24.25 104560
24.149999618530273 24.75 23.5 24.100000381469727 70360
23.0 23.600000381469727 21.424999237060547 22.649999618530273 151140
23.549999237060547 24.450000762939453 22.649999618530273 23.549999237060547 119360
23.100000381469727 23.600000381469727 22.149999618530273 22.5 69200
22.850000381469727 23.5 22.049999237060547 22.5 73220
22.649999618530273 23.0 22.049999237060547 22.399999618530273 135440
23.5 24.149999618530273 22.600000381469727 23.25 121020
23.149999618530273 25.149999618530273 22.850000381469727 23.899999618530273 281560
23.899999618530273 24.399999618530273 23.399999618530273 23.75 104880
23.979999542236328 24.5 23.149999618530273 23.399999618530273 109640
23.549999237060547 26.200000762939453 23.100000381469727 25.75 466780
25.25 26.399999618530273 23.200000762939453 24.600000381469727 396540
25.0 26.5 23.549999237060547 24.149999618530273 241820
26.950000762939453 32.900001525878906 25.899999618530273 27.25 2615840
28.399999618530273 32.900001525878906 27.600000381469727 31.700000762939453 610460
30.049999237060547 31.450000762939453 27.5 27.75 255940
27.0 28.329999923706055 26.100000381469727 26.700000762939453 102460
26.899999618530273 27.375 25.200000762939453 25.549999237060547 148160
25.174999237060547 25.549999237060547 24.100000381469727 24.700000762939453 118920
23.549999237060547 23.600000381469727 20.0 21.149999618530273 236920
21.049999237060547 22.75 21.0 21.549999237060547 75680
22.100000381469727 22.34000015258789 20.399999618530273 20.450000762939453 79060
20.600000381469727 21.0 18.799999237060547 19.549999237060547 131820
19.600000381469727 21.700000762939453 19.5 20.350000381469727 259460
20.149999618530273 22.100000381469727 19.799999237060547 21.049999237060547 130040
20.75 21.700000762939453 19.350000381469727 19.350000381469727 103200
19.395000457763672 19.450000762939453 15.5 15.949999809265137 138020
16.350000381469727 16.350000381469727 14.100000381469727 15.100000381469727 103240
15.300000190734863 15.899999618530273 15.050000190734863 15.199999809265137 52880
15.649999618530273 17.75 15.199999809265137 17.25 286720
17.5 18.100000381469727 16.469999313354492 17.200000762939453 89420
17.549999237060547 20.299999237060547 17.100000381469727 18.700000762939453 299360
18.450000762939453 22.399999618530273 17.75 21.100000381469727 453520
23.049999237060547 48.25 21.799999237060547 46.5 9126640
33.849998474121094 36.25 29.049999237060547 29.950000762939453 2538480
28.75 56.400001525878906 26.450000762939453 53.0 20113320
68.55000305175781 85.0 47.29999923706055 50.79999923706055 18204180
51.20000076293945 61.75 48.5 57.150001525878906 4731600
52.29999923706055 71.5 51.54999923706055 70.94999694824219 7770860
66.55000305175781 75.75 53.20000076293945 55.599998474121094 4104560
58.540000915527344 61.45000076293945 46.25 47.0 976080
40.900001525878906 56.75 39.599998474121094 50.0 1254400
48.83000183105469 50.900001525878906 43.599998474121094 46.29999923706055 414440
45.595001220703125 49.36000061035156 39.29999923706055 40.400001525878906 238020
39.25 44.25 35.60499954223633 38.650001525878906 654600
40.79999923706055 42.900001525878906 39.0 39.5 238980
40.0 42.20000076293945 37.79999923706055 39.45000076293945 272300
39.5 48.20000076293945 38.5 42.75 972700
42.900001525878906 46.400001525878906 41.04999923706055 41.400001525878906 280080
42.20000076293945 43.849998474121094 39.900001525878906 40.29999923706055 171740
40.900001525878906 40.900001525878906 37.54999923706055 38.650001525878906 151200
38.45000076293945 40.79999923706055 36.654998779296875 37.900001525878906 127800
37.849998474121094 37.900001525878906 32.54999923706055 32.599998474121094 164100
32.439998626708984 33.20000076293945 30.5 31.700000762939453 105220
31.399999618530273 36.45000076293945 31.0 32.0 854520
32.150001525878906 33.45000076293945 28.764999389648438 29.799999237060547 185340
29.399999618530273 29.799999237060547 27.899999618530273 29.350000381469727 117660
28.549999237060547 29.100000381469727 23.850000381469727 24.25 196260
24.350000381469727 29.899999618530273 24.299999237060547 25.25 1652840
24.649999618530273 27.649999618530273 24.649999618530273 27.25 332820
27.549999237060547 32.599998474121094 26.299999237060547 27.899999618530273 1794860
28.350000381469727 32.0 27.799999237060547 30.799999237060547 1424200
32.5 35.900001525878906 31.549999237060547 33.29999923706055 792220
34.650001525878906 34.75 29.799999237060547 31.75 432640
31.549999237060547 34.25 30.200000762939453 31.450000762939453 252900
31.5 33.599998474121094 28.75 33.0 664420
30.75 32.400001525878906 29.5 30.700000762939453 243740
31.0 31.0 28.850000381469727 29.5 101480
28.649999618530273 29.700000762939453 27.049999237060547 28.950000762939453 195300
28.399999618530273 28.950000762939453 26.799999237060547 26.950000762939453 79440
26.799999237060547 27.399999618530273 25.600000381469727 26.399999618530273 54360
24.899999618530273 27.5 24.899999618530273 26.25 85760
26.149999618530273 26.5 23.875 23.899999618530273 55740
22.450000762939453 23.850000381469727 21.940000534057617 23.799999237060547 66920
23.100000381469727 24.950000762939453 22.0 22.5 160280
22.600000381469727 23.200000762939453 20.5 20.549999237060547 49700
21.25 23.5 21.0 22.549999237060547 206000
23.299999237060547 23.799999237060547 21.709999084472656 22.600000381469727 119520
22.25 23.899999618530273 21.799999237060547 23.100000381469727 48320
22.049999237060547 22.350000381469727 21.139999389648438 21.299999237060547 38480
21.75 24.399999618530273 21.350000381469727 24.049999237060547 209500
23.549999237060547 24.0 21.5 21.799999237060547 79060
22.200000762939453 22.299999237060547 20.899999618530273 21.375 78400
21.600000381469727 22.549999237060547 20.5 21.100000381469727 91140
22.0 28.950000762939453 21.5 27.25 889300
27.149999618530273 27.2450008392334 24.5 25.25 158540
25.350000381469727 26.75 23.25 23.899999618530273 149940
24.735000610351562 29.399999618530273 23.100000381469727 28.649999618530273 669240
26.600000381469727 27.299999237060547 24.399999618530273 25.299999237060547 365980
25.0 26.700000762939453 24.049999237060547 24.850000381469727 273400
25.0 25.5 24.149999618530273 24.25 146320
24.5 26.100000381469727 24.100000381469727 25.350000381469727 358500
25.399999618530273 26.5 24.299999237060547 25.75 244360
25.799999237060547 31.200000762939453 25.299999237060547 28.649999618530273 1276100
28.25 30.0 25.65999984741211 26.0 291920
26.299999237060547 27.299999237060547 26.049999237060547 26.899999618530273 243380
26.75 28.649999618530273 25.75 27.450000762939453 331480
27.149999618530273 27.5 25.149999618530273 25.549999237060547 145040
25.450000762939453 26.200000762939453 24.399999618530273 25.25 77520
24.600000381469727 26.049999237060547 24.350000381469727 24.399999618530273 85860
24.25 25.549999237060547 23.799999237060547 24.350000381469727 116860
24.399999618530273 24.44499969482422 22.5 22.700000762939453 99320
22.899999618530273 23.25 21.950000762939453 22.700000762939453 95700
22.399999618530273 24.149999618530273 22.100000381469727 23.450000762939453 267640
23.549999237060547 24.100000381469727 23.049999237060547 24.100000381469727 44880
24.100000381469727 25.0 23.950000762939453 24.399999618530273 93920
24.450000762939453 25.5 24.100000381469727 24.850000381469727 90820
24.850000381469727 25.950000762939453 23.75 24.299999237060547 252800
24.450000762939453 24.899999618530273 23.75 24.600000381469727 43620
25.0 25.0 23.399999618530273 23.549999237060547 38660
23.200000762939453 23.5 22.549999237060547 23.149999618530273 26480
23.450000762939453 23.450000762939453 22.649999618530273 23.200000762939453 21860
23.5 23.549999237060547 21.0 21.950000762939453 104280
21.350000381469727 23.75 20.799999237060547 22.649999618530273 162040
22.850000381469727 24.075000762939453 22.25 23.399999618530273 43720
23.299999237060547 23.899999618530273 22.5 23.75 46660
23.399999618530273 24.899999618530273 22.9950008392334 23.950000762939453 56640
24.049999237060547 24.149999618530273 22.719999313354492 23.049999237060547 30020
23.0 26.700000762939453 22.299999237060547 23.75 1066040
23.299999237060547 24.450000762939453 21.649999618530273 22.600000381469727 279360
21.649999618530273 22.75 21.5 22.200000762939453 37960
21.799999237060547 22.100000381469727 21.100000381469727 21.75 35280
21.850000381469727 23.700000762939453 21.850000381469727 22.5 387520
22.549999237060547 22.799999237060547 22.0 22.149999618530273 58500
22.0 22.049999237060547 20.25 20.5 84380
20.25 22.899999618530273 18.850000381469727 22.0 376620
21.5 21.5 20.600000381469727 21.049999237060547 36180
21.299999237060547 22.5 20.799999237060547 21.399999618530273 74000
21.25 22.25 20.950000762939453 21.5 43100
21.25 22.5 21.100000381469727 21.700000762939453 127120
22.200000762939453 24.100000381469727 21.549999237060547 22.75 416140
22.399999618530273 22.399999618530273 21.549999237060547 21.600000381469727 30600
21.100000381469727 21.950000762939453 20.899999618530273 20.899999618530273 48320
21.299999237060547 21.950000762939453 21.0 21.75 22660
21.600000381469727 21.950000762939453 21.5 21.5 12380
21.700000762939453 22.700000762939453 21.55500030517578 22.100000381469727 70560
21.950000762939453 22.25 21.25 21.950000762939453 29780
22.200000762939453 22.25 21.649999618530273 22.100000381469727 8200
21.850000381469727 22.25 21.649999618530273 21.649999618530273 22800
21.5 21.75 19.600000381469727 19.649999618530273 96000
19.549999237060547 20.700000762939453 19.5 19.899999618530273 37260
19.5 20.25 19.0 19.200000762939453 32740
19.399999618530273 20.549999237060547 18.90999984741211 20.350000381469727 26600
20.100000381469727 20.549999237060547 19.049999237060547 19.149999618530273 24480
19.0 19.799999237060547 18.899999618530273 19.549999237060547 22920
19.649999618530273 21.399999618530273 19.450000762939453 20.899999618530273 46240
20.950000762939453 25.25 20.950000762939453 21.799999237060547 762440
21.850000381469727 26.700000762939453 20.950000762939453 24.149999618530273 1114240
23.450000762939453 26.600000381469727 22.799999237060547 23.600000381469727 502940
23.799999237060547 24.850000381469727 22.850000381469727 23.600000381469727 106220
23.25 24.0 22.399999618530273 23.450000762939453 49600
23.399999618530273 26.25 23.350000381469727 25.450000762939453 201220
25.450000762939453 26.5 24.5 25.299999237060547 211380
25.100000381469727 26.149999618530273 23.350000381469727 23.350000381469727 106200
23.5 24.25 22.850000381469727 22.899999618530273 35500
22.799999237060547 23.399999618530273 22.649999618530273 22.950000762939453 25700
22.850000381469727 23.655000686645508 21.850000381469727 22.399999618530273 71660
22.299999237060547 23.399999618530273 22.0 23.350000381469727 61160
23.450000762939453 23.5 22.149999618530273 22.25 19640
22.200000762939453 23.950000762939453 21.049999237060547 22.200000762939453 114960
22.25 22.399999618530273 21.049999237060547 21.450000762939453 38400
21.549999237060547 21.600000381469727 20.5 20.950000762939453 32320
20.799999237060547 21.850000381469727 20.5 21.5 57780
21.75 22.149999618530273 20.950000762939453 21.25 18880
20.850000381469727 21.700000762939453 19.75 20.200000762939453 41820
20.25 21.0 19.75 20.700000762939453 15900
20.700000762939453 21.799999237060547 20.149999618530273 21.024999618530273 58100
21.0 21.549999237060547 20.420000076293945 20.600000381469727 91520
20.299999237060547 20.950000762939453 19.899999618530273 19.950000762939453 22720
20.05500030517578 20.950000762939453 19.899999618530273 20.850000381469727 34920
20.850000381469727 21.0 19.899999618530273 20.25 35240
20.399999618530273 20.549999237060547 18.950000762939453 19.0 78260
19.100000381469727 19.899999618530273 18.75 19.799999237060547 30560
19.649999618530273 19.899999618530273 19.149999618530273 19.649999618530273 20900
19.5 19.600000381469727 18.649999618530273 18.75 23500
18.950000762939453 20.350000381469727 18.93000030517578 20.049999237060547 15140
19.600000381469727 20.350000381469727 19.25 19.75 19940
19.885000228881836 20.649999618530273 19.649999618530273 19.950000762939453 23820
19.899999618530273 20.5 19.600000381469727 19.899999618530273 14540
20.0 20.549999237060547 19.299999237060547 19.75 30220
19.350000381469727 20.200000762939453 19.049999237060547 19.549999237060547 59620
19.46500015258789 19.4950008392334 18.850000381469727 19.100000381469727 44360
19.200000762939453 19.649999618530273 18.149999618530273 18.299999237060547 38500
18.299999237060547 19.450000762939453 18.149999618530273 18.950000762939453 24860
19.049999237060547 19.44499969482422 18.549999237060547 19.149999618530273 12120
19.25 19.485000610351562 18.625 19.450000762939453 11160
19.600000381469727 21.100000381469727 19.049999237060547 20.200000762939453 63280
20.200000762939453 20.5 19.299999237060547 19.549999237060547 18540
19.600000381469727 21.100000381469727 19.0 20.100000381469727 85320
19.850000381469727 21.0 19.5 20.0 37500
20.149999618530273 20.549999237060547 19.5 19.799999237060547 30500
19.5 20.75 19.25 19.850000381469727 46160
20.25 20.600000381469727 19.264999389648438 20.5 42160
20.600000381469727 21.31999969482422 20.100000381469727 21.149999618530273 54080
21.149999618530273 21.950000762939453 20.950000762939453 21.700000762939453 48140
22.049999237060547 23.75 21.700000762939453 22.799999237060547 199360
22.649999618530273 24.399999618530273 22.350000381469727 23.700000762939453 109840
24.0 24.350000381469727 23.065000534057617 24.0 36380
23.899999618530273 25.75 22.200000762939453 23.5 103340
23.75 24.700000762939453 23.549999237060547 24.049999237060547 56640
24.100000381469727 24.149999618530273 22.700000762939453 23.950000762939453 25460
23.75 24.049999237060547 22.299999237060547 22.799999237060547 56760
22.700000762939453 23.799999237060547 22.700000762939453 23.350000381469727 22320
23.600000381469727 24.899999618530273 23.299999237060547 24.0 44200
24.0 25.0 23.299999237060547 24.5 53000
24.5 25.0 24.149999618530273 25.0 30860
25.0 25.600000381469727 24.5 24.700000762939453 31120
24.950000762939453 24.950000762939453 23.399999618530273 23.399999618530273 45900
23.350000381469727 24.0 22.899999618530273 23.850000381469727 56880
23.899999618530273 24.59000015258789 22.850000381469727 24.399999618530273 45860
24.5 24.5 22.600000381469727 22.899999618530273 30400
22.600000381469727 23.125 22.104999542236328 23.049999237060547 41140
22.5 23.0 22.0 22.950000762939453 22560
22.5 23.0 21.799999237060547 22.600000381469727 35820
22.299999237060547 22.450000762939453 21.450000762939453 21.75 29320
21.950000762939453 22.100000381469727 20.5 20.600000381469727 36220
20.700000762939453 21.6200008392334 20.399999618530273 20.5 20680
20.549999237060547 20.899999618530273 19.049999237060547 19.700000762939453 22000
19.549999237060547 21.200000762939453 18.684999465942383 20.549999237060547 54240
21.049999237060547 21.799999237060547 19.424999237060547 19.75 131480
20.350000381469727 20.899999618530273 19.649999618530273 20.0 53160
20.100000381469727 20.850000381469727 19.75 20.450000762939453 31800
20.299999237060547 21.149999618530273 19.59000015258789 20.649999618530273 39600
20.479999542236328 20.760000228881836 19.799999237060547 20.350000381469727 26120
20.200000762939453 22.450000762939453 20.200000762939453 21.850000381469727 85500
22.0 22.450000762939453 20.5 22.0 49020
22.0 22.399999618530273 20.75 21.700000762939453 52120
21.299999237060547 23.149999618530273 21.0 22.049999237060547 59100
21.5 23.0 21.024999618530273 22.75 26160
22.649999618530273 24.25 22.649999618530273 23.899999618530273 36460
24.200000762939453 24.399999618530273 23.350000381469727 23.75 42600
23.735000610351562 25.25 23.0 25.200000762939453 57160
24.899999618530273 26.450000762939453 24.399999618530273 24.399999618530273 45020
24.25 25.0 23.549999237060547 23.850000381469727 33320
23.75 26.774999618530273 23.459999084472656 25.100000381469727 232940
25.100000381469727 26.5 24.549999237060547 24.75 67160
24.5 26.0 24.079999923706055 25.549999237060547 54300
25.850000381469727 26.200000762939453 24.850000381469727 25.149999618530273 32540
25.09000015258789 25.09000015258789 23.549999237060547 24.100000381469727 31400
24.0 24.799999237060547 23.299999237060547 23.600000381469727 48620
23.5 25.200000762939453 23.5 24.799999237060547 45360
24.899999618530273 26.450000762939453 24.5 25.899999618530273 103240
25.850000381469727 25.950000762939453 24.174999237060547 25.5 45740
25.700000762939453 28.049999237060547 24.959999084472656 27.5 132680
27.25 27.5 25.799999237060547 26.950000762939453 42660
26.75 29.0 24.5 25.850000381469727 157600
25.399999618530273 26.75 24.600000381469727 25.25 74040
25.0 26.399999618530273 24.549999237060547 25.899999618530273 48660
26.25 26.350000381469727 24.75 25.649999618530273 54560
26.0 27.600000381469727 24.799999237060547 26.100000381469727 113740
26.200000762939453 27.0 25.149999618530273 26.149999618530273 65400
25.549999237060547 25.799999237060547 22.75 25.0 91720
24.549999237060547 25.5 23.25 24.0 57640
24.25 25.049999237060547 21.850000381469727 21.850000381469727 108200
21.799999237060547 22.700000762939453 21.399999618530273 21.5 31340
21.649999618530273 22.0 20.299999237060547 21.799999237060547 28420
21.5 23.5 21.5 22.850000381469727 53480
22.549999237060547 23.399999618530273 21.75 22.600000381469727 49180
22.5 22.700000762939453 21.049999237060547 21.700000762939453 31200
21.799999237060547 22.100000381469727 20.200000762939453 20.399999618530273 27840
20.149999618530273 21.5 20.100000381469727 20.950000762939453 51620
20.75 21.950000762939453 20.299999237060547 20.649999618530273 37420
20.350000381469727 22.25 20.350000381469727 21.899999618530273 35860
22.5 23.450000762939453 22.350000381469727 23.100000381469727 45060
20.799999237060547 23.75 20.799999237060547 21.899999618530273 40240
22.25 22.649999618530273 21.350000381469727 21.700000762939453 24460
21.5 22.5 21.0 21.350000381469727 59440
21.600000381469727 22.25 21.049999237060547 22.0 42140
21.75 23.299999237060547 21.399999618530273 23.049999237060547 69420
22.649999618530273 23.899999618530273 22.30500030517578 23.75 53260
23.5 25.450000762939453 23.0 25.450000762939453 78200
26.31999969482422 26.395000457763672 24.75 25.149999618530273 32940
25.0 25.850000381469727 23.899999618530273 25.100000381469727 44040
25.200000762939453 25.899999618530273 24.549999237060547 25.649999618530273 39520
25.450000762939453 26.950000762939453 25.25 26.649999618530273 69060
26.399999618530273 27.450000762939453 25.84000015258789 26.899999618530273 26160
26.899999618530273 27.299999237060547 25.450000762939453 25.899999618530273 26660
25.75 26.149999618530273 22.899999618530273 23.149999618530273 50000
23.149999618530273 23.899999618530273 22.799999237060547 23.399999618530273 19560
23.0 23.450000762939453 21.959999084472656 22.25 26300
21.850000381469727 22.25 21.149999618530273 21.5 20560
22.0 22.850000381469727 20.850000381469727 21.649999618530273 49860
22.450000762939453 22.799999237060547 21.600000381469727 22.0 45920
21.600000381469727 22.5 21.399999618530273 21.950000762939453 30160
22.25 22.25 20.299999237060547 20.399999618530273 19660
20.450000762939453 20.600000381469727 18.0 18.350000381469727 35340
18.450000762939453 19.100000381469727 18.0 18.350000381469727 33760
19.0 20.5 18.774999618530273 20.299999237060547 43720
20.350000381469727 22.25 20.299999237060547 21.299999237060547 54480
21.350000381469727 22.799999237060547 21.149999618530273 22.649999618530273 27680
22.0 22.799999237060547 20.149999618530273 21.25 23540
21.350000381469727 21.850000381469727 20.850000381469727 21.049999237060547 75500
21.200000762939453 22.75 20.75 21.5 45880
21.899999618530273 22.25 20.549999237060547 21.450000762939453 166040
21.350000381469727 22.049999237060547 20.899999618530273 21.850000381469727 27560
22.399999618530273 22.774999618530273 21.75 22.5 28060
22.5 22.75 21.75 22.5 34720
22.200000762939453 22.5 21.399999618530273 21.75 35740
21.700000762939453 21.850000381469727 20.625 20.950000762939453 25360
21.25 21.5 19.174999237060547 19.75 167420
19.649999618530273 21.049999237060547 19.450000762939453 19.899999618530273 154380
20.0 20.0 18.950000762939453 19.25 47120
18.899999618530273 18.950000762939453 17.649999618530273 18.0 52960
18.299999237060547 18.299999237060547 16.950000762939453 17.700000762939453 25460
17.549999237060547 18.799999237060547 17.25 18.299999237060547 25400
18.0 19.139999389648438 17.850000381469727 18.899999618530273 26340
20.200000762939453 23.049999237060547 18.950000762939453 19.5 224640
19.149999618530273 19.700000762939453 18.799999237060547 19.200000762939453 26900
19.0 19.350000381469727 18.5 19.049999237060547 21220
18.850000381469727 19.5 18.5 18.5 21840
18.399999618530273 19.100000381469727 18.200000762939453 18.75 31940
18.649999618530273 19.25 18.299999237060547 18.399999618530273 32120
18.450000762939453 19.5 18.450000762939453 19.049999237060547 30780
18.950000762939453 19.450000762939453 18.649999618530273 18.799999237060547 21660
18.399999618530273 19.549999237060547 18.399999618530273 19.100000381469727 21640
18.899999618530273 19.25 18.549999237060547 18.75 24040
18.75 19.25 18.25 18.25 26720
18.200000762939453 19.200000762939453 18.200000762939453 18.5 35200
18.700000762939453 19.450000762939453 18.649999618530273 19.149999618530273 21500
19.549999237060547 21.43000030517578 19.299999237060547 19.350000381469727 54880
20.5 21.25 19.700000762939453 20.399999618530273 28620
20.149999618530273 20.75 19.850000381469727 20.149999618530273 22480
19.850000381469727 20.399999618530273 18.75 18.850000381469727 22000
18.700000762939453 19.350000381469727 18.100000381469727 18.200000762939453 24060
17.799999237060547 18.0 16.0 16.149999618530273 22540
16.299999237060547 17.0 15.850000381469727 16.549999237060547 20780
16.5 17.0 14.800000190734863 15.100000381469727 23620
14.850000381469727 15.300000190734863 14.300000190734863 14.75 22440
15.550000190734863 15.774999618530273 14.619999885559082 15.699999809265137 24700
15.850000381469727 16.399999618530273 15.5 16.25 24640
16.350000381469727 16.799999237060547 15.899999618530273 16.0 25520
16.200000762939453 16.200000762939453 14.800000190734863 15.25 21740
15.494999885559082 16.799999237060547 15.399999618530273 16.549999237060547 24420
16.899999618530273 16.899999618530273 16.049999237060547 16.450000762939453 24780
16.049999237060547 17.600000381469727 16.049999237060547 16.25 11420
16.200000762939453 16.200000762939453 15.350000381469727 15.5 16600
16.0 16.600000381469727 15.600000381469727 15.649999618530273 27400
16.25 17.25 16.200000762939453 16.700000762939453 29000
16.950000762939453 17.950000762939453 16.75 17.399999618530273 28900
17.899999618530273 17.899999618530273 16.549999237060547 17.299999237060547 28060
17.399999618530273 17.899999618530273 17.0 17.25 21500
17.5 18.100000381469727 17.149999618530273 17.25 47700
17.25 17.299999237060547 16.850000381469727 17.049999237060547 22460
17.100000381469727 17.25 15.255000114440918 15.300000190734863 23500
15.25 15.449999809265137 15.149999618530273 15.300000190734863 13020
15.350000381469727 15.475000381469727 14.649999618530273 15.399999618530273 33420
15.050000190734863 16.200000762939453 15.050000190734863 15.100000381469727 33640
15.25 15.550000190734863 14.274999618530273 15.550000190734863 34400
15.149999618530273 15.75 14.75 15.699999809265137 20380
15.600000381469727 15.649999618530273 14.899999618530273 14.899999618530273 13780
14.75 15.949999809265137 14.694999694824219 15.699999809265137 29180
15.149999618530273 16.149999618530273 15.149999618530273 15.949999809265137 22480
15.800000190734863 17.0 15.800000190734863 16.5 30920
16.450000762939453 18.0 16.350000381469727 17.0 50560
16.799999237060547 16.854999542236328 16.024999618530273 16.100000381469727 43480
16.25 17.299999237060547 16.200000762939453 16.850000381469727 25580
17.0 17.9950008392334 16.899999618530273 16.899999618530273 40900
17.149999618530273 17.75 16.600000381469727 17.399999618530273 22720
17.5 17.700000762939453 16.75 16.75 9720
16.649999618530273 16.899999618530273 16.200000762939453 16.274999618530273 16260
16.100000381469727 16.399999618530273 15.0 15.050000190734863 31460
14.949999809265137 16.25 14.949999809265137 16.100000381469727 24660
15.25 15.600000381469727 15.0 15.149999618530273 22460
15.350000381469727 16.350000381469727 15.175000190734863 16.200000762939453 31420
15.449999809265137 16.799999237060547 15.449999809265137 16.450000762939453 30580
16.450000762939453 16.899999618530273 16.350000381469727 16.450000762939453 17180
16.450000762939453 16.450000762939453 15.449999809265137 15.449999809265137 9720
15.449999809265137 16.0 14.300000190734863 14.5 38620
14.5 15.225000381469727 13.949999809265137 14.050000190734863 22240
14.25 14.395000457763672 13.550000190734863 13.800000190734863 4940
13.649999618530273 14.0 12.75 12.75 14920
12.989999771118164 13.5 12.9399995803833 13.300000190734863 13460
13.550000190734863 13.550000190734863 13.100000381469727 13.199999809265137 5100
13.399999618530273 13.899999618530273 13.399999618530273 13.600000381469727 5040
13.800000190734863 13.800000190734863 13.350000381469727 13.350000381469727 2900
13.399999618530273 13.449999809265137 11.75 11.75 15720
11.949999809265137 12.949999809265137 11.699999809265137 12.300000190734863 14140
12.350000381469727 12.350000381469727 11.260000228881836 11.399999618530273 5580
11.649999618530273 11.699999809265137 11.149999618530273 11.649999618530273 8440
11.600000381469727 11.600000381469727 11.050000190734863 11.399999618530273 5520
11.75 11.75 11.100000381469727 11.25 3140
11.449999809265137 11.449999809265137 10.949999809265137 11.100000381469727 2320
10.75 11.100000381469727 10.0 10.449999809265137 18040
10.600000381469727 10.649999618530273 10.050000190734863 10.449999809265137 4800
10.199999809265137 10.600000381469727 10.100000381469727 10.25 2400
9.850000381469727 11.050000190734863 9.550000190734863 10.050000190734863 44760
10.274999618530273 11.300000190734863 10.100000381469727 10.800000190734863 35740
10.5 10.699999809265137 10.100000381469727 10.399999618530273 19080
10.449999809265137 10.5 9.664999961853027 10.0 10920
10.800000190734863 10.800000190734863 10.024999618530273 10.449999809265137 6160
10.6850004196167 10.699999809265137 10.050000190734863 10.399999618530273 6940
10.149999618530273 10.600000381469727 10.149999618530273 10.449999809265137 7120
10.350000381469727 10.675000190734863 10.0 10.350000381469727 7340
10.350000381469727 10.5 10.149999618530273 10.25 6500
10.395000457763672 10.600000381469727 9.649999618530273 9.8149995803833 6680
9.835000038146973 10.149999618530273 9.149999618530273 9.149999618530273 17860
8.899999618530273 9.109999656677246 8.600000381469727 8.699999809265137 3920
8.850000381469727 9.175000190734863 8.800000190734863 9.100000381469727 10680
8.899999618530273 9.25 8.800000190734863 8.949999809265137 8460
9.199999809265137 9.649999618530273 9.149999618530273 9.399999618530273 20500
9.649999618530273 9.75 9.149999618530273 9.449999809265137 13120
9.154999732971191 9.600000381469727 8.699999809265137 8.850000381469727 16380
9.0 9.5 8.949999809265137 9.100000381469727 15640
9.100000381469727 9.100000381469727 8.75 8.800000190734863 2180
9.0 9.25 8.5 8.5 14520
8.550000190734863 8.850000381469727 7.5 7.949999809265137 24700
7.949999809265137 8.100000381469727 7.5 7.599999904632568 2060
7.75 8.149999618530273 7.150000095367432 7.75 12540
7.75 8.5 7.75 8.100000381469727 16020
8.324999809265137 8.75 8.324999809265137 8.350000381469727 26280
8.399999618530273 9.100000381469727 8.100000381469727 8.100000381469727 22860
8.5 8.5 7.849999904632568 8.050000190734863 21360
8.149999618530273 8.399999618530273 7.550000190734863 7.699999809265137 25380
8.0 8.050000190734863 7.599999904632568 7.650000095367432 2860
7.650000095367432 7.800000190734863 7.400000095367432 7.449999809265137 20940
7.300000190734863 8.145000457763672 7.300000190734863 7.550000190734863 20500
7.829999923706055 7.829999923706055 7.400000095367432 7.400000095367432 1920
7.699999809265137 7.800000190734863 7.050000190734863 7.050000190734863 20000
7.050000190734863 7.150000095367432 5.75 5.900000095367432 13220
5.849999904632568 6.175000190734863 5.650000095367432 6.099999904632568 3540
5.900000095367432 6.5 5.5 5.5 7220
5.5 6.099999904632568 5.400000095367432 5.599999904632568 25260
5.599999904632568 5.949999809265137 4.400000095367432 4.525000095367432 64700
4.494999885559082 4.494999885559082 4.150000095367432 4.25 3820
4.25 4.550000190734863 4.150000095367432 4.25 14780
4.474999904632568 4.474999904632568 4.25 4.304999828338623 800
4.474999904632568 4.474999904632568 4.0 4.0 17000
4.5 4.5 3.7100000381469727 3.8949999809265137 17120
3.9000000953674316 4.0 3.6649999618530273 3.6649999618530273 2560
3.6649999618530273 3.884999990463257 3.515000104904175 3.549999952316284 7140
3.515000104904175 3.680000066757202 3.509999990463257 3.509999990463257 1560
3.5 3.549999952316284 3.2899999618530273 3.4649999141693115 9040
3.25 4.630000114440918 3.25 4.449999809265137 263800
3.8499999046325684 4.5 3.75 4.105000019073486 94900
4.0 4.139999866485596 3.2950000762939453 3.4749999046325684 32160
3.5 3.625 2.799999952316284 3.005000114440918 32220
2.950000047683716 3.5799999237060547 2.950000047683716 3.4200000762939453 17000
3.5950000286102295 3.5950000286102295 3.1649999618530273 3.255000114440918 6360
3.0199999809265137 3.450000047683716 3.0199999809265137 3.1500000953674316 7380
3.049999952316284 3.994999885559082 3.049999952316284 3.5999999046325684 18200
3.75 3.799999952316284 3.200000047683716 3.380000114440918 6820
3.494999885559082 3.549999952316284 3.3499999046325684 3.4649999141693115 4320
3.3499999046325684 3.5 3.3499999046325684 3.3499999046325684 2020
3.3499999046325684 3.5 3.25 3.25 2240
3.240000009536743 3.4700000286102295 3.005000114440918 3.1549999713897705 11420
3.2249999046325684 3.2249999046325684 3.0999999046325684 3.1500000953674316 4440
3.2300000190734863 3.4000000953674316 3.1500000953674316 3.244999885559082 1140
3.299999952316284 3.384999990463257 3.1500000953674316 3.1500000953674316 9040
3.25 3.299999952316284 3.25 3.2699999809265137 1240
3.25 3.3499999046325684 3.0 3.1500000953674316 2820
3.309999942779541 3.494999885559082 3.0 3.0 10800
2.9700000286102295 2.9700000286102295 2.7799999713897705 2.8499999046325684 2560
2.799999952316284 2.799999952316284 2.5 2.555000066757202 4720
2.549999952316284 2.734999895095825 2.549999952316284 2.684999942779541 660
2.755000114440918 3.390000104904175 2.755000114440918 3.0 12820
3.005000114440918 3.5 3.0 3.1600000858306885 12360
3.6649999618530273 3.6649999618530273 3.25 3.4149999618530273 6380
3.549999952316284 3.549999952316284 3.255000114440918 3.299999952316284 2480
3.319999933242798 3.5 3.299999952316284 3.3399999141693115 2040
3.299999952316284 3.575000047683716 3.299999952316284 3.299999952316284 2840
3.299999952316284 3.299999952316284 3.1500000953674316 3.1500000953674316 1960
3.140000104904175 3.1500000953674316 2.9000000953674316 2.9000000953674316 4640
3.049999952316284 3.049999952316284 2.549999952316284 2.9000000953674316 4620
2.75 2.755000114440918 2.5999999046325684 2.7300000190734863 1120
2.75 2.8499999046325684 2.6500000953674316 2.6600000858306885 1100
2.7950000762939453 2.809999942779541 2.5250000953674316 2.674999952316284 1880
2.5250000953674316 2.809999942779541 2.5250000953674316 2.809999942779541 1860
2.6500000953674316 2.8499999046325684 2.5999999046325684 2.5999999046325684 2140
2.6050000190734863 2.75 2.6050000190734863 2.700000047683716 480
2.75 3.0 2.75 2.950000047683716 3820
2.815000057220459 3.0 2.815000057220459 2.9000000953674316 2100
3.0999999046325684 3.1050000190734863 2.9000000953674316 2.950000047683716 2380
3.0 3.0999999046325684 2.9749999046325684 3.0 840
3.0 4.25 3.0 3.700000047683716 23920
4.0 4.900000095367432 3.950000047683716 4.25 44800
4.730000019073486 4.75 4.099999904632568 4.369999885559082 10140
4.349999904632568 4.400000095367432 3.549999952316284 4.0 16700
3.549999952316284 3.880000114440918 3.505000114440918 3.619999885559082 6160
3.5 3.559999942779541 3.5 3.5 16740
3.549999952316284 3.549999952316284 3.299999952316284 3.299999952316284 6540
3.3499999046325684 3.75 3.25 3.484999895095825 880
3.3499999046325684 3.3499999046325684 3.1500000953674316 3.1500000953674316 2540
3.2750000953674316 3.2750000953674316 2.75 2.8499999046325684 6720
2.859999895095825 3.009999990463257 2.8499999046325684 2.8499999046325684 3520
2.8499999046325684 2.9000000953674316 2.505000114440918 2.505000114440918 8380
2.509999990463257 2.6500000953674316 2.5 2.549999952316284 3380
2.6500000953674316 2.6500000953674316 2.5 2.5999999046325684 2880
2.5850000381469727 2.619999885559082 2.5 2.505000114440918 11220
3.0899999141693115 3.0899999141693115 2.4000000953674316 2.700000047683716 13660
2.7249999046325684 2.7249999046325684 2.25 2.265000104904175 21480
2.4000000953674316 2.7300000190734863 2.299999952316284 2.565000057220459 19520
2.5999999046325684 3.3499999046325684 2.555000066757202 3.0350000858306885 68840
3.2049999237060547 3.4000000953674316 3.049999952316284 3.265000104904175 21120
3.3499999046325684 3.549999952316284 3.255000114440918 3.299999952316284 9600
3.4649999141693115 3.5 2.75 2.994999885559082 17600
2.9049999713897705 3.5 2.9049999713897705 3.450000047683716 11300
3.365000009536743 3.8499999046325684 3.305000066757202 3.684999942779541 18420
3.799999952316284 4.0 3.5 3.8499999046325684 38320
3.734999895095825 3.8499999046325684 3.299999952316284 3.6549999713897705 13180
3.4200000762939453 3.5999999046325684 3.3499999046325684 3.5999999046325684 1340
3.6500000953674316 3.6500000953674316 3.059999942779541 3.4100000858306885 5200
3.5250000953674316 3.549999952316284 3.450000047683716 3.450000047683716 1720
3.4000000953674316 3.549999952316284 3.3499999046325684 3.549999952316284 14640
3.3499999046325684 3.549999952316284 3.3499999046325684 3.549999952316284 2620
3.549999952316284 3.549999952316284 3.4000000953674316 3.549999952316284 45240
3.5999999046325684 3.5999999046325684 3.450000047683716 3.5 13300
3.299999952316284 3.5 3.200000047683716 3.4000000953674316 1880
3.25 3.5 3.25 3.4000000953674316 3820
3.5 3.5 3.25 3.4149999618530273 4980
3.5 3.5 3.390000104904175 3.424999952316284 51160
3.4000000953674316 3.5 3.299999952316284 3.444999933242798 4840
3.25 3.5 3.2049999237060547 3.5 2300
3.450000047683716 3.5 3.299999952316284 3.315000057220459 4320
3.2049999237060547 3.9200000762939453 3.2049999237060547 3.6500000953674316 72940
3.549999952316284 3.6500000953674316 2.950000047683716 3.299999952316284 43600
3.200000047683716 4.474999904632568 3.0 4.400000095367432 269000
4.400000095367432 4.454999923706055 3.5850000381469727 3.944999933242798 70940
3.8499999046325684 3.944999933242798 3.4049999713897705 3.700000047683716 19200
3.5899999141693115 3.5999999046325684 3.3350000381469727 3.5250000953674316 17380
3.5 3.549999952316284 3.299999952316284 3.509999990463257 16400
3.7899999618530273 3.7950000762939453 3.450000047683716 3.75 11360
3.565000057220459 3.674999952316284 3.2100000381469727 3.5299999713897705 21100
3.299999952316284 3.369999885559082 3.2899999618530273 3.3499999046325684 2160
3.3499999046325684 3.3499999046325684 3.200000047683716 3.2049999237060547 6060
3.2049999237060547 3.4000000953674316 3.1500000953674316 3.380000114440918 3520
3.1600000858306885 3.315000057220459 2.5999999046325684 2.9000000953674316 12540
2.7200000286102295 2.799999952316284 2.6050000190734863 2.700000047683716 5980
2.700000047683716 2.9700000286102295 2.700000047683716 2.7049999237060547 11280
2.75 2.8499999046325684 2.75 2.799999952316284 2900
2.799999952316284 2.950000047683716 2.799999952316284 2.924999952316284 1920
2.924999952316284 3.049999952316284 2.924999952316284 2.934999942779541 1040
2.924999952316284 2.9549999237060547 2.799999952316284 2.8450000286102295 2380
2.759999990463257 2.950000047683716 2.6500000953674316 2.700000047683716 1600
2.7850000858306885 2.9000000953674316 2.7850000858306885 2.7850000858306885 3020
2.6500000953674316 2.700000047683716 2.555000066757202 2.700000047683716 2760
2.5 2.700000047683716 2.325000047683716 2.3499999046325684 27140
2.740000009536743 2.740000009536743 2.3499999046325684 2.390000104904175 4760
2.390000104904175 2.505000114440918 2.390000104904175 2.5 3820
2.450000047683716 2.5250000953674316 2.3949999809265137 2.4000000953674316 4260
2.4000000953674316 2.4000000953674316 2.325000047683716 2.3550000190734863 5680
2.4000000953674316 2.4100000858306885 2.369999885559082 2.369999885559082 4900
2.484999895095825 2.5 2.384999990463257 2.5 3280
2.424999952316284 2.5 2.3499999046325684 2.5 4820
2.5 2.5 2.25 2.299999952316284 5840
2.049999952316284 2.4149999618530273 2.005000114440918 2.1600000858306885 9040
2.174999952316284 2.174999952316284 2.005000114440918 2.140000104904175 4420
2.200000047683716 2.2149999141693115 2.009999990463257 2.200000047683716 2500
2.049999952316284 2.444999933242798 2.049999952316284 2.174999952316284 1800
2.1700000762939453 2.174999952316284 2.1050000190734863 2.1050000190734863 740
2.25 2.450000047683716 2.0999999046325684 2.0999999046325684 2580
2.1500000953674316 2.4000000953674316 2.065000057220459 2.2249999046325684 5380
2.450000047683716 2.450000047683716 2.115000009536743 2.2200000286102295 620
2.0999999046325684 2.450000047683716 2.015000104904175 2.3550000190734863 1600
2.444999933242798 2.444999933242798 2.1500000953674316 2.200000047683716 3580
2.3550000190734863 2.3550000190734863 2.055000066757202 2.125 6600
2.25 2.25 2.1500000953674316 2.200000047683716 260
2.3550000190734863 2.6649999618530273 2.200000047683716 2.4649999141693115 12400
2.444999933242798 2.450000047683716 2.3399999141693115 2.3399999141693115 1680
2.319999933242798 2.490000009536743 2.315000057220459 2.490000009536743 900
2.5999999046325684 2.5999999046325684 2.3299999237060547 2.3299999237060547 6080
2.299999952316284 2.450000047683716 2.299999952316284 2.309999942779541 4500
2.440000057220459 2.549999952316284 2.375 2.549999952316284 8900
2.424999952316284 2.424999952316284 2.200000047683716 2.255000114440918 3280
2.259999990463257 2.380000114440918 2.259999990463257 2.3499999046325684 700
2.2300000190734863 2.549999952316284 2.2300000190734863 2.549999952316284 3540
2.5 2.549999952316284 2.259999990463257 2.5 1040
2.375 2.5 2.1050000190734863 2.5 3120
2.4000000953674316 2.450000047683716 2.4000000953674316 2.450000047683716 2040
2.5 3.1500000953674316 2.375 2.7249999046325684 39940
2.6500000953674316 3.5999999046325684 2.450000047683716 3.0 83580
3.0 3.0 2.509999990463257 2.509999990463257 13200
2.450000047683716 2.75 2.4000000953674316 2.6050000190734863 7360
2.4000000953674316 2.744999885559082 2.305000066757202 2.5 7920
2.3550000190734863 2.5 2.3550000190734863 2.5 2420
2.380000114440918 2.5 2.25 2.4000000953674316 4460
2.309999942779541 2.4000000953674316 2.309999942779541 2.315000057220459 2960
2.315000057220459 2.4100000858306885 2.315000057220459 2.4100000858306885 2320
2.434999942779541 2.5950000286102295 2.384999990463257 2.4000000953674316 1840
2.4000000953674316 2.515000104904175 2.3450000286102295 2.375 5400
2.3499999046325684 2.515000104904175 2.299999952316284 2.450000047683716 3480
2.450000047683716 2.484999895095825 2.450000047683716 2.450000047683716 2420
2.4700000286102295 2.7750000953674316 2.4700000286102295 2.674999952316284 16980
2.734999895095825 3.049999952316284 2.734999895095825 3.0299999713897705 22100
2.940000057220459 2.950000047683716 2.859999895095825 2.890000104904175 2960
2.890000104904175 2.9000000953674316 2.6500000953674316 2.9000000953674316 3160
3.0 3.0 2.740000009536743 2.740000009536743 420
2.6500000953674316 2.9000000953674316 2.6500000953674316 2.799999952316284 800
2.799999952316284 3.0999999046325684 2.75 2.9000000953674316 4500
3.0999999046325684 3.4000000953674316 2.799999952316284 3.200000047683716 14320
3.200000047683716 3.4000000953674316 3.200000047683716 3.3949999809265137 4380
3.25 3.450000047683716 3.1500000953674316 3.390000104904175 9680
3.325000047683716 3.325000047683716 3.0 3.0 12240
2.8499999046325684 3.2249999046325684 2.8499999046325684 3.049999952316284 3560
3.015000104904175 3.1500000953674316 3.0 3.1500000953674316 540
3.0 3.1500000953674316 3.0 3.0 640
2.950000047683716 3.200000047683716 2.950000047683716 3.200000047683716 1100
3.200000047683716 3.200000047683716 3.0250000953674316 3.0999999046325684 380
3.0 3.1500000953674316 3.0 3.0 860
3.0999999046325684 3.1500000953674316 2.799999952316284 2.799999952316284 2620
3.0 3.0 2.799999952316284 2.9000000953674316 1140
2.950000047683716 3.0999999046325684 2.799999952316284 2.9000000953674316 1460
3.1500000953674316 3.1500000953674316 2.799999952316284 3.1500000953674316 680
3.075000047683716 3.200000047683716 2.9049999713897705 3.049999952316284 1620
3.1050000190734863 3.1050000190734863 2.799999952316284 3.0 3800
2.9149999618530273 3.0 2.7950000762939453 2.8499999046325684 920
2.9649999141693115 2.9649999141693115 2.7950000762939453 2.950000047683716 1480
2.950000047683716 2.950000047683716 2.7950000762939453 2.950000047683716 1040
2.8499999046325684 2.950000047683716 2.8499999046325684 2.950000047683716 520
2.799999952316284 2.950000047683716 2.799999952316284 2.9000000953674316 1760
2.755000114440918 2.8499999046325684 2.700000047683716 2.8499999046325684 1980
2.765000104904175 3.0 2.75 2.8499999046325684 560
2.950000047683716 3.0 2.9000000953674316 3.0 1920
2.994999885559082 2.994999885559082 2.700000047683716 2.934999942779541 940
3.1050000190734863 3.1050000190734863 2.6500000953674316 2.9000000953674316 3300
2.9000000953674316 2.9149999618530273 2.630000114440918 2.8499999046325684 800
2.75 3.0999999046325684 2.6500000953674316 3.0999999046325684 980
2.7249999046325684 3.0950000286102295 2.700000047683716 2.8499999046325684 1360
2.9000000953674316 2.9000000953674316 2.6500000953674316 2.700000047683716 1000
3.0 3.200000047683716 2.6500000953674316 2.924999952316284 91160
2.8350000381469727 2.8350000381469727 2.559999942779541 2.6500000953674316 13760
2.6600000858306885 2.7699999809265137 2.575000047683716 2.700000047683716 6560
2.75 2.75 2.619999885559082 2.7200000286102295 1600
2.694999933242798 2.765000104904175 2.549999952316284 2.765000104904175 5440
2.694999933242798 2.990000009536743 2.569999933242798 2.609999895095825 9580
2.684999942779541 2.859999895095825 2.6700000762939453 2.8499999046325684 3780
2.8499999046325684 2.9000000953674316 2.700000047683716 2.9000000953674316 9800
2.8299999237060547 3.174999952316284 2.7950000762939453 2.890000104904175 8200
2.924999952316284 3.0199999809265137 2.75 2.799999952316284 4220
2.9000000953674316 3.174999952316284 2.7249999046325684 2.9000000953674316 11180
2.944999933242798 3.0 2.75 2.765000104904175 1780
2.805000066757202 2.944999933242798 2.6549999713897705 2.700000047683716 2560
2.825000047683716 3.1500000953674316 2.825000047683716 2.9749999046325684 5980
2.994999885559082 3.0999999046325684 2.6549999713897705 3.049999952316284 12720
3.0999999046325684 3.200000047683716 3.005000114440918 3.0250000953674316 6900
3.1500000953674316 3.200000047683716 3.0999999046325684 3.174999952316284 4380
3.1500000953674316 3.200000047683716 3.0999999046325684 3.200000047683716 3400
3.200000047683716 3.200000047683716 3.0299999713897705 3.0950000286102295 1100
3.0999999046325684 3.194999933242798 3.0999999046325684 3.0999999046325684 2420
3.1500000953674316 3.200000047683716 2.6600000858306885 2.8499999046325684 13700
3.0999999046325684 3.0999999046325684 2.8499999046325684 2.884999990463257 820
3.049999952316284 3.049999952316284 2.875 2.940000057220459 320
3.0450000762939453 3.0450000762939453 2.9000000953674316 2.9000000953674316 480
2.8499999046325684 3.0 2.8499999046325684 2.9000000953674316 2600
2.825000047683716 2.950000047683716 2.799999952316284 2.890000104904175 3140
2.890000104904175 2.890000104904175 2.799999952316284 2.890000104904175 280
2.680000066757202 2.75 2.6600000858306885 2.7049999237060547 2960
2.75 2.7850000858306885 2.700000047683716 2.7850000858306885 4160
2.805000066757202 2.825000047683716 2.75 2.825000047683716 320
2.805000066757202 2.950000047683716 2.674999952316284 2.805000066757202 660
2.9000000953674316 2.9000000953674316 2.6549999713897705 2.7850000858306885 300
2.734999895095825 2.799999952316284 2.690000057220459 2.7950000762939453 860
2.799999952316284 2.950000047683716 2.700000047683716 2.890000104904175 5020
2.75 3.0199999809265137 2.75 2.950000047683716 9300
2.994999885559082 2.994999885559082 2.8299999237060547 2.8350000381469727 2580
3.0 3.0 2.75 2.859999895095825 3840
2.9000000953674316 3.0999999046325684 2.865000009536743 3.0950000286102295 2800
3.0899999141693115 3.194999933242798 2.9100000858306885 3.1050000190734863 5320
3.0999999046325684 3.200000047683716 2.9049999713897705 3.065000057220459 3960
2.990000009536743 3.3450000286102295 2.990000009536743 3.265000104904175 15960
3.3450000286102295 3.5 3.1050000190734863 3.444999933242798 9840
3.494999885559082 3.940000057220459 3.25 3.6500000953674316 12260
3.5999999046325684 3.700000047683716 3.4000000953674316 3.700000047683716 8540
3.4700000286102295 3.700000047683716 3.4700000286102295 3.630000114440918 960
3.4700000286102295 3.6500000953674316 3.450000047683716 3.625 1320
3.424999952316284 3.5999999046325684 3.25 3.365000009536743 5120
3.424999952316284 3.424999952316284 3.25 3.3550000190734863 1400
3.3499999046325684 3.625 3.25 3.4749999046325684 5360
3.4000000953674316 3.615000009536743 3.3450000286102295 3.5950000286102295 3100
3.5950000286102295 3.5950000286102295 3.200000047683716 3.2799999713897705 1700
3.3499999046325684 3.5 3.200000047683716 3.484999895095825 3040
3.494999885559082 3.5999999046325684 3.2149999141693115 3.4000000953674316 1700
3.450000047683716 3.5 3.2750000953674316 3.2750000953674316 540
3.5 3.5 3.265000104904175 3.265000104904175 800
3.2049999237060547 3.5 3.2049999237060547 3.299999952316284 440
3.5 3.5 3.3499999046325684 3.4800000190734863 1100
3.549999952316284 3.549999952316284 3.2799999713897705 3.450000047683716 6060
3.4749999046325684 3.5 3.2100000381469727 3.4000000953674316 2360
3.2300000190734863 3.450000047683716 2.505000114440918 2.700000047683716 11300
2.549999952316284 3.0999999046325684 2.1600000858306885 2.25 16480
2.5250000953674316 2.6500000953674316 1.9550000429153442 2.055000066757202 4780
2.119999885559082 2.119999885559082 1.9800000190734863 2.0299999713897705 2060
2.009999990463257 2.450000047683716 1.7999999523162842 1.9500000476837158 17680
1.8650000095367432 2.049999952316284 1.600000023841858 1.600000023841858 10780
1.6799999475479126 1.75 1.4500000476837158 1.6649999618530273 133220
1.6150000095367432 1.625 1.2999999523162842 1.5499999523162842 31080
1.3200000524520874 1.5 1.25 1.409999966621399 27680
1.3049999475479126 1.75 1.25 1.5499999523162842 80260
1.4600000381469727 1.4800000190734863 1.350000023841858 1.350000023841858 81900
1.309999942779541 1.5429999828338623 1.309999942779541 1.4199999570846558 26200
1.309999942779541 1.3700000047683716 1.2999999523162842 1.3700000047683716 4600
1.2999999523162842 1.3949999809265137 1.25 1.25 15363
