4.5 6.110000133514404 3.5199999809265137 3.619999885559082 2081200
3.5899999141693115 3.687999963760376 2.869999885559082 3.0399999618530273 462400
2.940000057220459 3.6700000762939453 2.700000047683716 3.3299999237060547 693300
3.3299999237060547 3.559999942779541 2.799999952316284 3.0 135300
2.9000000953674316 3.140000104904175 2.5199999809265137 2.6500000953674316 108300
2.5799999237060547 2.630000114440918 2.0999999046325684 2.2200000286102295 150700
2.200000047683716 2.374000072479248 2.0999999046325684 2.200000047683716 92200
2.200000047683716 2.4700000286102295 2.0799999237060547 2.1110000610351562 92600
2.0399999618530273 2.1500000953674316 1.9199999570846558 2.0299999713897705 85300
1.9800000190734863 2.1500000953674316 1.9800000190734863 2.049999952316284 21000
2.0899999141693115 2.0959999561309814 1.9299999475479126 1.9700000286102295 51600
1.9700000286102295 2.075000047683716 1.9199999570846558 1.9199999570846558 15200
1.8799999952316284 2.049999952316284 1.8799999952316284 1.9199999570846558 6200
1.9299999475479126 2.200000047683716 1.909999966621399 1.9299999475479126 33400
1.940000057220459 2.049999952316284 1.940000057220459 1.9600000381469727 15800
2.009999990463257 2.1700000762939453 2.009999990463257 2.0799999237060547 6600
2.1500000953674316 2.1500000953674316 2.0299999713897705 2.0299999713897705 8900
2.0399999618530273 2.0920000076293945 2.0399999618530273 2.0899999141693115 8900
1.9800000190734863 2.140000104904175 1.9500000476837158 2.0 11000
2.109999895095825 2.11299991607666 2.0 2.009999990463257 3300
1.9900000095367432 2.5999999046325684 1.9900000095367432 2.2100000381469727 284600
2.0999999046325684 2.369999885559082 2.0999999046325684 2.2100000381469727 34300
2.049999952316284 2.2890000343322754 2.049999952316284 2.1500000953674316 8600
2.140000104904175 2.253999948501587 2.140000104904175 2.1500000953674316 9100
2.200000047683716 2.325000047683716 2.1700000762939453 2.180000066757202 30300
2.2799999713897705 2.2799999713897705 2.1700000762939453 2.1700000762939453 6300
2.1700000762939453 2.240000009536743 2.009999990463257 2.069999933242798 16400
2.3499999046325684 2.3499999046325684 2.0999999046325684 2.0999999046325684 5800
2.0999999046325684 2.380000114440918 2.0999999046325684 2.0999999046325684 26100
2.0999999046325684 2.2699999809265137 2.0999999046325684 2.109999895095825 9700
2.119999885559082 2.140000104904175 2.0999999046325684 2.0999999046325684 3700
2.0199999809265137 2.200000047683716 2.009999990463257 2.200000047683716 12400
2.140000104904175 2.240000009536743 2.0999999046325684 2.200000047683716 3100
2.0999999046325684 2.299999952316284 2.0999999046325684 2.1600000858306885 11700
2.2200000286102295 2.2200000286102295 2.0999999046325684 2.121000051498413 2100
2.140000104904175 2.319999933242798 2.059999942779541 2.1600000858306885 8500
2.259999990463257 2.305000066757202 2.109999895095825 2.130000114440918 3400
1.9900000095367432 2.200000047683716 1.9900000095367432 2.0999999046325684 12000
2.0799999237060547 2.0920000076293945 2.069999933242798 2.069999933242798 6300
2.0899999141693115 2.109999895095825 2.069999933242798 2.109999895095825 5100
2.0999999046325684 2.1429998874664307 2.059999942779541 2.1429998874664307 3800
2.0999999046325684 2.0999999046325684 2.0999999046325684 2.0999999046325684 1100
2.0399999618530273 2.115000009536743 2.0399999618530273 2.0799999237060547 6200
2.1029999256134033 2.130000114440918 2.0 2.0799999237060547 11700
2.0799999237060547 2.0799999237060547 2.0799999237060547 2.0799999237060547 0
2.0799999237060547 2.0799999237060547 1.909999966621399 2.009999990463257 8700
2.075000047683716 2.075000047683716 2.075000047683716 2.075000047683716 1000
2.0450000762939453 2.0450000762939453 1.9900000095367432 2.005000114440918 3200
2.0 2.0899999141693115 1.809999942779541 1.9500000476837158 22400
1.9199999570846558 2.0999999046325684 1.9199999570846558 2.055000066757202 22300
2.0799999237060547 2.9700000286102295 2.0789999961853027 2.3499999046325684 868400
2.1440000534057617 2.4700000286102295 2.0399999618530273 2.369999885559082 286000
2.319999933242798 2.8399999141693115 2.200000047683716 2.3380000591278076 302700
2.2899999618530273 2.490000009536743 1.909999966621399 1.9600000381469727 99000
2.0 2.130000114440918 1.909999966621399 2.119999885559082 34000
2.075000047683716 2.180000066757202 1.9299999475479126 2.119999885559082 40200
2.119999885559082 2.380000114440918 2.11899995803833 2.259999990463257 27900
2.259999990463257 2.259999990463257 2.0799999237060547 2.0899999141693115 6300
2.200000047683716 2.259999990463257 2.119999885559082 2.25 11400
2.2100000381469727 2.299999952316284 2.069999933242798 2.0799999237060547 30300
2.1089999675750732 2.299999952316284 2.0999999046325684 2.299999952316284 13200
2.259999990463257 2.3499999046325684 1.9600000381469727 2.119999885559082 46700
2.0899999141693115 2.0899999141693115 1.875 2.049999952316284 38900
2.0299999713897705 2.3499999046325684 2.009999990463257 2.259999990463257 32800
2.299999952316284 2.3499999046325684 2.0799999237060547 2.319999933242798 33200
2.059999942779541 2.140000104904175 2.059999942779541 2.069999933242798 8700
2.075000047683716 2.299999952316284 2.0 2.0299999713897705 6300
2.0299999713897705 2.0799999237060547 2.0299999713897705 2.0299999713897705 2900
2.049999952316284 2.1600000858306885 2.0299999713897705 2.109999895095825 20400
2.200000047683716 2.200000047683716 2.049999952316284 2.049999952316284 14100
2.240000009536743 2.240000009536743 2.0 2.0 2900
2.0899999141693115 2.0899999141693115 1.9900000095367432 1.9900000095367432 6500
2.2200000286102295 2.4600000381469727 2.0999999046325684 2.436000108718872 84100
2.440000057220459 2.619999885559082 2.4000000953674316 2.619999885559082 25300
2.5399999618530273 2.8499999046325684 2.5399999618530273 2.7200000286102295 86700
2.8499999046325684 2.950000047683716 2.7200000286102295 2.799999952316284 31100
2.7799999713897705 2.950000047683716 2.7200000286102295 2.940000057220459 16100
2.7799999713897705 3.240000009536743 2.7799999713897705 3.109999895095825 45300
3.1059999465942383 3.194999933242798 2.5299999713897705 3.1700000762939453 22400
3.180000066757202 3.3499999046325684 2.989000082015991 3.2799999713897705 19600
3.309999942779541 3.450000047683716 3.299999952316284 3.4000000953674316 13900
3.2200000286102295 3.2200000286102295 3.009999990463257 3.1489999294281006 1900
3.0899999141693115 3.200000047683716 3.0199999809265137 3.0199999809265137 6900
3.0199999809265137 3.200000047683716 3.0199999809265137 3.075000047683716 3800
3.0999999046325684 3.308000087738037 3.0999999046325684 3.0999999046325684 2100
3.1500000953674316 3.1500000953674316 3.1500000953674316 3.1500000953674316 300
2.9140000343322754 3.0199999809265137 2.9140000343322754 3.009999990463257 900
2.9000000953674316 3.0 2.799999952316284 2.9100000858306885 4900
3.0 3.2100000381469727 2.5199999809265137 2.6700000762939453 16600
2.5799999237060547 2.740000009536743 2.390000104904175 2.740000009536743 9600
2.5199999809265137 2.7200000286102295 2.4800000190734863 2.7200000286102295 600
2.6500000953674316 2.799999952316284 2.4700000286102295 2.75 2800
2.430000066757202 2.7669999599456787 2.430000066757202 2.7669999599456787 1300
2.440000057220459 2.5 2.440000057220459 2.5 700
2.630000114440918 2.630000114440918 2.630000114440918 2.630000114440918 200
2.700000047683716 2.700000047683716 2.700000047683716 2.700000047683716 200
2.6700000762939453 2.6700000762939453 2.6700000762939453 2.6700000762939453 100
2.8499999046325684 2.8499999046325684 2.509999990463257 2.680000066757202 700
2.5999999046325684 2.5999999046325684 2.5299999713897705 2.5299999713897705 2500
2.680000066757202 2.680000066757202 2.509999990463257 2.5950000286102295 1100
2.799999952316284 2.799999952316284 2.509999990463257 2.6500000953674316 1500
2.680000066757202 2.680000066757202 2.4100000858306885 2.450000047683716 900
2.450000047683716 2.7899999618530273 2.4000000953674316 2.4000000953674316 1900
2.0799999237060547 2.450000047683716 1.9900000095367432 2.319999933242798 14300
2.0899999141693115 2.4189999103546143 2.049999952316284 2.200000047683716 17000
2.1500000953674316 2.1500000953674316 2.055000066757202 2.0880000591278076 1200
2.200000047683716 2.200000047683716 2.200000047683716 2.200000047683716 300
2.200000047683716 2.200000047683716 2.200000047683716 2.200000047683716 400
2.009999990463257 2.190000057220459 2.009999990463257 2.190000057220459 1200
2.1500000953674316 2.299999952316284 2.049999952316284 2.299999952316284 1300
2.2200000286102295 2.2200000286102295 2.2200000286102295 2.2200000286102295 300
2.1700000762939453 2.1700000762939453 2.1700000762939453 2.1700000762939453 300
2.1500000953674316 2.1500000953674316 2.1500000953674316 2.1500000953674316 200
2.1500000953674316 2.1500000953674316 2.059999942779541 2.059999942779541 600
2.1500000953674316 2.200000047683716 2.1500000953674316 2.200000047683716 500
2.1500000953674316 2.299999952316284 2.0999999046325684 2.2699999809265137 2000
2.2799999713897705 2.380000114440918 2.1600000858306885 2.1600000858306885 2900
2.200000047683716 2.200000047683716 2.200000047683716 2.200000047683716 400
2.200000047683716 2.200000047683716 2.200000047683716 2.200000047683716 0
2.369999885559082 2.390000104904175 2.3499999046325684 2.3499999046325684 2000
2.390000104904175 2.5 2.390000104904175 2.4000000953674316 7700
2.187000036239624 2.25 2.187000036239624 2.25 1100
2.4000000953674316 2.440000057220459 2.140000104904175 2.2799999713897705 2200
2.0899999141693115 2.1500000953674316 2.009999990463257 2.009999990463257 10000
2.009999990463257 2.0899999141693115 1.9500000476837158 2.0199999809265137 10400
2.0399999618530273 2.240000009536743 1.8270000219345093 2.240000009536743 2900
1.8200000524520874 2.25 1.8200000524520874 2.200000047683716 3200
2.0 2.200000047683716 2.0 2.200000047683716 600
2.0199999809265137 2.200000047683716 1.909999966621399 2.200000047683716 2000
2.049999952316284 2.1500000953674316 1.8600000143051147 2.130000114440918 6800
2.1500000953674316 2.1500000953674316 1.899999976158142 2.0999999046325684 3400
2.0999999046325684 2.119999885559082 2.0999999046325684 2.119999885559082 200
2.0999999046325684 2.140000104904175 2.0999999046325684 2.140000104904175 300
2.1500000953674316 2.1500000953674316 2.1500000953674316 2.1500000953674316 300
2.190000057220459 2.190000057220459 2.190000057220459 2.190000057220459 100
1.9550000429153442 2.0799999237060547 1.8700000047683716 2.0799999237060547 4800
1.9700000286102295 1.9700000286102295 1.9700000286102295 1.9700000286102295 800
1.9199999570846558 2.0199999809265137 1.850000023841858 2.009999990463257 3800
2.1110000610351562 2.2339999675750732 2.109999895095825 2.2339999675750732 1100
2.200000047683716 2.2799999713897705 2.190000057220459 2.2300000190734863 7800
2.0999999046325684 2.1649999618530273 1.9500000476837158 2.0 10900
1.8300000429153442 1.9299999475479126 1.7999999523162842 1.899999976158142 12600
1.899999976158142 1.899999976158142 1.8700000047683716 1.899999976158142 2000
1.899999976158142 2.0899999141693115 1.7999999523162842 1.7999999523162842 2200
1.75 1.8380000591278076 1.75 1.8380000591278076 2100
1.840000033378601 1.840000033378601 1.6640000343322754 1.690000057220459 17800
1.7100000381469727 2.190000057220459 1.6100000143051147 2.0899999141693115 38300
2.009999990463257 2.0899999141693115 2.0 2.0899999141693115 10100
2.200000047683716 2.259999990463257 2.009999990463257 2.259999990463257 15400
2.200000047683716 2.200000047683716 2.0999999046325684 2.0999999046325684 1100
2.0399999618530273 2.2300000190734863 1.9500000476837158 2.2149999141693115 25000
2.200000047683716 2.200000047683716 2.109999895095825 2.1500000953674316 1700
2.25 2.490000009536743 2.2200000286102295 2.2200000286102295 5900
2.5899999141693115 2.5899999141693115 2.0999999046325684 2.4800000190734863 5700
2.4000000953674316 2.4000000953674316 2.049999952316284 2.049999952316284 2000
2.049999952316284 2.2929999828338623 2.049999952316284 2.109999895095825 1500
2.109999895095825 2.200000047683716 2.109999895095825 2.200000047683716 2400
2.0999999046325684 2.0999999046325684 1.909999966621399 1.909999966621399 17400
1.7799999713897705 2.049999952316284 1.7799999713897705 2.0 6200
2.4800000190734863 2.4800000190734863 1.9900000095367432 2.0199999809265137 19600
1.7799999713897705 2.200000047683716 1.7799999713897705 2.0 17300
1.8480000495910645 1.899999976158142 1.7799999713897705 1.8289999961853027 2100
1.8700000047683716 1.9700000286102295 1.8600000143051147 1.9700000286102295 14000
2.2100000381469727 2.2100000381469727 1.9700000286102295 1.9700000286102295 3600
1.9900000095367432 2.0299999713897705 1.9900000095367432 2.0299999713897705 900
2.0 3.0199999809265137 2.0 2.7300000190734863 11700
2.9000000953674316 3.0 1.9900000095367432 1.9900000095367432 14100
2.819999933242798 2.819999933242798 2.299999952316284 2.368000030517578 10200
2.509999990463257 2.509999990463257 2.380000114440918 2.4509999752044678 1100
2.4600000381469727 2.4600000381469727 2.200000047683716 2.309999942779541 1600
2.4000000953674316 2.4000000953674316 2.200000047683716 2.200000047683716 5600
2.2320001125335693 2.25600004196167 2.200000047683716 2.25600004196167 1700
2.2200000286102295 2.2200000286102295 2.2200000286102295 2.2200000286102295 500
2.200000047683716 2.200000047683716 2.200000047683716 2.200000047683716 2800
2.200000047683716 2.2149999141693115 2.200000047683716 2.2149999141693115 1000
2.2149999141693115 2.2149999141693115 2.2149999141693115 2.2149999141693115 0
2.7300000190734863 2.7300000190734863 2.200000047683716 2.25 39500
2.250999927520752 2.5199999809265137 2.2200000286102295 2.5199999809265137 10100
2.450000047683716 2.5 2.25 2.25 16800
2.4600000381469727 2.4600000381469727 2.240000009536743 2.2699999809265137 7900
2.2200000286102295 2.4800000190734863 2.200000047683716 2.319999933242798 5600
2.2100000381469727 2.430000066757202 2.2100000381469727 2.2200000286102295 3400
2.2200000286102295 2.384999990463257 2.2049999237060547 2.2149999141693115 5900
2.2149999141693115 2.2149999141693115 2.2149999141693115 2.2149999141693115 0
2.2149999141693115 2.2149999141693115 2.2149999141693115 2.2149999141693115 0
2.2130000591278076 2.2130000591278076 2.200000047683716 2.200000047683716 2400
2.200000047683716 2.2799999713897705 2.0999999046325684 2.1500000953674316 7200
2.1500000953674316 2.3499999046325684 2.140000104904175 2.140000104904175 2900
2.309999942779541 2.309999942779541 2.109999895095825 2.2100000381469727 3400
2.6600000858306885 2.6600000858306885 2.1600000858306885 2.2950000762939453 11600
2.5 7.0 2.4000000953674316 3.740000009536743 20025100
3.200000047683716 3.450000047683716 2.7200000286102295 3.0899999141693115 878500
2.9100000858306885 3.0850000381469727 2.5399999618530273 2.7699999809265137 273300
2.700000047683716 2.7200000286102295 2.180000066757202 2.180000066757202 327800
2.25 2.259999990463257 1.899999976158142 2.0799999237060547 172600
2.069999933242798 2.9800000190734863 2.0299999713897705 2.4000000953674316 1223500
2.569999933242798 2.700000047683716 2.0 2.2300000190734863 1062600
2.75 3.0299999713897705 2.1500000953674316 2.2300000190734863 6845500
2.190000057220459 2.75 2.1700000762939453 2.259999990463257 927500
2.490000009536743 2.6600000858306885 2.25 2.359999895095825 349800
2.2899999618530273 2.4649999141693115 2.1600000858306885 2.259999990463257 206800
2.200000047683716 2.4800000190734863 2.109999895095825 2.369999885559082 180500
2.309999942779541 2.440000057220459 2.25 2.3399999141693115 65800
2.4000000953674316 2.740000009536743 2.2699999809265137 2.569999933242798 232200
2.5299999713897705 2.5299999713897705 2.2799999713897705 2.3299999237060547 63500
2.2300000190734863 2.369999885559082 2.059999942779541 2.109999895095825 67100
1.9199999570846558 1.9900000095367432 1.7400000095367432 1.7799999713897705 177100
1.75 1.8300000429153442 1.6200000047683716 1.75 49200
1.9199999570846558 2.2300000190734863 1.840000033378601 1.9900000095367432 6316600
1.9800000190734863 2.0399999618530273 1.5399999618530273 1.5499999523162842 261200
1.5399999618530273 1.6480000019073486 1.3600000143051147 1.559999942779541 137000
1.5 1.590000033378601 1.5 1.5700000524520874 43900
1.5499999523162842 1.600000023841858 1.4500000476837158 1.4900000095367432 72000
1.4800000190734863 1.5240000486373901 1.309999942779541 1.4700000286102295 84000
1.4700000286102295 1.496999979019165 1.3799999952316284 1.3799999952316284 41900
1.4299999475479126 1.4299999475479126 1.284999966621399 1.309999942779541 53000
1.309999942779541 1.465999960899353 1.2999999523162842 1.3200000524520874 50400
1.3200000524520874 1.409000039100647 1.309999942779541 1.3600000143051147 32700
1.4600000381469727 1.5399999618530273 1.409999966621399 1.5 56900
1.600000023841858 1.6799999475479126 1.5499999523162842 1.6799999475479126 32700
1.7300000190734863 1.7300000190734863 1.5520000457763672 1.6299999952316284 32100
1.600000023841858 1.600000023841858 1.4299999475479126 1.4299999475479126 27900
1.350000023841858 1.4359999895095825 1.350000023841858 1.4199999570846558 22600
1.3300000429153442 1.4299999475479126 1.2899999618530273 1.2899999618530273 20100
1.350000023841858 1.3799999952316284 1.3200000524520874 1.3700000047683716 17600
1.3700000047683716 1.3899999856948853 1.100000023841858 1.2999999523162842 87000
1.3200000524520874 1.3200000524520874 1.1200000047683716 1.2100000381469727 19700
1.2999999523162842 1.3040000200271606 1.190000057220459 1.2100000381469727 14300
1.2000000476837158 1.309999942779541 1.1299999952316284 1.2000000476837158 23200
1.2200000286102295 1.2799999713897705 1.149999976158142 1.25 14700
1.1699999570846558 1.3600000143051147 1.1699999570846558 1.2799999713897705 16200
1.190000057220459 1.2899999618530273 1.1799999475479126 1.25 8900
1.1820000410079956 1.4900000095367432 1.159999966621399 1.399999976158142 39400
1.399999976158142 1.4900000095367432 1.3300000429153442 1.3600000143051147 26000
1.38100004196167 1.4800000190734863 1.3700000047683716 1.3700000047683716 16600
1.309999942779541 1.399999976158142 1.2000000476837158 1.2799999713897705 12400
1.2799999713897705 1.3799999952316284 1.2000000476837158 1.2699999809265137 8200
1.2899999618530273 1.3799999952316284 1.2200000286102295 1.2699999809265137 9700
1.3389999866485596 1.4800000190734863 1.25 1.2599999904632568 5600
1.2599999904632568 1.5 1.2599999904632568 1.409999966621399 19300
1.350000023841858 1.600000023841858 1.2999999523162842 1.5499999523162842 65900
1.600000023841858 1.7699999809265137 1.600000023841858 1.649999976158142 44300
1.75 1.899999976158142 1.6299999952316284 1.75 16100
1.6649999618530273 1.8700000047683716 1.6649999618530273 1.7200000286102295 9400
1.7999999523162842 3.25 1.7630000114440918 2.130000114440918 2085900
2.4000000953674316 2.609999895095825 1.899999976158142 1.940000057220459 1346300
1.7999999523162842 1.8300000429153442 1.4500000476837158 1.7000000476837158 211700
1.649999976158142 1.649999976158142 1.4299999475479126 1.5 90100
1.4600000381469727 1.5950000286102295 1.4600000381469727 1.5199999809265137 55400
1.5399999618530273 1.7300000190734863 1.4800000190734863 1.6100000143051147 60000
1.559999942779541 1.6950000524520874 1.3200000524520874 1.5499999523162842 32700
1.5499999523162842 1.7599999904632568 1.5499999523162842 1.7400000095367432 49000
1.649999976158142 1.8200000524520874 1.5800000429153442 1.7100000381469727 143600
1.7000000476837158 1.7300000190734863 1.4800000190734863 1.5579999685287476 179000
1.5390000343322754 1.8200000524520874 1.409999966621399 1.559999942779541 50300
1.5 1.6100000143051147 1.399999976158142 1.5269999504089355 24500
1.5399999618530273 1.5700000524520874 1.399999976158142 1.399999976158142 16600
1.340000033378601 1.409999966621399 1.284000039100647 1.3300000429153442 29200
1.4700000286102295 1.5399999618530273 1.2899999618530273 1.3700000047683716 12700
1.309999942779541 1.5729999542236328 1.309999942779541 1.559999942779541 71000
1.5149999856948853 1.6100000143051147 1.5010000467300415 1.559999942779541 15000
1.559000015258789 1.590000033378601 1.5099999904632568 1.5399999618530273 22300
1.5499999523162842 1.649999976158142 1.5499999523162842 1.628999948501587 5900
1.7000000476837158 1.8300000429153442 1.5800000429153442 1.75 269700
1.7100000381469727 1.8300000429153442 1.4420000314712524 1.4600000381469727 437900
1.3799999952316284 1.6299999952316284 1.309999942779541 1.4739999771118164 67400
1.4800000190734863 1.5099999904632568 1.399999976158142 1.4509999752044678 16300
1.3300000429153442 1.4259999990463257 1.2999999523162842 1.309999942779541 31100
1.2999999523162842 1.399999976158142 1.2300000190734863 1.2999999523162842 32100
1.350000023841858 1.3600000143051147 1.2799999713897705 1.340000033378601 23300
1.2899999618530273 1.3300000429153442 1.2899999618530273 1.2899999618530273 10600
1.2400000095367432 1.3049999475479126 1.2200000286102295 1.2949999570846558 40100
1.2580000162124634 1.3359999656677246 1.2580000162124634 1.284000039100647 4500
1.2699999809265137 1.3200000524520874 1.1100000143051147 1.1799999475479126 57100
1.2200000286102295 1.2200000286102295 1.1699999570846558 1.2200000286102295 10100
1.1699999570846558 1.2200000286102295 1.1699999570846558 1.2100000381469727 3100
1.2400000095367432 1.2999999523162842 1.2200000286102295 1.2300000190734863 9500
1.2300000190734863 1.2899999618530273 1.2200000286102295 1.2699999809265137 7000
1.2100000381469727 1.3200000524520874 1.159999966621399 1.1970000267028809 10000
1.25 1.25 1.093000054359436 1.149999976158142 18000
1.149999976158142 1.2000000476837158 1.100000023841858 1.159999966621399 8400
1.190000057220459 1.190000057220459 1.1080000400543213 1.1460000276565552 20300
1.1100000143051147 1.190000057220459 1.0700000524520874 1.1200000047683716 13500
1.1799999475479126 1.1799999475479126 1.0800000429153442 1.149999976158142 13000
1.1100000143051147 1.187999963760376 1.0199999809265137 1.1699999570846558 7800
1.1100000143051147 1.1699999570846558 1.0800000429153442 1.0800000429153442 14100
1.090000033378601 1.1019999980926514 0.9800000190734863 1.0800000429153442 12700
1.0839999914169312 1.100000023841858 1.0299999713897705 1.065000057220459 4900
1.0299999713897705 1.090000033378601 0.9200000166893005 1.090000033378601 22400
1.0399999618530273 1.1200000047683716 1.0099999904632568 1.0770000219345093 16700
1.1100000143051147 1.1770000457763672 1.1100000143051147 1.1699999570846558 9400
1.1399999856948853 1.190000057220459 1.1399999856948853 1.190000057220459 3500
1.1200000047683716 1.2200000286102295 1.1200000047683716 1.2200000286102295 13900
1.1710000038146973 1.340000033378601 1.1710000038146973 1.2699999809265137 60700
1.2300000190734863 1.3200000524520874 1.1799999475479126 1.2200000286102295 23300
1.1699999570846558 1.340000033378601 1.1699999570846558 1.2300000190734863 22000
1.159999966621399 1.409999966621399 1.1200000047683716 1.2999999523162842 29200
1.2999999523162842 1.5399999618530273 1.2999999523162842 1.5 74700
1.4600000381469727 1.5800000429153442 1.4500000476837158 1.524999976158142 41500
1.5 1.9199999570846558 1.4299999475479126 1.8799999952316284 269200
2.200000047683716 2.75 2.009999990463257 2.200000047683716 3988400
1.9800000190734863 2.0 1.6100000143051147 1.8700000047683716 450700
1.5299999713897705 1.7790000438690186 1.5 1.6200000047683716 200600
1.649999976158142 1.649999976158142 1.5 1.5499999523162842 44200
1.5299999713897705 1.590000033378601 1.4600000381469727 1.5800000429153442 47700
1.5099999904632568 1.5700000524520874 1.4800000190734863 1.5700000524520874 26600
1.559999942779541 1.5700000524520874 1.3300000429153442 1.409999966621399 136400
1.3600000143051147 1.3799999952316284 1.2699999809265137 1.309999942779541 28000
1.309999942779541 1.309999942779541 1.2300000190734863 1.2910000085830688 13000
1.2699999809265137 1.281999945640564 1.2100000381469727 1.25 18900
1.2000000476837158 1.4500000476837158 1.2000000476837158 1.350000023841858 25700
1.3600000143051147 1.649999976158142 1.3600000143051147 1.6399999856948853 97300
1.5399999618530273 1.7000000476837158 1.4900000095367432 1.7000000476837158 44400
1.6349999904632568 1.774999976158142 1.5800000429153442 1.7000000476837158 29800
1.6399999856948853 1.7400000095367432 1.5 1.5499999523162842 72800
1.5 1.6990000009536743 1.3799999952316284 1.6299999952316284 41100
1.5299999713897705 1.6959999799728394 1.5299999713897705 1.6200000047683716 7100
1.5460000038146973 1.6299999952316284 1.5460000038146973 1.600000023841858 4400
1.559999942779541 1.9700000286102295 1.559999942779541 1.9700000286102295 65900
1.909999966621399 2.049999952316284 1.8980000019073486 1.9630000591278076 57000
2.0199999809265137 2.2899999618530273 1.7999999523162842 2.180000066757202 151700
2.299999952316284 2.950000047683716 2.1700000762939453 2.7990000247955322 1189300
3.049999952316284 3.069999933242798 2.359999895095825 3.0399999618530273 5332900
3.0 3.0 2.359999895095825 2.5 754500
2.0299999713897705 2.1700000762939453 1.909999966621399 2.009999990463257 380900
1.840000033378601 2.0 1.7899999618530273 1.9900000095367432 176500
1.899999976158142 2.1500000953674316 1.850000023841858 1.9900000095367432 139600
2.0 2.0399999618530273 1.909999966621399 1.9800000190734863 83000
1.8799999952316284 1.9700000286102295 1.8200000524520874 1.940000057220459 91600
2.0999999046325684 2.200000047683716 1.899999976158142 1.9299999475479126 361900
1.9299999475479126 1.9850000143051147 1.8799999952316284 1.9199999570846558 61600
1.8799999952316284 2.0 1.8799999952316284 1.9299999475479126 55000
1.9299999475479126 1.9980000257492065 1.9299999475479126 1.9800000190734863 110500
1.7999999523162842 1.840000033378601 1.6100000143051147 1.7699999809265137 889500
1.840000033378601 2.0969998836517334 1.75 1.9900000095367432 190700
1.9500000476837158 1.9800000190734863 1.7999999523162842 1.8700000047683716 46300
1.840000033378601 1.940000057220459 1.7999999523162842 1.940000057220459 38300
1.909999966621399 2.059999942779541 1.899999976158142 2.0 52800
1.9900000095367432 2.0399999618530273 1.909999966621399 1.9450000524520874 42800
1.899999976158142 2.0299999713897705 1.8899999856948853 1.9859999418258667 50100
1.9199999570846558 1.9600000381469727 1.899999976158142 1.9199999570846558 20100
1.8600000143051147 1.9170000553131104 1.8600000143051147 1.8799999952316284 20400
1.8700000047683716 1.9900000095367432 1.8700000047683716 1.899999976158142 30300
1.9500000476837158 1.9500000476837158 1.8700000047683716 1.8700000047683716 28000
1.8700000047683716 1.899999976158142 1.8220000267028809 1.850000023841858 41100
1.899999976158142 1.9900000095367432 1.7999999523162842 1.899999976158142 166200
1.940000057220459 2.309999942779541 1.9010000228881836 2.2899999618530273 762700
2.3299999237060547 2.8399999141693115 2.1600000858306885 2.75 1376700
2.9200000762939453 2.950000047683716 2.190000057220459 2.5 1652200
2.25 2.299999952316284 2.0299999713897705 2.259999990463257 394800
2.069999933242798 2.200000047683716 2.0 2.0199999809265137 183500
2.0 2.049999952316284 1.75 1.850000023841858 271000
1.8300000429153442 1.8300000429153442 1.7100000381469727 1.7400000095367432 134600
1.809999942779541 1.809999942779541 1.7100000381469727 1.7200000286102295 50500
1.7699999809265137 1.7699999809265137 1.649999976158142 1.6799999475479126 65700
1.649999976158142 1.725000023841858 1.600000023841858 1.659999966621399 107200
1.659999966621399 1.6950000524520874 1.600000023841858 1.600000023841858 111200
1.600000023841858 1.6790000200271606 1.5199999809265137 1.5700000524520874 64700
1.600000023841858 1.6799999475479126 1.5499999523162842 1.600000023841858 143800
1.690000057220459 1.690000057220459 1.5499999523162842 1.590000033378601 34200
1.590000033378601 1.590000033378601 1.5299999713897705 1.5499000549316406 21308
