24.917066037498 26.15147096501838 24.439230340762105 24.867290496826172 33900
25.46458333306756 25.46458333306756 24.793624624003613 25.098243713378906 36100
25.76323006617043 25.76323006617043 24.389457383679392 24.538780212402344 34700
25.185847636548463 25.185847636548463 24.080857160120043 24.310813903808594 10600
23.891713596880912 24.688103290613153 23.891713596880912 24.27497673034668 11300
24.498960611169224 24.503937215788177 23.314329343875183 23.646821975708008 7400
22.995772536130037 23.266544626573978 22.687171796415278 23.06545639038086 12000
23.174962905366154 23.812074661254883 23.125187362723093 23.812074661254883 5900
24.220223899248612 24.220223899248612 23.194870536110006 23.481571197509766 2600
24.090811247287608 24.339683256458997 23.526368193772004 23.563201904296875 9600
23.792164403595297 23.792164403595297 23.36410423130951 23.471616744995117 12300
23.39396921122873 24.15253024067676 23.39396921122873 23.84691619873047 39100
24.170451031231007 24.170451031231007 21.920647764429443 22.597579956054688 28100
23.2446453495736 23.2446453495736 21.69168458987564 22.121734619140625 9300
22.398482355591664 22.626449222706007 22.2730514012383 22.527894973754883 12000
22.627441693125764 23.26455530170357 22.601559931816478 22.796674728393555 19100
22.79667517869075 22.874324261637728 22.597578714805902 22.73196792602539 1500
23.085368677355085 23.184917863251584 21.57222636820814 21.883813858032227 38700
21.741458818800467 21.741458818800467 20.726060568219467 21.019729614257812 8900
20.078993619330245 21.104346972668502 19.909760578463594 20.61655616760254 6600
21.592135522228855 21.980375239496407 21.193940696987426 21.547338485717773 7600
21.801188215915808 21.801188215915808 21.218828610030908 21.47267723083496 10800
21.05457175583537 21.17403115659046 20.467233657836914 20.467233657836914 19200
20.880361418679744 20.95502188028847 20.262163074996895 20.332841873168945 16700
20.55682619804292 20.55682619804292 19.670842512457295 19.9694881439209 6200
20.009310510459336 20.039173937250077 18.60567248901039 18.888391494750977 10900
17.650003310752197 18.838616328587776 17.172169485125256 17.709733963012695 35400
17.75950618063927 19.392105903037873 17.75950618063927 19.18902587890625 7500
19.998359783381968 20.477188524472368 19.85998700762595 20.308950424194336 13300
20.646420585951695 20.646420585951695 19.42197081980928 19.820165634155273 4700
20.49709843564463 20.49709843564463 19.511565526004304 19.573286056518555 10000
19.22287433174525 20.13872344313369 19.212919223076124 20.10886001586914 28400
19.770393165008176 19.84007702430192 19.023777131873338 19.8082218170166 3300
19.919715692589296 20.118812159188135 19.511565752507533 20.101890563964844 3000
19.979444190797626 20.317910268365342 19.979444190797626 20.128767013549805 4100
19.889850966125994 20.22831705813654 19.277626037597656 19.277626037597656 6900
19.989400474470905 20.36768510760772 18.983957290649414 18.983957290649414 8200
18.934181946566163 18.934181946566163 17.91878374530088 18.5758056640625 11900
18.43643947938884 18.46630290624046 17.92874033674045 18.003400802612305 15500
18.58576259673436 19.75048373049436 18.3269354671496 19.501611709594727 20800
22.09983554041419 22.09983554041419 19.262694209061415 19.481700897216797 33300
19.173099833963185 19.173099833963185 18.622595450382825 19.02377700805664 15500
19.22287429271189 19.611115935048126 19.22287429271189 19.387130737304688 8000
19.173098865653337 19.750481822410094 18.924226868797103 19.64595603942871 15600
19.41201777549548 19.451838210534092 18.914273729969956 19.25672149658203 5600
19.312466676844945 19.312466676844945 18.91427185955031 18.978979110717773 7000
18.824678725217773 18.824678725217773 17.938694975299097 18.43842887878418 13000
18.028289363609986 18.068107898640353 17.42104103976892 17.63009262084961 19100
17.540501241723348 17.988469749629974 17.451902101660284 17.61217498779297 3800
17.3115372669444 17.669913586723546 16.773974686018526 17.061670303344727 28500
17.500680256568565 17.500680256568565 16.754064201427 17.366289138793945 13800
18.008378423583974 18.346844502093273 17.66991234507468 18.27716064453125 10500
18.56585041014531 19.780346958513274 18.56585041014531 19.642969131469727 36300
20.895292756512422 20.895292756512422 19.54142847770316 20.234289169311523 18100
20.526962834860246 20.526962834860246 19.193008799390803 19.75446319580078 40100
20.30795497391539 20.46723290322118 20.079988129050786 20.310941696166992 25300
20.049129609828555 20.049129609828555 19.442878104760748 19.845054626464844 35000
19.272648087049312 20.283067788937377 19.272648087049312 20.21238899230957 11500
20.218361833855752 20.536917707159873 20.04912878882009 20.377639770507812 7900
20.178542532884393 20.755925506010556 19.94958074498359 20.447324752807617 10300
20.44732388054874 20.44732388054874 19.760436647405427 19.939624786376953 10700
20.059083652899627 20.497098922729492 19.830121859093715 20.497098922729492 12900
20.76588206129429 20.76588206129429 19.879896374473706 20.078994750976562 4400
20.596647763567557 20.64642140530759 20.357730865478516 20.357730865478516 6400
20.35772942373385 20.35772942373385 19.65591049194336 19.65591049194336 10700
19.601160925861116 20.327866772233712 19.529485282470947 20.078994750976562 7500
19.571293028486693 19.65591049194336 19.571293028486693 19.65591049194336 1900
19.621068776974536 19.855009078979492 19.09346131967694 19.855009078979492 18700
19.232829193942194 19.991392135620117 19.232829193942194 19.991392135620117 4000
20.407505137772574 20.407505137772574 20.004331791747227 20.059083938598633 9400
19.611114375987373 19.85003126833915 19.212917656658405 19.67084312438965 19700
20.208406269844154 20.208406269844154 19.46875863242976 19.690753936767578 3200
20.158633095788318 20.636466906064292 20.158633095788318 20.52198600769043 11900
21.074482174449727 21.821098214783927 21.01475342287097 21.695667266845703 28800
21.811143049617012 22.279021750127704 21.70163875638871 22.199382781982422 27100
22.527894256845023 23.199849845374718 22.498030829850027 22.56771469116211 50700
22.707080066257838 22.707080066257838 21.751412526361463 21.81014633178711 24600
21.85096242452849 21.990330137345612 21.4029920636982 21.492586135864258 12900
21.054572858327333 21.2038956930332 20.79574572542383 20.999820709228516 16000
22.179473690911664 22.891247774600377 21.58218050127001 22.876314163208008 45200
23.07541223008857 23.15505119443667 22.030148686934236 22.099834442138672 34300
22.17947465377662 22.45323349044696 21.900737313511794 22.10978889465332 9200
22.060013305698153 22.060013305698153 21.144164295588258 21.821096420288086 15200
22.313866698494486 22.65730940984104 21.975400592206775 21.980377197265625 37200
22.199382289163488 22.22924761358351 21.729511817914457 21.73847198486328 6700
21.5722264897164 22.547804339762997 21.502542628819185 21.587158203125 32500
21.602090195007314 22.269067225878306 21.602090195007314 22.21929168701172 30900
22.219291474880833 22.219291474880833 21.47267548769402 21.701637268066406 14400
22.229249419218725 22.229249419218725 21.82508110986981 21.890783309936523 12100
22.38852583097747 22.94599860270624 22.000286102294922 22.000286102294922 16200
21.960465674710026 21.970420782979083 21.562270837661515 21.81512451171875 19900
21.90073711895697 22.02019652050719 21.303443908691406 21.303443908691406 19700
21.19394155521356 21.388061421708016 20.905249108509047 20.984888076782227 19200
20.905248366766052 21.343263626098633 20.905248366766052 21.343263626098633 11700
21.044616418704727 21.114300277244638 20.786786142107054 20.875383377075195 22600
20.81565541068219 21.03466210273344 20.457279097559415 20.805700302124023 17100
21.10434786264061 21.353219880366357 20.787781866216445 20.805700302124023 30800
20.546872377373376 20.95502231868317 20.546872377373376 20.586692810058594 20900
20.427415339577397 20.785789748149483 20.10885946584986 20.666332244873047 9800
20.50705445361328 20.855475655005172 20.447325701550977 20.658369064331055 7600
20.805698914175032 21.821097134457105 20.78578869838691 21.78127670288086 31100
21.651865649212546 21.651865649212546 21.094392858398052 21.353219985961914 14400
21.253670830953816 22.12969950356602 21.253670830953816 21.93060302734375 27200
22.32879702475463 22.378570667221318 21.422903060913086 21.422903060913086 26000
23.891712935929448 24.379501847188877 23.433789349387318 24.14058494567871 216700
25.146028560067997 25.832915851384662 23.871803162932306 23.931533813476562 415700
23.752345353018004 23.79216388745789 22.98581910293694 23.473608016967773 130100
22.90618151683422 23.4039255691807 22.244181015816817 22.527894973754883 114700
22.527893742856254 22.547803959560532 21.50254226624199 21.91069221496582 68500
22.64735168108641 22.64735168108641 21.402991698609135 21.67177391052246 57300
21.72154854866966 21.917660192189633 21.607067652869205 21.80118751525879 36300
21.72154794674015 21.72154794674015 20.81167235145594 21.174030303955078 53900
21.004797884714524 21.094391959620904 20.45727832709299 20.875383377075195 69000
20.79574415990603 20.79574415990603 20.00930961032893 20.38759422302246 53500
20.06903857858756 20.238271620022523 19.252738695928095 19.97944450378418 95700
19.91971547123592 20.327865406782212 19.443871560577765 19.810211181640625 46900
19.919715788569064 20.148677580695175 19.481700521952742 19.660888671875 37400
19.471744582777117 20.06903775744666 19.17508882712097 19.76043701171875 19400
17.888919174710512 18.32693443855845 16.1567702343143 17.898874282836914 225100
18.12783667659581 18.382682136630237 17.22194269312604 17.918785095214844 134000
17.122395258645135 17.361312163342255 16.365824111066207 16.79388427734375 165900
17.450906202158887 17.839145934108174 15.430064776866976 15.6092529296875 162800
15.868079233680705 17.381220588824032 15.818305590256227 17.341402053833008 149300
17.152257465436808 17.381219245482107 15.95767302689005 16.75406265258789 172300
16.92329556208115 18.605670770194802 16.5748743913486 18.058151245117188 238700
18.814724538773117 19.01382291645567 18.048198253060985 18.257251739501953 173600
18.41652926543943 19.3323783643191 18.25227282275653 19.043685913085938 176000
18.54594052482869 18.79481252375885 18.376707489606474 18.4862117767334 116500
18.79481290194438 18.79481290194438 17.918784283529718 18.307024002075195 165300
17.91878334069089 17.95860377062221 16.78392767004477 16.903385162353516 94500
16.724197387695312 17.25678330774518 16.435506859405432 16.724197387695312 111000
16.624650358519336 16.684379106867876 15.758574963123495 16.604740142822266 132100
16.74410845940709 16.93325171786892 15.838214498671707 16.01740264892578 138000
15.718755481100692 16.724197639519343 15.529613178835204 16.604740142822266 69700
15.828259865587938 16.564920806389683 15.550519363602707 16.385732650756836 157100
16.62465104706064 18.396618545150492 16.62465104706064 18.38666343688965 170800
18.416527941364244 19.093460083007812 18.197521265608895 19.093460083007812 103600
19.601159352570416 19.601159352570416 18.9242272052862 19.32242202758789 88900
18.914271692237328 19.232827543255134 18.446393023397757 19.21291732788086 81900
19.153189242558597 19.586225998833054 19.083505385082557 19.202964782714844 56300
19.242784488631866 19.242784488631866 18.745040449196235 18.95409393310547 53000
18.834633100393 19.531475462274337 18.834633100393 19.03373146057129 44000
19.19699152662101 19.258712057775096 18.824678457316327 19.020790100097656 84200
19.202965484269544 20.031210376055622 19.202965484269544 19.77039337158203 65600
20.26813801877999 20.55682857609201 19.919716809271414 20.078994750976562 105500
20.07899316673171 20.258181311697655 18.93418233902366 19.00386619567871 137200
19.02377759476243 19.63102402534262 18.53598866909452 19.043685913085938 104800
19.183055511307536 20.118812927413167 19.183055511307536 19.65093421936035 103400
19.222873859824187 19.511566307912954 18.22738580226478 18.844589233398438 137700
19.11337049833749 19.879894820861125 18.8445882806868 19.611114501953125 86300
19.94958122736353 20.029220194591336 19.170113150487218 19.45681381225586 78800
19.8201664499187 20.104875326677107 19.337354149609737 19.431926727294922 213100
18.924226563737136 19.402060334300153 18.685309678455628 19.33237648010254 72800
18.774904206888863 19.138257097477776 18.37272582623248 18.4862117767334 108100
18.72512975790466 18.72512975790466 17.451901205616835 17.978513717651367 84700
18.137791723935877 19.113371463321428 17.849101174609782 17.948650360107422 133900
17.729641371623778 18.008378704969935 16.93325170312439 17.231897354125977 158600
16.435507302005284 17.195065141056226 15.301646517370509 17.122394561767578 197200
16.47532553727736 17.46086032199608 16.035320406062027 17.271717071533203 84000
17.849101038322218 18.346845063267097 16.77397402039099 17.11244010925293 154100
17.90882898245364 17.90882898245364 16.092064512538467 16.256319046020508 74600
16.126906059693674 16.7938830832441 15.529612891048973 16.75406265258789 108800
16.41559686374744 17.91878396899564 16.41559686374744 17.84910011291504 152900
17.859054997797816 18.678341564582585 17.859054997797816 18.5758056640625 87200
18.65544665894841 18.72513052174912 17.918785697030735 18.227386474609375 95400
17.570364400672755 18.28711704033862 17.550454183183625 17.679868698120117 78100
17.719685609843065 18.117882328148216 17.28167225769567 17.84910011291504 80400
17.849100667619542 19.073550487855446 17.849100667619542 18.79481315612793 129000
19.173099278210856 19.9097601769073 18.82467809536644 19.899805068969727 144600
20.50705380948836 20.964977392154 20.457278268714226 20.905248641967773 402300
20.576737388990857 21.70163801284433 20.278091743363973 20.73601531982422 493100
21.213849734939036 21.562270930891504 19.421972011101715 19.726591110229492 365100
19.790300748310894 20.54786870156781 19.372195709324053 19.611114501953125 127500
20.596648121869602 21.552315730850687 20.376644596216888 21.393037796020508 434500
21.38308141733219 22.010239909864993 21.164074744638075 21.701637268066406 259100
21.30344378247032 21.40498474787208 20.407504921751723 20.61157989501953 196000
20.97493371178572 21.164076980166563 19.8102125727969 20.049129486083984 286400
19.710662736247865 20.069039043768193 18.71517468090721 19.163145065307617 274200
19.840076424922 20.00930946326965 18.018333435058594 18.018333435058594 190400
16.574875283488588 18.54594112287799 16.316048168405725 18.506122589111328 381700
18.67535639107312 19.145226880878464 18.177612356872054 19.043685913085938 237800
18.416528172830382 18.829656608103882 17.827200213076186 18.36675453186035 198700
18.15770100052164 18.15770100052164 16.62465045871811 16.863567352294922 295900
17.33144698741671 18.120868290549776 17.33144698741671 17.918785095214844 188000
18.496166419352434 18.496166419352434 16.694333724062968 16.843656539916992 167800
17.301580623265057 17.301580623265057 15.191147124278501 15.519658088684082 452100
15.499747539193427 15.509702646838942 12.597900116518158 12.732291221618652 618900
12.951299030102758 14.354936949777336 12.463510140880064 13.568501472473145 634500
14.703358401172546 15.230966782004042 14.643628702695702 14.822816848754883 278800
14.534125301111954 15.181192126766582 14.026426189023425 14.852681159973145 160500
15.370334521605375 15.442010159896226 14.315117758195788 14.504260063171387 350000
14.65358465786281 14.792952380080697 13.628231262100726 13.827329635620117 306600
14.673493413719193 15.10155357273339 14.245434204076368 14.96218490600586 147500
15.639117630243707 16.67940179080807 15.539568443415138 16.644559860229492 301900
16.166725655043113 16.634604353574495 15.808350299905404 16.535057067871094 178200
16.306092853473203 17.172168262141017 16.136859814940077 17.092529296875 200800
16.64456045120552 16.833703723021173 16.08708764341204 16.37578010559082 259300
16.435507596032313 17.202033834498653 16.435507596032313 16.97307014465332 160700
16.78393007721105 16.9133426955631 16.286186024138292 16.37578010559082 302000
16.48528175761649 17.062664757015412 16.226454633921417 17.022846221923828 132000
17.042755369999856 17.29162736962826 16.65451375943453 16.923295974731445 88100
17.132349145695994 17.17515630326203 16.564921237261103 17.072620391845703 62600
17.89887400980147 18.531009125614574 17.89887400980147 18.336889266967773 244700
17.918784027926144 18.307023740933552 17.736609161614393 17.81923484802246 135800
17.859055279481005 18.267205208217685 17.749550991712688 17.81923484802246 98700
18.08801786039792 18.207477261289633 17.58529723293079 17.74955177307129 104700
17.878964532535704 18.048197577609496 17.475793085994304 17.978513717651367 103300
18.06810814332187 18.297069944389776 17.102485396159732 17.221942901611328 122800
16.86356709876906 16.86356709876906 15.72871044728357 16.057220458984375 230300
16.216500553091734 16.216500553091734 15.002003968782342 15.778485298156738 504700
15.738666399294857 15.777489992517168 15.13141808462832 15.350425720214844 106400
15.270786941301632 15.878034314099986 14.982095442840592 15.260831832885742 123800
15.639117084620374 16.007447544041376 15.296669336922081 15.410154342651367 211300
15.907899248679353 17.112440826907797 15.897945089285255 17.072620391845703 220900
17.142303219785457 17.761496517182056 17.096511241222245 17.261762619018555 241400
17.23189618188362 17.361310680925243 16.622658031989385 16.87352180480957 118200
16.973070056936017 18.01833362182709 16.973070056936017 17.928739547729492 417700
18.04819670096762 18.316978918101707 17.620138453624755 17.789371490478516 140100
18.6853113124646 18.82467903304737 17.231897759807808 17.341402053833008 430800
17.102483885272928 17.555430842476348 16.62465010819424 16.724197387695312 141300
16.475326649157896 17.13234861748278 16.126907346821056 17.022846221923828 163900
16.704290122271914 16.883476375895953 15.838214685413277 15.92780876159668 380300
16.077131085314857 16.495236128157856 15.53956759442691 16.166725158691406 325400
16.57487485300814 17.152257818199505 16.037312319291953 16.893430709838867 170200
16.773974535113943 17.29561045635236 15.913872514627482 15.977582931518555 135800
16.176680582764348 16.304103309583752 15.171237438694174 16.01740264892578 250100
15.977581899445736 16.176680262169523 15.041823582003634 15.559477806091309 157700
15.47983933005105 15.92780876159668 14.653584326492933 15.92780876159668 290900
15.599296787081812 15.84816878311136 14.514214732493569 14.872590065002441 347400
14.554034826446319 14.60380941762145 13.608321391604289 13.966696739196777 116300
13.488862611279258 13.62823032390276 11.925945803226611 12.134998321533203 320000
12.80197528468365 12.821885500298619 11.806487288847153 12.324141502380371 161100
12.254458772832322 13.007047333945138 11.776623997237795 11.945857048034668 185900
11.597434938599044 11.995630712285289 11.079781666989676 11.627300262451172 142700
12.144953458461808 12.810935555899968 12.047396059391895 12.582968711853027 378100
12.44360123498879 12.762157122805645 12.154909724311908 12.174818992614746 128800
12.831840920035509 13.11057729982156 12.617810843828389 13.03392505645752 169900
12.66260828882867 12.941344677599124 11.836353281516283 11.995631217956543 73900
11.667119705063472 12.493374674725436 11.667119705063472 12.105134010314941 50000
12.692472866331142 12.692472866331142 11.328654327167579 11.906037330627441 128400
12.164864456142938 12.184773723828759 11.507842483196985 11.906037330627441 105000
11.567570314310307 11.617344903617596 10.64674373492509 10.820954322814941 111800
10.970278824542758 11.7368041334114 10.917517509511264 11.677074432373047 141900
11.766668925265492 13.030939255829404 11.760696429636189 12.811931610107422 265300
13.14044180121468 13.488862991333008 13.14044180121468 13.488862991333008 161700
13.190215699396182 13.568501244699648 12.981163186185617 13.369403839111328 115100
13.697915501678136 13.697915501678136 12.5959099046257 13.0408935546875 413600
13.115555025449114 13.692938008674615 13.090667254999774 13.618276596069336 104300
13.369404382632474 13.458998456132415 13.020983196659676 13.259900093078613 83700
13.827329120986938 13.936832462849924 13.449043554499305 13.618276596069336 88600
13.170306428174369 13.817374229431152 12.94134463267908 13.817374229431152 78300
13.508772616896826 13.89701330053282 13.429133648361965 13.468953132629395 53100
13.379358754468925 13.379358754468925 12.224592787339839 12.403780937194824 79600
11.856262405273185 12.155904897740449 11.149465858852272 11.15942096710205 137000
10.532263582755942 10.532263582755942 9.306817835933343 9.56663990020752 204900
9.765738226686743 9.80555771086872 9.26401158674816 9.437226295471191 146100
9.815511283814741 10.153977353837892 9.646278248803165 9.865285873413086 218900
9.556685764829412 9.556685764829412 8.46164851804034 8.511423110961914 204800
8.571151235281828 9.0987605524923 8.491512272188046 8.96934700012207 146700
9.30781352746196 9.447181245070686 8.989256709989075 9.089800834655762 111600
8.660745362583558 9.228174165041233 8.660745362583558 8.939481735229492 95700
8.979302675969977 9.056949862933507 8.362099248885855 8.700565338134766 110400
8.949436785749377 9.895150184631348 8.810069075004002 9.895150184631348 222800
9.905105366711583 10.032528088382092 9.556685137861514 9.706007957458496 304400
10.193797177958153 10.591992958745319 9.546730339564634 9.556685447692871 166600
9.447181138083542 9.457136246191817 8.96934734134263 9.108715057373047 254900
8.929528063074105 9.118670374612405 8.36209922971644 8.859843254089355 102300
8.88970876989305 9.27794850963877 8.740384989753508 9.218219757080078 46200
8.859843549300338 9.367542698926437 8.524364172024377 9.343650817871094 59900
9.258038786404082 9.457136200756258 8.79015915064795 8.979302406311035 74300
9.16048109049374 9.501933916256043 9.158490258613742 9.417317390441895 71400
9.407361642852079 9.442203571814611 8.959392221644144 9.267993927001953 105200
8.949436613329457 9.058940897515487 8.571151071190457 8.740384101867676 76100
8.670701309949665 9.26799454425448 8.670701309949665 9.128625869750977 68400
8.670701309949665 9.228175058592253 8.471603881638536 9.128625869750977 42100
8.869798068216117 9.098760805506119 8.760294728259982 8.849888801574707 30100
9.198308699673772 9.367541732082232 8.83495581512615 9.317767143249512 99600
9.616414389113727 9.984744852847014 9.506911045637793 9.585554122924805 96900
9.915060180188865 10.432713428880373 9.915060180188865 10.410813331604004 86700
10.412804399363553 10.875706465990092 10.372984917791987 10.820954322814941 65500
10.671631636391023 10.671631636391023 10.193796902244776 10.601946830749512 196400
10.562128074797608 10.711451854833804 10.124113741975183 10.232622146606445 117700
10.213707191814184 10.41280460357666 10.054429262404202 10.41280460357666 24800
10.074338203946537 10.153977166082768 9.905105172064214 9.954879760742188 27600
10.382940553445245 10.721406638698431 10.238594332051997 10.711451530456543 146100
10.522307916316638 10.80104524145647 10.173887683948866 10.73136043548584 98000
10.631812315659806 10.830909729003906 10.363030095616757 10.830909729003906 28900
10.611902283417113 10.880684508114944 10.45262434998345 10.741315841674805 41900
10.482489287115186 11.13154794496125 10.472535127770476 10.827923774719238 336000
11.089737381587092 11.338609397740894 10.930458493776683 11.328654289245605 75700
11.348563322835586 11.44811250699277 11.149465903892596 11.288834571838379 60400
11.07978140716323 11.337612621063705 10.98023222873331 11.139510154724121 45500
11.41824800214407 11.726848760666915 11.239059852439597 11.348563194274902 57500
11.28883478425927 11.298789892736588 10.830910237387982 11.039962768554688 47700
11.557615043754744 11.736803182988114 11.328653265286606 11.51779556274414 246200
12.164864456142938 12.32414239511512 11.746759391655258 11.906037330627441 156600
11.886126313311273 12.29427719116211 11.886126313311273 12.29427719116211 89000
12.035450540888048 12.513284343809685 12.035450540888048 12.373916625976562 80000
12.373916527911113 12.742246985420302 12.274367345072363 12.722336769104004 71900
12.4436000197463 12.4436000197463 11.886126321138278 12.134998321533203 186200
12.144953429398122 12.144953429398122 11.896081429003196 12.134998321533203 74200
12.015540454437605 12.015540454437605 11.306753069477693 11.470013618469238 350900
11.049917856015535 11.049917856015535 10.631812794477343 10.75127124786377 107500
10.751271455077585 11.120596872036417 10.751271455077585 10.950368881225586 60000
10.830910256938003 11.378428882350645 10.821951039040805 11.328654289245605 21100
11.448111813517734 11.92594559003589 11.448111813517734 11.776622772216797 60400
11.776623526813626 11.935901462525543 10.890638822701858 10.9702787399292 62300
10.661676528532045 10.87570660064339 10.562127348684935 10.601946830749512 30600
10.820954535032573 11.000142680304476 10.153977493599767 10.41280460357666 87600
10.562127680054935 10.741315829652939 10.293346405029297 10.293346405029297 19100
10.074338662865165 10.19379711151123 9.631346797131249 10.19379711151123 64500
10.49244346546936 10.49244346546936 10.004654574088152 10.153977394104004 20100
10.223662497295738 10.223662497295738 9.611436638910556 9.952889442443848 53200
9.815511780467268 10.681586265563965 9.686098220711939 10.681586265563965 291700
10.412805155249861 10.75127124786377 10.203752624480765 10.75127124786377 262900
10.910549226157508 11.328654289245605 10.910549226157508 11.328654289245605 44000
11.587480717135332 11.766667912418928 11.507841752704547 11.657164573669434 82300
10.900593102575796 11.219149899160527 10.6318118438323 10.910548210144043 85500
10.502399314459927 11.079782318345254 10.333166266834427 11.010098457336426 58200
11.010097642399616 11.577525495749565 10.98023231900232 11.557615280151367 58900
10.751271047732676 11.011093107808804 10.306287391514338 10.392894744873047 65600
10.203751942979427 10.79109001159668 10.064383281984565 10.79109001159668 85100
10.84086497727507 10.910548835504247 10.517330608362187 10.611902236938477 23800
10.611902342863482 10.611902342863482 9.60645919571693 9.656233787536621 73900
9.59650474481954 9.636324227189276 8.810069255988768 8.879753112792969 54200
8.511423175976157 8.601017254045075 8.222731674071534 8.481558799743652 123800
8.362099225159405 8.979302650492286 8.362099225159405 8.411873817443848 40600
8.85984340664598 8.959392592983242 8.441738343023717 8.640836715698242 48000
8.541287025184934 9.236137608588534 8.541287025184934 9.039031028747559 33200
8.740384909281206 8.762285958015834 8.46164851804034 8.511423110961914 20500
8.411873409631012 8.630881035442105 8.272505697236864 8.302370071411133 25700
8.436761861594734 8.640836842138054 8.06345383142455 8.581107139587402 79800
9.098760916879018 9.556685447692871 9.02409855528861 9.556685447692871 63600
9.158489441461793 9.646278335281657 9.11070663249093 9.516865730285645 30800
9.696052689258345 9.706007796899152 9.287902769698405 9.317767143249512 15000
8.81006971822919 9.095774495487907 8.760295125312647 8.959392547607422 33900
8.680656091429189 8.909617888011793 8.401918752931163 8.541287422180176 57400
8.461647999502352 8.531331855699426 8.013678589402964 8.302370071411133 52000
8.352144988553825 8.680655965457206 8.282460180254876 8.601016998291016 32200
8.153046267987934 8.934505142173332 8.043542930222145 8.780203819274902 39800
9.058941153709217 9.168444491620775 8.601016637050636 8.620925903320312 44000
8.829978618515572 9.198309071784115 8.829978618515572 9.138580322265625 24300
9.785647123580642 9.825466606254945 9.263016294808997 9.457136154174805 44200
9.307813599432597 9.556685610654096 9.100751903817004 9.178400039672852 26100
9.20826417982765 9.626369223942504 9.126634382487655 9.138580322265625 25900
9.088805688160903 9.686097927359757 9.088805688160903 9.616414070129395 66800
9.566639684171113 9.58654990058934 9.076859942613467 9.367542266845703 32500
9.526820273097481 9.915060951860683 9.477046630416444 9.78564739227295 90500
9.885195787591805 10.402849035265389 9.785646611430463 10.014609336853027 68900
10.273435799251123 10.353074762859944 9.865285873413086 9.865285873413086 37400
9.865285675021264 10.35307455465864 9.656233162409343 10.273435592651367 44400
10.34312146335327 10.452624810065968 10.134068929177095 10.37298583984375 35300
10.611902253975652 10.950368336268834 10.452624320983887 10.452624320983887 54300
10.173888178616687 10.690546531853835 9.676144151572036 9.766733169555664 58300
9.487000995853291 9.785647605297687 9.174417614255395 9.536775588989258 24000
10.054428938098136 10.343120413184806 9.74582724779175 9.954879760742188 28600
10.173888162496732 10.173888162496732 9.7060085119921 10.044474601745605 71900
10.054429163883881 10.363029911748999 9.905105394496694 10.153977394104004 35300
9.835421624373435 10.014609769455745 9.576594514670393 9.62039566040039 242200
10.412804178297794 10.781134612357892 10.363029590047228 10.621856689453125 75600
10.731360330934617 11.493903930797781 10.731360330934617 11.398337364196777 70000
11.258970536763247 11.458067961726098 10.980233192443848 10.980233192443848 16200
11.587480743515886 11.736803564820727 11.14548382535882 11.338608741760254 57600
11.169376458187111 11.169376458187111 10.903580944910287 10.980233192443848 12500
10.641766304902166 10.830909556596781 10.402849412692342 10.761225700378418 21800
11.069827253261185 11.069827253261185 10.612898592501617 10.69154167175293 36100
10.721407101779244 10.81100023171183 10.502399457855173 10.672627449035645 68900
10.59199320294198 10.806022336405276 10.432714317332145 10.651721954345703 64100
10.671632106637693 11.049917677606029 10.671632106637693 10.681586265563965 39700
10.661676398691824 11.099690696067924 10.641766183216337 10.913535118103027 21400
10.840865024756528 10.840865024756528 10.641766658593081 10.741315841674805 10200
10.671631947659042 11.03996240484259 10.671631947659042 10.848828315734863 4100
11.049917571609146 11.63725471496582 10.98023276356542 11.63725471496582 67000
11.766667848888494 11.866217028575162 11.566575497725005 11.687028884887695 45500
10.890638754559527 11.786578561390273 10.890638754559527 11.72585391998291 32800
11.796533132215073 11.796533132215073 11.358517882332082 11.398337364196777 18900
11.398337259144853 11.40829236686211 11.074803853304601 11.139510154724121 14400
10.880684766022505 10.910549141906356 10.68158639513978 10.740320205688477 32000
10.99018798769758 11.308743858555909 10.960323612147457 11.129556655883789 17700
11.119601014234984 11.23905946007714 11.010097676222507 11.079781532287598 36100
11.039962254757135 11.448112189618014 10.950368181373753 11.438157081604004 16800
11.975721151496929 12.194728791536267 11.129556866196845 11.328654289245605 55200
11.288834652364798 11.378428728871087 10.890638862266997 11.099691390991211 22300
10.940412692261026 10.940412692261026 10.552172986952124 10.639775276184082 41900
10.482489120784539 10.671632385904095 10.263482428733292 10.402850151062012 91200
10.363029924082023 10.363029924082023 9.865285924275037 9.994699478149414 49600
9.915061334681054 10.144023137842456 9.915061334681054 10.05443000793457 19300
10.06438374056514 10.283391375144271 10.06438374056514 10.104203224182129 28100
9.984744506836373 10.024563989390574 9.432249305068265 9.775691986083984 119500
9.686098315377647 9.90510595320952 9.551708149531429 9.885196685791016 31100
9.815512131770578 9.964835913465603 9.715963893345311 9.765738487243652 23000
9.7756920310695 9.855330996544382 9.287903130193015 9.297858238220215 33300
9.526820335853863 9.80655261464719 9.37749750808435 9.755783081054688 60500
9.496955608204583 9.805557310028147 9.496955608204583 9.775691986083984 56100
10.153977854466632 10.161942130968717 9.755783016790051 9.78564739227295 13500
10.134068438730337 10.700500420882914 10.134068438730337 10.611902236938477 26700
10.43271415085098 10.582037925720215 10.353075184002604 10.582037925720215 10000
10.711451147904238 11.06982648747069 10.564119158797387 11.049917221069336 19000
11.229105167531483 11.40829332399026 11.129556930121034 11.298789978027344 47700
11.189284896890326 11.527750968933105 11.125573535748838 11.527750968933105 55800
11.52775059838284 11.915991247841285 11.52775059838284 11.866216659545898 25000
12.01554059225232 12.543149948120117 12.005586433164764 12.543149948120117 52500
12.334096526686714 12.732291342577023 12.244502455768563 12.672561645507812 26700
12.692472440215479 12.851750373840332 12.54314961478502 12.851750373840332 14000
12.96125441387652 13.11057723641114 12.393825599627995 12.482423782348633 23900
12.27436673058664 12.51328361819322 12.144953179123581 12.413735389709473 17900
12.682516676174062 13.090666597324063 12.672561568494471 13.02098274230957 27900
12.951299567736594 13.38831894436921 12.951299567736594 13.29971981048584 26900
13.279809769253756 13.528681763581986 13.279809769253756 13.369403839111328 27100
13.02098384633061 13.618277066550744 12.941344876884111 13.605335235595703 55600
13.90696817659783 13.90696817659783 13.573479645415443 13.877102851867676 73100
13.747689767644037 14.175748964248633 13.737734659744284 13.956742286682129 59500
13.787510194090588 13.887058431791514 13.399269503754182 13.508772850036621 47900
13.458998995513827 13.757644653320312 13.458998995513827 13.757644653320312 10100
13.916922425427105 14.35493769725356 13.628230930102507 14.135930061340332 26400
14.364893209276158 14.85268213760747 14.325073724297509 14.693404197692871 53100
14.265343478276728 14.673493421089997 14.195659619563644 14.354937553405762 25900
14.05629025976038 14.238465123373496 14.046335152043211 14.235478401184082 20900
14.325072452142106 14.633673195978126 14.03638097434164 14.554034233093262 86200
14.494306882722052 14.693404309125222 14.3350279922281 14.344983100891113 8700
14.693404309125222 14.932321220809028 14.165794942442552 14.344983100891113 57200
13.936831787937379 13.946786895635023 13.439087795511043 13.628230094909668 53300
13.757644324487195 14.165794266480487 13.588411282777093 14.066246032714844 34000
13.897013469392387 14.514215957722753 13.897013469392387 14.434576988220215 52100
14.563989795758651 14.902455873278273 14.51421520505788 14.792951583862305 46400
14.55403406684901 14.733222205978832 14.245433326537999 14.325072288513184 38500
14.205614586963131 14.205614586963131 13.747690057020382 13.966696739196777 34100
13.488862341087446 13.762621156289738 13.269854719302819 13.33953857421875 111800
13.339539106871193 13.608321328344617 13.319629840116509 13.389313697814941 13400
13.69293802641338 13.69293802641338 13.180261346949266 13.458998680114746 8300
13.040892895267193 13.230035193417748 12.841794540113366 13.050847053527832 13800
13.269855499267578 13.508772401054767 13.249946232137667 13.269855499267578 11900
13.359448852190104 13.528681885812006 13.309674263000488 13.309674263000488 5500
13.399269336952178 13.44904392986872 13.299720151119093 13.439088821411133 5000
13.299719018577889 13.76759863315674 13.299719018577889 13.687959671020508 15300
13.857193490511536 14.235479056845115 13.847238382335854 14.225523948669434 67900
14.225523123229864 14.424620528333975 14.006515502929688 14.006515502929688 11900
14.285253811673483 14.315118187170594 13.7576444647867 13.847238540649414 27200
13.857193838836736 13.936832807501318 13.658096417175281 13.757644653320312 26000
13.658095279758623 13.703887255710173 12.702426785998256 12.762155532836914 50400
12.612832995100682 12.68251685107617 12.095178781078959 12.164863586425781 47300
11.786578536184674 11.945856470559379 11.52775141814009 11.766668319702148 18700
12.254458601224103 12.254458601224103 11.667120486021233 11.87617301940918 23700
11.448111724853517 11.448111724853517 10.791089812543943 11.199239730834961 44500
11.059871791437104 11.776623446632087 10.850819264895708 11.607390403747559 42500
11.278879210936136 11.338608909966961 10.980232614524729 11.104668617248535 35500
11.249014171000063 11.5227729810577 11.117609790272988 11.36648178100586 22100
11.826397341286212 12.01553964016205 11.816442233616083 11.910017967224121 15300
11.995630204086421 11.995630204086421 11.33562157498317 11.336616516113281 10900
11.597434537981782 11.706938822914216 10.920503360030104 11.106658935546875 16700
10.920503708959194 10.930457867512755 10.492443561901645 10.875706672668457 28000
11.089737855266781 11.119602232656852 10.850819988031889 10.96032428741455 21800
10.95036811913148 11.164398193359375 10.95036811913148 11.164398193359375 18000
11.37842900360868 11.636260240407346 11.358518786405925 11.598431587219238 12300
11.816442477060372 11.995630621329065 11.796533210681261 11.975720405578613 22400
12.045406262175534 12.523240089416504 12.045406262175534 12.523240089416504 45800
12.48342022536475 12.48342022536475 12.075270272960406 12.2544584274292 80500
12.164863598210223 12.17481775666541 11.796533152970879 12.005585670471191 48700
11.841330416589615 11.866217237263292 11.497886784939027 11.649200439453125 15700
11.627300369981242 11.816442675937184 11.507841921582013 11.726848602294922 47800
11.856262410856575 12.00558618655945 11.677074259761673 11.911014556884766 13800
11.955811828396136 12.214638951844124 11.935901611497956 12.069296836853027 12600
12.144953349099513 12.155904347427054 11.502864085998992 11.557615280151367 23800
11.657164148202321 11.896081032774608 11.657164148202321 11.866216659545898 17400
11.975721166084046 12.03545086775713 11.73680425813452 11.828389167785645 14000
11.896081462035315 12.12504419670751 11.896081462035315 12.12006664276123 12000
12.364956034760349 12.433644950119657 12.295272178234294 12.423689842224121 11000
12.40378021985962 12.513283555454109 12.25545234433521 12.443599700927734 10000
12.373916090481584 12.433644838576274 12.174817731842397 12.231560707092285 5500
12.144953745223807 12.294277518966684 12.035450403976123 12.289299964904785 9700
12.159886795973847 12.304232070895956 12.154909241752893 12.2544584274292 3600
12.075270161885625 12.075270161885625 11.706939697265625 11.706939697265625 8900
11.796533568536082 11.935901285531676 11.278879335777106 11.348563194274902 37700
11.448112012738088 11.796533192874303 11.368473048599181 11.738794326782227 12900
11.61734504673484 12.334096673224222 11.61734504673484 12.29427719116211 16700
12.393825968184336 12.682517463208436 12.393825968184336 12.488397598266602 17100
12.383871298812782 12.438623447017541 12.035451040398035 12.371926307678223 27600
12.36893892874005 12.423690124667532 12.078256607055664 12.078256607055664 19700
12.234547689159319 12.234547689159319 11.657164715333778 11.741781234741211 16700
12.045406249648924 12.269390499920911 12.00558676408692 12.234548568725586 13800
12.363962147002848 12.602879060623332 12.354007038259137 12.523240089416504 6100
12.324142034118577 12.68251738630852 12.324142034118577 12.584959983825684 5000
12.672562909907628 12.672562909907628 11.866218089934195 12.234548568725586 63900
11.925945798636622 11.995630604292892 11.766667870344586 11.831375122070312 8400
11.776624112506159 11.806488489594559 11.547662305876056 11.59743595123291 5300
11.597434791237792 11.82042407989502 11.597434791237792 11.82042407989502 2700
11.836353481285174 11.836353481285174 11.602413177490234 11.602413177490234 9200
11.86123921322327 12.344050540508016 11.776622697166014 12.125043869018555 12000
12.125045169979284 12.573014618018071 12.086220625830405 12.553104400634766 29300
12.57301443165117 12.57301443165117 12.045406020642615 12.19472885131836 8700
12.105134917347177 12.174818779243001 12.065315432067933 12.068302154541016 7400
11.945856720438627 11.966761878559742 11.617345736576278 11.62132740020752 12300
11.448112572352974 11.47797694802208 11.109646483531813 11.258970260620117 34000
11.318698759788601 11.497886908553873 11.209195418527248 11.37842845916748 28300
11.418247785462581 11.6273003063602 11.418247785462581 11.453089714050293 21800
11.557615719139664 11.687029277329406 11.308743710937394 11.348563194274902 16600
11.338609367457545 11.343586921691895 11.049917867465034 11.343586921691895 12500
11.20720399400628 11.711916366919995 11.20720399400628 11.610376358032227 13900
11.94585663684918 12.542153957853655 11.94585663684918 12.469483375549316 32300
12.473465263450423 12.59292371804245 12.1449542759795 12.483420372009277 31400
12.513284952188634 12.921434916037406 12.443601089884137 12.91944408416748 35100
12.941343841825407 13.319629391126401 12.821885397210039 12.991118431091309 50400
12.921434074686722 12.981163773752424 12.742246876232336 12.926411628723145 6200
13.030938722140151 13.200171766534547 12.951299754115892 12.999082565307617 8200
13.259900602882535 13.538637942125943 13.259900602882535 13.468953132629395 21800
13.74768936730834 13.74768936730834 13.56850122781616 13.687959671020508 27600
13.837283090478952 13.848234089075381 13.370399346070679 13.707870483398438 10100
13.478907379954002 13.737734485843115 13.469948162706174 13.701896667480469 24300
13.664068699260044 13.717824954800728 13.463975390131656 13.558547019958496 10100
13.488862374853593 13.488862374853593 13.150396308349533 13.324606895446777 25400
13.312641079688136 13.371475986384214 13.212920544235102 13.313637733459473 8400
13.207934614925795 13.207934614925795 13.143116931640174 13.188987731933594 5700
12.96362068568395 12.96362068568395 12.714320287882336 12.758196830749512 14100
12.574711502642904 12.963620458767933 12.574711502642904 12.594655990600586 30800
13.010488884970092 13.522053780033618 12.943675991412151 13.521056175231934 17900
13.651689331831031 13.721494089728763 13.422333422896388 13.578893661499023 17600
13.661661447832094 13.789303508671164 13.581885397559057 13.641717910766602 29100
14.000710008764369 14.1702343517933 13.945863618076913 14.160262107849121 47000
14.160261725068665 14.529226181979682 14.160261725068665 14.409562110900879 11800
14.34973099959339 14.34973099959339 13.960822043171618 14.220094680786133 19900
13.761381684227308 13.771353928044013 13.312641173536251 13.661661148071289 50300
13.202948733430528 14.329786636576058 13.202948733430528 14.020654678344727 32900
14.200150465625786 14.703737384550024 14.200150465625786 14.701743125915527 58700
14.758582953872974 15.087659385360894 14.758582953872974 14.958023071289062 29800
15.207323585897086 15.386820168609765 14.8951997756958 14.8951997756958 19300
15.20732386115066 15.356903715448293 15.067715299735486 15.103614807128906 20500
14.858302844280253 14.987939161032372 14.569114430296452 14.694762229919434 55700
14.73863851743284 14.89719395815333 14.718694981125232 14.7595796585083 18300
14.628947132337624 15.177408186951915 14.59903135146936 15.147491455078125 12900
15.157463518318162 15.19735154266878 14.977967884243132 15.028824806213379 15500
14.768555997488424 15.027827688670998 14.748611509163702 14.808444023132324 13700
15.057743635408814 15.187378998732644 14.967995344641935 14.98793888092041 11000
14.86827492622626 15.107603069468032 14.530223852571845 14.788498878479004 35600
14.788498694037695 14.788498694037695 14.55914279737622 14.609002113342285 19000
14.95802388154556 14.95802388154556 14.628947432232001 14.808444023132324 11700
15.117575883622035 15.117575883622035 14.5790870655064 14.642908096313477 17400
14.858302831761433 15.157463489321534 14.858302831761433 14.938078880310059 66200
15.127547740822548 15.346932350297452 15.097631960304998 15.287099838256836 32900
15.08765965506458 15.08765965506458 14.599031120909173 14.908163070678711 15200
14.509283189292091 14.559143458527876 14.061539321982611 14.309843063354492 56800
14.160261857396927 14.160261857396927 13.651688837305253 13.784317016601562 41300
13.871073190225895 14.2898979107206 13.871073190225895 13.970793724060059 15500
13.940877147845248 14.439477920532227 13.940877147845248 14.439477920532227 16400
14.040598278519619 14.458425416613586 13.96082222758529 14.414548873901367 8000
14.537204538923191 14.658862871647344 14.205136233908666 14.266963005065918 12900
14.569114335399576 14.72866738259751 14.268957025762983 14.346738815307617 6900
14.18020648348917 14.18020648348917 13.881045824570606 13.918939590454102 12100
13.761381272289846 13.91096112104079 13.661660739118894 13.8810453414917 54700
13.721493777454851 13.721493777454851 13.45224889813153 13.523050308227539 7800
13.432305170539953 13.492136731091605 13.262780830634426 13.267766952514648 23500
13.312641694575722 13.312641694575722 12.893816947937012 12.893816947937012 3900
12.57471135407335 12.883844256726322 12.498924773343951 12.764180183410645 39500
12.983564363126128 12.983564363126128 12.5647396448959 12.725288391113281 4200
12.933704979258497 12.933704979258497 12.744236143267045 12.832987785339355 6500
12.863899415549412 13.123172042778902 12.863899415549412 13.04339599609375 14400
13.173032386080981 13.173032386080981 12.604627812402496 12.616594314575195 7700
12.604627702134861 12.634543481802153 12.465019145345021 12.57271671295166 8900
12.824011647833423 12.903787696108786 12.764180087129656 12.796090126037598 7200
12.634543619263926 13.29269648513786 12.634543619263926 13.269761085510254 8900
13.272753326897043 13.482165694822724 13.153088301506202 13.202948570251465 22500
13.123172120868784 13.128158242691962 13.043396073708921 13.057356834411621 4900
13.173032461526416 13.202948241626752 13.053368390119571 13.192975997924805 2600
13.063340991854005 13.073312284823738 12.9137601852417 12.9137601852417 1700
12.88982743615471 12.963620711629764 12.724292557502546 12.848942756652832 5100
12.614598979725846 12.614598979725846 12.36529859711462 12.496929168701172 11500
12.759193812663664 12.790107197426673 12.614599132515174 12.7073392868042 11700
12.863899798216606 12.926724173879279 12.68939028528007 12.794095993041992 4400
12.843956335110914 12.943675921502864 12.843956335110914 12.86888599395752 2800
12.644515950799923 12.664459487265194 12.068133386770398 12.417153358459473 7600
12.544795852936904 12.76418046773863 12.235663894403393 12.729278564453125 48800
12.804067928224383 12.993535802418418 12.59465556674387 12.677423477172852 6800
12.658477091291958 12.658477091291958 12.445075253378308 12.472000122070312 4000
12.359999656677246 12.359999656677246 12.1899995803833 12.291999816894531 6200
12.41100025177002 12.449999809265137 12.130000114440918 12.130000114440918 6200
12.0 12.0 11.63599967956543 11.63599967956543 19300
11.75 11.75 11.40999984741211 11.40999984741211 12700
11.229999542236328 11.395000457763672 11.229999542236328 11.395000457763672 7100
11.199999809265137 11.199999809265137 11.119999885559082 11.156000137329102 4700
11.25 11.40999984741211 11.119999885559082 11.274999618530273 8200
11.300000190734863 11.800000190734863 11.300000190734863 11.630000114440918 31200
11.779999732971191 11.779999732971191 11.470000267028809 11.491999626159668 4800
11.40999984741211 11.40999984741211 11.260000228881836 11.333000183105469 4200
11.130000114440918 11.130000114440918 10.569999694824219 10.65999984741211 10300
10.760000228881836 10.892999649047852 10.75 10.885000228881836 2600
10.899999618530273 10.899999618530273 10.699999809265137 10.845000267028809 2000
10.847999572753906 11.204999923706055 10.847999572753906 11.102999687194824 7100
10.510000228881836 10.9399995803833 10.5 10.899999618530273 3400
10.949999809265137 11.399999618530273 10.949999809265137 11.220000267028809 26500
11.25 11.295000076293945 11.050000190734863 11.24899959564209 4700
11.010000228881836 11.039999961853027 10.779999732971191 10.869999885559082 5700
10.8100004196167 10.8100004196167 10.460000038146973 10.520000457763672 9300
10.600000381469727 10.850000381469727 10.600000381469727 10.789999961853027 4800
10.90999984741211 10.90999984741211 10.869999885559082 10.90999984741211 3300
10.699999809265137 10.699999809265137 10.345000267028809 10.345000267028809 20100
10.34000015258789 10.449999809265137 10.039999961853027 10.067999839782715 15400
10.0 10.0 9.760000228881836 9.769000053405762 19600
9.710000038146973 10.11989974975586 9.610099792480469 10.11989974975586 10447
