9.899999618530273 10.100000381469727 9.779999732971191 9.850000381469727 954000
9.850000381469727 9.949999809265137 9.850000381469727 9.890000343322754 146900
9.859999656677246 9.989999771118164 9.850000381469727 9.989999771118164 165100
9.984999656677246 9.984999656677246 9.859999656677246 9.949999809265137 74600
9.899999618530273 9.9399995803833 9.859999656677246 9.869999885559082 32600
9.869999885559082 10.0 9.869999885559082 9.880000114440918 96800
9.859999656677246 10.305000305175781 9.859999656677246 9.90999984741211 56300
9.899999618530273 9.920000076293945 9.890000343322754 9.899999618530273 42900
9.899999618530273 9.970000267028809 9.899999618530273 9.949999809265137 4300
9.975000381469727 10.02400016784668 9.90999984741211 9.949999809265137 42800
10.0 10.0 9.920000076293945 9.949999809265137 11900
9.949999809265137 10.074999809265137 9.949999809265137 9.970000267028809 38800
10.180000305175781 10.180000305175781 9.970000267028809 10.119999885559082 507000
10.020000457763672 10.069999694824219 10.020000457763672 10.069999694824219 544300
10.222999572753906 10.222999572753906 10.069999694824219 10.09000015258789 423900
10.119999885559082 10.1850004196167 10.013999938964844 10.079999923706055 312600
10.170000076293945 10.199999809265137 10.079999923706055 10.119999885559082 353100
10.100000381469727 10.140000343322754 10.100000381469727 10.140000343322754 146400
10.140000343322754 10.140000343322754 10.140000343322754 10.140000343322754 0
10.130000114440918 10.140000343322754 10.130000114440918 10.130000114440918 13700
10.130000114440918 10.149999618530273 10.050000190734863 10.119999885559082 63300
10.470000267028809 10.470000267028809 10.039999961853027 10.119999885559082 295800
10.119999885559082 10.220000267028809 10.119999885559082 10.140000343322754 469800
10.140000343322754 10.25 10.100000381469727 10.210000038146973 477200
10.229999542236328 10.239999771118164 10.15999984741211 10.180000305175781 121000
10.220000267028809 10.25 10.149999618530273 10.210000038146973 75500
10.239999771118164 10.260000228881836 10.119999885559082 10.1899995803833 65300
10.289999961853027 10.289999961853027 10.09000015258789 10.180000305175781 123300
10.279999732971191 10.279999732971191 10.140000343322754 10.210000038146973 61500
10.210000038146973 10.25 10.170000076293945 10.170000076293945 79000
10.149999618530273 10.260000228881836 10.149999618530273 10.199999809265137 142200
10.25 10.380000114440918 10.170000076293945 10.34000015258789 718700
10.449999809265137 10.75 10.350000381469727 10.375 554900
10.369999885559082 10.489999771118164 10.317999839782715 10.390000343322754 57200
10.399999618530273 10.569999694824219 10.395000457763672 10.449999809265137 120600
10.619999885559082 10.619999885559082 10.359999656677246 10.449999809265137 159700
10.5 10.800000190734863 10.420000076293945 10.720000267028809 440500
10.6899995803833 10.75 10.430000305175781 10.649999618530273 207600
10.779999732971191 10.949999809265137 10.677000045776367 10.800000190734863 852700
10.890000343322754 10.899999618530273 10.680000305175781 10.75 659400
10.859999656677246 10.979999542236328 10.800000190734863 10.920000076293945 532600
11.0 11.130000114440918 10.920000076293945 11.010000228881836 252300
11.119999885559082 11.319999694824219 10.850000381469727 11.0 499000
11.079999923706055 11.079999923706055 10.765000343322754 10.829999923706055 226000
10.600000381469727 10.739999771118164 10.329999923706055 10.449999809265137 436000
10.479999542236328 10.729999542236328 10.449999809265137 10.619999885559082 264100
10.65999984741211 10.9399995803833 10.550000190734863 10.84000015258789 471600
10.890000343322754 10.9399995803833 10.59000015258789 10.84000015258789 371000
10.880000114440918 11.0 10.789999961853027 10.9399995803833 322000
11.0600004196167 11.079999923706055 10.829999923706055 10.949999809265137 197100
11.0600004196167 11.0600004196167 10.850000381469727 10.90999984741211 175400
11.0 11.0 10.899999618530273 10.9399995803833 120200
10.989999771118164 11.093000411987305 10.829999923706055 10.899999618530273 330800
10.850000381469727 10.899999618530273 10.65999984741211 10.699999809265137 363900
11.100000381469727 11.34000015258789 10.899999618530273 11.300000190734863 13738100
11.039999961853027 11.600000381469727 10.979999542236328 11.25 4327100
11.170000076293945 11.390000343322754 10.850000381469727 11.109999656677246 1514700
11.210000038146973 11.210000038146973 10.899999618530273 10.960000038146973 1200000
10.90999984741211 10.928000450134277 10.510000228881836 10.59000015258789 908900
10.569999694824219 10.569999694824219 10.3100004196167 10.460000038146973 1374500
10.460000038146973 10.59000015258789 10.390000343322754 10.4399995803833 668800
10.449999809265137 10.489999771118164 10.329999923706055 10.4399995803833 489200
10.25 10.300000190734863 10.0 10.300000190734863 946100
10.25 10.359999656677246 10.119999885559082 10.170000076293945 574200
10.1899995803833 10.300000190734863 10.170000076293945 10.229999542236328 653800
10.25 10.25100040435791 10.09000015258789 10.149999618530273 611800
10.199999809265137 10.248000144958496 10.149999618530273 10.239999771118164 292000
10.220000267028809 10.399999618530273 10.0600004196167 10.369999885559082 424300
10.220000267028809 10.300000190734863 10.069999694824219 10.140000343322754 1281400
10.140000343322754 10.180000305175781 9.789999961853027 10.149999618530273 1316600
10.109999656677246 10.25 10.09000015258789 10.199999809265137 629400
10.199999809265137 10.300000190734863 10.140000343322754 10.239999771118164 591600
10.229999542236328 10.260000228881836 10.15999984741211 10.229999542236328 757000
10.220000267028809 10.25 10.130000114440918 10.180000305175781 221400
10.260000228881836 10.260000228881836 10.180000305175781 10.239999771118164 573800
10.229999542236328 10.260000228881836 10.15999984741211 10.199999809265137 151900
10.25 10.265999794006348 10.15999984741211 10.180000305175781 183600
10.199999809265137 10.199999809265137 10.15999984741211 10.15999984741211 97600
10.119999885559082 10.199999809265137 10.109999656677246 10.149999618530273 234100
10.180000305175781 10.1899995803833 10.050000190734863 10.140000343322754 608500
10.100000381469727 10.229999542236328 10.100000381469727 10.210000038146973 389000
10.199999809265137 10.229999542236328 10.09000015258789 10.100000381469727 285400
10.109999656677246 10.119999885559082 10.029999732971191 10.050000190734863 626100
10.069999694824219 10.069999694824219 10.0 10.020000457763672 1485300
10.010000228881836 10.039999961853027 9.90999984741211 10.0 382400
10.039999961853027 10.210000038146973 10.020999908447266 10.199999809265137 215900
10.140000343322754 10.180000305175781 10.119999885559082 10.149999618530273 499400
10.140000343322754 10.140000343322754 10.100000381469727 10.130000114440918 700300
10.199999809265137 10.220000267028809 10.130000114440918 10.1899995803833 193400
10.210000038146973 10.210000038146973 10.149999618530273 10.170000076293945 137400
10.239999771118164 10.270000457763672 10.180000305175781 10.199999809265137 243400
10.210000038146973 10.25 10.170000076293945 10.170000076293945 600000
10.180000305175781 10.300000190734863 10.100000381469727 10.119999885559082 502000
10.149999618530273 10.359999656677246 10.140999794006348 10.279999732971191 616500
10.300000190734863 10.300000190734863 10.199999809265137 10.25 277000
10.270000457763672 10.40999984741211 10.260000228881836 10.329999923706055 172100
10.34000015258789 10.34000015258789 10.220000267028809 10.25 87700
10.1899995803833 10.260000228881836 10.119999885559082 10.25 181500
10.319999694824219 10.319999694824219 10.1899995803833 10.239999771118164 93400
10.199999809265137 10.25 10.050000190734863 10.09000015258789 309300
10.100000381469727 10.239999771118164 10.100000381469727 10.239999771118164 205000
10.199999809265137 10.199999809265137 10.119999885559082 10.1899995803833 217400
10.199999809265137 10.239999771118164 10.119999885559082 10.210000038146973 249700
10.239999771118164 10.239999771118164 10.050000190734863 10.069999694824219 397800
10.100000381469727 10.1850004196167 10.100000381469727 10.140000343322754 230600
10.140000343322754 10.239999771118164 10.140000343322754 10.199999809265137 169100
10.199999809265137 10.199999809265137 10.140000343322754 10.149999618530273 175100
10.15999984741211 10.239999771118164 10.109999656677246 10.130000114440918 161700
10.130000114440918 10.199999809265137 10.130000114440918 10.149999618530273 161100
10.15999984741211 10.1899995803833 10.140000343322754 10.170000076293945 551600
10.199999809265137 10.210000038146973 10.09000015258789 10.109999656677246 384900
10.149999618530273 10.15999984741211 10.100000381469727 10.140000343322754 343000
10.149999618530273 10.199999809265137 10.140000343322754 10.1899995803833 111700
10.210000038146973 10.210000038146973 10.109999656677246 10.15999984741211 142800
10.170000076293945 10.170000076293945 10.119999885559082 10.130000114440918 71000
10.130000114440918 10.130000114440918 10.100000381469727 10.100000381469727 121700
10.09000015258789 10.119999885559082 10.074999809265137 10.100000381469727 506900
10.069999694824219 10.130000114440918 10.029999732971191 10.039999961853027 252100
10.050000190734863 10.12399959564209 10.029999732971191 10.0600004196167 86100
10.0600004196167 10.09000015258789 10.050000190734863 10.069999694824219 145400
10.079999923706055 10.100000381469727 10.0600004196167 10.079999923706055 93100
10.0600004196167 10.199999809265137 10.0600004196167 10.100000381469727 129600
10.149999618530273 10.149999618530273 10.069999694824219 10.119999885559082 149900
10.069999694824219 10.130000114440918 10.069999694824219 10.100000381469727 120400
10.069999694824219 10.140000343322754 10.069999694824219 10.119999885559082 72800
10.119999885559082 10.126999855041504 10.069999694824219 10.079999923706055 125400
10.079999923706055 10.15999984741211 10.079999923706055 10.09000015258789 122300
10.100000381469727 10.145000457763672 10.079999923706055 10.079999923706055 93200
10.100000381469727 10.109999656677246 10.069999694824219 10.079999923706055 94200
10.079999923706055 10.149999618530273 10.079999923706055 10.100000381469727 117000
10.119999885559082 10.149999618530273 10.100000381469727 10.140000343322754 96700
10.140000343322754 10.1899995803833 10.104000091552734 10.1899995803833 75400
10.199999809265137 10.239999771118164 10.119999885559082 10.199999809265137 415300
10.130000114440918 10.210000038146973 10.130000114440918 10.180000305175781 116100
10.180000305175781 10.260000228881836 10.149999618530273 10.199999809265137 346100
10.199999809265137 10.229999542236328 10.130000114440918 10.140000343322754 227000
10.149999618530273 10.229999542236328 10.140000343322754 10.229999542236328 231100
10.210000038146973 10.239999771118164 10.199999809265137 10.229999542236328 206800
10.229999542236328 10.239999771118164 10.210000038146973 10.229999542236328 234100
10.239999771118164 10.25 10.199999809265137 10.199999809265137 192600
10.220000267028809 10.220000267028809 10.15999984741211 10.220000267028809 88700
10.180000305175781 10.220000267028809 10.149999618530273 10.220000267028809 217600
10.199999809265137 10.220000267028809 10.170000076293945 10.199999809265137 85900
10.229999542236328 10.229999542236328 10.170000076293945 10.170000076293945 89000
10.170000076293945 10.1899995803833 10.170000076293945 10.170000076293945 72900
10.170000076293945 10.220000267028809 10.170000076293945 10.1899995803833 111100
10.204999923706055 10.229999542236328 10.199999809265137 10.229999542236328 89900
10.229999542236328 10.239999771118164 10.199999809265137 10.199999809265137 226100
10.239999771118164 10.239999771118164 10.210000038146973 10.210000038146973 95600
10.229999542236328 10.229999542236328 10.210000038146973 10.220000267028809 299000
10.229999542236328 10.229999542236328 10.210000038146973 10.210000038146973 358600
10.220000267028809 10.229999542236328 10.210000038146973 10.210000038146973 94500
10.229999542236328 10.239999771118164 10.220000267028809 10.239999771118164 234800
10.239999771118164 10.239999771118164 10.21500015258789 10.229999542236328 159700
10.220000267028809 10.239999771118164 10.210000038146973 10.210000038146973 733600
10.229999542236328 10.229999542236328 10.210000038146973 10.220000267028809 331600
10.210000038146973 10.220000267028809 10.210000038146973 10.220000267028809 988500
10.220000267028809 10.229999542236328 10.210000038146973 10.210000038146973 417200
10.210000038146973 10.229999542236328 10.210000038146973 10.21500015258789 590600
10.229999542236328 10.229999542236328 10.100000381469727 10.119999885559082 407200
10.149999618530273 10.420000076293945 10.09000015258789 10.369999885559082 1052400
10.359999656677246 10.404999732971191 10.321000099182129 10.380000114440918 871500
10.359999656677246 11.399999618530273 10.359999656677246 11.199999809265137 800900
11.039999961853027 11.100000381469727 9.539999961853027 10.050000190734863 621500
10.050000190734863 10.270000457763672 9.755999565124512 9.970000267028809 264000
10.470000267028809 10.52299976348877 10.079999923706055 10.449999809265137 340400
10.5600004196167 10.609000205993652 9.90999984741211 10.069999694824219 235200
10.0600004196167 10.34000015258789 9.649999618530273 10.15999984741211 301100
10.380000114440918 11.0600004196167 10.079999923706055 10.850000381469727 535500
10.829999923706055 10.960000038146973 9.970000267028809 10.40999984741211 223800
10.460000038146973 10.489999771118164 10.229999542236328 10.34000015258789 188900
10.460000038146973 10.460000038146973 9.970000267028809 10.039999961853027 293500
9.920000076293945 10.050000190734863 9.869999885559082 9.9399995803833 162500
9.920000076293945 9.960000038146973 8.84000015258789 8.920000076293945 655000
9.09000015258789 10.079999923706055 9.0 9.90999984741211 397600
9.770000457763672 10.0 8.65999984741211 9.0 325100
9.0 9.083000183105469 8.336000442504883 8.779999732971191 523300
8.760000228881836 8.831999778747559 8.3149995803833 8.489999771118164 262300
8.619999885559082 8.75 8.109999656677246 8.279999732971191 375100
7.96999979019165 8.180000305175781 7.460000038146973 8.100000381469727 566900
8.399999618530273 9.0 8.199999809265137 8.609999656677246 616100
8.789999961853027 8.930000305175781 7.46999979019165 7.480000019073486 703900
7.449999809265137 7.480000019073486 6.71999979019165 6.900000095367432 569300
6.610000133514404 7.920000076293945 6.5 7.269999980926514 531800
7.269999980926514 7.349999904632568 6.550000190734863 6.599999904632568 413000
6.75 6.75 6.110000133514404 6.559999942779541 608400
6.599999904632568 6.679999828338623 6.010000228881836 6.210000038146973 317000
6.110000133514404 6.409999847412109 6.110000133514404 6.260000228881836 147100
6.269999980926514 6.829999923706055 6.059999942779541 6.130000114440918 199200
6.199999809265137 6.519999980926514 6.070000171661377 6.389999866485596 296400
6.449999809265137 6.739999771118164 6.199999809265137 6.670000076293945 217700
6.699999809265137 7.070000171661377 6.599999904632568 7.03000020980835 124700
7.050000190734863 7.320000171661377 6.704999923706055 7.119999885559082 221400
7.070000171661377 7.940000057220459 6.96999979019165 7.769999980926514 255500
7.909999847412109 8.680000305175781 7.800000190734863 8.4399995803833 455600
8.3100004196167 9.239999771118164 8.210000038146973 8.880000114440918 414900
8.779999732971191 9.199999809265137 8.699999809265137 8.979999542236328 209500
8.989999771118164 9.5600004196167 8.850000381469727 9.5600004196167 387100
9.6899995803833 10.350000381469727 9.619999885559082 10.210000038146973 583700
9.979999542236328 10.1899995803833 9.154999732971191 9.8100004196167 288300
9.789999961853027 10.380000114440918 9.699999809265137 10.140000343322754 304900
9.949999809265137 10.399999618530273 9.270000457763672 9.550000190734863 346700
9.449999809265137 9.699999809265137 8.399999618530273 8.819999694824219 338600
8.720000267028809 8.779999732971191 8.26200008392334 8.369999885559082 173900
8.300000190734863 8.800000190734863 8.100000381469727 8.180000305175781 101100
8.220000267028809 8.600000381469727 7.820000171661377 8.079999923706055 195900
7.980000019073486 8.151000022888184 7.559999942779541 7.559999942779541 597700
7.380000114440918 7.869999885559082 7.010000228881836 7.75 219300
7.760000228881836 8.649999618530273 7.460000038146973 8.229999542236328 272800
8.199999809265137 8.569999694824219 8.010000228881836 8.420000076293945 153100
8.5 8.800000190734863 8.069999694824219 8.300000190734863 139600
8.289999961853027 8.289999961853027 7.5 8.149999618530273 200900
8.25 8.25 7.699999809265137 7.940000057220459 127500
7.75 8.0 7.670000076293945 7.940000057220459 94700
7.869999885559082 8.010000228881836 7.550000190734863 7.909999847412109 79700
7.849999904632568 8.020000457763672 7.5 7.860000133514404 149500
7.820000171661377 8.0 7.480000019073486 7.690000057220459 90600
7.510000228881836 7.710000038146973 7.159999847412109 7.340000152587891 138300
7.230000019073486 7.789999961853027 7.230000019073486 7.679999828338623 47000
7.699999809265137 7.999000072479248 7.349999904632568 7.46999979019165 58700
7.510000228881836 7.599999904632568 7.309999942779541 7.429999828338623 69900
7.5 7.5 7.333000183105469 7.409999847412109 96600
7.400000095367432 7.519999980926514 7.400000095367432 7.480000019073486 125000
7.510000228881836 7.53000020980835 7.201000213623047 7.400000095367432 51300
7.269999980926514 7.480000019073486 7.159999847412109 7.389999866485596 84200
7.5 7.5 7.059999942779541 7.289999961853027 148700
7.300000190734863 7.429999828338623 7.150000095367432 7.340000152587891 89700
7.449999809265137 7.460000038146973 7.110000133514404 7.119999885559082 144400
7.309999942779541 7.46999979019165 7.210000038146973 7.420000076293945 98900
7.460000038146973 7.460000038146973 7.139999866485596 7.21999979019165 177200
7.25 7.320000171661377 6.920000076293945 7.0 241600
7.179999828338623 7.179999828338623 6.715000152587891 6.920000076293945 206700
7.0 7.0 6.599999904632568 6.739999771118164 265800
6.989999771118164 6.989999771118164 6.46999979019165 6.519999980926514 263800
6.550000190734863 6.610000133514404 6.139999866485596 6.239999771118164 296700
6.360000133514404 6.7129998207092285 6.25 6.579999923706055 436800
6.599999904632568 6.699999809265137 6.340000152587891 6.400000095367432 203800
6.5 6.869999885559082 6.449999809265137 6.590000152587891 215700
6.539999961853027 6.739999771118164 6.28000020980835 6.440000057220459 161400
6.550000190734863 6.860000133514404 6.300000190734863 6.400000095367432 338300
6.460000038146973 7.289999961853027 6.440000057220459 6.650000095367432 765000
6.710000038146973 7.25 6.699999809265137 6.800000190734863 600200
6.960000038146973 7.0 6.71999979019165 6.760000228881836 610800
6.989999771118164 7.349999904632568 6.909999847412109 7.309999942779541 859600
7.349999904632568 7.380000114440918 6.889999866485596 7.230000019073486 888900
7.300000190734863 7.724999904632568 7.061999797821045 7.46999979019165 849500
8.199999809265137 8.430000305175781 7.28000020980835 7.53000020980835 1537200
7.300000190734863 7.349999904632568 6.690000057220459 6.690000057220459 1152400
6.510000228881836 6.579999923706055 6.25 6.449999809265137 890300
6.449999809265137 6.5 6.179999828338623 6.300000190734863 460500
6.505000114440918 6.590000152587891 6.050000190734863 6.130000114440918 373000
6.139999866485596 6.139999866485596 5.730000019073486 5.760000228881836 620400
5.800000190734863 5.880000114440918 5.159999847412109 5.369999885559082 1012700
5.349999904632568 5.388999938964844 5.159999847412109 5.28000020980835 327100
5.239999771118164 5.300000190734863 5.059999942779541 5.21999979019165 387300
4.929999828338623 5.21999979019165 4.913000106811523 5.199999809265137 386700
5.199999809265137 5.199999809265137 4.940000057220459 5.070000171661377 301700
5.099999904632568 5.099999904632568 4.75 4.900000095367432 289100
5.0 5.048999786376953 4.610000133514404 4.699999809265137 276600
4.699999809265137 4.699999809265137 4.449999809265137 4.659999847412109 241000
4.699999809265137 4.78000020980835 4.420000076293945 4.670000076293945 287900
4.739999771118164 4.980000019073486 4.5 4.800000190734863 456100
4.940000057220459 5.190000057220459 4.900000095367432 5.039999961853027 317900
5.239999771118164 5.315999984741211 5.077000141143799 5.119999885559082 212100
5.059999942779541 5.139999866485596 4.909999847412109 5.010000228881836 184100
5.010000228881836 5.210000038146973 4.73199987411499 5.059999942779541 311300
5.03000020980835 5.150000095367432 4.914999961853027 4.96999979019165 133600
4.880000114440918 4.954999923706055 4.650000095367432 4.71999979019165 172800
4.710000038146973 4.789999961853027 4.510000228881836 4.71999979019165 316800
4.739999771118164 4.989999771118164 4.480000019073486 4.610000133514404 308100
4.440000057220459 4.619999885559082 4.2729997634887695 4.619999885559082 297100
4.545000076293945 4.559999942779541 4.15500020980835 4.380000114440918 473600
4.360000133514404 4.510000228881836 4.110000133514404 4.340000152587891 596300
4.329999923706055 4.994999885559082 4.269999980926514 4.869999885559082 481500
4.860000133514404 5.079999923706055 4.78000020980835 4.849999904632568 200500
4.820000171661377 4.929999828338623 4.679999828338623 4.75 169400
4.71999979019165 4.800000190734863 4.480000019073486 4.539999961853027 201400
4.489999771118164 4.639999866485596 4.260000228881836 4.300000190734863 300000
4.349999904632568 4.760000228881836 4.349999904632568 4.510000228881836 460100
4.440000057220459 4.71999979019165 4.426000118255615 4.539999961853027 266000
4.599999904632568 4.840000152587891 4.552999973297119 4.840000152587891 227100
4.889999866485596 5.050000190734863 4.409999847412109 4.449999809265137 361800
4.389999866485596 4.599999904632568 4.230000019073486 4.320000171661377 176600
4.53000020980835 5.309999942779541 4.440000057220459 4.679999828338623 1195000
4.670000076293945 5.170000076293945 4.5 5.159999847412109 484900
5.110000133514404 5.380000114440918 4.849999904632568 5.139999866485596 929900
5.21999979019165 6.090000152587891 5.210000038146973 5.760000228881836 2708700
5.760000228881836 6.380000114440918 5.329999923706055 6.050000190734863 2234900
6.105000019073486 6.679999828338623 5.96999979019165 6.079999923706055 1903700
5.820000171661377 5.929999828338623 5.449999809265137 5.659999847412109 731400
5.579999923706055 5.631999969482422 4.929999828338623 4.949999809265137 753200
4.940000057220459 5.110000133514404 4.679999828338623 4.769999980926514 416900
4.889999866485596 4.989999771118164 4.619999885559082 4.619999885559082 303400
4.659999847412109 4.699999809265137 4.150000095367432 4.380000114440918 597200
4.139999866485596 4.5 4.050000190734863 4.460000038146973 533500
4.369999885559082 4.480000019073486 4.199999809265137 4.360000133514404 248600
4.46999979019165 4.789999961853027 4.385000228881836 4.710000038146973 406000
4.769999980926514 4.880000114440918 4.199999809265137 4.28000020980835 346100
4.320000171661377 4.375 4.039999961853027 4.309999942779541 323300
4.260000228881836 4.739999771118164 4.199999809265137 4.670000076293945 365800
4.670000076293945 5.039999961853027 4.659999847412109 4.900000095367432 541800
5.0 5.0 4.460000038146973 4.800000190734863 239000
4.630000114440918 4.739999771118164 4.5 4.610000133514404 167100
4.630000114440918 4.820000171661377 4.570000171661377 4.809999942779541 135000
4.78000020980835 4.809999942779541 4.460000038146973 4.570000171661377 137900
4.610000133514404 4.639999866485596 4.429999828338623 4.510000228881836 157800
4.5 4.860000133514404 4.5 4.619999885559082 166500
4.519999980926514 4.739999771118164 4.390999794006348 4.440000057220459 190100
4.409999847412109 4.434999942779541 4.099999904632568 4.309999942779541 247000
4.25 4.440000057220459 4.130000114440918 4.25 128100
4.349999904632568 4.492000102996826 4.300000190734863 4.349999904632568 153500
4.489999771118164 4.534999847412109 4.349999904632568 4.460000038146973 197400
4.53000020980835 4.570000171661377 4.269999980926514 4.309999942779541 106400
4.289999961853027 4.400000095367432 4.159999847412109 4.260000228881836 132300
4.179999828338623 4.349999904632568 4.090000152587891 4.190000057220459 117300
4.300000190734863 4.340000152587891 4.039999961853027 4.090000152587891 150800
3.9100000858306885 4.190000057220459 3.8499999046325684 4.139999866485596 194600
4.150000095367432 4.199999809265137 4.0 4.050000190734863 188100
3.950000047683716 3.950000047683716 3.4200000762939453 3.5799999237060547 1175600
3.559999942779541 3.7279999256134033 3.5399999618530273 3.549999952316284 215600
3.5199999809265137 3.569999933242798 3.4200000762939453 3.4600000381469727 233100
3.5 3.5 3.2899999618530273 3.309999942779541 301600
3.2300000190734863 3.390000104904175 3.0799999237060547 3.1600000858306885 259600
3.200000047683716 3.2799999713897705 3.0299999713897705 3.0399999618530273 266900
3.069999933242798 3.390000104904175 3.049999952316284 3.299999952316284 205700
3.4200000762939453 3.4600000381469727 3.200000047683716 3.2100000381469727 178300
3.109999895095825 3.2799999713897705 3.0399999618530273 3.0399999618530273 384800
3.2100000381469727 3.615000009536743 2.9800000190734863 3.430000066757202 892000
3.549999952316284 3.690000057220459 3.200000047683716 3.2300000190734863 335700
3.1700000762939453 3.444999933242798 3.130000114440918 3.380000114440918 192200
3.5299999713897705 3.681999921798706 3.430000066757202 3.609999895095825 277800
3.5899999141693115 3.9600000381469727 3.5409998893737793 3.869999885559082 324900
3.799999952316284 4.300000190734863 3.759999990463257 4.190000057220459 329200
4.139999866485596 4.243000030517578 3.934999942779541 3.9600000381469727 202600
4.050000190734863 4.300000190734863 4.050000190734863 4.099999904632568 149700
4.099999904632568 4.190000057220459 3.940000057220459 3.950000047683716 77600
3.940000057220459 4.230000019073486 3.927999973297119 4.010000228881836 94600
3.950000047683716 4.099999904632568 3.759999990463257 3.759999990463257 264600
3.7300000190734863 4.099999904632568 3.619999885559082 3.7100000381469727 268700
3.75 3.950000047683716 3.5299999713897705 3.559999942779541 189200
3.569999933242798 3.680000066757202 3.5 3.5899999141693115 84500
3.6700000762939453 3.6700000762939453 3.430000066757202 3.430000066757202 72500
3.490000009536743 3.640000104904175 3.430999994277954 3.4700000286102295 54500
3.430000066757202 3.619999885559082 3.4200000762939453 3.5199999809265137 109600
3.4700000286102295 3.5999999046325684 3.2950000762939453 3.359999895095825 66800
3.319999933242798 3.490000009536743 3.180000066757202 3.359999895095825 174200
3.4100000858306885 3.4100000858306885 3.0999999046325684 3.299999952316284 180400
3.2799999713897705 3.380000114440918 3.2300000190734863 3.380000114440918 57000
3.319999933242798 3.380000114440918 3.200000047683716 3.3399999141693115 65000
3.390000104904175 3.440000057220459 3.1700000762939453 3.2799999713897705 47500
3.2300000190734863 3.5899999141693115 3.2060000896453857 3.369999885559082 116700
3.359999895095825 3.3989999294281006 3.200000047683716 3.319999933242798 56700
3.2300000190734863 3.309999942779541 3.1700000762939453 3.2300000190734863 103100
3.240000009536743 3.3299999237060547 3.200000047683716 3.25 104200
3.252000093460083 3.319999933242798 3.1500000953674316 3.2699999809265137 73500
3.2799999713897705 3.2799999713897705 3.0299999713897705 3.2200000286102295 135000
3.1500000953674316 3.190000057220459 2.9000000953674316 2.9800000190734863 222200
3.0 3.140000104904175 2.9100000858306885 3.119999885559082 59200
3.130000114440918 3.130000114440918 2.819999933242798 2.880000114440918 123600
2.880000114440918 2.930000066757202 2.7300000190734863 2.7899999618530273 103700
2.8399999141693115 2.9200000762939453 2.700000047683716 2.890000104904175 117800
2.8299999237060547 3.0999999046325684 2.8299999237060547 2.9700000286102295 53300
2.930000066757202 3.7799999713897705 2.8450000286102295 3.190000057220459 1620800
3.2300000190734863 3.25 2.9100000858306885 3.1700000762939453 247200
3.2300000190734863 3.390000104904175 2.994999885559082 3.369999885559082 159600
3.359999895095825 3.359999895095825 2.75 3.2200000286102295 217400
3.1500000953674316 3.2100000381469727 2.9200000762939453 3.1500000953674316 134800
3.069999933242798 3.2300000190734863 2.869999885559082 2.950000047683716 137900
2.9000000953674316 2.9000000953674316 2.5999999046325684 2.7100000381469727 383500
2.490000009536743 2.9000000953674316 2.490000009536743 2.559999942779541 208800
2.490000009536743 2.73799991607666 2.4600000381469727 2.6500000953674316 258400
2.700000047683716 3.0999999046325684 2.700000047683716 3.0 229500
3.0299999713897705 3.0899999141693115 2.759999990463257 2.940000057220459 149800
3.0199999809265137 3.253000020980835 3.0199999809265137 3.200000047683716 293600
3.1600000858306885 3.359999895095825 3.130000114440918 3.25 123700
3.180000066757202 3.390000104904175 3.1500000953674316 3.190000057220459 150700
3.259999990463257 3.3299999237060547 3.059999942779541 3.180000066757202 135200
3.1600000858306885 3.5999999046325684 3.140000104904175 3.450000047683716 153500
3.440000057220459 3.5999999046325684 3.309999942779541 3.5 114200
3.490000009536743 3.5 3.2100000381469727 3.4700000286102295 80100
3.4800000190734863 3.6500000953674316 3.180000066757202 3.5299999713897705 214700
3.549999952316284 3.6500000953674316 3.3399999141693115 3.4000000953674316 146100
3.390000104904175 3.7100000381469727 3.259999990463257 3.6500000953674316 135600
3.630000114440918 3.7200000286102295 3.0999999046325684 3.130000114440918 359900
3.0999999046325684 3.3499999046325684 3.059999942779541 3.25 254700
3.190000057220459 3.2899999618530273 3.119999885559082 3.1500000953674316 118200
3.200000047683716 3.299999952316284 3.0199999809265137 3.0299999713897705 234400
3.0299999713897705 3.2100000381469727 3.0 3.180000066757202 167000
3.200000047683716 3.5199999809265137 3.1700000762939453 3.490000009536743 214900
3.430000066757202 3.509999990463257 3.25 3.2799999713897705 253100
3.299999952316284 3.4679999351501465 3.299999952316284 3.3299999237060547 193500
3.25 3.2699999809265137 3.0 3.109999895095825 154900
3.200000047683716 3.299999952316284 3.009999990463257 3.2100000381469727 98400
3.200000047683716 3.490000009536743 3.200000047683716 3.430000066757202 138100
3.3399999141693115 3.509999990463257 3.240000009536743 3.4800000190734863 206100
3.450000047683716 3.5199999809265137 3.2799999713897705 3.380000114440918 246800
3.4000000953674316 3.6600000858306885 3.25 3.2799999713897705 243200
3.2100000381469727 3.4100000858306885 3.049999952316284 3.2200000286102295 212000
3.119999885559082 3.4000000953674316 3.109999895095825 3.25 224300
3.4000000953674316 3.509999990463257 3.200000047683716 3.2799999713897705 1730300
3.2699999809265137 3.509999990463257 3.244999885559082 3.4700000286102295 179500
3.5 3.630000114440918 3.390000104904175 3.4000000953674316 148800
3.3299999237060547 3.375 3.0899999141693115 3.119999885559082 240300
3.119999885559082 3.2899999618530273 3.059999942779541 3.2899999618530273 139800
3.4030001163482666 3.490000009536743 3.240000009536743 3.2799999713897705 127400
3.2200000286102295 3.509999990463257 3.190000057220459 3.4800000190734863 108800
3.440000057220459 3.5899999141693115 3.369999885559082 3.430000066757202 206300
3.4800000190734863 3.609999895095825 3.4800000190734863 3.569999933242798 143200
3.490000009536743 3.640000104904175 3.430000066757202 3.4800000190734863 86600
3.430000066757202 3.430000066757202 3.2699999809265137 3.2899999618530273 67400
3.299999952316284 3.380000114440918 3.1600000858306885 3.2300000190734863 51900
3.200000047683716 3.3299999237060547 3.0999999046325684 3.2300000190734863 72500
3.180000066757202 3.194999933242798 3.0899999141693115 3.119999885559082 46000
3.259999990463257 3.259999990463257 3.049999952316284 3.1500000953674316 118000
3.180000066757202 3.2200000286102295 3.049999952316284 3.119999885559082 112300
3.1700000762939453 3.2799999713897705 3.130000114440918 3.25 115300
3.240000009536743 3.3499999046325684 3.190000057220459 3.2300000190734863 105500
3.1700000762939453 3.2899999618530273 3.0899999141693115 3.2300000190734863 170400
3.2200000286102295 3.2200000286102295 2.9000000953674316 2.9600000381469727 150300
2.950000047683716 3.0199999809265137 2.9000000953674316 3.0 83700
2.9800000190734863 3.0329999923706055 2.809999942779541 2.9000000953674316 98200
2.821000099182129 3.0899999141693115 2.821000099182129 3.049999952316284 131000
3.130000114440918 3.2300000190734863 3.009999990463257 3.140000104904175 87500
3.2200000286102295 3.2200000286102295 3.0230000019073486 3.059999942779541 79600
3.009999990463257 3.25 2.9100000858306885 3.200000047683716 45700
3.2100000381469727 3.2899999618530273 3.1700000762939453 3.2200000286102295 88700
3.2899999618530273 3.3399999141693115 3.0899999141693115 3.3399999141693115 210500
3.3399999141693115 3.3399999141693115 3.2100000381469727 3.2799999713897705 65100
3.3299999237060547 3.5 3.200000047683716 3.5 96100
3.549999952316284 3.680000066757202 3.450000047683716 3.6700000762939453 159100
3.6500000953674316 3.700000047683716 3.4700000286102295 3.6700000762939453 149700
3.549999952316284 3.549999952316284 3.049999952316284 3.109999895095825 340100
3.109999895095825 3.2200000286102295 2.9609999656677246 2.9800000190734863 211500
2.9700000286102295 3.015000104904175 2.88700008392334 2.940000057220459 181800
2.930000066757202 2.940000057220459 2.700000047683716 2.7100000381469727 257700
2.7100000381469727 2.7799999713897705 2.569999933242798 2.569999933242798 202800
2.5399999618530273 2.700000047683716 2.5 2.5899999141693115 202500
2.549999952316284 2.674999952316284 2.5199999809265137 2.549999952316284 87000
2.490000009536743 2.5899999141693115 2.4200000762939453 2.440000057220459 189200
2.5 2.5199999809265137 2.3299999237060547 2.440000057220459 308900
2.490000009536743 2.5199999809265137 2.4200000762939453 2.440000057220459 144000
2.4800000190734863 2.680000066757202 2.447000026702881 2.5999999046325684 143800
2.6700000762939453 2.6700000762939453 2.549999952316284 2.640000104904175 89300
2.630000114440918 2.6500000953674316 2.4100000858306885 2.5299999713897705 171700
2.4800000190734863 2.700000047683716 2.4600000381469727 2.619999885559082 173200
2.619999885559082 2.75 2.5299999713897705 2.6500000953674316 150300
2.609999895095825 2.759999990463257 2.559999942779541 2.7100000381469727 78800
2.7100000381469727 2.7899999618530273 2.609999895095825 2.75 114500
2.7009999752044678 2.880000114440918 2.7009999752044678 2.7899999618530273 136400
2.819999933242798 2.8399999141693115 2.6500000953674316 2.6700000762939453 98500
2.640000104904175 2.8299999237060547 2.5999999046325684 2.619999885559082 330800
2.6700000762939453 2.688999891281128 2.5199999809265137 2.619999885559082 133900
2.619999885559082 2.7699999809265137 2.5999999046325684 2.640000104904175 95800
2.680000066757202 2.742000102996826 2.640000104904175 2.7100000381469727 48000
2.609999895095825 2.680000066757202 2.450000047683716 2.5299999713897705 298200
2.4800000190734863 2.569999933242798 2.450000047683716 2.5 69600
2.5 2.559999942779541 2.5 2.5299999713897705 85100
2.4700000286102295 2.700000047683716 2.4600000381469727 2.5999999046325684 314300
2.5799999237060547 2.5999999046325684 2.450000047683716 2.4800000190734863 43900
2.4800000190734863 2.5199999809265137 2.430000066757202 2.4600000381469727 74100
2.5 2.5399999618530273 2.4200000762939453 2.4600000381469727 58900
2.4600000381469727 2.4600000381469727 2.309999942779541 2.3499999046325684 93400
2.3299999237060547 2.369999885559082 2.259999990463257 2.309999942779541 144200
2.2899999618530273 2.4100000858306885 2.234999895095825 2.2899999618530273 89800
2.3399999141693115 2.3499999046325684 2.0899999141693115 2.109999895095825 248800
2.0899999141693115 2.319999933242798 2.059999942779541 2.2699999809265137 138900
2.2200000286102295 2.2300000190734863 2.0299999713897705 2.049999952316284 211100
2.049999952316284 2.3299999237060547 2.049999952316284 2.299999952316284 164100
2.309999942779541 2.38700008392334 2.2300000190734863 2.2899999618530273 85000
2.299999952316284 2.509999990463257 2.2899999618530273 2.4700000286102295 104400
2.450000047683716 2.4800000190734863 2.319999933242798 2.4200000762939453 80700
2.4000000953674316 2.4100000858306885 2.319999933242798 2.3399999141693115 47300
2.299999952316284 2.427000045776367 2.140000104904175 2.2100000381469727 83200
2.2100000381469727 2.2100000381469727 2.130000114440918 2.1700000762939453 42000
2.1500000953674316 2.1700000762939453 2.0899999141693115 2.1600000858306885 71100
2.140000104904175 2.1689999103546143 2.049999952316284 2.069999933242798 109400
2.0999999046325684 2.1600000858306885 1.9800000190734863 2.130000114440918 104200
2.200000047683716 2.200000047683716 1.9900000095367432 2.0 94700
2.0899999141693115 2.2200000286102295 2.0299999713897705 2.119999885559082 122900
2.200000047683716 2.2799999713897705 2.0 2.0299999713897705 82200
2.009999990463257 2.0480000972747803 1.9199999570846558 2.0 57800
2.009999990463257 2.319999933242798 2.009999990463257 2.2899999618530273 174300
2.3499999046325684 2.3499999046325684 2.25 2.309999942779541 128800
2.3399999141693115 2.3399999141693115 2.1670000553131104 2.2300000190734863 84100
2.2049999237060547 2.319999933242798 2.1600000858306885 2.299999952316284 57200
2.4000000953674316 2.5299999713897705 2.3299999237060547 2.3399999141693115 113000
2.309999942779541 2.4649999141693115 2.119999885559082 2.1500000953674316 120000
2.140000104904175 2.2899999618530273 2.119999885559082 2.2799999713897705 74100
2.240000009536743 2.4600000381469727 2.240000009536743 2.2699999809265137 91600
2.3299999237060547 2.4100000858306885 2.2699999809265137 2.309999942779541 48400
2.2799999713897705 2.319999933242798 2.2100000381469727 2.2200000286102295 51100
2.1500000953674316 2.2699999809265137 2.115000009536743 2.2300000190734863 61200
2.2249999046325684 2.2249999046325684 2.1500000953674316 2.200000047683716 32600
2.200000047683716 2.234999895095825 2.119999885559082 2.1500000953674316 39800
2.109999895095825 2.180000066757202 2.109999895095825 2.140000104904175 23000
2.0999999046325684 2.1500000953674316 1.8700000047683716 1.9299999475479126 127600
2.200000047683716 2.200000047683716 1.9700000286102295 2.0399999618530273 96200
2.0 2.1500000953674316 2.0 2.0999999046325684 87000
2.119999885559082 2.2899999618530273 2.059999942779541 2.25 164900
2.4200000762939453 2.4800000190734863 2.25 2.299999952316284 158200
2.3399999141693115 2.450000047683716 2.3399999141693115 2.3499999046325684 107300
2.369999885559082 2.4189999103546143 2.319999933242798 2.369999885559082 129900
2.4700000286102295 2.492000102996826 2.3559999465942383 2.4100000858306885 77500
2.4100000858306885 2.4800000190734863 2.359999895095825 2.369999885559082 87200
2.369999885559082 2.5 2.259999990463257 2.4800000190734863 65000
2.4700000286102295 2.5199999809265137 2.430000066757202 2.490000009536743 74700
2.490000009536743 2.503000020980835 2.4200000762939453 2.4200000762939453 31600
2.390000104904175 2.5199999809265137 2.369999885559082 2.4800000190734863 131100
2.4700000286102295 2.5799999237060547 2.36299991607666 2.4700000286102295 125700
2.4600000381469727 2.549999952316284 2.4200000762939453 2.490000009536743 110200
2.509999990463257 2.5899999141693115 2.430000066757202 2.5 120900
2.4000000953674316 2.5799999237060547 2.4000000953674316 2.549999952316284 92800
2.549999952316284 2.640000104904175 2.380000114440918 2.430000066757202 73300
2.4200000762939453 2.4600000381469727 2.380000114440918 2.440000057220459 125200
2.4000000953674316 2.450000047683716 2.369999885559082 2.380000114440918 39100
2.380000114440918 2.5 2.369999885559082 2.5 80100
2.5399999618530273 2.5399999618530273 2.4200000762939453 2.440000057220459 77400
2.390000104904175 2.430000066757202 2.319999933242798 2.319999933242798 56100
2.4200000762939453 2.450000047683716 2.319999933242798 2.3499999046325684 31400
2.3399999141693115 2.359999895095825 2.315000057220459 2.319999933242798 30700
2.309999942779541 2.3399999141693115 2.2799999713897705 2.299999952316284 47400
2.2899999618530273 2.2950000762939453 2.0999999046325684 2.109999895095825 123900
2.130000114440918 2.1500000953674316 1.909999966621399 1.909999966621399 169500
1.9500000476837158 2.059999942779541 1.909999966621399 2.0299999713897705 64300
2.0399999618530273 2.130000114440918 2.0199999809265137 2.130000114440918 100800
2.0999999046325684 2.140000104904175 2.069999933242798 2.130000114440918 33800
2.140000104904175 2.1649999618530273 2.0899999141693115 2.130000114440918 57900
2.0 2.069999933242798 2.0 2.0399999618530273 85800
2.0199999809265137 2.0899999141693115 2.0199999809265137 2.0399999618530273 43800
2.009999990463257 2.069999933242798 1.975000023841858 2.059999942779541 87100
2.0299999713897705 2.0869998931884766 1.9800000190734863 2.049999952316284 112700
2.069999933242798 2.0999999046325684 1.940000057220459 2.0199999809265137 91300
2.0199999809265137 2.0899999141693115 2.0 2.0299999713897705 21200
2.015000104904175 2.0799999237060547 2.009999990463257 2.0399999618530273 9200
2.069999933242798 2.140000104904175 2.049999952316284 2.0899999141693115 86300
2.1500000953674316 2.1500000953674316 2.0399999618530273 2.069999933242798 28700
2.132999897003174 2.180000066757202 2.0869998931884766 2.140000104904175 45000
2.140000104904175 2.184999942779541 2.0799999237060547 2.0899999141693115 41500
2.0920000076293945 2.1600000858306885 2.0920000076293945 2.1500000953674316 32400
2.119999885559082 2.200000047683716 2.119999885559082 2.140000104904175 30200
2.190000057220459 2.2699999809265137 2.140000104904175 2.1600000858306885 46800
2.1700000762939453 2.259999990463257 2.0399999618530273 2.049999952316284 43600
2.0399999618530273 2.109999895095825 2.0299999713897705 2.0999999046325684 22800
2.140000104904175 2.1600000858306885 2.0899999141693115 2.140000104904175 40800
2.180000066757202 2.2300000190734863 2.1500000953674316 2.1700000762939453 23700
2.1600000858306885 2.240000009536743 2.130000114440918 2.1500000953674316 18600
2.180000066757202 2.2899999618530273 2.140000104904175 2.2699999809265137 94300
2.109999895095825 2.299999952316284 2.109999895095825 2.299999952316284 38400
2.259999990463257 2.309999942779541 2.259999990463257 2.2899999618530273 40100
2.299999952316284 2.319999933242798 2.2200000286102295 2.2799999713897705 41500
2.200000047683716 2.319999933242798 2.200000047683716 2.299999952316284 56800
2.319999933242798 2.319999933242798 2.2100000381469727 2.2899999618530273 60900
2.2100000381469727 2.430000066757202 2.2100000381469727 2.3299999237060547 131300
2.25 2.4000000953674316 2.25 2.359999895095825 53700
2.3299999237060547 2.4700000286102295 2.299999952316284 2.4100000858306885 47500
2.4000000953674316 2.4800000190734863 2.380000114440918 2.430000066757202 36000
2.4000000953674316 2.430000066757202 2.299999952316284 2.3299999237060547 59000
2.3289999961853027 2.369999885559082 2.2200000286102295 2.2300000190734863 70100
2.2200000286102295 2.2699999809265137 2.184999942779541 2.25 43200
2.2200000286102295 2.259999990463257 2.203000068664551 2.240000009536743 24200
2.190000057220459 2.2699999809265137 2.190000057220459 2.259999990463257 18700
2.25 2.309999942779541 2.200000047683716 2.240000009536743 35900
2.2100000381469727 2.25 2.119999885559082 2.140000104904175 80200
2.1500000953674316 2.299999952316284 2.1500000953674316 2.299999952316284 53100
2.2699999809265137 2.319999933242798 2.119999885559082 2.1500000953674316 40100
2.2300000190734863 2.2300000190734863 2.1449999809265137 2.180000066757202 81100
2.257999897003174 2.257999897003174 2.1619999408721924 2.2200000286102295 30800
2.200000047683716 2.2699999809265137 2.180000066757202 2.240000009536743 47500
2.2200000286102295 2.2200000286102295 2.119999885559082 2.180000066757202 82200
2.130000114440918 2.1500000953674316 2.0999999046325684 2.109999895095825 196400
2.0999999046325684 2.119999885559082 2.0299999713897705 2.0899999141693115 68600
2.0399999618530273 2.0799999237060547 2.0199999809265137 2.0799999237060547 39000
2.119999885559082 2.1500000953674316 2.069999933242798 2.109999895095825 37800
2.130000114440918 2.134999990463257 2.049999952316284 2.069999933242798 128800
2.049999952316284 2.0999999046325684 2.0 2.0299999713897705 34600
2.0399999618530273 2.059999942779541 2.0 2.0299999713897705 63700
2.069999933242798 2.069999933242798 1.9199999570846558 1.9500000476837158 49900
1.909999966621399 1.9600000381469727 1.840000033378601 1.8700000047683716 107300
1.850000023841858 1.850000023841858 1.7300000190734863 1.7599999904632568 65500
1.840000033378601 1.840000033378601 1.725000023841858 1.7599999904632568 44500
1.75 1.7699999809265137 1.7200000286102295 1.7599999904632568 41500
1.7300000190734863 1.9199999570846558 1.7200000286102295 1.8899999856948853 58400
1.8700000047683716 1.9600000381469727 1.7000000476837158 1.850000023841858 225600
1.8200000524520874 1.8300000429153442 1.7400000095367432 1.8300000429153442 65900
1.7999999523162842 1.8200000524520874 1.7400000095367432 1.7599999904632568 30700
1.7300000190734863 1.7999999523162842 1.7100000381469727 1.7400000095367432 35900
1.7400000095367432 1.899999976158142 1.7309999465942383 1.8899999856948853 76900
1.9299999475479126 1.9500000476837158 1.809999942779541 1.9299999475479126 94900
1.8899999856948853 1.9700000286102295 1.871000051498413 1.9700000286102295 23000
1.909999966621399 2.009999990463257 1.909999966621399 1.9700000286102295 26400
2.0139999389648438 2.0199999809265137 1.9800000190734863 1.9900000095367432 11100
1.9299999475479126 2.069999933242798 1.9299999475479126 2.059999942779541 18300
2.069999933242798 2.0999999046325684 1.9900000095367432 2.049999952316284 24000
2.0399999618530273 2.130000114440918 1.9600000381469727 2.130000114440918 55900
2.130000114440918 2.190000057220459 2.0199999809265137 2.0199999809265137 147900
2.0299999713897705 2.0799999237060547 2.0199999809265137 2.0199999809265137 26200
2.049999952316284 2.188999891281128 2.049999952316284 2.059999942779541 10000
2.069999933242798 2.069999933242798 1.9199999570846558 1.9900000095367432 46500
2.005000114440918 2.1500000953674316 2.0 2.1500000953674316 37400
2.1600000858306885 2.1600000858306885 2.049999952316284 2.059999942779541 12400
2.0299999713897705 2.0899999141693115 1.9800000190734863 2.0 31600
2.0199999809265137 2.1700000762939453 2.009999990463257 2.069999933242798 80700
2.0399999618530273 2.0899999141693115 2.009999990463257 2.049999952316284 27300
2.0199999809265137 2.069999933242798 1.9600000381469727 2.0299999713897705 18600
1.9900000095367432 2.0399999618530273 1.9900000095367432 2.0 10600
1.9600000381469727 2.0299999713897705 1.9600000381469727 2.0199999809265137 13300
2.009999990463257 2.0490000247955322 1.940000057220459 1.9800000190734863 67700
1.9900000095367432 1.9900000095367432 1.9199999570846558 1.9199999570846558 18300
1.9299999475479126 1.9500000476837158 1.909999966621399 1.909999966621399 15600
1.8700000047683716 1.9299999475479126 1.8700000047683716 1.9199999570846558 22200
1.8980000019073486 1.9800000190734863 1.8980000019073486 1.9199999570846558 25800
1.8899999856948853 1.968000054359436 1.8899999856948853 1.899999976158142 21700
1.899999976158142 1.9249999523162842 1.875 1.8799999952316284 45400
1.850000023841858 1.899999976158142 1.809999942779541 1.899999976158142 56900
1.899999976158142 1.9600000381469727 1.8899999856948853 1.899999976158142 43300
1.909999966621399 1.9299999475479126 1.840000033378601 1.9199999570846558 141800
1.9199999570846558 2.0799999237060547 1.9199999570846558 2.059999942779541 56000
2.0799999237060547 2.0799999237060547 2.0 2.0299999713897705 19800
2.0 2.0299999713897705 2.0 2.009999990463257 9000
2.0299999713897705 2.0299999713897705 1.9570000171661377 2.0199999809265137 14400
2.0199999809265137 2.069000005722046 2.0199999809265137 2.049999952316284 72900
2.299999952316284 2.299999952316284 1.9700000286102295 2.119999885559082 272800
2.109999895095825 2.109999895095825 2.0450000762939453 2.069999933242798 46900
2.0199999809265137 2.0999999046325684 2.0 2.069999933242798 40200
2.059999942779541 2.1600000858306885 2.059999942779541 2.140000104904175 59000
2.119999885559082 2.2899999618530273 2.119999885559082 2.2699999809265137 71300
2.2899999618530273 2.2899999618530273 2.190000057220459 2.2100000381469727 35200
2.2100000381469727 2.2899999618530273 2.1600000858306885 2.200000047683716 56200
2.1700000762939453 2.200000047683716 2.119999885559082 2.140000104904175 29400
2.119999885559082 2.265000104904175 2.109999895095825 2.240000009536743 33200
2.2100000381469727 2.2799999713897705 2.1700000762939453 2.200000047683716 30700
2.1700000762939453 2.2360000610351562 2.1700000762939453 2.200000047683716 13300
2.2200000286102295 2.2200000286102295 2.0399999618530273 2.0399999618530273 114300
2.0399999618530273 2.062000036239624 2.0 2.0399999618530273 125300
2.069999933242798 2.1500000953674316 2.069999933242798 2.0799999237060547 49000
2.119999885559082 2.119999885559082 2.059999942779541 2.0899999141693115 48200
2.069999933242798 2.069999933242798 2.009999990463257 2.0399999618530273 65100
2.0299999713897705 2.119999885559082 1.9800000190734863 2.0999999046325684 183000
2.119999885559082 2.200000047683716 2.119999885559082 2.190000057220459 61300
2.2100000381469727 2.2300000190734863 2.180000066757202 2.190000057220459 34700
2.190000057220459 2.3399999141693115 2.1600000858306885 2.2899999618530273 91400
2.299999952316284 2.3499999046325684 2.240000009536743 2.25 44700
2.2799999713897705 2.369999885559082 2.2720000743865967 2.2899999618530273 40700
2.299999952316284 2.369999885559082 2.25 2.25 50200
2.259999990463257 2.299999952316284 2.2100000381469727 2.25 59900
2.25 2.25 2.1500000953674316 2.1500000953674316 49200
2.130000114440918 2.180000066757202 2.130000114440918 2.140000104904175 31700
2.140000104904175 2.140000104904175 2.049999952316284 2.059999942779541 48700
2.049999952316284 2.049999952316284 2.009999990463257 2.0199999809265137 57300
2.0 2.2100000381469727 2.0 2.180000066757202 244300
2.1600000858306885 2.1689999103546143 2.119999885559082 2.130000114440918 39500
2.119999885559082 2.1700000762939453 2.0850000381469727 2.1500000953674316 72800
2.130000114440918 2.130000114440918 2.049999952316284 2.069999933242798 26300
2.069999933242798 2.0899999141693115 2.0399999618530273 2.049999952316284 34300
2.049999952316284 2.049999952316284 1.9900000095367432 2.0399999618530273 47700
2.049999952316284 2.119999885559082 2.0399999618530273 2.119999885559082 21500
2.140000104904175 2.140000104904175 2.009999990463257 2.069999933242798 32700
2.0299999713897705 2.049999952316284 1.9900000095367432 1.9900000095367432 33000
2.0299999713897705 2.049999952316284 1.9900000095367432 1.9900000095367432 24500
1.9900000095367432 2.009999990463257 1.9700000286102295 2.009999990463257 37300
2.0 2.0160000324249268 1.9900000095367432 1.9900000095367432 16300
1.9900000095367432 2.0 1.9700000286102295 1.9900000095367432 30700
1.9800000190734863 2.0 1.9299999475479126 1.9900000095367432 62700
1.9700000286102295 1.9800000190734863 1.9500000476837158 1.9700000286102295 29600
1.940000057220459 1.9800000190734863 1.9199999570846558 1.940000057220459 75400
1.9700000286102295 2.0 1.9700000286102295 2.0 33400
2.0 2.0199999809265137 1.9900000095367432 1.9900000095367432 41500
2.0199999809265137 2.0199999809265137 1.940000057220459 1.9800000190734863 66400
1.9600000381469727 2.009999990463257 1.9600000381469727 2.0 20400
1.909999966621399 2.0199999809265137 1.909999966621399 2.009999990463257 71000
1.9500000476837158 2.0299999713897705 1.9500000476837158 2.009999990463257 42800
2.0199999809265137 2.0399999618530273 2.0 2.009999990463257 18400
2.049999952316284 2.049999952316284 1.9800000190734863 2.0199999809265137 22800
2.0199999809265137 2.0999999046325684 1.9500000476837158 2.0899999141693115 54600
2.059999942779541 2.0999999046325684 2.009999990463257 2.0799999237060547 30200
2.049999952316284 2.115000009536743 2.0199999809265137 2.0399999618530273 38700
2.0299999713897705 2.049999952316284 2.0 2.049999952316284 29800
2.0199999809265137 2.1700000762939453 2.009999990463257 2.1700000762939453 66500
2.130000114440918 2.200000047683716 2.059999942779541 2.130000114440918 75900
2.130000114440918 2.1700000762939453 2.0920000076293945 2.1500000953674316 29600
2.0999999046325684 2.180000066757202 2.0999999046325684 2.180000066757202 60700
2.109999895095825 2.259999990463257 2.109999895095825 2.240000009536743 62800
2.3499999046325684 2.359999895095825 2.244999885559082 2.309999942779541 90800
2.259999990463257 2.4000000953674316 2.259999990463257 2.4000000953674316 138100
2.4000000953674316 2.630000114440918 2.4000000953674316 2.559999942779541 413300
2.609999895095825 2.619999885559082 2.4800000190734863 2.5899999141693115 199500
2.6500000953674316 2.6500000953674316 2.5 2.5199999809265137 73900
2.509999990463257 2.515000104904175 2.4000000953674316 2.4200000762939453 83500
2.4000000953674316 2.4700000286102295 2.369999885559082 2.4600000381469727 52300
2.4600000381469727 2.490000009536743 2.380000114440918 2.430000066757202 77200
2.4200000762939453 2.5 2.390000104904175 2.450000047683716 94200
2.450000047683716 2.5 2.4110000133514404 2.4800000190734863 63000
2.490000009536743 2.5 2.4100000858306885 2.5 121700
2.559999942779541 2.559999942779541 2.4739999771118164 2.5199999809265137 84700
2.559999942779541 2.7200000286102295 2.549999952316284 2.609999895095825 302000
2.609999895095825 2.6600000858306885 2.5799999237060547 2.6500000953674316 95600
2.630000114440918 2.6500000953674316 2.5999999046325684 2.630000114440918 67400
2.569999933242798 2.5999999046325684 2.509999990463257 2.5799999237060547 72200
2.5899999141693115 2.5999999046325684 2.559999942779541 2.5899999141693115 43000
2.6600000858306885 2.680000066757202 2.565000057220459 2.569999933242798 178400
2.5899999141693115 2.6700000762939453 2.569999933242798 2.6600000858306885 175100
2.740000009536743 2.740000009536743 2.5999999046325684 2.6500000953674316 125700
2.6600000858306885 2.6700000762939453 2.619999885559082 2.6500000953674316 86700
2.7300000190734863 2.7300000190734863 2.6500000953674316 2.700000047683716 267300
2.700000047683716 2.7300000190734863 2.680000066757202 2.700000047683716 71100
2.700000047683716 2.7200000286102295 2.5799999237060547 2.609999895095825 81900
2.680000066757202 2.680000066757202 2.382999897003174 2.4000000953674316 137700
2.390000104904175 2.4800000190734863 2.2799999713897705 2.2799999713897705 300800
2.2699999809265137 2.549999952316284 2.2699999809265137 2.490000009536743 410500
2.5 2.6600000858306885 2.4100000858306885 2.619999885559082 317400
2.680000066757202 2.7300000190734863 2.5799999237060547 2.609999895095825 176900
2.549999952316284 2.609999895095825 2.5 2.559999942779541 109500
2.619999885559082 2.694999933242798 2.5199999809265137 2.5299999713897705 119800
2.5299999713897705 2.640000104904175 2.5299999713897705 2.559999942779541 72400
2.549999952316284 2.630000114440918 2.5 2.5199999809265137 80700
2.5399999618530273 2.5999999046325684 2.509999990463257 2.559999942779541 59900
2.569999933242798 2.630000114440918 2.502000093460083 2.5399999618530273 81500
2.559999942779541 2.5899999141693115 2.5 2.5199999809265137 35700
2.5799999237060547 2.5799999237060547 2.4809999465942383 2.5399999618530273 76300
2.5 2.51200008392334 2.4200000762939453 2.4600000381469727 104900
2.440000057220459 2.440000057220459 2.309999942779541 2.319999933242798 87000
2.319999933242798 2.4000000953674316 2.309999942779541 2.380000114440918 83500
2.369999885559082 2.369999885559082 2.2200000286102295 2.3299999237060547 67500
2.369999885559082 2.5299999713897705 2.369999885559082 2.5299999713897705 148400
2.509999990463257 2.5299999713897705 2.3450000286102295 2.4000000953674316 123800
2.440000057220459 2.450000047683716 2.319999933242798 2.3299999237060547 108200
2.3399999141693115 2.3980000019073486 2.2300000190734863 2.2300000190734863 70100
2.2300000190734863 2.319999933242798 2.200000047683716 2.2100000381469727 122400
2.190000057220459 2.319999933242798 2.177000045776367 2.240000009536743 99600
2.240000009536743 2.319999933242798 2.2100000381469727 2.2300000190734863 36800
2.240000009536743 2.2899999618530273 2.0399999618530273 2.0899999141693115 69700
2.200000047683716 2.296999931335449 2.119999885559082 2.25 95900
2.259999990463257 2.380000114440918 2.25 2.3399999141693115 58400
2.319999933242798 2.390000104904175 2.319999933242798 2.3399999141693115 55354
