22.1200008392334 22.739999771118164 19.989999771118164 20.200000762939453 43594000
22.200000762939453 23.25 21.399999618530273 22.459999084472656 16954200
22.610000610351562 22.920000076293945 20.579999923706055 20.729999542236328 7580000
21.135000228881836 21.420000076293945 20.110000610351562 21.200000762939453 5137400
21.56999969482422 21.8700008392334 20.989999771118164 21.6200008392334 2520900
22.381999969482422 23.270000457763672 21.799999237060547 22.1200008392334 4867100
23.135000228881836 23.75 22.600000381469727 23.709999084472656 3247900
25.100000381469727 26.600000381469727 24.549999237060547 25.149999618530273 6703700
26.034000396728516 26.034000396728516 23.649999618530273 23.809999465942383 2961800
24.290000915527344 24.489999771118164 23.475000381469727 23.8799991607666 1404200
24.010000228881836 24.329999923706055 23.700000762939453 23.829999923706055 1764500
24.290000915527344 25.3700008392334 24.100000381469727 25.0 2435300
25.040000915527344 27.190000534057617 25.040000915527344 26.989999771118164 3229600
27.420000076293945 27.440000534057617 25.549999237060547 26.309999465942383 2842000
26.5 26.920000076293945 25.59000015258789 26.649999618530273 1380600
27.0 28.729999542236328 26.5 28.729999542236328 3666400
28.860000610351562 29.0 26.389999389648438 27.3700008392334 4358100
27.743000030517578 27.87700080871582 27.100000381469727 27.81999969482422 2038800
28.0 29.0 27.200000762939453 27.489999771118164 2357300
27.799999237060547 28.299999237060547 25.6299991607666 26.729999542236328 3733800
26.260000228881836 26.729999542236328 25.260000228881836 26.0 2416000
26.0 26.559999465942383 25.520000457763672 26.329999923706055 1535000
26.299999237060547 26.5 25.510000228881836 25.799999237060547 1419700
26.202999114990234 26.719999313354492 25.719999313354492 25.84000015258789 1675300
25.940000534057617 26.649999618530273 24.309999465942383 24.809999465942383 3164800
24.850000381469727 24.950000762939453 23.299999237060547 24.399999618530273 2575600
24.670000076293945 25.34000015258789 24.34000015258789 25.299999237060547 2000700
25.709999084472656 26.59000015258789 25.639999389648438 25.75 2678800
25.764999389648438 25.93000030517578 24.270000457763672 24.459999084472656 2184100
24.649999618530273 24.739999771118164 23.270000457763672 23.399999618530273 2749100
23.56999969482422 23.889999389648438 22.975000381469727 23.09000015258789 2632400
23.424999237060547 23.5 21.709999084472656 22.209999084472656 3756600
22.299999237060547 22.768999099731445 22.030000686645508 22.450000762939453 1937800
21.329999923706055 23.549999237060547 21.209999084472656 23.440000534057617 2575600
23.579999923706055 23.649999618530273 22.76099967956543 23.0 1120200
23.170000076293945 23.170000076293945 21.93000030517578 22.420000076293945 1574200
22.5 22.540000915527344 21.1200008392334 21.1299991607666 2296700
20.184999465942383 20.969999313354492 19.6200008392334 20.540000915527344 8467300
20.0 20.360000610351562 18.18000030517578 19.479999542236328 6174800
19.31999969482422 20.06999969482422 18.905000686645508 19.280000686645508 2394400
19.010000228881836 19.709999084472656 18.625 19.68000030517578 1558600
19.729999542236328 20.079999923706055 18.899999618530273 19.450000762939453 2193300
19.809999465942383 19.8799991607666 18.350000381469727 18.8700008392334 3301200
19.010000228881836 19.1200008392334 18.520000457763672 19.040000915527344 1005000
19.170000076293945 19.200000762939453 18.3700008392334 18.469999313354492 1524900
18.56999969482422 18.780000686645508 18.059999465942383 18.649999618530273 1486400
18.75 18.75 17.040000915527344 17.5 3317300
17.700000762939453 18.334999084472656 17.5 18.1200008392334 1441500
18.190000534057617 18.459999084472656 17.68000030517578 18.290000915527344 1469100
18.100000381469727 18.3700008392334 17.5 17.75 1865500
17.989999771118164 18.850000381469727 17.56999969482422 18.5 1647800
18.690000534057617 18.690000534057617 18.1299991607666 18.450000762939453 726800
18.350000381469727 18.75 17.850000381469727 18.040000915527344 1967900
18.0 18.3799991607666 18.0 18.190000534057617 852600
18.450000762939453 18.670000076293945 18.31999969482422 18.469999313354492 891000
18.76300048828125 19.190000534057617 18.325000762939453 19.1200008392334 974800
19.350000381469727 19.860000610351562 19.024999618530273 19.06999969482422 1634100
19.020000457763672 19.190000534057617 17.290000915527344 17.40999984741211 2798000
17.709999084472656 17.770000457763672 16.8700008392334 16.989999771118164 2974500
16.90999984741211 17.128000259399414 16.700000762939453 16.8700008392334 2762600
17.812999725341797 18.34000015258789 16.27199935913086 16.43000030517578 4800400
16.469999313354492 16.5 14.869999885559082 15.930000305175781 6447100
15.949999809265137 16.100000381469727 15.09000015258789 15.15999984741211 2810400
15.40999984741211 16.520000457763672 14.9399995803833 15.739999771118164 3625200
15.829999923706055 16.15999984741211 15.470000267028809 15.630000114440918 2398600
15.699999809265137 16.3799991607666 15.529999732971191 16.190000534057617 2026100
16.399999618530273 18.15999984741211 16.290000915527344 17.399999618530273 4071700
17.5 17.90999984741211 17.020000457763672 17.690000534057617 2202100
17.799999237060547 18.040000915527344 17.549999237060547 17.850000381469727 976900
17.760000228881836 18.395000457763672 17.450000762939453 18.299999237060547 1294500
18.709999084472656 18.90999984741211 18.079999923706055 18.809999465942383 1423100
19.0 19.139999389648438 17.799999237060547 18.219999313354492 2136400
18.170000076293945 18.274999618530273 17.635000228881836 17.829999923706055 1326400
17.84000015258789 17.979999542236328 17.520000457763672 17.65999984741211 907400
17.5 17.530000686645508 16.549999237060547 16.84000015258789 2435300
17.0 17.329999923706055 16.850000381469727 17.15999984741211 750200
17.1200008392334 17.18000030517578 16.15999984741211 16.889999389648438 1959300
16.739999771118164 16.969999313354492 16.360000610351562 16.489999771118164 985100
16.86400032043457 17.860000610351562 16.68000030517578 17.450000762939453 2262900
17.899999618530273 18.549999237060547 17.799999237060547 17.8700008392334 2332600
18.06999969482422 18.389999389648438 16.84000015258789 16.93000030517578 2165600
16.700000762939453 17.229999542236328 16.520000457763672 16.969999313354492 1967000
17.0 17.040000915527344 16.0 16.309999465942383 1772300
16.209999084472656 16.6299991607666 16.020000457763672 16.270000457763672 4133100
16.049999237060547 16.229000091552734 15.640000343322754 16.049999237060547 2809200
16.079999923706055 16.954999923706055 15.90999984741211 16.479999542236328 2245900
16.56999969482422 17.079999923706055 16.190000534057617 16.479999542236328 2430200
16.649999618530273 17.15999984741211 16.549999237060547 16.6200008392334 2003600
16.559999465942383 16.979999542236328 16.229999542236328 16.299999237060547 1104800
16.469999313354492 16.559999465942383 16.010000228881836 16.030000686645508 1464700
15.829999923706055 16.209999084472656 15.694999694824219 15.90999984741211 1921200
15.960000038146973 16.079999923706055 14.800000190734863 15.109999656677246 3755400
15.199999809265137 15.65999984741211 14.960000038146973 15.119999885559082 2206900
15.210000038146973 15.260000228881836 14.300000190734863 14.75 3181700
14.789999961853027 14.8100004196167 13.75 13.8100004196167 4457500
13.819999694824219 14.34000015258789 13.579999923706055 13.630000114440918 4148200
13.579999923706055 13.680000305175781 12.84000015258789 13.5 3568300
13.739999771118164 14.949999809265137 13.449999809265137 14.729999542236328 7725800
15.760000228881836 16.1299991607666 14.579999923706055 14.600000381469727 6694500
14.34000015258789 14.569999694824219 13.973999977111816 14.149999618530273 2608300
14.300000190734863 14.418000221252441 13.859999656677246 14.1899995803833 1887300
14.130000114440918 14.460000038146973 14.079999923706055 14.329999923706055 1473600
14.65999984741211 14.930000305175781 14.399999618530273 14.869999885559082 1710200
15.0 15.04800033569336 14.470000267028809 14.510000228881836 1888000
14.489999771118164 14.520000457763672 13.937999725341797 14.279999732971191 1807500
14.449999809265137 14.694000244140625 14.15999984741211 14.630000114440918 1844000
14.65999984741211 14.989999771118164 14.479999542236328 14.510000228881836 1496000
14.470000267028809 14.600000381469727 13.984999656677246 14.170000076293945 1406600
13.819999694824219 14.329000473022461 13.720000267028809 14.010000228881836 2224800
14.069999694824219 14.390000343322754 14.010000228881836 14.170000076293945 1678100
14.279999732971191 14.350000381469727 13.65999984741211 13.890000343322754 1516700
13.819999694824219 13.890000343322754 12.960000038146973 12.989999771118164 3329100
13.069999694824219 13.4399995803833 12.890000343322754 13.329999923706055 3578000
13.399999618530273 13.430000305175781 12.854999542236328 12.890000343322754 1955900
12.960000038146973 13.449999809265137 12.890000343322754 13.1899995803833 2527000
13.369999885559082 13.369999885559082 12.630000114440918 12.829999923706055 2532800
12.949999809265137 13.720000267028809 12.760000228881836 13.670000076293945 5482700
13.720000267028809 13.9399995803833 13.079999923706055 13.1899995803833 2776400
13.270000457763672 13.640000343322754 12.770000457763672 13.149999618530273 1945000
13.079999923706055 13.130000114440918 12.529999732971191 12.670000076293945 3951100
12.609999656677246 12.90999984741211 12.430000305175781 12.899999618530273 2780500
12.880000114440918 12.989999771118164 12.329999923706055 12.359999656677246 3097500
12.449999809265137 12.470000267028809 11.229999542236328 11.300000190734863 10650700
11.489999771118164 11.90999984741211 11.131999969482422 11.819999694824219 8028800
9.545000076293945 9.949999809265137 9.050000190734863 9.359999656677246 30028100
9.350000381469727 10.449999809265137 9.199999809265137 10.180000305175781 15887200
10.25 10.550000190734863 9.25 9.4399995803833 9710600
10.03499984741211 10.210000038146973 9.720000267028809 9.869999885559082 9663200
9.920000076293945 10.760000228881836 9.670000076293945 10.050000190734863 8355900
10.0 10.039999961853027 9.0600004196167 9.199999809265137 9181300
9.380000114440918 9.654999732971191 9.020000457763672 9.520000457763672 5020900
9.449999809265137 10.0 9.390000343322754 9.8100004196167 3584300
9.699999809265137 10.229999542236328 9.4399995803833 9.670000076293945 2986300
9.770000457763672 9.800000190734863 9.137999534606934 9.3100004196167 4277800
9.083999633789062 9.170000076293945 8.321000099182129 8.949999809265137 8461800
9.020000457763672 9.0600004196167 8.369999885559082 8.399999618530273 5941300
8.329999923706055 8.520000457763672 8.062999725341797 8.229999542236328 7793100
8.329999923706055 8.420000076293945 7.829999923706055 8.0 7222700
8.149999618530273 8.199999809265137 7.550000190734863 8.029999732971191 7314700
8.130000114440918 9.039999961853027 8.130000114440918 8.770000457763672 6247900
8.829999923706055 9.210000038146973 8.5 8.800000190734863 5082500
8.600000381469727 8.8100004196167 8.4399995803833 8.630000114440918 2243800
8.529999732971191 8.694999694824219 8.3100004196167 8.5 2791200
8.369999885559082 8.479999542236328 8.029999732971191 8.1899995803833 2974400
8.079999923706055 8.4399995803833 7.929999828338623 8.199999809265137 4793500
8.130000114440918 8.199999809265137 7.659999847412109 8.100000381469727 5269100
8.210000038146973 8.305000305175781 7.809999942779541 7.900000095367432 3261400
7.90500020980835 8.34000015258789 7.579999923706055 7.989999771118164 5998700
7.78000020980835 8.010000228881836 7.610000133514404 7.690000057220459 4378800
7.739999771118164 7.90500020980835 7.510000228881836 7.880000114440918 5797800
7.840000152587891 7.889999866485596 7.460000038146973 7.610000133514404 6824800
7.539999961853027 8.15999984741211 7.5 8.140000343322754 4402900
8.010000228881836 8.255000114440918 7.960000038146973 8.010000228881836 2412600
8.0 8.0 7.755000114440918 7.800000190734863 2880400
7.730000019073486 7.949999809265137 7.699999809265137 7.880000114440918 3512100
7.75 8.229999542236328 7.679999828338623 8.039999961853027 4350600
8.079999923706055 8.170000076293945 7.869999885559082 7.960000038146973 3399900
8.114999771118164 8.390000343322754 7.833000183105469 8.369999885559082 3086900
8.390000343322754 8.420000076293945 7.909999847412109 8.039999961853027 3319400
8.093000411987305 8.4399995803833 7.900000095367432 7.900000095367432 4104400
7.900000095367432 8.289999961853027 7.724999904632568 8.119999885559082 3074200
8.119999885559082 8.335000038146973 7.920000076293945 7.980000019073486 2521300
8.0 8.020000457763672 7.179999828338623 7.25 6696000
7.360000133514404 8.305000305175781 7.300000190734863 8.210000038146973 7498200
8.149999618530273 8.25 7.809999942779541 7.820000171661377 6772200
7.880000114440918 8.050000190734863 7.670000076293945 7.71999979019165 3548500
7.566999912261963 7.639999866485596 7.199999809265137 7.409999847412109 3940200
7.400000095367432 7.420000076293945 6.900000095367432 7.0 4636000
7.019999980926514 7.190000057220459 6.849999904632568 6.909999847412109 2712100
7.0 7.239999771118164 6.809999942779541 6.829999923706055 3425500
6.78000020980835 6.914999961853027 6.480000019073486 6.53000020980835 5269100
6.349999904632568 6.889999866485596 6.110000133514404 6.880000114440918 6146800
6.769999980926514 6.940000057220459 6.599999904632568 6.849999904632568 4062600
6.909999847412109 7.119999885559082 6.650000095367432 6.679999828338623 3483900
6.739999771118164 6.849999904632568 6.210000038146973 6.25 6522900
6.150000095367432 6.809999942779541 6.150000095367432 6.650000095367432 5140500
6.650000095367432 7.179999828338623 6.650000095367432 7.110000133514404 2986800
7.269999980926514 7.360000133514404 6.989999771118164 7.300000190734863 2588300
7.260000228881836 7.3470001220703125 6.940000057220459 7.0 2086500
6.800000190734863 6.929999828338623 6.679999828338623 6.730000019073486 2480600
6.75 6.929999828338623 6.559999942779541 6.880000114440918 2025900
6.880000114440918 7.179999828338623 6.880000114440918 7.099999904632568 2087600
7.090000152587891 7.25 6.949999809265137 7.25 1560300
7.25 7.670000076293945 7.239999771118164 7.619999885559082 3059200
7.409999847412109 7.800000190734863 7.409999847412109 7.53000020980835 2371700
7.539999961853027 7.71999979019165 7.195000171661377 7.329999923706055 3416900
7.28000020980835 7.59499979019165 7.179999828338623 7.360000133514404 2771500
7.590000152587891 7.909999847412109 7.565000057220459 7.869999885559082 2701700
7.809999942779541 7.980000019073486 7.625 7.800000190734863 2217600
7.809999942779541 7.880000114440918 7.210000038146973 7.309999942779541 1976500
7.260000228881836 7.289999961853027 6.900000095367432 6.96999979019165 2782000
6.840000152587891 7.159999847412109 6.769999980926514 6.829999923706055 2484100
6.980000019073486 6.980000019073486 6.349999904632568 6.360000133514404 2987000
6.070000171661377 6.829999923706055 6.0 6.820000171661377 4281200
6.820000171661377 6.929999828338623 6.659999847412109 6.730000019073486 3408600
6.78000020980835 6.880000114440918 6.550000190734863 6.75 1822500
6.769999980926514 6.900000095367432 6.670000076293945 6.699999809265137 2073600
6.75 6.800000190734863 6.492000102996826 6.730000019073486 1803100
6.739999771118164 6.920000076293945 6.485000133514404 6.659999847412109 2849500
6.550000190734863 6.578999996185303 6.079999923706055 6.179999828338623 4042200
6.0 6.070000171661377 5.699999809265137 5.710000038146973 4782000
5.75 5.920000076293945 5.449999809265137 5.730000019073486 7750900
5.349999904632568 6.078000068664551 5.138000011444092 5.71999979019165 12306600
5.610000133514404 5.610000133514404 5.090000152587891 5.369999885559082 8128800
5.409999847412109 5.440000057220459 4.949999809265137 4.989999771118164 6939500
5.0 5.03000020980835 4.679999828338623 4.710000038146973 5145800
4.75 4.946000099182129 4.659999847412109 4.800000190734863 5337800
4.900000095367432 5.244999885559082 4.880000114440918 5.230000019073486 6848700
5.21999979019165 5.610000133514404 5.150000095367432 5.289999961853027 5510900
5.300000190734863 5.78000020980835 5.25 5.71999979019165 10466500
5.78000020980835 5.800000190734863 5.454999923706055 5.489999771118164 2765300
5.489999771118164 5.659999847412109 5.389999866485596 5.53000020980835 3368500
5.510000228881836 5.619999885559082 5.289999961853027 5.309999942779541 3302300
5.400000095367432 5.440000057220459 5.074999809265137 5.190000057220459 4064200
5.199999809265137 5.210000038146973 5.039999961853027 5.119999885559082 2303100
5.130000114440918 5.170000076293945 4.920000076293945 5.03000020980835 2554400
5.099999904632568 5.454999923706055 5.099999904632568 5.400000095367432 4757500
5.349999904632568 5.380000114440918 5.010000228881836 5.039999961853027 3251300
5.050000190734863 5.144999980926514 4.980000019073486 5.010000228881836 2304700
5.010000228881836 5.079999923706055 4.909999847412109 5.079999923706055 4173300
5.099999904632568 5.380000114440918 5.079999923706055 5.329999923706055 3284500
5.340000152587891 5.340000152587891 5.019999980926514 5.110000133514404 3088700
5.019999980926514 5.019999980926514 4.610000133514404 4.679999828338623 7666800
4.71999979019165 4.724999904632568 4.46999979019165 4.519999980926514 5817800
4.510000228881836 4.539999961853027 4.349999904632568 4.449999809265137 3859500
4.429999828338623 4.510000228881836 4.309999942779541 4.460000038146973 3941900
4.519999980926514 4.610000133514404 4.260000228881836 4.309999942779541 4430300
4.340000152587891 4.429999828338623 4.210000038146973 4.369999885559082 3384500
4.369999885559082 4.380000114440918 4.199999809265137 4.340000152587891 3212500
4.360000133514404 4.375 4.090000152587891 4.119999885559082 4178000
4.099999904632568 4.329999923706055 4.050000190734863 4.260000228881836 4385100
4.260000228881836 4.309999942779541 4.050000190734863 4.059999942779541 3617500
4.119999885559082 4.190000057220459 3.8499999046325684 3.8499999046325684 4545800
3.8499999046325684 4.019999980926514 3.809999942779541 3.8299999237060547 3565400
3.819999933242798 3.9200000762939453 3.7249999046325684 3.8299999237060547 5027900
3.869999885559082 3.869999885559082 3.4600000381469727 3.5 7407700
3.559999942779541 3.694999933242798 3.490000009536743 3.569999933242798 4683100
3.6500000953674316 3.7300000190734863 3.450000047683716 3.680000066757202 4589000
3.680000066757202 3.880000114440918 3.5399999618530273 3.559999942779541 4543800
3.5999999046325684 3.7200000286102295 3.5199999809265137 3.680000066757202 3341900
3.7200000286102295 3.734999895095825 3.440000057220459 3.490000009536743 11926200
3.5299999713897705 4.0 3.259999990463257 3.940000057220459 15299700
3.8399999141693115 3.890000104904175 3.5399999618530273 3.5999999046325684 4335700
3.609999895095825 3.609999895095825 3.180000066757202 3.319999933242798 10141700
3.259999990463257 3.318000078201294 3.009999990463257 3.0399999618530273 5154800
3.140000104904175 3.2100000381469727 2.819999933242798 2.950000047683716 8659800
2.930000066757202 3.0850000381469727 2.8399999141693115 2.8499999046325684 5543900
2.809999942779541 3.2750000953674316 2.75 3.069999933242798 10584900
3.200000047683716 3.7100000381469727 3.1600000858306885 3.7100000381469727 9218800
3.7100000381469727 3.755000114440918 3.569999933242798 3.630000114440918 5467500
3.7100000381469727 3.7200000286102295 3.5 3.690000057220459 3246200
3.6500000953674316 3.744999885559082 3.5199999809265137 3.5799999237060547 2879900
3.5399999618530273 3.680000066757202 3.440000057220459 3.559999942779541 5294100
3.680000066757202 3.7699999809265137 3.5450000762939453 3.6600000858306885 4328500
3.609999895095825 3.7200000286102295 3.549999952316284 3.700000047683716 3925200
3.5950000286102295 3.7200000286102295 3.4049999713897705 3.440000057220459 6612200
3.509999990463257 3.759999990463257 3.450000047683716 3.7200000286102295 5147400
3.680000066757202 4.0 3.6510000228881836 3.8499999046325684 5086000
3.880000114440918 4.239999771118164 3.880000114440918 4.190000057220459 6135200
4.269999980926514 4.309999942779541 4.059999942779541 4.130000114440918 5411500
4.21999979019165 4.230000019073486 3.930000066757202 4.050000190734863 4005300
4.019999980926514 4.159999847412109 3.924999952316284 4.119999885559082 4262700
4.099999904632568 4.15500020980835 4.0 4.050000190734863 2722400
4.110000133514404 4.28000020980835 4.010000228881836 4.119999885559082 3368500
4.070000171661377 4.190000057220459 3.9100000858306885 4.170000076293945 4212200
4.199999809265137 4.599999904632568 4.179999828338623 4.320000171661377 6534000
4.309999942779541 4.329999923706055 4.070000171661377 4.099999904632568 5015000
3.9700000286102295 4.065000057220459 3.8399999141693115 3.890000104904175 5097300
3.619999885559082 3.828000068664551 3.5999999046325684 3.690000057220459 5110600
3.75 3.884999990463257 3.5899999141693115 3.759999990463257 4384100
3.809999942779541 4.090000152587891 3.809999942779541 4.039999961853027 5128900
3.9100000858306885 3.9200000762939453 3.740000009536743 3.7699999809265137 3744200
3.8299999237060547 3.9649999141693115 3.7200000286102295 3.7300000190734863 3328900
3.890000104904175 3.994999885559082 3.819999933242798 3.940000057220459 3097900
3.875 3.990000009536743 3.7809998989105225 3.799999952316284 1974000
3.8399999141693115 4.019999980926514 3.7679998874664307 3.940000057220459 2350400
4.019999980926514 4.260000228881836 3.9600000381469727 4.079999923706055 3823000
4.139999866485596 4.1529998779296875 3.869999885559082 3.9600000381469727 2365100
3.9700000286102295 4.039999961853027 3.6700000762939453 3.690000057220459 3012500
3.690000057220459 3.690000057220459 3.430000066757202 3.5199999809265137 4401600
3.4600000381469727 3.490000009536743 3.265000104904175 3.4600000381469727 4766500
3.4200000762939453 3.6500000953674316 3.4100000858306885 3.640000104904175 3644700
3.5399999618530273 3.9649999141693115 3.5299999713897705 3.9600000381469727 3940900
3.950000047683716 4.119999885559082 3.930000066757202 4.070000171661377 3535100
4.150000095367432 4.170000076293945 3.8499999046325684 4.110000133514404 2733300
4.039999961853027 4.190000057220459 4.005000114440918 4.090000152587891 2099900
4.079999923706055 4.079999923706055 3.8299999237060547 3.8499999046325684 1573200
3.869999885559082 3.9749999046325684 3.744999885559082 3.819999933242798 2319800
3.700000047683716 3.9100000858306885 3.630000114440918 3.8299999237060547 2883400
3.759999990463257 3.809999942779541 3.549999952316284 3.5799999237060547 2673900
3.6700000762939453 3.700000047683716 3.4149999618530273 3.5899999141693115 2926100
3.640000104904175 3.7750000953674316 3.5799999237060547 3.640000104904175 2278900
3.630000114440918 4.079999923706055 3.5910000801086426 4.059999942779541 5498000
4.070000171661377 4.340000152587891 4.03000020980835 4.179999828338623 4554300
4.179999828338623 4.239999771118164 4.059999942779541 4.119999885559082 1765000
4.099999904632568 4.190999984741211 3.75 3.7799999713897705 2814000
3.7799999713897705 3.8299999237060547 3.6059999465942383 3.690000057220459 1718100
3.6500000953674316 3.6549999713897705 3.4600000381469727 3.5 2012700
3.5999999046325684 3.640000104904175 3.4100000858306885 3.5799999237060547 3065000
3.569999933242798 3.7699999809265137 3.444999933242798 3.75 2611100
3.7200000286102295 3.7899999618530273 3.5899999141693115 3.7200000286102295 2159800
3.7200000286102295 3.930000066757202 3.6419999599456787 3.9200000762939453 3192700
3.7300000190734863 3.8399999141693115 3.240000009536743 3.240000009536743 12078300
3.380000114440918 3.628999948501587 3.319999933242798 3.5299999713897705 5740900
3.5199999809265137 3.9100000858306885 3.5 3.7300000190734863 4952300
3.700000047683716 4.039999961853027 3.630000114440918 3.9700000286102295 4152800
4.010000228881836 4.235000133514404 3.9800000190734863 4.039999961853027 2971900
4.0 4.0 3.7149999141693115 3.7300000190734863 2145100
3.8499999046325684 3.940000057220459 3.7799999713897705 3.890000104904175 2247300
3.950000047683716 4.25 3.950000047683716 4.010000228881836 4528400
4.039999961853027 4.135000228881836 3.890000104904175 4.099999904632568 2072400
4.050000190734863 4.139999866485596 3.950000047683716 4.070000171661377 1893500
4.079999923706055 4.079999923706055 3.890000104904175 3.990000009536743 2160300
3.9100000858306885 3.9100000858306885 3.7100000381469727 3.7699999809265137 2798500
3.740000009536743 3.759999990463257 3.640000104904175 3.680000066757202 1749200
3.6700000762939453 3.6700000762939453 3.380000114440918 3.390000104904175 3543100
3.3499999046325684 3.4100000858306885 3.25 3.2799999713897705 4040200
3.319999933242798 3.4000000953674316 3.240000009536743 3.309999942779541 1709400
3.3399999141693115 3.424999952316284 3.2899999618530273 3.3299999237060547 2364800
3.4000000953674316 3.509999990463257 3.3320000171661377 3.509999990463257 2405100
3.5 3.5 3.2200000286102295 3.25 3407800
3.200000047683716 3.325000047683716 3.109999895095825 3.2699999809265137 1978300
3.319999933242798 3.380000114440918 3.180000066757202 3.2200000286102295 1718600
3.299999952316284 3.299999952316284 3.1700000762939453 3.2300000190734863 1574500
3.180000066757202 3.2300000190734863 3.0399999618530273 3.1600000858306885 3002700
3.2300000190734863 3.2300000190734863 3.005000114440918 3.0299999713897705 3279300
3.0399999618530273 3.059999942779541 2.9110000133514404 2.940000057220459 3618200
2.9700000286102295 3.140000104904175 2.930000066757202 3.130000114440918 2274300
3.109999895095825 3.244999885559082 3.0399999618530273 3.2100000381469727 2025600
3.259999990463257 3.384999990463257 3.240000009536743 3.2699999809265137 1732000
3.3299999237060547 3.3380000591278076 3.2100000381469727 3.299999952316284 1715500
3.0899999141693115 3.0999999046325684 2.9700000286102295 3.059999942779541 3818900
3.069999933242798 3.069999933242798 2.9700000286102295 2.990000009536743 1984000
2.990000009536743 3.0999999046325684 2.9600000381469727 2.9800000190734863 1855600
2.9700000286102295 3.009999990463257 2.880000114440918 2.990000009536743 3343300
2.9600000381469727 3.0199999809265137 2.890000104904175 2.940000057220459 1745800
2.890000104904175 2.930000066757202 2.75 2.75 2790200
2.799999952316284 2.9000000953674316 2.75 2.799999952316284 4437400
2.8499999046325684 2.9649999141693115 2.6500000953674316 2.680000066757202 7573900
2.630000114440918 2.734999895095825 2.5999999046325684 2.690000057220459 3754600
2.700000047683716 2.7799999713897705 2.5899999141693115 2.5899999141693115 3784100
2.6700000762939453 2.799999952316284 2.640000104904175 2.690000057220459 3841800
2.700000047683716 2.799999952316284 2.700000047683716 2.7899999618530273 1921100
2.7200000286102295 2.7200000286102295 2.4800000190734863 2.559999942779541 4113000
2.569999933242798 2.694999933242798 2.5399999618530273 2.630000114440918 1651200
2.6600000858306885 2.700000047683716 2.494999885559082 2.680000066757202 2566900
2.740000009536743 2.9000000953674316 2.7249999046325684 2.8499999046325684 3725100
2.819999933242798 2.8350000381469727 2.680000066757202 2.7699999809265137 1748400
2.740000009536743 2.8350000381469727 2.684999942779541 2.75 2033700
2.700000047683716 2.7100000381469727 2.490000009536743 2.549999952316284 2584700
2.5799999237060547 2.5799999237060547 2.4600000381469727 2.4800000190734863 1808400
2.4600000381469727 2.5799999237060547 2.369999885559082 2.4700000286102295 1990600
2.4700000286102295 2.4749999046325684 2.4000000953674316 2.430000066757202 1733300
2.3399999141693115 2.450000047683716 2.2950000762939453 2.4000000953674316 2271600
2.440000057220459 2.4749999046325684 2.25 2.25 2330100
2.2899999618530273 2.319999933242798 2.2300000190734863 2.240000009536743 3171900
2.299999952316284 2.319999933242798 2.2100000381469727 2.240000009536743 2264100
2.259999990463257 2.259999990463257 2.0999999046325684 2.130000114440918 2408600
2.119999885559082 2.190000057220459 2.0899999141693115 2.109999895095825 2720800
2.109999895095825 2.109999895095825 2.009999990463257 2.049999952316284 3396900
2.059999942779541 2.059999942779541 1.9500000476837158 2.009999990463257 5326100
2.0299999713897705 2.140000104904175 2.0299999713897705 2.119999885559082 3271500
2.109999895095825 2.190000057220459 2.0950000286102295 2.109999895095825 2425000
2.119999885559082 2.1619999408721924 2.0799999237060547 2.119999885559082 1869900
2.0999999046325684 2.1700000762939453 2.0799999237060547 2.1700000762939453 1317700
2.140000104904175 2.2699999809265137 2.140000104904175 2.200000047683716 2220700
2.25 2.309999942779541 2.1600000858306885 2.1700000762939453 1242900
2.1600000858306885 2.200000047683716 2.0399999618530273 2.0399999618530273 1824400
2.0399999618530273 2.059999942779541 1.9199999570846558 1.9700000286102295 2950900
2.0199999809265137 2.0399999618530273 1.9299999475479126 2.0399999618530273 2727500
2.069999933242798 2.0899999141693115 1.9800000190734863 1.9900000095367432 1692800
2.0299999713897705 2.049999952316284 1.9500000476837158 2.0199999809265137 2335500
2.0 2.005000114440918 1.8550000190734863 1.8799999952316284 3878400
1.9600000381469727 2.140000104904175 1.9500000476837158 2.109999895095825 4707400
2.119999885559082 2.490000009536743 2.0999999046325684 2.450000047683716 6658800
2.0399999618530273 2.2200000286102295 1.9500000476837158 2.140000104904175 12108700
2.2200000286102295 2.309999942779541 2.0299999713897705 2.0399999618530273 4606500
2.0399999618530273 2.056999921798706 1.899999976158142 1.940000057220459 5546000
1.899999976158142 1.9600000381469727 1.8600000143051147 1.8799999952316284 5455900
1.8700000047683716 1.9900000095367432 1.7799999713897705 1.9500000476837158 7900100
1.9199999570846558 1.9199999570846558 1.7899999618530273 1.8300000429153442 3326200
1.809999942779541 1.809999942779541 1.600000023841858 1.6699999570846558 9982700
1.6799999475479126 1.7000000476837158 1.5800000429153442 1.600000023841858 4639300
1.659999966621399 1.659999966621399 1.5820000171661377 1.600000023841858 2076200
1.6200000047683716 1.659999966621399 1.5800000429153442 1.5800000429153442 2768900
1.600000023841858 1.6100000143051147 1.5499999523162842 1.559999942779541 3057900
1.5700000524520874 1.649999976158142 1.5700000524520874 1.6299999952316284 5428500
1.7000000476837158 1.7400000095367432 1.6299999952316284 1.649999976158142 3849300
1.6200000047683716 1.649999976158142 1.5750000476837158 1.6200000047683716 3075100
1.6299999952316284 1.6399999856948853 1.5199999809265137 1.5399999618530273 4447800
1.5700000524520874 1.5750000476837158 1.475000023841858 1.4900000095367432 3740800
1.440000057220459 1.4900000095367432 1.3899999856948853 1.409999966621399 3581500
1.440000057220459 1.4700000286102295 1.3899999856948853 1.4199999570846558 3428900
1.4299999475479126 1.4900000095367432 1.4049999713897705 1.4199999570846558 3129600
1.4700000286102295 1.4700000286102295 1.350000023841858 1.3600000143051147 4337400
1.399999976158142 1.4700000286102295 1.3799999952316284 1.399999976158142 4173900
1.3899999856948853 1.4110000133514404 1.350000023841858 1.350000023841858 4422500
1.3200000524520874 1.3799999952316284 1.3200000524520874 1.3300000429153442 2953600
1.340000033378601 1.409999966621399 1.3250000476837158 1.3600000143051147 6042400
1.3600000143051147 1.3899999856948853 1.2999999523162842 1.340000033378601 2581300
1.309999942779541 1.399999976158142 1.2799999713897705 1.3700000047683716 5603600
1.399999976158142 1.5449999570846558 1.3899999856948853 1.5199999809265137 5951300
1.5199999809265137 1.5499999523162842 1.4700000286102295 1.5199999809265137 4177600
1.5099999904632568 1.5099999904632568 1.409999966621399 1.4199999570846558 3644700
1.399999976158142 1.475000023841858 1.3200000524520874 1.409999966621399 7370800
1.3799999952316284 1.6299999952316284 1.3799999952316284 1.559999942779541 7326200
1.5399999618530273 1.7799999713897705 1.5399999618530273 1.75 7799500
1.6799999475479126 1.7799999713897705 1.6699999570846558 1.7400000095367432 5480100
1.809999942779541 2.119999885559082 1.7899999618530273 2.009999990463257 9696900
2.0999999046325684 2.380000114440918 1.9950000047683716 2.2899999618530273 14278800
2.240000009536743 2.3299999237060547 1.9550000429153442 2.3299999237060547 9623000
2.259999990463257 2.575000047683716 2.259999990463257 2.5399999618530273 7847100
2.559999942779541 2.609999895095825 2.309999942779541 2.380000114440918 7564600
2.4100000858306885 2.757999897003174 2.375 2.700000047683716 9879600
2.799999952316284 2.809000015258789 2.5350000858306885 2.75 6758700
2.7899999618530273 2.7899999618530273 2.4709999561309814 2.6500000953674316 4456900
2.609999895095825 2.7300000190734863 2.4700000286102295 2.5199999809265137 3497600
2.5 2.7899999618530273 2.4700000286102295 2.690000057220459 5675400
2.940000057220459 3.1549999713897705 2.569999933242798 2.5799999237060547 12889600
2.5399999618530273 2.6050000190734863 2.430000066757202 2.490000009536743 5684800
2.5199999809265137 2.569999933242798 2.450000047683716 2.5399999618530273 3527600
2.549999952316284 2.7100000381469727 2.509999990463257 2.630000114440918 3418800
2.6500000953674316 2.6700000762939453 2.369999885559082 2.4100000858306885 4627700
2.369999885559082 2.424999952316284 2.180000066757202 2.2100000381469727 10474200
2.2699999809265137 2.380000114440918 2.180000066757202 2.200000047683716 3851400
2.2100000381469727 2.369999885559082 2.049999952316284 2.3299999237060547 9249000
2.309999942779541 2.390000104904175 2.25 2.3399999141693115 3714100
2.3499999046325684 2.4600000381469727 2.3499999046325684 2.440000057220459 2358900
2.450000047683716 2.5999999046325684 2.375 2.5899999141693115 4154200
2.640000104904175 2.825000047683716 2.609999895095825 2.700000047683716 6088000
2.6500000953674316 2.809999942779541 2.5999999046325684 2.630000114440918 3706800
2.630000114440918 2.630000114440918 2.390000104904175 2.430000066757202 4353500
2.450000047683716 2.4700000286102295 2.2899999618530273 2.309999942779541 4135500
2.390000104904175 2.390000104904175 2.2100000381469727 2.2200000286102295 3061500
2.2799999713897705 2.308000087738037 2.140000104904175 2.1500000953674316 2049500
2.1600000858306885 2.1600000858306885 2.0399999618530273 2.0899999141693115 3197800
2.140000104904175 2.2109999656677246 2.059999942779541 2.130000114440918 4872800
2.119999885559082 2.180000066757202 2.059999942779541 2.130000114440918 1916700
2.1500000953674316 2.240000009536743 2.109999895095825 2.2200000286102295 2938700
2.180000066757202 2.190000057220459 2.069999933242798 2.069999933242798 3777800
2.0999999046325684 2.25 2.065000057220459 2.2100000381469727 3691500
2.2100000381469727 2.244999885559082 2.049999952316284 2.059999942779541 4594500
2.059999942779541 2.200000047683716 2.059999942779541 2.190000057220459 1943900
2.2100000381469727 2.309999942779541 2.174999952316284 2.2699999809265137 3946200
2.2200000286102295 2.2899999618530273 2.1050000190734863 2.130000114440918 3964700
2.1600000858306885 2.2799999713897705 2.1449999809265137 2.2300000190734863 2857800
2.240000009536743 2.25 2.190000057220459 2.200000047683716 1226800
2.200000047683716 2.234999895095825 2.130000114440918 2.1700000762939453 2195200
2.119999885559082 2.319999933242798 2.119999885559082 2.2699999809265137 2765600
2.319999933242798 2.4200000762939453 2.2699999809265137 2.390000104904175 3272000
2.369999885559082 2.390000104904175 2.259999990463257 2.299999952316284 2355400
2.2899999618530273 2.3499999046325684 2.2300000190734863 2.3299999237060547 2410700
2.3299999237060547 2.3489999771118164 2.2300000190734863 2.2699999809265137 1483600
2.2699999809265137 2.319999933242798 2.130000114440918 2.1600000858306885 1726600
2.180000066757202 2.180000066757202 2.009999990463257 2.0199999809265137 3123100
2.0199999809265137 2.059999942779541 1.9299999475479126 2.0 4066700
2.119999885559082 2.2100000381469727 2.009999990463257 2.059999942779541 4841200
2.0450000762939453 2.4000000953674316 1.9900000095367432 2.130000114440918 22862800
2.180000066757202 2.2100000381469727 2.0899999141693115 2.1700000762939453 4292000
2.1600000858306885 2.3550000190734863 2.130000114440918 2.309999942779541 6913600
2.315000057220459 2.5889999866485596 2.2850000858306885 2.430000066757202 7957800
2.5199999809265137 2.680000066757202 2.490000009536743 2.640000104904175 6751800
2.6500000953674316 2.7100000381469727 2.5 2.5 4572800
2.509999990463257 2.5199999809265137 2.2990000247955322 2.4000000953674316 5866200
2.4100000858306885 2.450000047683716 2.299999952316284 2.390000104904175 2590800
2.444999933242798 2.4700000286102295 2.359999895095825 2.369999885559082 2174500
2.390000104904175 2.515000104904175 2.3410000801086426 2.359999895095825 1485100
2.380000114440918 2.4200000762939453 2.315000057220459 2.319999933242798 1480000
2.390000104904175 2.4000000953674316 2.259000062942505 2.390000104904175 2358500
2.4000000953674316 2.4700000286102295 2.4000000953674316 2.4200000762939453 2348900
2.430000066757202 2.5850000381469727 2.390000104904175 2.559999942779541 3415700
2.5999999046325684 2.619999885559082 2.509999990463257 2.5399999618530273 3061300
2.5 2.5 2.299999952316284 2.3399999141693115 3076600
2.319999933242798 2.3399999141693115 2.259999990463257 2.2799999713897705 2472400
2.2899999618530273 2.3550000190734863 2.240000009536743 2.309999942779541 1358200
2.3299999237060547 2.380000114440918 2.240000009536743 2.2799999713897705 2061300
2.299999952316284 2.315000057220459 2.2200000286102295 2.25 1687300
2.25 2.299999952316284 2.25 2.2899999618530273 1281900
2.2899999618530273 2.315000057220459 2.255000114440918 2.2799999713897705 892200
2.309999942779541 2.309999942779541 2.259999990463257 2.2699999809265137 1316200
2.2899999618530273 2.4600000381469727 2.2699999809265137 2.390000104904175 2121300
2.369999885559082 2.369999885559082 2.299999952316284 2.359999895095825 1014400
2.309999942779541 2.3399999141693115 2.2100000381469727 2.2200000286102295 1677500
2.2200000286102295 2.259999990463257 2.180000066757202 2.25 1688000
2.240000009536743 2.2899999618530273 2.2200000286102295 2.2799999713897705 2067400
2.25 2.2799999713897705 2.194999933242798 2.2100000381469727 2421500
2.25 2.3499999046325684 2.2149999141693115 2.3299999237060547 1682400
2.319999933242798 2.4600000381469727 2.299999952316284 2.380000114440918 1672800
2.380000114440918 2.380000114440918 2.299999952316284 2.3299999237060547 950500
2.3399999141693115 2.3399999141693115 2.2100000381469727 2.240000009536743 1681800
2.2300000190734863 2.2300000190734863 2.190000057220459 2.200000047683716 1651800
2.200000047683716 2.2300000190734863 2.119999885559082 2.119999885559082 2042500
2.119999885559082 2.140000104904175 1.965000033378601 2.0899999141693115 3979300
2.1050000190734863 2.134999990463257 2.0399999618530273 2.0999999046325684 2539300
2.0999999046325684 2.180000066757202 2.0399999618530273 2.1500000953674316 2719500
2.1500000953674316 2.390000104904175 2.119999885559082 2.190000057220459 5182600
2.2200000286102295 2.369999885559082 2.2009999752044678 2.25 2756800
2.2799999713897705 2.2799999713897705 2.0999999046325684 2.119999885559082 1830000
2.1600000858306885 2.184999942779541 2.059999942779541 2.0999999046325684 1802300
2.069999933242798 2.0850000381469727 2.0 2.0 2822200
2.0 2.0250000953674316 1.850000023841858 1.8600000143051147 3977000
1.899999976158142 1.9500000476837158 1.8600000143051147 1.9299999475479126 2241600
1.940000057220459 1.9550000429153442 1.8600000143051147 1.899999976158142 3406700
1.940000057220459 1.940000057220459 1.7699999809265137 1.7799999713897705 3778500
1.7699999809265137 1.8899999856948853 1.7699999809265137 1.850000023841858 3201700
1.850000023841858 1.8899999856948853 1.840000033378601 1.8600000143051147 2400300
1.7799999713897705 1.850000023841858 1.75 1.7799999713897705 3039600
1.7799999713897705 1.7799999713897705 1.6799999475479126 1.7100000381469727 2909000
1.6200000047683716 1.7699999809265137 1.6200000047683716 1.7599999904632568 3215400
1.7699999809265137 1.8079999685287476 1.6399999856948853 1.649999976158142 3572900
1.6299999952316284 1.7000000476837158 1.5499999523162842 1.5800000429153442 3489500
1.6399999856948853 1.6449999809265137 1.5700000524520874 1.6100000143051147 4750300
1.6200000047683716 1.7400000095367432 1.6100000143051147 1.7200000286102295 4211000
1.6799999475479126 1.7400000095367432 1.659999966621399 1.690000057220459 1627200
1.6399999856948853 1.809999942779541 1.6399999856948853 1.7899999618530273 2239000
1.7899999618530273 1.9199999570846558 1.7799999713897705 1.8799999952316284 3044600
1.909999966621399 1.9900000095367432 1.8200000524520874 1.9500000476837158 2853800
1.9900000095367432 2.0999999046325684 1.9500000476837158 2.009999990463257 4091900
2.009999990463257 2.059999942779541 1.9550000429153442 2.0399999618530273 2532700
2.059999942779541 2.109999895095825 2.009999990463257 2.0799999237060547 1825300
2.0999999046325684 2.1600000858306885 1.9900000095367432 2.009999990463257 2231400
2.0 2.0199999809265137 1.9299999475479126 1.940000057220459 1733900
1.9800000190734863 1.9900000095367432 1.8600000143051147 1.8700000047683716 1760100
1.840000033378601 1.875 1.7599999904632568 1.7799999713897705 3140000
1.840000033378601 1.840000033378601 1.7100000381469727 1.75 2733300
1.7599999904632568 1.850000023841858 1.690000057220459 1.809999942779541 2651200
1.7999999523162842 1.8600000143051147 1.7710000276565552 1.809999942779541 2588600
1.7999999523162842 1.8300000429153442 1.7300000190734863 1.8200000524520874 3242800
1.8200000524520874 1.840000033378601 1.7200000286102295 1.8200000524520874 3177800
1.809999942779541 1.9199999570846558 1.7649999856948853 1.8899999856948853 3885000
1.8799999952316284 2.069999933242798 1.8700000047683716 2.0399999618530273 5644800
2.069999933242798 2.0799999237060547 2.0199999809265137 2.049999952316284 2275700
2.049999952316284 2.069999933242798 1.9500000476837158 2.009999990463257 2102200
2.0 2.0350000858306885 1.9500000476837158 1.9500000476837158 1827700
1.940000057220459 1.940000057220459 1.8600000143051147 1.8799999952316284 1574700
1.899999976158142 1.9900000095367432 1.899999976158142 1.9800000190734863 3610100
1.9700000286102295 1.9800000190734863 1.899999976158142 1.9500000476837158 1308200
1.9600000381469727 1.9900000095367432 1.909999966621399 1.9199999570846558 2907200
1.9600000381469727 2.109999895095825 1.9600000381469727 2.069999933242798 5758300
2.0899999141693115 2.2300000190734863 2.059999942779541 2.200000047683716 4646000
2.2100000381469727 2.305000066757202 2.0799999237060547 2.0899999141693115 2551300
2.130000114440918 2.299999952316284 2.059999942779541 2.180000066757202 4816100
2.180000066757202 2.2950000762939453 2.140000104904175 2.1700000762939453 3103200
2.2100000381469727 2.319999933242798 2.1600000858306885 2.259999990463257 4082500
2.2799999713897705 2.309999942779541 2.1600000858306885 2.1700000762939453 2435000
2.2100000381469727 2.234999895095825 2.109999895095825 2.1600000858306885 1478500
2.1600000858306885 2.1600000858306885 2.059999942779541 2.109999895095825 2605000
2.130000114440918 2.1600000858306885 2.0899999141693115 2.0999999046325684 1085100
2.140000104904175 2.2300000190734863 2.109999895095825 2.1700000762939453 4871100
1.8700000047683716 1.899999976158142 1.5499999523162842 1.649999976158142 20444000
1.690000057220459 1.7300000190734863 1.600000023841858 1.6399999856948853 7313600
1.6200000047683716 1.659999966621399 1.4800000190734863 1.590000033378601 9767600
1.5499999523162842 1.5800000429153442 1.5 1.5299999713897705 6995600
1.4800000190734863 1.5 1.399999976158142 1.4299999475479126 7293600
1.4500000476837158 1.5099999904632568 1.409999966621399 1.4700000286102295 3619800
1.5 1.5 1.4199999570846558 1.4500000476837158 2580300
1.4600000381469727 1.4800000190734863 1.399999976158142 1.4600000381469727 2777000
1.4299999475479126 1.4700000286102295 1.3899999856948853 1.409999966621399 4717100
1.440000057220459 1.4500000476837158 1.340000033378601 1.350000023841858 4812300
1.3799999952316284 1.4700000286102295 1.3650000095367432 1.3899999856948853 2959500
1.399999976158142 1.4700000286102295 1.3799999952316284 1.4500000476837158 2815100
1.4500000476837158 1.4600000381469727 1.399999976158142 1.440000057220459 1330600
1.409999966621399 1.4210000038146973 1.3600000143051147 1.3700000047683716 2949500
1.3600000143051147 1.3799999952316284 1.3200000524520874 1.3200000524520874 2853600
1.3200000524520874 1.3700000047683716 1.3200000524520874 1.3300000429153442 1620400
1.2999999523162842 1.3200000524520874 1.2899999618530273 1.2999999523162842 2462700
1.309999942779541 1.350000023841858 1.2799999713897705 1.2899999618530273 1372200
1.309999942779541 1.309999942779541 1.2000000476837158 1.25 3578300
1.25 1.2599999904632568 1.2100000381469727 1.2400000095367432 2316300
1.2200000286102295 1.2400000095367432 1.2000000476837158 1.2100000381469727 2196200
1.2300000190734863 1.2599999904632568 1.2000000476837158 1.25 1682200
1.2400000095367432 1.25 1.2100000381469727 1.2300000190734863 904200
1.2300000190734863 1.3450000286102295 1.2100000381469727 1.340000033378601 2908700
1.2999999523162842 1.3450000286102295 1.2699999809265137 1.2799999713897705 1287200
1.309999942779541 1.309999942779541 1.2300000190734863 1.2300000190734863 1353400
1.2400000095367432 1.2699999809265137 1.2200000286102295 1.2599999904632568 1114600
1.25 1.25 1.2100000381469727 1.2300000190734863 2727300
1.2200000286102295 1.2300000190734863 1.159999966621399 1.2100000381469727 3424600
1.1799999475479126 1.1799999475479126 1.1200000047683716 1.149999976158142 3893600
1.159999966621399 1.1790000200271606 1.100000023841858 1.1200000047683716 2382400
1.149999976158142 1.1649999618530273 1.0110000371932983 1.0199999809265137 7144300
1.0199999809265137 1.090000033378601 1.0099999904632568 1.0299999713897705 3728000
1.100000023841858 1.149999976158142 0.9909999966621399 1.0199999809265137 7260900
1.0199999809265137 1.090000033378601 0.9900000095367432 0.9959999918937683 5252700
1.0199999809265137 1.059999942779541 1.0 1.0399999618530273 3944700
1.0700000524520874 1.0700000524520874 0.9929999709129333 1.0099999904632568 3152800
1.0 1.0099999904632568 0.9100000262260437 0.9860000014305115 5454600
1.0099999904632568 1.0399999618530273 0.996999979019165 1.0 2753400
0.9869999885559082 1.0 0.9599999785423279 0.9850000143051147 4982600
1.0 1.0099999904632568 0.9110000133514404 0.9269999861717224 3761100
0.9330000281333923 0.9369999766349792 0.8799999952316284 0.9039999842643738 3805900
0.9020000100135803 0.9139999747276306 0.8809999823570251 0.8840000033378601 3090400
0.8999999761581421 0.9100000262260437 0.8840000033378601 0.8849999904632568 1621800
0.8889999985694885 0.9070000052452087 0.8769999742507935 0.8799999952316284 2492700
0.9100000262260437 0.9150000214576721 0.8740000128746033 0.8960000276565552 2768500
0.8999999761581421 0.9100000262260437 0.8519999980926514 0.8640000224113464 2356900
0.8650000095367432 0.8759999871253967 0.8090000152587891 0.8149999976158142 4841500
0.8199999928474426 0.8289999961853027 0.7889999747276306 0.7900000214576721 2033600
0.7900000214576721 0.7979999780654907 0.7250000238418579 0.7329999804496765 3406900
0.7400000095367432 0.7540000081062317 0.6800000071525574 0.6899999976158142 9378300
0.699999988079071 0.7020000219345093 0.6520000100135803 0.6890000104904175 6536600
0.7099999785423279 0.7749999761581421 0.6970000267028809 0.7450000047683716 6941000
0.7649999856948853 0.7799999713897705 0.6729999780654907 0.6729999780654907 4714000
0.6679999828338623 0.6729999780654907 0.6309999823570251 0.6439999938011169 3777800
0.6570000052452087 0.671999990940094 0.6150000095367432 0.6439999938011169 2232600
0.6700000166893005 0.6899999976158142 0.6420000195503235 0.6629999876022339 3582300
0.6809999942779541 0.6899999976158142 0.6449999809265137 0.6520000100135803 1488800
0.6520000100135803 0.6520000100135803 0.6000000238418579 0.6230000257492065 2458300
0.6060000061988831 0.6169999837875366 0.5590000152587891 0.5600000023841858 3651300
0.5669999718666077 0.5669999718666077 0.5389999747276306 0.546999990940094 3851000
0.5485000014305115 0.5486999750137329 0.5175999999046326 0.5192000269889832 2604171
