24.709999084472656 24.749000549316406 24.6200008392334 24.670000076293945 487300
25.020000457763672 25.020000457763672 24.760000228881836 24.799999237060547 62800
25.09000015258789 25.09000015258789 24.81999969482422 24.920000076293945 61100
24.923999786376953 24.969999313354492 24.899999618530273 24.94499969482422 66200
24.989999771118164 24.989999771118164 24.875 24.90999984741211 63300
24.959999084472656 24.979999542236328 24.860000610351562 24.97100067138672 22600
25.1200008392334 25.1200008392334 24.969999313354492 24.97599983215332 23400
25.040000915527344 25.06999969482422 24.989999771118164 25.038999557495117 22800
25.030000686645508 25.059999465942383 25.020999908447266 25.020999908447266 15900
25.049999237060547 25.05699920654297 25.007999420166016 25.040000915527344 13300
25.100000381469727 25.100000381469727 24.976999282836914 25.016000747680664 38700
25.100000381469727 25.100000381469727 25.034000396728516 25.079999923706055 19100
25.09000015258789 25.09000015258789 24.95400047302246 25.03499984741211 51200
25.010000228881836 25.010000228881836 24.899999618530273 24.934999465942383 18200
24.770000457763672 24.770000457763672 24.549999237060547 24.6200008392334 174700
24.520000457763672 24.579999923706055 24.222999572753906 24.25 213400
24.329999923706055 24.450000762939453 24.170000076293945 24.201000213623047 640000
24.09000015258789 24.139999389648438 23.65999984741211 23.65999984741211 520800
23.489999771118164 23.549999237060547 22.996000289916992 23.540000915527344 458200
21.989999771118164 24.082000732421875 21.989999771118164 24.082000732421875 112400
23.850000381469727 24.209999084472656 23.5 23.739999771118164 100600
24.09000015258789 24.309999465942383 23.82200050354004 24.309999465942383 117700
24.040000915527344 24.049999237060547 23.69700050354004 23.760000228881836 117600
23.149999618530273 23.540000915527344 23.1200008392334 23.450000762939453 46900
22.270000457763672 22.950000762939453 22.270000457763672 22.479000091552734 21800
23.0 23.110000610351562 22.420000076293945 23.110000610351562 23900
22.760000228881836 22.760000228881836 22.187999725341797 22.3700008392334 16000
21.26300048828125 21.719999313354492 21.049999237060547 21.09000015258789 124100
21.760000228881836 22.360000610351562 21.100000381469727 22.329999923706055 229900
21.239999771118164 21.329999923706055 20.190000534057617 20.190000534057617 24700
20.8700008392334 21.399999618530273 20.8700008392334 21.229999542236328 3800
20.665000915527344 20.729999542236328 19.655000686645508 20.510000228881836 16400
19.781999588012695 20.889999389648438 19.655000686645508 20.889999389648438 20200
20.8700008392334 21.049999237060547 20.266000747680664 20.266000747680664 16900
19.924999237060547 20.389999389648438 19.469999313354492 20.06999969482422 53900
21.020000457763672 21.389999389648438 20.993000030517578 21.389999389648438 1600
21.200000762939453 21.75 21.200000762939453 21.350000381469727 26900
21.790000915527344 21.969999313354492 21.739999771118164 21.90999984741211 38000
21.489999771118164 21.690000534057617 21.3799991607666 21.3799991607666 3800
21.8799991607666 21.969999313354492 21.700000762939453 21.969999313354492 7900
21.950000762939453 22.15999984741211 21.670000076293945 21.670000076293945 109000
21.299999237060547 21.299999237060547 21.10099983215332 21.10099983215332 700
21.190000534057617 21.360000610351562 21.190000534057617 21.360000610351562 4900
21.15999984741211 21.260000228881836 21.15999984741211 21.25 8300
21.81999969482422 22.110000610351562 21.790000915527344 22.110000610351562 9900
22.450000762939453 22.450000762939453 22.135000228881836 22.135000228881836 1800
22.1299991607666 22.486000061035156 22.1299991607666 22.486000061035156 3300
22.469999313354492 22.780000686645508 22.399999618530273 22.739999771118164 26300
22.420000076293945 22.53499984741211 22.3799991607666 22.53499984741211 8400
22.854999542236328 22.93400001525879 22.850000381469727 22.93400001525879 1200
22.701000213623047 22.701000213623047 22.606000900268555 22.606000900268555 700
22.624000549316406 22.66200065612793 22.624000549316406 22.66200065612793 3000
22.959999084472656 23.0 22.79199981689453 23.0 6900
22.920000076293945 23.020000457763672 22.719999313354492 22.76799964904785 3000
22.610000610351562 22.610000610351562 22.312000274658203 22.39699935913086 4800
22.641000747680664 22.760000228881836 22.641000747680664 22.649999618530273 9000
22.780000686645508 22.798999786376953 22.69499969482422 22.69499969482422 2800
22.729999542236328 22.881999969482422 22.729999542236328 22.881999969482422 500
23.139999389648438 23.139999389648438 23.049999237060547 23.135000228881836 5700
23.149999618530273 23.149999618530273 22.985000610351562 22.985000610351562 3900
23.450000762939453 23.468000411987305 23.426000595092773 23.426000595092773 1200
23.350000381469727 23.350000381469727 23.110000610351562 23.15999984741211 18600
22.915000915527344 23.0 22.729999542236328 22.78499984741211 6100
22.81999969482422 22.8799991607666 22.79800033569336 22.878000259399414 2200
23.110000610351562 23.209999084472656 23.027000427246094 23.027000427246094 2100
22.920000076293945 23.209999084472656 22.920000076293945 22.957000732421875 186800
23.132999420166016 23.309999465942383 23.128000259399414 23.167999267578125 5900
23.167999267578125 23.167999267578125 23.167999267578125 23.167999267578125 0
23.420000076293945 23.559999465942383 23.329999923706055 23.5 3700
23.399999618530273 23.42099952697754 23.176000595092773 23.176000595092773 2800
23.079999923706055 23.18000030517578 22.87299919128418 22.87299919128418 5600
22.7810001373291 22.972999572753906 22.7810001373291 22.972999572753906 2100
22.961999893188477 23.18000030517578 22.961999893188477 23.07200050354004 700
23.610000610351562 23.610000610351562 23.40999984741211 23.531999588012695 2000
23.649999618530273 23.649999618530273 23.459999084472656 23.489999771118164 5900
23.739999771118164 23.7450008392334 23.604999542236328 23.680999755859375 8000
23.5 23.635000228881836 23.5 23.506999969482422 8200
23.489999771118164 23.6299991607666 23.489999771118164 23.527000427246094 6200
23.90999984741211 23.920000076293945 23.683000564575195 23.683000564575195 12900
23.610000610351562 23.920000076293945 23.559999465942383 23.865999221801758 9300
24.049999237060547 24.06999969482422 23.844999313354492 23.875 6600
23.940000534057617 23.979999542236328 23.670000076293945 23.915000915527344 23500
24.049999237060547 24.049999237060547 23.90999984741211 23.975000381469727 3300
24.059999465942383 24.09000015258789 23.851999282836914 24.075000762939453 15100
24.229999542236328 24.358999252319336 24.152999877929688 24.256999969482422 107300
24.010000228881836 24.280000686645508 24.010000228881836 24.176000595092773 8500
24.520000457763672 24.610000610351562 24.350000381469727 24.555999755859375 33600
24.649999618530273 24.68000030517578 24.59000015258789 24.670000076293945 89300
24.549999237060547 24.6200008392334 24.540000915527344 24.559999465942383 50300
24.6299991607666 24.6299991607666 24.489999771118164 24.569000244140625 19100
24.18000030517578 24.18000030517578 23.6200008392334 23.649999618530273 47100
23.9950008392334 23.9950008392334 23.579999923706055 23.820999145507812 346300
23.68000030517578 23.920000076293945 23.614999771118164 23.889999389648438 6200
24.350000381469727 24.350000381469727 24.059999465942383 24.086999893188477 258900
24.13800048828125 24.25 24.031999588012695 24.073999404907227 7800
23.93000030517578 24.16900062561035 23.93000030517578 24.09000015258789 29300
24.219999313354492 24.309999465942383 24.049999237060547 24.069000244140625 91100
24.06999969482422 24.200000762939453 23.93899917602539 24.108999252319336 30800
24.31999969482422 24.3700008392334 24.194000244140625 24.194000244140625 28300
24.030000686645508 24.059999465942383 23.809999465942383 23.861000061035156 95600
23.90999984741211 24.024999618530273 23.770000457763672 24.024999618530273 21600
24.079999923706055 24.079999923706055 23.770000457763672 23.785999298095703 4400
23.739999771118164 23.989999771118164 23.739999771118164 23.895000457763672 14000
23.92799949645996 24.239999771118164 23.92799949645996 24.239999771118164 77600
24.25 24.327999114990234 24.229999542236328 24.284000396728516 22200
24.3700008392334 24.440000534057617 24.26099967956543 24.26099967956543 13500
24.5 24.545000076293945 24.329999923706055 24.490999221801758 113100
24.520000457763672 24.520000457763672 24.385000228881836 24.385000228881836 21000
24.399999618530273 24.489999771118164 24.229999542236328 24.469999313354492 50100
24.309999465942383 24.450000762939453 24.295000076293945 24.3799991607666 637000
24.3700008392334 24.55900001525879 24.3700008392334 24.55900001525879 25800
24.579999923706055 24.700000762939453 24.35300064086914 24.389999389648438 41400
24.34000015258789 24.527999877929688 24.326000213623047 24.527999877929688 11900
24.65999984741211 24.700000762939453 24.569000244140625 24.672000885009766 31400
24.610000610351562 24.649999618530273 24.565000534057617 24.601999282836914 18100
24.639999389648438 24.729999542236328 24.56999969482422 24.700000762939453 112700
24.621000289916992 24.829999923706055 24.621000289916992 24.804000854492188 61400
25.399999618530273 25.399999618530273 24.756000518798828 24.760000228881836 454700
24.760000228881836 24.88800048828125 24.670000076293945 24.834999084472656 40900
24.719999313354492 24.899999618530273 24.690000534057617 24.739999771118164 27300
24.679000854492188 24.71500015258789 24.645000457763672 24.672000885009766 35900
24.690000534057617 24.790000915527344 24.690000534057617 24.74799919128418 19700
24.68400001525879 24.809999465942383 24.65399932861328 24.65399932861328 126000
24.6299991607666 24.860000610351562 24.6299991607666 24.85300064086914 20600
24.56999969482422 24.81999969482422 24.56999969482422 24.743999481201172 21500
24.899999618530273 24.899999618530273 24.613000869750977 24.81100082397461 93900
24.979999542236328 24.979999542236328 24.825000762939453 24.8799991607666 7200
24.965999603271484 24.989999771118164 24.891000747680664 24.937000274658203 52700
25.0049991607666 25.040000915527344 24.93000030517578 24.989999771118164 40800
25.059999465942383 25.09000015258789 25.0 25.024999618530273 15400
25.059999465942383 25.128999710083008 25.040000915527344 25.06999969482422 10100
25.070999145507812 25.190000534057617 25.049999237060547 25.18000030517578 55800
25.200000762939453 25.239999771118164 25.0 25.0 9200
25.030000686645508 25.239999771118164 25.030000686645508 25.149999618530273 4900
25.165000915527344 25.219999313354492 25.145999908447266 25.149999618530273 19400
25.190000534057617 25.190000534057617 25.149999618530273 25.170000076293945 7400
25.139999389648438 25.260000228881836 25.1200008392334 25.1200008392334 54600
25.19099998474121 25.2549991607666 25.19099998474121 25.2549991607666 1800
25.299999237060547 25.309999465942383 25.110000610351562 25.110000610351562 59400
25.030000686645508 25.239999771118164 25.030000686645508 25.149999618530273 18900
25.17300033569336 25.25 25.17300033569336 25.229999542236328 8700
25.25 25.3700008392334 25.25 25.339000701904297 5600
25.31999969482422 25.420000076293945 25.260000228881836 25.3799991607666 14900
25.393999099731445 25.43000030517578 25.327999114990234 25.38800048828125 5600
25.389999389648438 25.5 25.31999969482422 25.31999969482422 10300
25.350000381469727 25.518999099731445 25.350000381469727 25.40999984741211 34200
25.3700008392334 25.489999771118164 25.299999237060547 25.299999237060547 114800
25.3799991607666 25.489999771118164 25.299999237060547 25.360000610351562 598600
25.56999969482422 25.56999969482422 25.34000015258789 25.399999618530273 586400
25.423999786376953 25.423999786376953 25.06999969482422 25.09000015258789 21800
25.225000381469727 25.26099967956543 24.93000030517578 25.170000076293945 18400
25.024999618530273 25.059999465942383 24.940000534057617 24.999000549316406 4900
25.1200008392334 25.225000381469727 25.030000686645508 25.1299991607666 25700
25.204999923706055 25.260000228881836 25.020000457763672 25.040000915527344 11300
25.114999771118164 25.170000076293945 24.969999313354492 25.149999618530273 50800
25.190000534057617 25.312999725341797 25.190000534057617 25.299999237060547 15400
25.43000030517578 25.43000030517578 25.170000076293945 25.34000015258789 7700
25.15999984741211 25.389999389648438 25.15999984741211 25.222000122070312 65100
25.059999465942383 25.15999984741211 25.059999465942383 25.09000015258789 9300
25.110000610351562 25.219999313354492 25.010000228881836 25.06999969482422 7900
24.809999465942383 25.010000228881836 24.783000946044922 25.010000228881836 35400
25.0 25.100000381469727 24.84000015258789 25.100000381469727 75300
25.149999618530273 25.149999618530273 24.75 24.860000610351562 16400
24.790000915527344 24.969999313354492 24.780000686645508 24.889999389648438 19600
24.895999908447266 25.079999923706055 24.843000411987305 25.06999969482422 5300
25.100000381469727 25.25 25.100000381469727 25.200000762939453 9600
25.18899917602539 25.190000534057617 25.110000610351562 25.190000534057617 6300
25.110000610351562 25.31999969482422 25.100000381469727 25.260000228881836 16900
25.290000915527344 25.309999465942383 25.200000762939453 25.290000915527344 8000
25.1299991607666 25.239999771118164 25.08099937438965 25.200000762939453 16500
25.260000228881836 25.3700008392334 25.209999084472656 25.3700008392334 7300
25.40999984741211 25.40999984741211 25.270000457763672 25.270000457763672 3400
25.354999542236328 25.43000030517578 25.350000381469727 25.39699935913086 7000
25.450000762939453 25.464000701904297 25.3799991607666 25.45400047302246 2800
25.46299934387207 25.600000381469727 25.46299934387207 25.59000015258789 16500
25.59000015258789 25.75 25.59000015258789 25.676000595092773 6900
25.655000686645508 25.719999313354492 25.58300018310547 25.643999099731445 3100
25.540000915527344 25.65999984741211 25.530000686645508 25.613000869750977 13600
25.549999237060547 25.59000015258789 25.510000228881836 25.58300018310547 11700
25.639999389648438 25.65999984741211 25.576000213623047 25.576000213623047 4400
25.55299949645996 25.55299949645996 25.423999786376953 25.423999786376953 700
25.46500015258789 25.520000457763672 25.420000076293945 25.48200035095215 7400
25.469999313354492 25.514999389648438 25.3700008392334 25.40999984741211 41000
25.40999984741211 25.540000915527344 25.399999618530273 25.5049991607666 60800
25.520000457763672 25.520000457763672 25.43000030517578 25.489999771118164 10300
25.40999984741211 25.40999984741211 25.25 25.333999633789062 3300
25.299999237060547 25.344999313354492 25.280000686645508 25.30699920654297 8800
25.075000762939453 25.075000762939453 24.850000381469727 24.850000381469727 22900
25.100000381469727 25.165000915527344 24.940000534057617 25.11199951171875 10800
24.920000076293945 24.96500015258789 24.8700008392334 24.89699935913086 7100
25.020000457763672 25.1299991607666 24.950000762939453 25.086000442504883 59100
25.274999618530273 25.274999618530273 25.270000457763672 25.270000457763672 500
25.489999771118164 25.562999725341797 25.489999771118164 25.51799964904785 2000
25.600000381469727 25.641000747680664 25.600000381469727 25.641000747680664 375100
25.645000457763672 25.70400047302246 25.6200008392334 25.70400047302246 3400
26.270000457763672 26.270000457763672 25.844999313354492 25.844999313354492 121000
25.65999984741211 25.84000015258789 25.65999984741211 25.770000457763672 39900
25.799999237060547 25.882999420166016 25.7549991607666 25.834999084472656 10800
25.790000915527344 25.885000228881836 25.690000534057617 25.767000198364258 14200
25.856000900268555 25.899999618530273 25.799999237060547 25.878000259399414 11700
25.780000686645508 25.989999771118164 25.780000686645508 25.93000030517578 18100
26.0 26.030000686645508 25.899999618530273 25.910999298095703 10900
26.049999237060547 26.049999237060547 25.8700008392334 25.902999877929688 6300
25.87299919128418 26.0 25.87299919128418 25.90999984741211 1500
26.040000915527344 26.040000915527344 25.829999923706055 25.829999923706055 270100
25.799999237060547 25.989999771118164 25.799999237060547 25.952999114990234 14900
26.299999237060547 26.299999237060547 25.959999084472656 26.014999389648438 6200
25.96500015258789 26.110000610351562 25.959999084472656 26.03499984741211 9600
26.06399917602539 26.06399917602539 25.979999542236328 25.979999542236328 1900
25.920000076293945 26.020000457763672 25.920000076293945 25.97800064086914 36700
26.09000015258789 26.149999618530273 26.010000228881836 26.020000457763672 74600
26.010000228881836 26.082000732421875 26.010000228881836 26.030000686645508 24900
26.040000915527344 26.049999237060547 26.014999389648438 26.040000915527344 28200
26.190000534057617 26.190000534057617 26.075000762939453 26.1200008392334 7500
26.06999969482422 26.114999771118164 26.06999969482422 26.114999771118164 11000
26.15999984741211 26.15999984741211 26.049999237060547 26.125 24400
26.09000015258789 26.14900016784668 26.059999465942383 26.090999603271484 67200
26.110000610351562 26.170000076293945 26.01099967956543 26.058000564575195 4000
26.15999984741211 26.15999984741211 26.049999237060547 26.049999237060547 1100
26.1299991607666 26.1299991607666 26.07699966430664 26.07699966430664 1600
26.06999969482422 26.145000457763672 26.049999237060547 26.145000457763672 9800
26.145000457763672 26.190000534057617 26.100000381469727 26.149999618530273 7600
26.145999908447266 26.190000534057617 26.100000381469727 26.145000457763672 9900
26.166000366210938 26.166000366210938 26.0939998626709 26.138999938964844 4900
25.780000686645508 26.190000534057617 25.780000686645508 26.114999771118164 13900
26.049999237060547 26.118999481201172 26.049999237060547 26.117000579833984 6500
26.1200008392334 26.149999618530273 26.100000381469727 26.145000457763672 24000
26.148000717163086 26.190000534057617 26.1200008392334 26.155000686645508 12600
26.190000534057617 26.25 26.15999984741211 26.21500015258789 18700
26.280000686645508 26.280000686645508 26.183000564575195 26.229999542236328 3800
26.25 26.25 26.200000762939453 26.200000762939453 21600
26.139999389648438 26.489999771118164 26.139999389648438 26.209999084472656 22700
26.270000457763672 26.350000381469727 26.1299991607666 26.20599937438965 110200
26.190000534057617 26.219999313354492 26.1200008392334 26.19499969482422 9200
26.200000762939453 26.34000015258789 26.200000762939453 26.219999313354492 14800
26.200000762939453 26.295000076293945 26.200000762939453 26.280000686645508 9500
26.3799991607666 26.3799991607666 26.2450008392334 26.28499984741211 43400
26.280000686645508 26.31999969482422 26.25 26.280000686645508 37600
26.274999618530273 26.3799991607666 26.25 26.315000534057617 34400
26.229999542236328 26.3700008392334 26.229999542236328 26.295000076293945 53200
26.329999923706055 26.3799991607666 26.299999237060547 26.34000015258789 26700
26.3799991607666 26.3799991607666 26.270999908447266 26.315000534057617 27200
26.239999771118164 26.3799991607666 26.239999771118164 26.3700008392334 49200
26.31999969482422 26.479999542236328 26.31999969482422 26.43199920654297 97400
26.413000106811523 26.469999313354492 26.413000106811523 26.44499969482422 4000
26.450000762939453 26.469999313354492 26.420000076293945 26.440000534057617 94400
26.459999084472656 26.479999542236328 26.43000030517578 26.469999313354492 639400
26.46500015258789 26.47100067138672 26.40999984741211 26.434999465942383 171300
26.440000534057617 26.489999771118164 26.389999389648438 26.389999389648438 51000
26.420000076293945 26.520000457763672 26.399999618530273 26.459999084472656 53600
26.709999084472656 26.709999084472656 26.360000610351562 26.469999313354492 1650500
26.700000762939453 26.700000762939453 26.420000076293945 26.649999618530273 651800
26.600000381469727 26.906999588012695 26.600000381469727 26.829999923706055 98600
26.959999084472656 26.959999084472656 26.781999588012695 26.860000610351562 179100
26.989999771118164 27.02899932861328 26.899999618530273 26.969999313354492 532400
27.1299991607666 27.1299991607666 26.988000869750977 27.049999237060547 146800
27.149999618530273 27.149999618530273 27.030000686645508 27.059999465942383 50900
27.059999465942383 27.138999938964844 27.040000915527344 27.100000381469727 57400
27.25 27.25 26.979999542236328 27.040000915527344 69200
27.110000610351562 27.110000610351562 26.989999771118164 27.100000381469727 63700
27.079999923706055 27.138999938964844 27.040000915527344 27.110000610351562 53800
26.950000762939453 27.18000030517578 26.950000762939453 27.139999389648438 83700
27.049999237060547 27.1299991607666 27.030000686645508 27.09000015258789 33100
27.1299991607666 27.1299991607666 26.940000534057617 27.079999923706055 37500
27.040000915527344 27.131000518798828 27.040000915527344 27.049999237060547 37000
26.959999084472656 27.06999969482422 26.959999084472656 26.979999542236328 55000
26.834999084472656 27.047000885009766 26.81999969482422 26.969999313354492 29400
26.950000762939453 27.149999618530273 26.940000534057617 27.149999618530273 87700
27.209999084472656 27.209999084472656 26.760000228881836 26.760000228881836 15100
26.780000686645508 26.89900016784668 26.700000762939453 26.850000381469727 31200
27.09000015258789 27.139999389648438 27.010000228881836 27.06999969482422 28900
27.059999465942383 27.118999481201172 26.950000762939453 26.950000762939453 13800
26.996000289916992 26.996000289916992 26.8799991607666 26.8799991607666 7000
26.905000686645508 26.905000686645508 26.479999542236328 26.6299991607666 71300
26.809999465942383 27.0049991607666 26.613000869750977 26.8799991607666 15400
26.989999771118164 27.117000579833984 26.90999984741211 26.920000076293945 9800
27.030000686645508 27.138999938964844 27.010000228881836 27.010000228881836 32600
26.90999984741211 27.165000915527344 26.90999984741211 27.06999969482422 11600
27.218000411987305 27.31999969482422 27.211999893188477 27.26300048828125 12000
27.15999984741211 27.309999465942383 27.15999984741211 27.299999237060547 12100
27.329999923706055 27.40999984741211 27.190000534057617 27.40999984741211 22900
27.290000915527344 27.38599967956543 27.290000915527344 27.31999969482422 9300
27.333999633789062 27.469999313354492 27.25 27.450000762939453 36500
27.3799991607666 27.420000076293945 27.25 27.25 36200
27.170000076293945 27.290000915527344 27.135000228881836 27.290000915527344 24000
27.190000534057617 27.43000030517578 27.190000534057617 27.40999984741211 85100
27.399999618530273 27.43000030517578 27.1200008392334 27.1200008392334 24100
27.110000610351562 27.43000030517578 27.110000610351562 27.209999084472656 120100
27.170000076293945 27.34000015258789 27.1299991607666 27.267000198364258 7600
27.364999771118164 27.559999465942383 27.320999145507812 27.559999465942383 50900
27.485000610351562 27.559999465942383 27.36400032043457 27.489999771118164 30500
27.290000915527344 27.520000457763672 27.290000915527344 27.486000061035156 84200
27.479999542236328 27.615999221801758 27.479999542236328 27.520000457763672 87900
27.59000015258789 27.694000244140625 27.56999969482422 27.6299991607666 55400
27.729999542236328 27.8799991607666 27.729999542236328 27.809999465942383 79200
27.670000076293945 27.868999481201172 27.670000076293945 27.75 142200
27.815000534057617 27.815000534057617 27.739999771118164 27.788000106811523 11200
27.854999542236328 27.865999221801758 27.799999237060547 27.829999923706055 8300
27.690000534057617 27.90999984741211 27.690000534057617 27.889999389648438 19800
27.850000381469727 27.915000915527344 27.84000015258789 27.915000915527344 13000
27.959999084472656 27.959999084472656 27.8799991607666 27.899999618530273 66400
27.799999237060547 27.969999313354492 27.799999237060547 27.940000534057617 5500
28.000999450683594 28.020000457763672 27.93400001525879 28.000999450683594 33300
27.989999771118164 28.040000915527344 27.989999771118164 28.040000915527344 3900
27.979999542236328 28.049999237060547 27.899999618530273 27.96299934387207 7000
27.924999237060547 27.924999237060547 27.801000595092773 27.84000015258789 30500
27.719999313354492 28.010000228881836 27.719999313354492 27.950000762939453 560300
27.975000381469727 28.049999237060547 27.799999237060547 27.93000030517578 138300
28.0 28.006000518798828 27.959999084472656 27.97800064086914 15200
28.010000228881836 28.059999465942383 27.965999603271484 27.9950008392334 2800
27.989999771118164 28.0049991607666 27.950000762939453 28.0049991607666 1900
27.954999923706055 28.020999908447266 27.954999923706055 27.9950008392334 4700
27.979999542236328 28.065000534057617 27.950000762939453 28.010000228881836 23500
27.950000762939453 28.040000915527344 27.940000534057617 28.040000915527344 83400
28.038999557495117 28.051000595092773 27.950000762939453 28.0 16300
27.900999069213867 27.96500015258789 27.81999969482422 27.913999557495117 9400
28.030000686645508 28.030000686645508 27.93000030517578 27.950000762939453 12900
27.920000076293945 28.033000946044922 27.91200065612793 28.033000946044922 11500
28.100000381469727 28.141000747680664 28.041000366210938 28.141000747680664 5100
28.170000076293945 28.170000076293945 28.049999237060547 28.09000015258789 15500
27.829999923706055 27.959999084472656 27.829999923706055 27.937999725341797 4200
27.885000228881836 27.899999618530273 27.624000549316406 27.624000549316406 15100
27.84000015258789 27.860000610351562 27.75 27.843000411987305 6000
27.940000534057617 28.025999069213867 27.940000534057617 28.02400016784668 7400
28.020000457763672 28.030000686645508 27.899999618530273 27.975000381469727 14700
28.010000228881836 28.049999237060547 27.8799991607666 27.8799991607666 17100
27.6299991607666 27.899999618530273 27.6299991607666 27.856000900268555 22900
27.719999313354492 28.069000244140625 27.719999313354492 27.993000030517578 8500
28.049999237060547 28.049999237060547 27.950000762939453 28.014999389648438 13000
27.920000076293945 28.149999618530273 27.920000076293945 28.149999618530273 14800
28.104999542236328 28.149999618530273 28.059999465942383 28.093000411987305 6900
28.059999465942383 28.149999618530273 28.059999465942383 28.114999771118164 7500
28.149999618530273 28.270000457763672 28.121999740600586 28.149999618530273 6000
28.170000076293945 28.25 28.15999984741211 28.239999771118164 6100
28.299999237060547 28.299999237060547 28.131999969482422 28.20400047302246 76300
28.219999313354492 28.298999786376953 28.149999618530273 28.20599937438965 2700
28.100000381469727 28.25 28.09000015258789 28.170000076293945 32600
28.290000915527344 28.290000915527344 28.18000030517578 28.2549991607666 1500
28.299999237060547 28.309999465942383 28.170000076293945 28.25 40000
28.170000076293945 28.309999465942383 28.170000076293945 28.25 7500
28.25 28.304000854492188 28.200000762939453 28.239999771118164 3700
28.170000076293945 28.389999389648438 28.170000076293945 28.325000762939453 12000
28.399999618530273 28.399999618530273 28.280000686645508 28.290000915527344 2300
28.308000564575195 28.351999282836914 28.25 28.280000686645508 12700
28.292999267578125 28.34000015258789 28.270000457763672 28.270000457763672 10800
28.299999237060547 28.34000015258789 28.270000457763672 28.273000717163086 6300
28.299999237060547 28.34000015258789 28.209999084472656 28.288000106811523 112400
28.31999969482422 28.31999969482422 28.139999389648438 28.174999237060547 6000
28.256999969482422 28.30699920654297 28.209999084472656 28.288000106811523 11700
28.339000701904297 28.34000015258789 28.260000228881836 28.299999237060547 27200
28.34000015258789 28.363000869750977 28.270999908447266 28.325000762939453 56000
28.354999542236328 28.389999389648438 28.32200050354004 28.350000381469727 9400
28.332000732421875 28.399999618530273 28.320999145507812 28.347999572753906 5400
28.309999465942383 28.399999618530273 28.309999465942383 28.399999618530273 19700
28.391000747680664 28.45400047302246 28.350000381469727 28.40399932861328 6200
28.299999237060547 28.43000030517578 28.299999237060547 28.3799991607666 35600
28.433000564575195 28.433000564575195 28.371000289916992 28.399999618530273 349900
28.360000610351562 28.540000915527344 28.360000610351562 28.482999801635742 10400
28.440000534057617 28.459999084472656 28.3799991607666 28.459999084472656 18200
28.420000076293945 28.530000686645508 28.40999984741211 28.469999313354492 6000
28.34000015258789 28.399999618530273 28.34000015258789 28.374000549316406 2200
28.450000762939453 28.503000259399414 28.43199920654297 28.479999542236328 7800
28.40999984741211 28.559999465942383 28.40999984741211 28.520000457763672 3000
28.399999618530273 28.530000686645508 28.399999618530273 28.489999771118164 25100
28.51300048828125 28.51300048828125 28.47800064086914 28.47800064086914 1100
28.360000610351562 28.472000122070312 28.360000610351562 28.459999084472656 3000
28.469999313354492 28.479999542236328 28.399999618530273 28.405000686645508 30700
28.260000228881836 28.31999969482422 28.209999084472656 28.261999130249023 7000
28.350000381469727 28.440000534057617 28.350000381469727 28.402999877929688 1700
28.290000915527344 28.481000900268555 28.290000915527344 28.469999313354492 5800
28.579999923706055 28.579999923706055 28.420000076293945 28.510000228881836 12700
28.510000228881836 28.549999237060547 28.489999771118164 28.549999237060547 2800
28.520000457763672 28.600000381469727 28.489999771118164 28.566999435424805 12200
28.46500015258789 28.492000579833984 28.45400047302246 28.490999221801758 6600
28.549999237060547 28.59000015258789 28.489999771118164 28.525999069213867 3400
28.582000732421875 28.600000381469727 28.54800033569336 28.55500030517578 11400
28.520000457763672 28.554000854492188 28.486000061035156 28.520000457763672 267200
28.540000915527344 28.549999237060547 28.492000579833984 28.492000579833984 23600
28.489999771118164 28.59000015258789 28.488000869750977 28.534000396728516 23000
28.540000915527344 28.56999969482422 28.516000747680664 28.56999969482422 4300
28.559999465942383 28.56999969482422 28.520999908447266 28.56999969482422 3000
28.59000015258789 28.61400032043457 28.559999465942383 28.61400032043457 41600
28.59000015258789 28.6299991607666 28.559999465942383 28.600000381469727 41700
28.65999984741211 28.66900062561035 28.604999542236328 28.611000061035156 5500
28.68000030517578 28.68000030517578 28.579999923706055 28.635000228881836 1700
28.63599967956543 28.690000534057617 28.63599967956543 28.679000854492188 2300
28.790000915527344 28.790000915527344 28.621000289916992 28.680999755859375 3900
28.659000396728516 28.680999755859375 28.649999618530273 28.674999237060547 4300
28.649999618530273 28.65999984741211 28.59000015258789 28.611000061035156 8100
28.610000610351562 28.68000030517578 28.540000915527344 28.540000915527344 7200
28.530000686645508 28.540000915527344 28.451000213623047 28.51799964904785 22800
28.591999053955078 28.6299991607666 28.56999969482422 28.604999542236328 1000
28.649999618530273 28.714000701904297 28.645999908447266 28.67099952697754 20300
28.68000030517578 28.729999542236328 28.6299991607666 28.670000076293945 28000
28.729999542236328 28.760000228881836 28.690000534057617 28.700000762939453 7300
28.700000762939453 28.709999084472656 28.6200008392334 28.649999618530273 6500
28.72599983215332 28.770000457763672 28.670000076293945 28.719999313354492 8700
28.790000915527344 28.799999237060547 28.700000762939453 28.75 53600
28.780000686645508 28.780000686645508 28.68000030517578 28.735000610351562 156200
28.829999923706055 28.829999923706055 28.700000762939453 28.7549991607666 33000
28.809999465942383 28.809999465942383 28.753999710083008 28.753999710083008 5800
28.7549991607666 28.799999237060547 28.739999771118164 28.760000228881836 2300
28.73900032043457 28.790000915527344 28.700000762939453 28.735000610351562 23400
28.719999313354492 28.725000381469727 28.68000030517578 28.725000381469727 10500
28.729999542236328 28.77899932861328 28.700000762939453 28.700000762939453 12300
28.690000534057617 28.700000762939453 28.645000457763672 28.645000457763672 1500
28.6200008392334 28.700000762939453 28.6200008392334 28.684999465942383 57100
28.670000076293945 28.719999313354492 28.610000610351562 28.610000610351562 7400
28.709999084472656 28.75 28.660999298095703 28.71500015258789 2800
28.670000076293945 28.770000457763672 28.6560001373291 28.719999313354492 20200
28.84000015258789 28.84000015258789 28.650999069213867 28.739999771118164 20300
28.600000381469727 28.600000381469727 28.440000534057617 28.5310001373291 30700
28.599000930786133 28.639999389648438 28.56999969482422 28.584999084472656 4800
28.562000274658203 28.75 28.510000228881836 28.610000610351562 49900
28.66699981689453 28.766000747680664 28.66699981689453 28.731000900268555 1000
28.729999542236328 28.790000915527344 28.709999084472656 28.780000686645508 5500
28.809999465942383 28.809999465942383 28.729999542236328 28.78499984741211 8300
28.6299991607666 28.690000534057617 28.579999923706055 28.670000076293945 13000
28.600000381469727 28.674999237060547 28.600000381469727 28.6299991607666 8000
28.645000457763672 28.645000457763672 28.530000686645508 28.56800079345703 14600
28.614999771118164 28.666000366210938 28.56999969482422 28.666000366210938 7600
28.60099983215332 28.655000686645508 28.55500030517578 28.555999755859375 3200
28.690000534057617 28.690000534057617 28.59000015258789 28.59000015258789 2800
28.549999237060547 28.643999099731445 28.540000915527344 28.643999099731445 5600
28.65999984741211 28.81999969482422 28.65999984741211 28.735000610351562 17300
28.729999542236328 28.77899932861328 28.700000762939453 28.735000610351562 4800
28.729999542236328 28.780000686645508 28.65999984741211 28.704999923706055 3100
28.69700050354004 28.704999923706055 28.639999389648438 28.690000534057617 2100
28.719999313354492 28.719999313354492 28.67099952697754 28.70599937438965 3200
28.780000686645508 28.839000701904297 28.780000686645508 28.839000701904297 4400
28.860000610351562 28.899999618530273 28.84000015258789 28.882999420166016 3600
28.899999618530273 28.90999984741211 28.84000015258789 28.895000457763672 6500
28.968000411987305 28.968000411987305 28.899999618530273 28.899999618530273 2800
28.94499969482422 28.958999633789062 28.90999984741211 28.93000030517578 9100
28.954999923706055 28.969999313354492 28.90999984741211 28.969999313354492 9100
28.950000762939453 29.020000457763672 28.950000762939453 28.96500015258789 1900
28.974000930786133 28.979999542236328 28.959999084472656 28.96500015258789 4900
28.969999313354492 29.040000915527344 28.951000213623047 28.996999740600586 46800
28.959999084472656 28.975000381469727 28.950000762939453 28.975000381469727 5600
28.940000534057617 28.979999542236328 28.93000030517578 28.9689998626709 91100
28.992000579833984 29.0 28.90999984741211 28.969999313354492 39700
28.979999542236328 29.0 28.93000030517578 28.985000610351562 14900
29.0 29.06999969482422 28.993999481201172 29.03499984741211 5200
29.030000686645508 29.05500030517578 29.020000457763672 29.05500030517578 14400
29.059999465942383 29.059999465942383 29.03499984741211 29.03499984741211 2500
29.110000610351562 29.110000610351562 29.020999908447266 29.05500030517578 5500
29.040000915527344 29.09000015258789 29.0 29.05500030517578 7700
29.089000701904297 29.089000701904297 29.020000457763672 29.04199981689453 109400
28.989999771118164 29.079999923706055 28.979999542236328 29.014999389648438 25500
29.010000228881836 29.05699920654297 28.990999221801758 29.040000915527344 3600
29.059999465942383 29.09000015258789 29.059999465942383 29.059999465942383 1800
29.079999923706055 29.100000381469727 29.030000686645508 29.04400062561035 7800
29.040000915527344 29.110000610351562 29.040000915527344 29.084999084472656 22700
29.040000915527344 29.084999084472656 29.040000915527344 29.07900047302246 195300
29.06999969482422 29.09000015258789 29.040000915527344 29.09000015258789 220500
29.065000534057617 29.090999603271484 29.049999237060547 29.051000595092773 3700
29.079999923706055 29.110000610351562 29.049999237060547 29.049999237060547 67900
29.06599998474121 29.06599998474121 29.010000228881836 29.05500030517578 23800
29.059999465942383 29.06999969482422 29.040000915527344 29.06999969482422 419400
28.979999542236328 28.98900032043457 28.958999633789062 28.958999633789062 19200
29.0049991607666 29.08099937438965 28.989999771118164 29.040000915527344 51700
28.979999542236328 29.0 28.899999618530273 28.90999984741211 72400
29.010000228881836 29.020000457763672 28.84000015258789 28.84000015258789 58400
28.889999389648438 28.989999771118164 28.889999389648438 28.969999313354492 1400
28.93000030517578 28.93000030517578 28.770000457763672 28.826000213623047 48800
28.924999237060547 29.010000228881836 28.90399932861328 29.010000228881836 10900
29.010000228881836 29.118999481201172 29.010000228881836 29.049999237060547 12400
29.059999465942383 29.1200008392334 29.059999465942383 29.100000381469727 81500
29.070999145507812 29.104999542236328 29.059999465942383 29.079999923706055 3100
29.1200008392334 29.155000686645508 29.09000015258789 29.110000610351562 11600
29.125 29.13800048828125 29.110000610351562 29.110000610351562 2600
29.06999969482422 29.079999923706055 29.040000915527344 29.06999969482422 1500
29.06999969482422 29.139999389648438 29.024999618530273 29.1200008392334 7500
29.15999984741211 29.190000534057617 29.079999923706055 29.149999618530273 8400
29.149999618530273 29.149999618530273 29.06999969482422 29.06999969482422 1800
28.959999084472656 29.05299949645996 28.959999084472656 29.040000915527344 28200
29.100000381469727 29.139999389648438 29.079999923706055 29.110000610351562 7700
29.165000915527344 29.165000915527344 29.1299991607666 29.149999618530273 11800
29.200000762939453 29.200000762939453 29.149999618530273 29.15999984741211 18000
29.209999084472656 29.209999084472656 29.170000076293945 29.190000534057617 2900
29.200000762939453 29.219999313354492 29.190000534057617 29.200000762939453 8800
29.229999542236328 29.260000228881836 29.200000762939453 29.260000228881836 3000
29.239999771118164 29.260000228881836 29.190000534057617 29.229999542236328 10600
29.200000762939453 29.260000228881836 29.200000762939453 29.229999542236328 22500
29.209999084472656 29.246000289916992 29.200000762939453 29.21500015258789 7700
29.229999542236328 29.229999542236328 29.200000762939453 29.21500015258789 7500
29.239999771118164 29.239999771118164 29.190000534057617 29.190000534057617 10900
29.190000534057617 29.219999313354492 29.190000534057617 29.190000534057617 10200
29.190000534057617 29.222999572753906 29.190000534057617 29.21500015258789 7700
29.229999542236328 29.290000915527344 29.180999755859375 29.25 8400
29.246999740600586 29.246999740600586 29.209999084472656 29.23699951171875 6100
29.219999313354492 29.257999420166016 29.209999084472656 29.219999313354492 6900
29.219999313354492 29.260000228881836 29.209999084472656 29.25 3500
29.25 29.260000228881836 29.25 29.2549991607666 10800
29.18000030517578 29.270000457763672 29.18000030517578 29.229999542236328 8800
29.270000457763672 29.270000457763672 29.229999542236328 29.25 123200
29.260000228881836 29.290000915527344 29.25 29.277999877929688 12700
29.2450008392334 29.270000457763672 29.179000854492188 29.179000854492188 56700
28.93000030517578 29.239999771118164 28.850000381469727 29.139999389648438 310400
29.115999221801758 29.239999771118164 29.084999084472656 29.174999237060547 5600
29.246000289916992 29.280000686645508 29.149999618530273 29.18000030517578 142000
29.280000686645508 29.280000686645508 29.139999389648438 29.195999145507812 135000
29.25 29.290000915527344 29.235000610351562 29.270000457763672 37200
29.25 29.399999618530273 29.25 29.299999237060547 3135300
29.3799991607666 29.448999404907227 29.200000762939453 29.40999984741211 537900
29.510000228881836 29.559999465942383 29.392000198364258 29.549999237060547 173800
29.3799991607666 29.3799991607666 29.15999984741211 29.170000076293945 193100
29.18000030517578 29.301000595092773 29.030000686645508 29.224000930786133 464000
29.270000457763672 29.290000915527344 29.110000610351562 29.15399932861328 183000
29.190000534057617 29.350000381469727 29.139999389648438 29.316999435424805 102800
29.459999084472656 29.520000457763672 29.389999389648438 29.510000228881836 104700
29.34000015258789 29.489999771118164 29.15999984741211 29.204999923706055 121900
29.15999984741211 29.31999969482422 28.860000610351562 28.959999084472656 158700
28.905000686645508 28.969999313354492 28.760000228881836 28.920000076293945 243100
29.06999969482422 29.18000030517578 29.059999465942383 29.18000030517578 186400
29.020000457763672 29.280000686645508 28.989999771118164 29.209999084472656 1187900
29.079999923706055 29.1299991607666 28.850000381469727 28.93000030517578 255000
28.899999618530273 28.929000854492188 28.67099952697754 28.739999771118164 268900
28.75 28.799999237060547 28.420000076293945 28.579999923706055 200300
28.75 28.790000915527344 28.309999465942383 28.350000381469727 194300
27.979999542236328 28.610000610351562 27.889999389648438 28.549999237060547 362200
28.65999984741211 28.940000534057617 28.579999923706055 28.940000534057617 52700
28.760000228881836 28.920000076293945 28.655000686645508 28.8799991607666 53600
28.84000015258789 28.850000381469727 28.510000228881836 28.600000381469727 427900
28.670000076293945 28.950000762939453 28.670000076293945 28.899999618530273 74200
28.979999542236328 28.979999542236328 28.719999313354492 28.809999465942383 29700
28.690000534057617 28.690000534057617 28.46500015258789 28.66699981689453 77100
28.600000381469727 28.600000381469727 28.18000030517578 28.18000030517578 31700
28.200000762939453 28.424999237060547 28.049999237060547 28.110000610351562 61200
28.459999084472656 28.579999923706055 28.329999923706055 28.4950008392334 25900
28.34000015258789 28.469999313354492 28.239999771118164 28.469999313354492 23400
28.489999771118164 28.549999237060547 28.200000762939453 28.219999313354492 21000
28.270000457763672 28.364999771118164 28.010000228881836 28.1200008392334 16900
28.270000457763672 28.459999084472656 28.125 28.459999084472656 45000
28.610000610351562 28.809999465942383 28.459999084472656 28.809999465942383 42900
28.770000457763672 29.020000457763672 28.75200080871582 28.940000534057617 34600
28.979999542236328 29.200000762939453 28.93000030517578 29.139999389648438 50700
29.139999389648438 29.209999084472656 29.04800033569336 29.15999984741211 57000
29.229999542236328 29.350000381469727 29.224000930786133 29.31999969482422 217600
29.209999084472656 29.270000457763672 29.139999389648438 29.15999984741211 32700
29.197999954223633 29.3700008392334 29.18899917602539 29.360000610351562 35700
29.336000442504883 29.420000076293945 29.29400062561035 29.40999984741211 74700
29.385000228881836 29.5 29.290000915527344 29.5 52000
29.558000564575195 29.690000534057617 29.530000686645508 29.690000534057617 56400
29.566999435424805 29.635000228881836 29.510000228881836 29.559999465942383 24800
29.489999771118164 29.579999923706055 29.34000015258789 29.34000015258789 28100
29.440000534057617 29.440000534057617 29.290000915527344 29.3700008392334 33000
29.354000091552734 29.514999389648438 29.354000091552734 29.514999389648438 19000
29.420000076293945 29.53499984741211 29.315000534057617 29.34000015258789 37600
29.229999542236328 29.229999542236328 29.110000610351562 29.219999313354492 40600
29.100000381469727 29.31999969482422 29.09000015258789 29.31999969482422 31700
29.15999984741211 29.309999465942383 29.15999984741211 29.229999542236328 26900
29.06999969482422 29.110000610351562 28.969999313354492 28.969999313354492 28900
29.100000381469727 29.15999984741211 28.905000686645508 28.979999542236328 32900
28.9950008392334 29.18000030517578 28.989999771118164 29.18000030517578 14500
29.18000030517578 29.18000030517578 28.950000762939453 29.0 34000
28.93000030517578 29.030000686645508 28.83099937438965 28.959999084472656 19600
28.90999984741211 29.204999923706055 28.90999984741211 29.190000534057617 175800
29.222000122070312 29.280000686645508 29.176000595092773 29.200000762939453 80700
29.309999465942383 29.326000213623047 28.964000701904297 28.989999771118164 56800
28.760000228881836 28.795000076293945 28.524999618530273 28.559999465942383 28900
28.43000030517578 28.670000076293945 28.290000915527344 28.670000076293945 45400
28.559999465942383 28.559999465942383 28.17799949645996 28.209999084472656 26000
28.270000457763672 28.40999984741211 28.106000900268555 28.239999771118164 35300
28.440000534057617 28.6299991607666 28.22599983215332 28.531999588012695 21000
28.469999313354492 28.469999313354492 27.95800018310547 28.0 41800
27.899999618530273 28.139999389648438 27.739999771118164 28.06999969482422 51900
28.1200008392334 28.268999099731445 28.11400032043457 28.229999542236328 36900
28.115999221801758 28.709999084472656 28.086999893188477 28.610000610351562 43500
28.440000534057617 28.440000534057617 27.889999389648438 28.09000015258789 59100
27.909000396728516 28.100000381469727 27.795000076293945 28.030000686645508 57300
27.780000686645508 27.780000686645508 27.40999984741211 27.530000686645508 63000
27.729999542236328 27.739999771118164 27.3799991607666 27.579999923706055 1374700
27.510000228881836 27.722999572753906 27.334999084472656 27.350000381469727 60200
27.110000610351562 27.399999618530273 27.030000686645508 27.299999237060547 58200
27.461000442504883 27.690000534057617 27.461000442504883 27.65999984741211 39900
27.600000381469727 27.760000228881836 27.57200050354004 27.670000076293945 14000
27.889999389648438 27.979999542236328 27.81999969482422 27.90999984741211 26000
27.700000762939453 27.719999313354492 27.299999237060547 27.350000381469727 21300
27.1200008392334 27.3700008392334 27.1200008392334 27.239999771118164 36600
27.384000778198242 27.384000778198242 26.94499969482422 27.290000915527344 59000
27.399999618530273 27.610000610351562 27.332000732421875 27.530000686645508 36100
27.239999771118164 27.475000381469727 27.239999771118164 27.459999084472656 15700
27.469999313354492 27.639999389648438 27.450000762939453 27.6200008392334 12100
27.889999389648438 27.94300079345703 27.802000045776367 27.8700008392334 22500
28.010000228881836 28.216999053955078 28.010000228881836 28.216999053955078 13700
28.1200008392334 28.260000228881836 28.040000915527344 28.170000076293945 5000
28.09000015258789 28.139999389648438 27.950000762939453 28.06999969482422 41900
28.0 28.280000686645508 28.0 28.280000686645508 20000
28.139999389648438 28.170000076293945 28.059999465942383 28.100000381469727 19700
28.26300048828125 28.280000686645508 28.079999923706055 28.15999984741211 34300
28.014999389648438 28.31999969482422 28.014999389648438 28.31999969482422 29100
28.229999542236328 28.280000686645508 28.1200008392334 28.15999984741211 39900
28.1200008392334 28.1200008392334 27.739999771118164 27.739999771118164 30500
27.3799991607666 27.469999313354492 27.31999969482422 27.360000610351562 47500
27.020000457763672 27.059999465942383 26.670000076293945 26.670000076293945 100000
26.639999389648438 26.719999313354492 26.56599998474121 26.670000076293945 24700
26.83300018310547 27.18000030517578 26.733999252319336 27.010000228881836 41100
26.549999237060547 26.6299991607666 26.3700008392334 26.410999298095703 29100
26.579999923706055 26.600000381469727 26.452999114990234 26.530000686645508 14800
26.895000457763672 26.940000534057617 26.850000381469727 26.899999618530273 16300
26.924999237060547 26.950000762939453 26.834999084472656 26.920000076293945 7400
26.899999618530273 27.020000457763672 26.801000595092773 27.020000457763672 7000
27.200000762939453 27.43000030517578 27.200000762939453 27.43000030517578 87500
27.350000381469727 27.399999618530273 27.350000381469727 27.399999618530273 3700
27.389999389648438 27.389999389648438 27.06999969482422 27.139999389648438 30700
27.059999465942383 27.1200008392334 27.020000457763672 27.1200008392334 9700
26.795000076293945 27.079999923706055 26.795000076293945 26.979999542236328 18600
26.860000610351562 27.125 26.84000015258789 27.100000381469727 16100
26.913000106811523 27.13599967956543 26.8700008392334 27.13599967956543 9700
27.1299991607666 27.280000686645508 27.06999969482422 27.229999542236328 6500
27.3700008392334 27.459999084472656 27.340999603271484 27.459999084472656 11400
27.364999771118164 27.450000762939453 27.320999145507812 27.450000762939453 17900
27.209999084472656 27.280000686645508 27.197999954223633 27.222999572753906 7000
27.190000534057617 27.290000915527344 27.079999923706055 27.117000579833984 408100
26.969999313354492 27.110000610351562 26.969999313354492 27.073999404907227 4600
26.790000915527344 27.059999465942383 26.729999542236328 27.02899932861328 8800
27.110000610351562 27.299999237060547 27.110000610351562 27.280000686645508 30900
27.385000228881836 27.43000030517578 27.1299991607666 27.170000076293945 9500
27.309999465942383 27.547000885009766 27.309999465942383 27.547000885009766 3000
27.540000915527344 27.6299991607666 27.530000686645508 27.613000869750977 8600
27.579999923706055 27.770000457763672 27.579999923706055 27.743999481201172 6200
27.649999618530273 27.649999618530273 27.58099937438965 27.636999130249023 2300
27.690000534057617 27.739999771118164 27.59000015258789 27.739999771118164 3200
27.5 27.559999465942383 27.479999542236328 27.540000915527344 11800
27.65999984741211 27.940000534057617 27.65999984741211 27.909000396728516 8300
27.8799991607666 28.100000381469727 27.790000915527344 28.06100082397461 7400
28.209999084472656 28.260000228881836 28.15999984741211 28.246000289916992 18600
28.110000610351562 28.260000228881836 28.110000610351562 28.198999404907227 8500
28.1299991607666 28.290000915527344 28.09000015258789 28.10300064086914 13300
28.329999923706055 28.399999618530273 28.32699966430664 28.356000900268555 6800
28.319000244140625 28.360000610351562 28.270000457763672 28.315000534057617 10400
28.31999969482422 28.31999969482422 28.229999542236328 28.31399917602539 6000
28.3799991607666 28.3799991607666 28.25 28.329999923706055 9800
28.299999237060547 28.299999237060547 28.15999984741211 28.218000411987305 29500
28.43000030517578 28.517000198364258 28.43000030517578 28.517000198364258 24000
28.639999389648438 28.639999389648438 28.469999313354492 28.499000549316406 9300
28.584999084472656 28.746999740600586 28.584999084472656 28.746999740600586 9700
28.760000228881836 28.84000015258789 28.732999801635742 28.81999969482422 10400
28.799999237060547 28.940000534057617 28.799999237060547 28.86199951171875 29700
28.739999771118164 28.83799934387207 28.68000030517578 28.75 20400
28.7549991607666 28.829999923706055 28.700000762939453 28.78700065612793 7500
28.621999740600586 28.639999389648438 28.600000381469727 28.610000610351562 3500
28.360000610351562 28.3700008392334 28.270000457763672 28.28700065612793 18700
28.219999313354492 28.350000381469727 28.219999313354492 28.309999465942383 8500
28.239999771118164 28.3700008392334 28.229999542236328 28.327999114990234 3800
28.4060001373291 28.540000915527344 28.399999618530273 28.506999969482422 17700
28.524999618530273 28.524999618530273 28.049999237060547 28.058000564575195 4800
27.940000534057617 28.040000915527344 27.93000030517578 28.0 4900
27.773000717163086 27.850000381469727 27.770999908447266 27.790000915527344 767500
27.924999237060547 27.924999237060547 27.709999084472656 27.719999313354492 29600
27.56999969482422 27.770000457763672 27.56999969482422 27.770000457763672 32900
27.676000595092773 27.719999313354492 27.636999130249023 27.636999130249023 1700
27.709999084472656 27.719999313354492 27.549999237060547 27.621000289916992 10900
27.729999542236328 27.884000778198242 27.729999542236328 27.884000778198242 11300
27.888999938964844 27.985000610351562 27.860000610351562 27.96500015258789 97600
28.149999618530273 28.200000762939453 28.1299991607666 28.200000762939453 30000
28.209999084472656 28.34000015258789 28.209999084472656 28.280000686645508 4100
27.940000534057617 27.940000534057617 27.704999923706055 27.725000381469727 10400
27.709999084472656 27.790000915527344 27.690000534057617 27.784000396728516 15100
27.75 27.788999557495117 27.649999618530273 27.67300033569336 12900
27.549999237060547 27.57900047302246 27.469999313354492 27.57900047302246 4000
27.56999969482422 27.677000045776367 27.56999969482422 27.677000045776367 10900
27.510000228881836 27.579999923706055 27.489999771118164 27.549999237060547 20300
27.6299991607666 27.649999618530273 27.309999465942383 27.360000610351562 19600
27.229999542236328 27.309999465942383 27.15999984741211 27.229999542236328 25000
27.059999465942383 27.059999465942383 26.920000076293945 26.983999252319336 16500
26.822999954223633 26.905000686645508 26.799999237060547 26.81999969482422 2900
26.950000762939453 26.950000762939453 26.690000534057617 26.78499984741211 5900
26.799999237060547 27.093000411987305 26.799999237060547 27.06999969482422 25200
26.719999313354492 26.829999923706055 26.674999237060547 26.808000564575195 89500
26.809999465942383 26.809999465942383 26.59000015258789 26.59000015258789 6900
26.889999389648438 27.06999969482422 26.889999389648438 26.979999542236328 14500
27.360000610351562 27.41900062561035 27.299999237060547 27.360000610351562 12500
27.190000534057617 27.43000030517578 27.170000076293945 27.399999618530273 134300
27.236000061035156 27.360000610351562 27.22100067138672 27.242000579833984 6700
26.92099952697754 26.969999313354492 26.80500030517578 26.81999969482422 6500
26.795000076293945 26.81999969482422 26.719999313354492 26.75 172800
26.614999771118164 26.799999237060547 26.530000686645508 26.59000015258789 28600
26.540000915527344 26.690000534057617 26.540000915527344 26.60300064086914 33600
26.360000610351562 26.981000900268555 26.360000610351562 26.972000122070312 20400
26.969999313354492 26.969999313354492 26.610000610351562 26.634000778198242 24800
26.989999771118164 27.100000381469727 26.94499969482422 27.020000457763672 8900
27.3799991607666 27.3799991607666 27.09000015258789 27.17300033569336 16000
27.170000076293945 27.170000076293945 26.989999771118164 27.1299991607666 11800
27.172000885009766 27.172000885009766 26.97800064086914 27.02199935913086 6300
27.020000457763672 27.319000244140625 27.020000457763672 27.319000244140625 3600
27.440000534057617 27.510000228881836 27.290000915527344 27.450000762939453 3700
27.58799934387207 27.698999404907227 27.562000274658203 27.698999404907227 2300
27.78499984741211 27.78499984741211 27.6200008392334 27.628000259399414 9400
27.649999618530273 27.68899917602539 27.540000915527344 27.59000015258789 12000
27.790000915527344 27.856000900268555 27.770000457763672 27.850000381469727 60400
27.770000457763672 27.8799991607666 27.753999710083008 27.80900001525879 72600
27.7549991607666 27.809999465942383 27.709999084472656 27.809999465942383 4400
27.704999923706055 27.850000381469727 27.459999084472656 27.540000915527344 7100
27.399999618530273 27.440000534057617 27.361000061035156 27.36400032043457 26200
27.489999771118164 27.670000076293945 27.299999237060547 27.524999618530273 37600
27.59000015258789 27.75 27.59000015258789 27.68000030517578 6700
27.774999618530273 27.889999389648438 27.639999389648438 27.756000518798828 17300
27.59600067138672 27.65999984741211 27.450000762939453 27.479999542236328 7100
28.014999389648438 28.200000762939453 28.014999389648438 28.190000534057617 22300
28.219999313354492 28.25 28.1200008392334 28.25 9400
28.25 28.309999465942383 28.16699981689453 28.16699981689453 6700
28.295000076293945 28.299999237060547 28.18000030517578 28.219999313354492 4800
28.170000076293945 28.219999313354492 28.170000076293945 28.191999435424805 6500
28.054000854492188 28.200000762939453 28.030000686645508 28.190000534057617 14700
28.190000534057617 28.270000457763672 28.170000076293945 28.270000457763672 3000
28.190000534057617 28.232999801635742 28.190000534057617 28.219999313354492 3600
28.309999465942383 28.389999389648438 28.260000228881836 28.375 26600
28.43199920654297 28.447999954223633 28.360000610351562 28.440000534057617 20700
28.459999084472656 28.459999084472656 28.459999084472656 28.459999084472656 100
28.420000076293945 28.440000534057617 28.250999450683594 28.284000396728516 7800
28.309999465942383 28.309999465942383 28.277999877929688 28.28499984741211 1800
28.270000457763672 28.579999923706055 28.260000228881836 28.579999923706055 12200
28.579999923706055 28.579999923706055 28.530000686645508 28.56999969482422 277500
28.55299949645996 28.56999969482422 28.459999084472656 28.559999465942383 22800
28.549999237060547 28.549999237060547 28.399999618530273 28.434999465942383 57600
28.454999923706055 28.454999923706055 28.270000457763672 28.329999923706055 45600
28.30500030517578 28.350000381469727 28.25 28.290000915527344 6000
28.375 28.399999618530273 28.360000610351562 28.3799991607666 1100
28.364999771118164 28.398000717163086 28.34000015258789 28.34000015258789 2000
28.399999618530273 28.440000534057617 28.32200050354004 28.410999298095703 16100
28.674999237060547 28.719999313354492 28.479999542236328 28.56599998474121 15100
28.56999969482422 28.639999389648438 28.450000762939453 28.56100082397461 17900
28.329999923706055 28.399999618530273 28.290000915527344 28.34000015258789 17400
28.290000915527344 28.290000915527344 28.200000762939453 28.277000427246094 79000
28.299999237060547 28.299999237060547 28.131000518798828 28.167999267578125 13700
28.243000030517578 28.270000457763672 28.145000457763672 28.243999481201172 8700
28.41200065612793 28.450000762939453 28.389999389648438 28.420000076293945 2700
28.389999389648438 28.389999389648438 28.0 28.215999603271484 9100
28.190000534057617 28.34000015258789 28.139999389648438 28.295000076293945 73900
28.299999237060547 28.329999923706055 28.250999450683594 28.31800079345703 8300
28.358999252319336 28.381999969482422 28.131999969482422 28.174999237060547 16700
28.354000091552734 28.459999084472656 28.354000091552734 28.450000762939453 51400
28.34000015258789 28.399999618530273 28.290000915527344 28.399999618530273 7600
28.43000030517578 28.43000030517578 28.30500030517578 28.378000259399414 4300
28.420000076293945 28.520999908447266 28.371999740600586 28.450000762939453 8400
28.347999572753906 28.358999252319336 28.347999572753906 28.35300064086914 1000
28.56800079345703 28.670000076293945 28.540000915527344 28.645999908447266 4800
28.725000381469727 28.7549991607666 28.645999908447266 28.645999908447266 7500
28.639999389648438 28.749000549316406 28.600000381469727 28.749000549316406 17500
28.75 28.81999969482422 28.729999542236328 28.795000076293945 5000
28.827999114990234 28.895999908447266 28.799999237060547 28.8799991607666 2700
28.829999923706055 28.93000030517578 28.829999923706055 28.917999267578125 21500
28.969999313354492 28.979999542236328 28.90999984741211 28.94099998474121 45100
28.950000762939453 28.979999542236328 28.850000381469727 28.899999618530273 67300
28.90999984741211 28.90999984741211 28.790000915527344 28.89299964904785 86800
28.850000381469727 29.00200080871582 28.850000381469727 28.954999923706055 37600
28.9950008392334 29.030000686645508 28.940000534057617 28.9950008392334 36500
29.030000686645508 29.030000686645508 28.940000534057617 28.950000762939453 67100
28.950000762939453 29.030000686645508 28.950000762939453 29.010000228881836 20100
29.030000686645508 29.059999465942383 29.0 29.049999237060547 208400
29.059999465942383 29.059999465942383 29.0 29.03499984741211 176100
29.0 29.06999969482422 29.0 29.059999465942383 228800
29.059999465942383 29.079999923706055 28.989999771118164 29.049999237060547 5616400
28.969999313354492 29.25 28.820999145507812 29.100000381469727 2212500
29.309999465942383 29.389999389648438 29.201000213623047 29.325000762939453 1183000
29.15999984741211 29.329999923706055 29.1200008392334 29.18000030517578 387400
29.100000381469727 29.110000610351562 28.989999771118164 29.084999084472656 178300
29.040000915527344 29.280000686645508 29.0 29.270000457763672 1096400
29.200000762939453 29.229999542236328 29.051000595092773 29.09000015258789 276300
29.229999542236328 29.268999099731445 28.889999389648438 28.950000762939453 174800
28.93000030517578 29.0 28.8799991607666 28.989999771118164 736500
29.030000686645508 29.155000686645508 28.940000534057617 29.149999618530273 1813900
29.09000015258789 29.22599983215332 28.989999771118164 29.15999984741211 252600
29.059999465942383 29.229999542236328 29.059999465942383 29.229999542236328 240800
29.030000686645508 29.190000534057617 29.0 29.020000457763672 218800
28.989999771118164 28.9950008392334 28.860000610351562 28.989999771118164 121500
28.829999923706055 28.829999923706055 28.65999984741211 28.670000076293945 344800
28.719999313354492 28.739999771118164 28.60099983215332 28.65999984741211 152600
28.770000457763672 28.790000915527344 28.566999435424805 28.790000915527344 101000
28.639999389648438 28.639999389648438 28.43000030517578 28.6200008392334 216500
28.68000030517578 28.790000915527344 28.6200008392334 28.649999618530273 159100
28.649999618530273 28.719999313354492 28.614999771118164 28.6200008392334 193500
28.600000381469727 28.6200008392334 28.469999313354492 28.56999969482422 31400
28.489999771118164 28.729000091552734 28.466999053955078 28.68400001525879 49600
28.719999313354492 28.950000762939453 28.719999313354492 28.950000762939453 29100
29.030000686645508 29.040000915527344 28.93000030517578 28.940000534057617 63300
28.979999542236328 28.979999542236328 28.660999298095703 28.700000762939453 68800
28.739999771118164 28.739999771118164 28.6299991607666 28.739999771118164 54100
28.725000381469727 28.790000915527344 28.389999389648438 28.389999389648438 85100
28.309999465942383 28.459999084472656 28.110000610351562 28.15999984741211 60900
28.209999084472656 28.399999618530273 28.209999084472656 28.280000686645508 66200
28.489999771118164 28.559999465942383 28.308000564575195 28.520000457763672 58200
28.290000915527344 28.40999984741211 28.15999984741211 28.40999984741211 45800
28.350000381469727 28.690000534057617 28.280000686645508 28.690000534057617 34200
28.639999389648438 28.64900016784668 28.44499969482422 28.5 53400
28.520000457763672 28.6299991607666 28.479999542236328 28.62299919128418 46800
28.739999771118164 28.84000015258789 28.68000030517578 28.799999237060547 39700
28.850000381469727 28.969999313354492 28.600000381469727 28.600000381469727 254200
28.770000457763672 28.85099983215332 28.530000686645508 28.65999984741211 44300
28.610000610351562 28.770000457763672 28.47599983215332 28.770000457763672 60100
28.850000381469727 28.868999481201172 28.739999771118164 28.780000686645508 44500
28.760000228881836 28.760000228881836 28.6200008392334 28.760000228881836 35000
28.950000762939453 29.209999084472656 28.856000900268555 28.940000534057617 207200
29.020000457763672 29.110000610351562 28.969999313354492 29.059999465942383 108900
29.100000381469727 29.280000686645508 29.09000015258789 29.229999542236328 138900
29.308000564575195 29.344999313354492 29.226999282836914 29.340999603271484 21300
29.309999465942383 29.309999465942383 29.200000762939453 29.270000457763672 32900
29.209999084472656 29.260000228881836 29.15999984741211 29.260000228881836 39700
29.239999771118164 29.329999923706055 29.18000030517578 29.329999923706055 41100
29.139999389648438 29.270000457763672 29.121000289916992 29.260000228881836 54900
29.290000915527344 29.360000610351562 29.260000228881836 29.260000228881836 788400
29.344999313354492 29.388999938964844 29.200000762939453 29.270000457763672 40600
29.295000076293945 29.459999084472656 29.295000076293945 29.40999984741211 71400
29.43600082397461 29.503999710083008 29.299999237060547 29.405000686645508 62500
29.402999877929688 29.5 29.34000015258789 29.440000534057617 77700
29.510000228881836 29.520000457763672 29.440000534057617 29.496999740600586 38700
29.34000015258789 29.510000228881836 29.34000015258789 29.510000228881836 40600
29.424999237060547 29.469999313354492 29.34000015258789 29.420000076293945 46100
29.43000030517578 29.445999145507812 29.34000015258789 29.399999618530273 313700
29.44099998474121 29.490999221801758 29.3700008392334 29.420000076293945 18700
29.360000610351562 29.420000076293945 29.200000762939453 29.200000762939453 19100
29.25 29.290000915527344 29.110000610351562 29.200000762939453 32700
29.219999313354492 29.440000534057617 29.219999313354492 29.43000030517578 50900
29.468000411987305 29.610000610351562 29.440000534057617 29.559999465942383 31600
29.559999465942383 29.649999618530273 29.559999465942383 29.56999969482422 51200
29.516000747680664 29.516000747680664 29.309999465942383 29.399999618530273 49900
29.40999984741211 29.489999771118164 29.299999237060547 29.299999237060547 32600
29.299999237060547 29.299999237060547 29.1560001373291 29.219999313354492 22200
29.385000228881836 29.530000686645508 29.3799991607666 29.493999481201172 37600
29.486000061035156 29.530000686645508 29.430999755859375 29.520000457763672 35700
29.450000762939453 29.5 29.405000686645508 29.434999465942383 25900
29.610000610351562 29.610000610351562 29.385000228881836 29.56999969482422 23500
29.395000457763672 29.540000915527344 29.395000457763672 29.530000686645508 24700
29.51099967956543 29.559999465942383 29.389999389648438 29.489999771118164 57900
29.540000915527344 29.579999923706055 29.440000534057617 29.510000228881836 56200
29.450000762939453 29.530000686645508 29.43000030517578 29.469999313354492 45300
29.448999404907227 29.670000076293945 29.448999404907227 29.65999984741211 10400
29.559999465942383 29.81399917602539 29.559999465942383 29.81399917602539 23400
29.81599998474121 29.829999923706055 29.709999084472656 29.799999237060547 49500
29.709999084472656 29.829999923706055 29.709999084472656 29.767000198364258 28700
29.649999618530273 29.770000457763672 29.56399917602539 29.60300064086914 33600
29.450000762939453 29.520999908447266 29.399999618530273 29.43000030517578 32200
29.524999618530273 29.632999420166016 29.520000457763672 29.559999465942383 45700
29.770000457763672 29.854999542236328 29.760000228881836 29.770000457763672 11000
29.93000030517578 29.93000030517578 29.770000457763672 29.780000686645508 34100
29.700000762939453 29.790000915527344 29.65999984741211 29.709999084472656 12000
29.790000915527344 29.959999084472656 29.687000274658203 29.860000610351562 50700
29.989999771118164 30.170000076293945 29.989999771118164 30.143999099731445 17200
30.132999420166016 30.219999313354492 30.035999298095703 30.079999923706055 23600
30.059999465942383 30.18000030517578 30.040000915527344 30.18000030517578 71200
30.139999389648438 30.200000762939453 30.059999465942383 30.149999618530273 66100
30.1200008392334 30.25 30.110000610351562 30.25 27700
30.350000381469727 30.350000381469727 30.18000030517578 30.280000686645508 20100
30.270000457763672 30.40999984741211 30.22100067138672 30.368000030517578 12500
30.399999618530273 30.520000457763672 30.399999618530273 30.5 40600
30.450000762939453 30.540000915527344 30.364999771118164 30.5 15200
30.510000228881836 30.659000396728516 30.450000762939453 30.600000381469727 63800
30.68000030517578 30.68000030517578 30.549999237060547 30.549999237060547 73700
30.469999313354492 30.56999969482422 30.459999084472656 30.5 231800
30.459999084472656 30.559999465942383 30.440000534057617 30.485000610351562 41100
30.44499969482422 30.559999465942383 30.44499969482422 30.510000228881836 37100
30.479999542236328 30.540000915527344 30.43000030517578 30.43000030517578 33600
30.52400016784668 30.52400016784668 30.3700008392334 30.389999389648438 20300
30.420000076293945 30.6200008392334 30.410999298095703 30.6200008392334 19400
30.510000228881836 30.59000015258789 30.510000228881836 30.579999923706055 25100
30.57200050354004 30.649999618530273 30.540000915527344 30.6299991607666 23000
30.75 30.850000381469727 30.75 30.790000915527344 113600
30.780000686645508 30.860000610351562 30.770000457763672 30.825000762939453 404700
30.768999099731445 30.84000015258789 30.75 30.770000457763672 532600
30.65999984741211 30.729999542236328 30.545000076293945 30.649999618530273 470600
30.719999313354492 30.799999237060547 30.639999389648438 30.639999389648438 46800
30.579999923706055 30.739999771118164 30.579999923706055 30.68000030517578 2030100
30.799999237060547 30.829999923706055 30.690000534057617 30.829999923706055 48700
30.8799991607666 30.979999542236328 30.8799991607666 30.959999084472656 67500
31.007999420166016 31.040000915527344 30.959999084472656 31.0 20000
31.059999465942383 31.06999969482422 30.989999771118164 31.049999237060547 90600
31.010000228881836 31.100000381469727 31.010000228881836 31.100000381469727 44000
31.020999908447266 31.177000045776367 31.020999908447266 31.139999389648438 52100
31.184999465942383 31.194000244140625 31.110000610351562 31.1200008392334 105800
31.17300033569336 31.17300033569336 31.040000915527344 31.040000915527344 654100
31.09000015258789 31.139999389648438 31.06999969482422 31.06999969482422 25300
31.1299991607666 31.200000762939453 31.09000015258789 31.18000030517578 23700
31.149999618530273 31.239999771118164 31.139999389648438 31.170000076293945 50200
31.139999389648438 31.200000762939453 31.1299991607666 31.18000030517578 8200
31.25 31.305999755859375 31.079999923706055 31.09000015258789 24300
31.190000534057617 31.25 31.190000534057617 31.209999084472656 18700
31.170000076293945 31.25 31.170000076293945 31.25 70800
31.17099952697754 31.229999542236328 31.15999984741211 31.18000030517578 103700
31.100000381469727 31.100000381469727 31.01099967956543 31.024999618530273 27100
30.940000534057617 31.06999969482422 30.93000030517578 30.979999542236328 14400
31.09000015258789 31.1299991607666 30.90999984741211 30.90999984741211 27100
30.969999313354492 31.079999923706055 30.969999313354492 31.049999237060547 16400
30.959999084472656 31.02899932861328 30.940000534057617 31.0 18300
31.06999969482422 31.06999969482422 30.889999389648438 30.920000076293945 15700
31.100000381469727 31.100000381469727 30.905000686645508 30.989999771118164 31500
30.93000030517578 30.969999313354492 30.889999389648438 30.93000030517578 8500
30.920000076293945 31.030000686645508 30.920000076293945 31.020000457763672 166900
30.969999313354492 30.969999313354492 30.84000015258789 30.850000381469727 21500
30.8700008392334 30.910999298095703 30.719999313354492 30.729999542236328 38000
30.790000915527344 30.790000915527344 30.6200008392334 30.6200008392334 29200
30.538999557495117 30.6299991607666 30.538999557495117 30.6200008392334 13800
30.67300033569336 30.77199935913086 30.610000610351562 30.739999771118164 72000
30.770000457763672 30.770000457763672 30.68000030517578 30.690000534057617 31200
30.844999313354492 30.90999984741211 30.84000015258789 30.8700008392334 4800
30.979999542236328 30.979999542236328 30.684999465942383 30.690000534057617 17600
30.729999542236328 30.83799934387207 30.6299991607666 30.780000686645508 37900
30.8799991607666 30.920000076293945 30.829999923706055 30.895000457763672 18700
30.920000076293945 31.1200008392334 30.920000076293945 31.1200008392334 8600
31.149999618530273 31.204999923706055 31.149999618530273 31.170000076293945 47300
31.270000457763672 31.270000457763672 31.15999984741211 31.204999923706055 19100
31.239999771118164 31.264999389648438 31.17099952697754 31.209999084472656 20200
31.190000534057617 31.219999313354492 31.170000076293945 31.170000076293945 7100
31.1299991607666 31.160999298095703 30.989999771118164 31.1200008392334 28800
30.989999771118164 31.079999923706055 30.954999923706055 31.079999923706055 19000
31.09000015258789 31.1200008392334 31.030000686645508 31.065000534057617 18400
31.1299991607666 31.187999725341797 31.1200008392334 31.170000076293945 42300
31.100000381469727 31.15999984741211 31.06999969482422 31.09000015258789 27700
31.079999923706055 31.167999267578125 31.075000762939453 31.1200008392334 12400
31.200000762939453 31.290000915527344 31.190000534057617 31.280000686645508 26200
31.180999755859375 31.180999755859375 31.06999969482422 31.100000381469727 14600
31.079999923706055 31.139999389648438 31.079999923706055 31.09000015258789 21300
31.049999237060547 31.09000015258789 30.969999313354492 31.059999465942383 7300
31.10099983215332 31.110000610351562 30.90999984741211 30.920000076293945 22800
30.725000381469727 30.75 30.600000381469727 30.6200008392334 61600
30.6299991607666 30.70599937438965 30.540000915527344 30.549999237060547 183400
30.489999771118164 30.639999389648438 30.489999771118164 30.639999389648438 23900
30.54800033569336 30.54800033569336 30.34000015258789 30.420000076293945 55600
30.40999984741211 30.43000030517578 30.240999221801758 30.360000610351562 11900
30.510000228881836 30.579999923706055 30.450000762939453 30.479999542236328 19100
30.610000610351562 30.610000610351562 30.410999298095703 30.457000732421875 15400
30.469999313354492 30.510000228881836 30.34000015258789 30.420000076293945 66100
30.3799991607666 30.3799991607666 30.1299991607666 30.190000534057617 25700
30.18000030517578 30.350000381469727 30.170000076293945 30.350000381469727 218300
30.219999313354492 30.350000381469727 30.216999053955078 30.350000381469727 4400
30.200000762939453 30.600000381469727 30.190000534057617 30.549999237060547 30400
30.459999084472656 30.708999633789062 30.459999084472656 30.68400001525879 17600
30.81999969482422 30.899999618530273 30.770000457763672 30.780000686645508 84600
30.81999969482422 30.87299919128418 30.739999771118164 30.87299919128418 16100
30.8700008392334 30.90399932861328 30.639999389648438 30.729999542236328 30300
30.844999313354492 30.850000381469727 30.610000610351562 30.639999389648438 19500
30.75 30.93000030517578 30.75 30.9060001373291 12700
30.729999542236328 30.950000762939453 30.729999542236328 30.850000381469727 12500
30.780000686645508 30.836000442504883 30.59000015258789 30.649999618530273 17700
30.540000915527344 30.649999618530273 30.40999984741211 30.466999053955078 32000
30.309999465942383 30.31999969482422 30.200000762939453 30.200000762939453 11800
30.020000457763672 30.260000228881836 30.020000457763672 30.260000228881836 6681
