10.0 10.0 10.0 10.0 500
9.779999732971191 9.779999732971191 9.779999732971191 9.779999732971191 1100
9.899999618530273 9.899999618530273 9.720000267028809 9.760000228881836 2500
9.800000190734863 9.800000190734863 9.760000228881836 9.760000228881836 5000
9.760000228881836 9.760000228881836 9.760000228881836 9.760000228881836 0
9.739999771118164 9.739999771118164 9.720000267028809 9.729999542236328 400
9.729999542236328 9.729999542236328 9.729999542236328 9.729999542236328 0
9.739999771118164 9.777000427246094 9.729999542236328 9.75 3200
9.770000457763672 9.779999732971191 9.699999809265137 9.699999809265137 42100
9.75 9.779999732971191 9.710000038146973 9.760000228881836 49800
9.779999732971191 9.779999732971191 9.779999732971191 9.779999732971191 50000
9.800000190734863 9.84000015258789 9.800000190734863 9.800000190734863 320000
10.0 10.0 9.760000228881836 9.760000228881836 264500
9.819999694824219 9.819999694824219 9.760000228881836 9.760000228881836 65200
9.762999534606934 9.819999694824219 9.762999534606934 9.800000190734863 49200
9.800000190734863 9.869999885559082 9.770000457763672 9.800000190734863 8700
9.770000457763672 9.789999961853027 9.769000053405762 9.789999961853027 8500
9.800000190734863 9.800000190734863 9.770000457763672 9.770000457763672 32400
9.779999732971191 9.824000358581543 9.779999732971191 9.79699993133545 27300
9.800000190734863 9.800000190734863 9.779999732971191 9.800000190734863 10300
9.800000190734863 9.800000190734863 9.800000190734863 9.800000190734863 25800
9.789999961853027 9.819999694824219 9.789999961853027 9.800000190734863 3400
9.760000228881836 9.800000190734863 9.760000228881836 9.800000190734863 64800
9.770000457763672 9.786999702453613 9.770000457763672 9.786999702453613 800
9.800000190734863 9.829999923706055 9.75 9.829999923706055 10300
9.789999961853027 9.859999656677246 9.770000457763672 9.789999961853027 29000
9.760000228881836 9.779999732971191 9.760000228881836 9.779999732971191 800
9.789999961853027 9.789999961853027 9.760000228881836 9.789999961853027 3900
9.789999961853027 9.850000381469727 9.739999771118164 9.789999961853027 152500
9.779999732971191 9.779999732971191 9.75 9.760000228881836 3100
9.765000343322754 9.765000343322754 9.765000343322754 9.765000343322754 2600
9.75 9.765000343322754 9.699999809265137 9.739999771118164 279300
9.720000267028809 9.729999542236328 9.720000267028809 9.729999542236328 6200
9.729999542236328 9.75 9.720000267028809 9.75 4800
9.729999542236328 9.729999542236328 9.720000267028809 9.729999542236328 4100
9.739999771118164 10.479999542236328 9.739999771118164 10.229999542236328 7211100
10.640000343322754 10.6899995803833 10.229999542236328 10.300000190734863 6771500
10.390000343322754 10.390000343322754 10.229999542236328 10.260000228881836 3687000
10.270000457763672 10.270000457763672 10.0600004196167 10.149999618530273 2357700
10.119999885559082 10.15999984741211 9.989999771118164 10.039999961853027 1630700
10.029999732971191 10.039999961853027 9.930000305175781 9.989999771118164 1291600
10.039999961853027 10.045999526977539 9.970000267028809 10.010000228881836 739700
9.949999809265137 10.0 9.890000343322754 9.9399995803833 856400
9.979999542236328 10.0 9.899999618530273 9.930000305175781 868600
9.970000267028809 10.0 9.90999984741211 9.949999809265137 798000
9.979999542236328 10.0 9.930000305175781 9.989999771118164 897100
10.0 10.0 9.949999809265137 10.0 459500
9.989999771118164 10.010000228881836 9.930000305175781 9.960000038146973 530700
9.979999542236328 9.989999771118164 9.920000076293945 9.9399995803833 712100
9.960000038146973 9.960000038146973 9.850000381469727 9.930000305175781 642200
9.930000305175781 9.97599983215332 9.869999885559082 9.90999984741211 438500
9.899999618530273 9.9399995803833 9.890000343322754 9.899999618530273 460800
9.9399995803833 9.9399995803833 9.859999656677246 9.899999618530273 454100
9.899999618530273 9.9399995803833 9.880000114440918 9.899999618530273 331700
9.90999984741211 9.92300033569336 9.890000343322754 9.890000343322754 288200
9.899999618530273 9.90999984741211 9.869999885559082 9.890000343322754 575900
9.899999618530273 9.930000305175781 9.880000114440918 9.890000343322754 408600
9.890000343322754 9.920000076293945 9.869999885559082 9.899999618530273 1017600
9.899999618530273 9.920000076293945 9.84000015258789 9.880000114440918 1191300
9.866999626159668 9.890000343322754 9.84000015258789 9.859999656677246 2872900
9.899999618530273 9.899999618530273 9.859999656677246 9.880000114440918 625800
9.890999794006348 9.90999984741211 9.869999885559082 9.90999984741211 1136000
9.90999984741211 9.9399995803833 9.84000015258789 9.869999885559082 1610700
9.890000343322754 9.890000343322754 9.84000015258789 9.869999885559082 609700
9.880000114440918 9.880000114440918 9.819999694824219 9.84000015258789 714000
9.84000015258789 9.859999656677246 9.819999694824219 9.829999923706055 515600
9.829999923706055 9.850000381469727 9.8100004196167 9.819999694824219 532100
9.819999694824219 9.819999694824219 9.729999542236328 9.760000228881836 1219300
9.75 9.770000457763672 9.75 9.760000228881836 331300
9.760000228881836 9.789999961853027 9.75 9.779999732971191 282500
9.8100004196167 9.90999984741211 9.770000457763672 9.850000381469727 682300
9.850000381469727 9.880000114440918 9.819999694824219 9.869999885559082 509200
9.850000381469727 9.880000114440918 9.8100004196167 9.829999923706055 618900
9.84000015258789 9.899999618530273 9.819999694824219 9.829999923706055 662500
9.800000190734863 9.85099983215332 9.760000228881836 9.850000381469727 558500
9.850000381469727 9.869999885559082 9.819999694824219 9.869999885559082 368600
9.859999656677246 9.979999542236328 9.850000381469727 9.960000038146973 718200
9.979999542236328 10.029999732971191 9.970000267028809 10.0 880200
9.989999771118164 10.0 9.960000038146973 9.989999771118164 338900
10.0 10.020000457763672 9.949999809265137 10.0 535200
9.949999809265137 10.020000457763672 9.949999809265137 10.0 326500
10.029999732971191 10.029999732971191 9.949999809265137 9.989999771118164 503000
9.979999542236328 9.979999542236328 9.859999656677246 9.869999885559082 498500
9.880000114440918 9.925000190734863 9.869999885559082 9.920000076293945 753200
9.920000076293945 9.960000038146973 9.90999984741211 9.9399995803833 439200
9.920000076293945 9.989999771118164 9.90999984741211 9.970000267028809 712900
9.880000114440918 9.960000038146973 9.862000465393066 9.930000305175781 590100
9.949999809265137 9.949999809265137 9.899999618530273 9.9399995803833 504500
9.949999809265137 9.970000267028809 9.899999618530273 9.949999809265137 551000
9.920000076293945 9.989999771118164 9.920000076293945 9.949999809265137 448300
9.970000267028809 9.989999771118164 9.960000038146973 9.979999542236328 863700
10.239999771118164 10.550000190734863 10.180000305175781 10.449999809265137 43428600
10.4399995803833 10.489999771118164 10.25 10.3100004196167 7832100
10.329999923706055 10.399999618530273 10.229999542236328 10.3100004196167 3205600
10.279999732971191 10.300000190734863 10.199999809265137 10.220000267028809 3026200
10.239999771118164 10.270000457763672 10.149999618530273 10.239999771118164 3321900
10.239999771118164 10.260000228881836 10.100000381469727 10.170000076293945 2134600
10.170000076293945 10.180000305175781 10.130000114440918 10.140000343322754 1290300
10.140000343322754 10.170000076293945 10.130000114440918 10.140000343322754 2202000
10.149999618530273 10.180000305175781 10.125 10.130000114440918 2364200
10.121999740600586 10.1899995803833 10.119999885559082 10.149999618530273 2201000
10.140000343322754 10.15999984741211 10.100000381469727 10.109999656677246 1154900
10.119999885559082 10.130000114440918 10.050000190734863 10.109999656677246 1316200
10.09000015258789 10.119999885559082 10.0600004196167 10.0600004196167 1346800
10.0600004196167 10.069999694824219 10.020000457763672 10.0600004196167 1872500
10.069999694824219 10.104999542236328 10.010000228881836 10.010000228881836 1937100
10.029999732971191 10.029999732971191 10.010000228881836 10.010000228881836 1187800
10.010000228881836 10.039999961853027 10.010000228881836 10.029999732971191 1190200
10.020000457763672 10.086999893188477 10.010000228881836 10.050000190734863 2074500
10.039999961853027 10.270000457763672 10.005000114440918 10.199999809265137 5372200
10.199999809265137 10.300000190734863 10.079999923706055 10.220000267028809 2746100
10.220000267028809 10.4399995803833 10.149999618530273 10.34000015258789 5139400
10.550000190734863 10.760000228881836 10.369999885559082 10.5 4898700
10.539999961853027 10.539999961853027 10.270000457763672 10.350000381469727 1983100
10.430000305175781 11.069999694824219 10.34000015258789 10.710000038146973 9150400
10.899999618530273 10.90999984741211 10.619999885559082 10.720000267028809 4634800
10.84000015258789 10.960000038146973 10.710000038146973 10.960000038146973 3923500
11.010000228881836 11.03499984741211 10.609999656677246 10.729999542236328 4334100
10.739999771118164 10.8100004196167 10.625 10.6899995803833 1824600
10.760000228881836 10.779999732971191 10.460000038146973 10.539999961853027 4419800
10.569999694824219 10.760000228881836 10.460000038146973 10.6899995803833 3633500
10.899999618530273 11.5 10.75 11.3100004196167 13954700
11.65999984741211 11.65999984741211 10.899999618530273 11.199999809265137 10233800
11.050000190734863 11.390000343322754 10.4399995803833 10.670000076293945 13771300
10.789999961853027 11.1899995803833 10.789999961853027 11.0600004196167 6503300
11.3100004196167 13.050000190734863 11.09000015258789 12.8100004196167 42516600
15.010000228881836 16.40999984741211 14.0 14.779999732971191 131070100
15.430000305175781 15.890000343322754 14.095000267028809 15.329999923706055 53458900
14.989999771118164 15.739999771118164 14.319999694824219 14.550000190734863 29077800
14.4350004196167 14.470000267028809 12.970000267028809 13.390000343322754 20046000
13.6899995803833 14.319999694824219 13.5 13.760000228881836 13985300
14.100000381469727 14.899999618530273 13.65999984741211 13.9399995803833 14353700
14.100000381469727 14.470000267028809 13.210000038146973 13.420000076293945 9900300
13.359999656677246 14.199999809265137 13.109999656677246 14.050000190734863 7012700
13.649999618530273 13.789999961853027 13.25 13.539999961853027 5240500
13.829999923706055 14.460000038146973 13.520000457763672 14.109999656677246 8912100
13.993000030517578 14.5 13.260000228881836 13.460000038146973 9423100
13.850000381469727 13.850000381469727 12.619999885559082 12.869999885559082 10176100
12.899999618530273 12.920000076293945 11.920000076293945 12.520000457763672 9919900
12.460000038146973 12.630000114440918 11.5 11.949999809265137 8495800
11.699999809265137 12.4399995803833 11.197999954223633 12.199999809265137 8111000
12.479999542236328 12.510000228881836 11.949999809265137 12.050000190734863 4227900
11.979999542236328 12.350000381469727 11.729999542236328 12.3100004196167 4597000
12.114999771118164 12.114999771118164 11.609999656677246 11.630000114440918 4340200
11.670000076293945 11.859999656677246 11.480999946594238 11.569999694824219 3637000
11.668999671936035 11.6899995803833 11.210000038146973 11.649999618530273 4115200
11.470000267028809 11.550000190734863 11.25 11.319999694824219 3020600
11.319999694824219 11.699999809265137 10.824999809265137 11.59000015258789 6543200
11.6899995803833 11.729999542236328 11.0600004196167 11.130000114440918 3944500
11.029999732971191 11.399999618530273 10.920000076293945 11.140000343322754 3448300
10.935999870300293 11.260000228881836 10.920000076293945 11.220000267028809 3046600
11.319999694824219 11.40999984741211 11.097000122070312 11.25 2551800
11.260000228881836 11.819999694824219 11.229999542236328 11.569999694824219 3378500
11.550000190734863 11.770000457763672 11.520000457763672 11.550000190734863 2151200
11.649999618530273 11.65999984741211 11.369999885559082 11.460000038146973 2145900
11.5 11.5600004196167 11.380000114440918 11.430000305175781 2169600
11.390000343322754 11.470000267028809 11.020000457763672 11.0600004196167 2909800
11.09000015258789 11.649999618530273 11.076000213623047 11.34000015258789 2462400
11.390000343322754 11.850000381469727 11.3100004196167 11.699999809265137 2213100
11.954999923706055 12.369999885559082 11.760000228881836 11.989999771118164 4470100
12.0 12.045000076293945 11.5 11.729999542236328 3058900
11.720000267028809 11.729999542236328 11.109999656677246 11.25 3660100
11.180000305175781 11.359999656677246 10.979999542236328 11.039999961853027 4555600
11.059000015258789 11.539999961853027 11.059000015258789 11.289999961853027 2521400
11.1899995803833 11.430000305175781 10.989999771118164 11.380000114440918 3105000
11.5600004196167 11.899999618530273 11.5 11.609999656677246 3642600
11.75 11.9350004196167 11.5600004196167 11.739999771118164 2646700
11.949999809265137 11.949999809265137 11.40999984741211 11.510000228881836 2258900
11.28600025177002 11.5 11.210000038146973 11.420000076293945 1627700
11.34000015258789 11.380000114440918 11.119999885559082 11.180000305175781 1926500
11.210000038146973 11.3149995803833 11.020000457763672 11.039999961853027 2962800
11.109999656677246 11.260000228881836 11.0 11.010000228881836 2964200
11.0 11.039999961853027 10.460000038146973 10.550000190734863 6391500
10.199999809265137 10.579999923706055 10.140000343322754 10.569999694824219 5849300
10.34000015258789 10.710000038146973 10.260000228881836 10.510000228881836 2564800
10.720000267028809 10.8100004196167 10.380000114440918 10.65999984741211 3359700
10.640000343322754 10.6899995803833 10.229999542236328 10.260000228881836 4102000
10.199999809265137 10.364999771118164 10.109999656677246 10.300000190734863 2506600
10.350000381469727 10.4399995803833 10.289999961853027 10.390000343322754 3328200
10.520000457763672 10.539999961853027 10.319999694824219 10.470000267028809 2508600
10.489999771118164 10.520000457763672 10.279999732971191 10.329999923706055 1806300
10.25 10.40999984741211 10.220000267028809 10.260000228881836 1434500
10.3100004196167 10.399999618530273 10.239999771118164 10.390000343322754 1192700
10.449999809265137 10.48900032043457 10.319999694824219 10.369999885559082 2169700
10.40999984741211 10.420000076293945 10.260000228881836 10.380000114440918 1525300
10.420000076293945 10.720000267028809 10.375 10.680000305175781 2923700
10.6899995803833 11.390000343322754 10.649999618530273 11.199999809265137 7446400
11.199999809265137 11.670000076293945 11.020000457763672 11.25 4959400
11.300000190734863 11.390000343322754 10.779999732971191 11.079999923706055 4338700
11.3100004196167 11.6899995803833 11.100000381469727 11.489999771118164 5108900
11.489999771118164 12.329999923706055 11.40999984741211 12.020000457763672 6740900
11.899999618530273 12.180000305175781 11.619999885559082 11.90999984741211 4026700
12.029999732971191 12.460000038146973 11.960000038146973 12.220000267028809 4904500
11.630000114440918 12.170000076293945 11.199999809265137 11.430000305175781 3621500
11.640000343322754 11.675999641418457 10.960000038146973 11.069999694824219 2813600
10.40999984741211 11.166000366210938 10.399999618530273 10.90999984741211 5797600
11.0 11.109999656677246 10.800000190734863 10.899999618530273 2959900
10.8100004196167 11.100000381469727 10.78499984741211 11.0600004196167 2359700
11.100000381469727 11.149999618530273 10.729000091552734 10.859999656677246 2601400
10.890000343322754 11.130000114440918 10.829999923706055 11.0600004196167 2774000
11.09000015258789 11.989999771118164 11.079999923706055 11.15999984741211 4285700
11.140000343322754 11.25 11.0 11.100000381469727 2801600
11.149999618530273 11.399999618530273 11.020000457763672 11.039999961853027 2449500
10.949999809265137 11.194999694824219 10.850000381469727 11.050000190734863 3282000
11.149999618530273 11.260000228881836 11.010000228881836 11.100000381469727 2431300
11.069999694824219 11.100000381469727 10.949999809265137 10.979999542236328 1280000
11.039999961853027 11.09000015258789 10.829999923706055 10.890000343322754 1928100
10.779999732971191 10.84000015258789 10.520000457763672 10.579999923706055 2392700
10.5600004196167 10.699000358581543 10.475000381469727 10.6899995803833 1491200
10.75 10.9399995803833 10.670000076293945 10.8100004196167 2009400
10.84000015258789 10.949999809265137 10.789999961853027 10.920000076293945 1399900
10.880000114440918 11.399999618530273 10.859999656677246 11.180000305175781 2275800
11.199999809265137 11.267999649047852 10.899999618530273 11.220000267028809 3231000
11.34000015258789 11.550000190734863 11.210000038146973 11.329999923706055 2448800
11.289999961853027 11.75 11.145000457763672 11.520000457763672 2434100
11.680000305175781 11.6899995803833 11.300000190734863 11.5600004196167 1838900
11.369999885559082 11.529999732971191 11.170000076293945 11.520000457763672 1831100
11.489999771118164 11.489999771118164 11.234999656677246 11.399999618530273 1891300
11.380000114440918 11.800000190734863 11.3100004196167 11.5600004196167 3278000
11.460000038146973 11.649999618530273 11.369999885559082 11.380000114440918 1710100
11.420000076293945 11.460000038146973 11.269000053405762 11.369999885559082 2248300
11.399999618530273 11.5 11.289999961853027 11.460000038146973 1764400
12.3100004196167 13.300000190734863 11.8100004196167 12.819999694824219 21467300
12.9399995803833 12.970000267028809 12.050000190734863 12.220000267028809 5406400
11.960000038146973 12.180000305175781 11.539999961853027 11.739999771118164 4336500
11.850000381469727 12.029999732971191 11.5600004196167 11.90999984741211 3330900
11.84000015258789 12.25 11.720000267028809 12.210000038146973 2838200
12.079999923706055 12.34000015258789 11.960000038146973 12.069999694824219 2946900
12.239999771118164 12.239999771118164 11.850000381469727 11.90999984741211 3012500
11.869999885559082 12.055000305175781 11.869999885559082 11.960000038146973 1480300
12.039999961853027 12.039999961853027 11.850000381469727 11.890000343322754 2463700
11.960000038146973 11.960000038146973 11.739999771118164 11.850000381469727 2004900
11.859999656677246 12.260000228881836 11.739999771118164 12.079999923706055 2021700
12.079999923706055 12.100000381469727 11.710000038146973 11.770000457763672 2898400
11.819999694824219 11.949999809265137 11.319999694824219 11.4399995803833 3709700
11.279999732971191 11.489999771118164 11.119999885559082 11.319999694824219 2521800
11.270000457763672 11.279999732971191 10.970000267028809 11.130000114440918 3107500
11.119999885559082 11.130000114440918 10.744999885559082 10.84000015258789 3595300
10.859999656677246 11.149999618530273 10.84000015258789 10.859999656677246 2128600
10.890000343322754 10.979999542236328 10.680000305175781 10.829999923706055 2247000
10.800000190734863 10.850000381469727 10.680000305175781 10.6899995803833 1768500
10.710000038146973 10.829999923706055 10.562999725341797 10.819999694824219 1429000
10.789999961853027 10.869999885559082 10.722999572753906 10.75 1080000
10.75 10.960000038146973 10.654999732971191 10.899999618530273 1479300
10.859999656677246 10.880999565124512 10.649999618530273 10.720000267028809 1886200
10.630000114440918 10.729999542236328 10.510000228881836 10.720000267028809 2397100
10.510000228881836 10.550000190734863 10.260000228881836 10.289999961853027 3283700
10.350000381469727 10.369999885559082 10.199999809265137 10.270000457763672 2312400
10.229999542236328 10.270000457763672 10.109999656677246 10.149999618530273 3560900
10.119999885559082 10.279999732971191 10.069999694824219 10.270000457763672 2621700
10.300000190734863 10.65999984741211 10.289999961853027 10.479999542236328 3134500
10.510000228881836 10.569999694824219 10.302000045776367 10.3100004196167 1844300
10.359999656677246 10.449999809265137 10.210000038146973 10.300000190734863 1846700
10.279999732971191 10.289999961853027 10.199999809265137 10.210000038146973 1862500
10.1899995803833 10.34000015258789 10.15999984741211 10.220000267028809 3484700
10.300000190734863 10.350000381469727 10.079999923706055 10.130000114440918 3883500
10.100000381469727 10.229999542236328 10.079999923706055 10.130000114440918 2010000
10.140000343322754 10.220000267028809 10.100000381469727 10.180000305175781 1523200
10.15999984741211 10.270000457763672 10.15999984741211 10.239999771118164 1494200
10.329999923706055 10.369999885559082 10.15999984741211 10.229999542236328 4720300
10.329999923706055 10.4399995803833 10.210000038146973 10.329999923706055 2981200
10.350000381469727 10.359999656677246 10.220000267028809 10.289999961853027 2408000
10.300000190734863 10.3100004196167 10.170000076293945 10.210000038146973 1795200
10.149999618530273 10.1899995803833 10.109999656677246 10.140000343322754 2502200
10.100000381469727 10.130000114440918 10.039999961853027 10.050000190734863 3211000
10.079999923706055 10.085000038146973 9.970000267028809 10.029999732971191 4241700
10.029999732971191 10.0600004196167 10.0 10.039999961853027 2397500
10.050000190734863 10.050000190734863 10.027999877929688 10.029999732971191 1942900
10.039999961853027 10.140000343322754 10.010000228881836 10.010000228881836 4256000
10.010000228881836 10.029999732971191 9.979999542236328 9.989999771118164 2582100
9.970000267028809 9.989999771118164 9.90999984741211 9.9399995803833 6327200
9.960000038146973 9.970000267028809 9.920000076293945 9.930000305175781 4228500
9.930000305175781 9.970000267028809 9.84000015258789 9.899999618530273 3987000
9.300000190734863 9.390000343322754 8.529999732971191 8.90999984741211 6739900
8.850000381469727 10.260000228881836 8.692999839782715 10.09000015258789 7360300
10.71500015258789 11.460000038146973 9.550000190734863 9.6899995803833 13789700
9.699999809265137 11.0 9.6899995803833 10.84000015258789 7708700
11.380000114440918 11.430000305175781 10.25 11.229999542236328 8653200
12.979999542236328 13.359999656677246 10.40999984741211 13.0 17400500
11.970000267028809 12.079999923706055 11.010000228881836 11.109999656677246 11390100
11.289999961853027 11.350000381469727 10.510000228881836 10.770000457763672 7033300
10.510000228881836 10.619999885559082 9.699999809265137 9.770000457763672 5046300
9.229999542236328 9.399999618530273 8.699999809265137 8.8100004196167 5874200
8.640000343322754 9.529999732971191 8.640000343322754 9.529999732971191 3344400
9.239999771118164 9.739999771118164 8.90999984741211 9.5600004196167 2383100
9.729999542236328 9.960000038146973 9.350000381469727 9.4399995803833 2471600
9.5 9.779999732971191 9.399999618530273 9.600000381469727 2323000
9.600000381469727 10.399999618530273 9.600000381469727 10.09000015258789 4105600
10.039999961853027 10.350000381469727 9.930000305175781 9.949999809265137 2039700
9.970000267028809 10.149999618530273 9.800000190734863 9.970000267028809 1779400
10.15999984741211 10.699999809265137 9.890000343322754 10.119999885559082 5526600
10.020000457763672 10.25 9.949999809265137 10.199999809265137 1802700
10.289999961853027 10.300000190734863 9.949999809265137 10.100000381469727 1842100
10.260000228881836 10.5 9.529999732971191 9.65999984741211 2918500
9.680000305175781 9.829999923706055 9.510000228881836 9.520000457763672 1857400
9.5 9.699999809265137 9.34000015258789 9.449999809265137 2084700
9.539999961853027 9.760000228881836 9.4399995803833 9.5600004196167 1828100
9.529999732971191 9.529999732971191 8.899999618530273 8.90999984741211 3016500
8.989999771118164 8.989999771118164 8.640000343322754 8.949999809265137 1916000
8.739999771118164 9.069999694824219 8.609999656677246 8.859999656677246 1678900
8.920000076293945 9.020000457763672 8.729999542236328 8.989999771118164 1143500
9.0 9.116999626159668 8.729999542236328 8.789999961853027 1183500
8.84000015258789 8.920000076293945 8.732000350952148 8.890000343322754 1439100
8.899999618530273 9.0600004196167 8.729999542236328 8.899999618530273 1397100
8.869999885559082 8.960000038146973 8.779999732971191 8.930000305175781 1383100
8.9399995803833 9.050000190734863 8.859999656677246 8.970000267028809 921300
9.0 9.680000305175781 8.970000267028809 9.25 2189400
9.4399995803833 9.449999809265137 9.180000305175781 9.380000114440918 1166700
9.460000038146973 9.960000038146973 9.399999618530273 9.829999923706055 2230600
9.84000015258789 9.880000114440918 9.140000343322754 9.319999694824219 1198600
9.479999542236328 9.6899995803833 9.369999885559082 9.579999923706055 942300
9.600000381469727 10.109999656677246 9.5 9.9399995803833 2367900
10.0600004196167 10.119999885559082 9.65999984741211 9.75 1483900
9.65999984741211 9.913000106811523 9.619999885559082 9.899999618530273 984200
9.949999809265137 10.079999923706055 9.680000305175781 9.75 1241200
9.65999984741211 9.71500015258789 9.460000038146973 9.510000228881836 880100
9.460000038146973 9.479999542236328 9.180000305175781 9.199999809265137 1165300
9.0 9.25 8.930000305175781 9.0 1526700
8.890000343322754 8.890000343322754 8.550000190734863 8.59000015258789 1804300
8.600000381469727 8.640000343322754 8.1899995803833 8.350000381469727 1613900
8.350000381469727 8.550000190734863 8.300000190734863 8.350000381469727 1012700
8.489999771118164 8.899999618530273 8.359999656677246 8.609999656677246 1579600
8.619999885559082 8.670000076293945 8.220000267028809 8.380000114440918 1241000
8.25 8.300000190734863 8.0 8.020000457763672 1650800
8.130000114440918 8.130000114440918 7.570000171661377 7.670000076293945 2414800
7.679999828338623 7.849999904632568 7.510000228881836 7.820000171661377 1514600
7.670000076293945 7.670000076293945 6.71999979019165 6.889999866485596 4403100
7.010000228881836 7.045000076293945 6.71999979019165 6.789999961853027 2539200
6.789999961853027 6.849999904632568 6.170000076293945 6.550000190734863 4361700
6.519999980926514 6.900000095367432 6.28000020980835 6.820000171661377 2064400
6.730000019073486 6.800000190734863 6.559999942779541 6.71999979019165 1187200
6.800000190734863 7.239999771118164 6.769999980926514 7.179999828338623 2242500
7.349999904632568 7.670000076293945 7.300000190734863 7.570000171661377 2581600
7.150000095367432 7.760000228881836 7.0 7.610000133514404 2515000
7.630000114440918 7.909999847412109 7.440000057220459 7.869999885559082 1857900
7.909999847412109 8.255000114440918 7.800000190734863 7.989999771118164 2417100
7.869999885559082 7.869999885559082 7.599999904632568 7.599999904632568 2093900
7.53000020980835 7.690000057220459 6.96999979019165 7.070000171661377 1906300
7.03000020980835 7.190000057220459 6.849999904632568 6.880000114440918 2003900
6.840000152587891 7.03000020980835 6.739999771118164 6.769999980926514 1651100
6.71999979019165 6.849999904632568 6.264999866485596 6.269999980926514 2067800
6.139999866485596 6.369999885559082 5.928999900817871 6.0 2838600
5.989999771118164 6.109000205993652 5.650000095367432 5.690000057220459 2627000
5.869999885559082 5.980000019073486 5.505000114440918 5.550000190734863 3079600
5.570000171661377 5.630000114440918 5.40500020980835 5.5 2496000
5.510000228881836 5.545000076293945 5.059999942779541 5.119999885559082 6117200
5.110000133514404 5.269999980926514 5.039999961853027 5.059999942779541 2042500
5.150000095367432 5.25 4.920000076293945 5.159999847412109 3269600
5.400000095367432 5.989999771118164 5.321000099182129 5.989999771118164 3776900
5.849999904632568 5.909999847412109 5.360000133514404 5.820000171661377 3338900
5.800000190734863 5.989999771118164 5.559999942779541 5.630000114440918 2909300
5.699999809265137 5.800000190734863 5.179999828338623 5.230000019073486 3733400
5.269999980926514 5.309999942779541 5.019999980926514 5.230000019073486 1507100
5.21999979019165 5.619999885559082 5.110000133514404 5.46999979019165 1772700
5.53000020980835 5.579999923706055 5.050000190734863 5.130000114440918 2657000
4.989999771118164 5.139999866485596 4.849999904632568 5.070000171661377 2466600
5.179999828338623 5.190000057220459 4.78000020980835 4.78000020980835 2086700
4.920000076293945 4.96999979019165 4.739999771118164 4.75 1977100
4.855000019073486 5.013000011444092 4.769999980926514 4.849999904632568 1671300
4.789999961853027 4.789999961853027 4.429999828338623 4.46999979019165 2216100
4.46999979019165 4.494999885559082 4.2789998054504395 4.340000152587891 1731400
4.260000228881836 4.519999980926514 4.260000228881836 4.489999771118164 2027200
4.46999979019165 4.46999979019165 4.0 4.170000076293945 2436500
4.170000076293945 4.889999866485596 4.150000095367432 4.579999923706055 2017400
4.449999809265137 4.795000076293945 4.389999866485596 4.559999942779541 1311500
4.480000019073486 4.659999847412109 4.190000057220459 4.190000057220459 1731200
4.230000019073486 4.335000038146973 4.03000020980835 4.150000095367432 2229500
4.159999847412109 4.519000053405762 4.099999904632568 4.460000038146973 1756300
4.610000133514404 4.679999828338623 4.425000190734863 4.639999866485596 1643000
4.644999980926514 4.710000038146973 4.25 4.25 1201800
4.25 4.440000057220459 4.199999809265137 4.400000095367432 1093200
4.670000076293945 4.702000141143799 4.440000057220459 4.570000171661377 1592700
4.670000076293945 4.682000160217285 4.34499979019165 4.480000019073486 1433800
4.5 4.71999979019165 4.364999771118164 4.539999961853027 1277600
4.449999809265137 4.449999809265137 4.079999923706055 4.28000020980835 2233200
4.559999942779541 4.599999904632568 4.369999885559082 4.559999942779541 1649000
5.369999885559082 5.8379998207092285 5.110000133514404 5.510000228881836 16097800
5.900000095367432 6.119999885559082 5.449999809265137 5.630000114440918 4939400
5.849999904632568 6.269999980926514 5.710000038146973 5.860000133514404 4886900
6.010000228881836 6.010000228881836 5.539999961853027 5.829999923706055 2598400
5.699999809265137 6.260000228881836 5.566999912261963 6.21999979019165 3246800
6.320000171661377 6.380000114440918 6.054999828338623 6.320000171661377 3186900
6.320000171661377 6.75 6.150000095367432 6.489999771118164 4394200
6.539999961853027 7.889999866485596 6.53000020980835 7.820000171661377 9551200
7.940000057220459 7.985000133514404 7.269999980926514 7.869999885559082 6271400
8.0 8.25 7.78000020980835 8.0 2575600
7.840000152587891 7.880000114440918 6.670000076293945 6.889999866485596 5321700
7.03000020980835 7.199999809265137 6.880000114440918 7.130000114440918 3110900
7.210000038146973 7.659999847412109 7.15500020980835 7.440000057220459 4486100
7.400000095367432 7.449999809265137 6.909999847412109 7.070000171661377 3019300
6.900000095367432 7.099999904632568 6.599999904632568 6.610000133514404 4154900
6.690000057220459 6.7170000076293945 6.139999866485596 6.179999828338623 3042300
6.409999847412109 6.409999847412109 5.619999885559082 5.670000076293945 4147400
5.570000171661377 5.889999866485596 5.409999847412109 5.889999866485596 2330000
5.889999866485596 6.289999961853027 5.809999942779541 6.130000114440918 2282000
6.199999809265137 6.199999809265137 5.760000228881836 6.010000228881836 2544600
5.920000076293945 6.0 5.760000228881836 5.900000095367432 1476000
6.21999979019165 6.349999904632568 5.71999979019165 5.78000020980835 2551700
5.670000076293945 5.769999980926514 5.355000019073486 5.380000114440918 2745400
5.230000019073486 5.329999923706055 5.010000228881836 5.039999961853027 2615100
4.960000038146973 5.21999979019165 4.949999809265137 4.989999771118164 2501900
5.0 5.005000114440918 4.684999942779541 4.710000038146973 1915400
4.644999980926514 4.900000095367432 4.599999904632568 4.670000076293945 1757200
4.800000190734863 4.999000072479248 4.679999828338623 4.820000171661377 1737500
4.809999942779541 4.860000133514404 4.599999904632568 4.760000228881836 1698200
4.800000190734863 4.900000095367432 4.639999866485596 4.880000114440918 1302500
4.800000190734863 4.840000152587891 4.670000076293945 4.690000057220459 1771600
4.699999809265137 4.784999847412109 4.664999961853027 4.75 1648900
4.880000114440918 5.5 4.849999904632568 5.429999828338623 3492900
5.289999961853027 5.389999866485596 5.119999885559082 5.309999942779541 1820900
5.519999980926514 5.820000171661377 5.269999980926514 5.320000171661377 2538000
5.320000171661377 5.559999942779541 5.300000190734863 5.489999771118164 2141300
5.449999809265137 5.739999771118164 5.349999904632568 5.650000095367432 1758400
5.690000057220459 5.739999771118164 5.380000114440918 5.650000095367432 1759100
5.769999980926514 6.079999923706055 5.519999980926514 5.550000190734863 2983600
5.625 5.889999866485596 5.474999904632568 5.820000171661377 2644400
5.889999866485596 5.920000076293945 5.690000057220459 5.730000019073486 1949400
5.900000095367432 5.96999979019165 5.638000011444092 5.889999866485596 2026000
5.670000076293945 5.989999771118164 5.519999980926514 5.949999809265137 1511400
5.949999809265137 5.949999809265137 5.699999809265137 5.75 1760300
5.75 5.75 5.434999942779541 5.510000228881836 2367400
5.420000076293945 5.492000102996826 5.300000190734863 5.420000076293945 1116500
5.510000228881836 5.599999904632568 5.429999828338623 5.599999904632568 1118400
5.679999828338623 5.800000190734863 5.579999923706055 5.78000020980835 2575400
5.704999923706055 5.870999813079834 5.650000095367432 5.659999847412109 1628400
5.539999961853027 5.739999771118164 5.421999931335449 5.690000057220459 1030300
5.880000114440918 5.960000038146973 5.739999771118164 5.840000152587891 1637100
5.860000133514404 6.590000152587891 5.710000038146973 6.079999923706055 6115600
5.989999771118164 6.051000118255615 5.610000133514404 5.619999885559082 2049300
5.679999828338623 5.789999961853027 5.570000171661377 5.599999904632568 2029100
5.610000133514404 5.797999858856201 5.460000038146973 5.71999979019165 2220600
5.900000095367432 6.449999809265137 5.849999904632568 6.269999980926514 4252800
6.059999942779541 6.510000228881836 6.0 6.050000190734863 2082300
6.050000190734863 6.070000171661377 5.860000133514404 5.929999828338623 1449000
5.940000057220459 5.966000080108643 5.699999809265137 5.940000057220459 1296000
5.900000095367432 5.980000019073486 5.849999904632568 5.940000057220459 991400
6.010000228881836 6.03000020980835 5.710000038146973 5.730000019073486 1183300
5.739999771118164 5.739999771118164 5.550000190734863 5.619999885559082 970900
5.650000095367432 5.670000076293945 5.46999979019165 5.670000076293945 1228300
5.619999885559082 5.730000019073486 5.46999979019165 5.590000152587891 1629700
5.5 5.635000228881836 5.329999923706055 5.599999904632568 2340600
5.5 5.519999980926514 5.329999923706055 5.380000114440918 1954800
5.360000133514404 5.440000057220459 5.199999809265137 5.380000114440918 2423300
5.349999904632568 5.357999801635742 5.150000095367432 5.159999847412109 1716600
5.170000076293945 5.269999980926514 5.099999904632568 5.260000228881836 1036300
5.349999904632568 5.349999904632568 5.144999980926514 5.260000228881836 1082200
5.099999904632568 5.110000133514404 4.829999923706055 4.909999847412109 3014800
5.03000020980835 5.300000190734863 4.940000057220459 5.289999961853027 3050400
5.349999904632568 5.389999866485596 5.199999809265137 5.320000171661377 1777200
5.429999828338623 5.429999828338623 4.934999942779541 5.050000190734863 5124400
5.400000095367432 5.619999885559082 5.050000190734863 5.349999904632568 7234400
5.349999904632568 5.375 5.110000133514404 5.230000019073486 3551500
5.21999979019165 5.239999771118164 5.0 5.079999923706055 3460000
5.019999980926514 5.019999980926514 4.699999809265137 4.75 4491400
4.75 4.840000152587891 4.550000190734863 4.829999923706055 2230800
4.760000228881836 4.869999885559082 4.579999923706055 4.590000152587891 2246300
4.559999942779541 4.639999866485596 4.409999847412109 4.5 2662800
4.400000095367432 4.4039998054504395 4.099999904632568 4.289999961853027 3204900
4.380000114440918 4.389999866485596 3.9600000381469727 3.9800000190734863 4920700
3.990000009536743 3.990000009536743 3.734999895095825 3.930000066757202 5936600
3.990000009536743 4.204999923706055 3.940000057220459 4.170000076293945 2669800
4.110000133514404 4.125 3.7100000381469727 3.7149999141693115 8343600
3.75 3.759999990463257 3.5399999618530273 3.549999952316284 4756300
3.619999885559082 3.6989998817443848 3.549999952316284 3.5799999237060547 3784800
3.5799999237060547 3.6600000858306885 3.440000057220459 3.450000047683716 4673000
3.509999990463257 3.5999999046325684 3.240000009536743 3.3299999237060547 5561000
3.259999990463257 3.319999933242798 3.140000104904175 3.299999952316284 4074600
3.3499999046325684 3.369999885559082 3.2100000381469727 3.25 3486200
3.2699999809265137 3.3499999046325684 3.190000057220459 3.3299999237060547 2232500
3.4000000953674316 3.619999885559082 3.369999885559082 3.5899999141693115 3317800
3.809999942779541 3.859999895095825 3.6600000858306885 3.7200000286102295 4685500
3.7300000190734863 3.950000047683716 3.674999952316284 3.7899999618530273 3771400
3.8299999237060547 3.950000047683716 3.7100000381469727 3.759999990463257 3475200
3.7699999809265137 3.7699999809265137 3.569999933242798 3.6600000858306885 2496800
3.619999885559082 3.630000114440918 3.3299999237060547 3.4000000953674316 3024700
3.369999885559082 3.509999990463257 3.309999942779541 3.390000104904175 2541000
3.369999885559082 3.609999895095825 3.319999933242798 3.5999999046325684 2355500
3.630000114440918 3.890000104904175 3.630000114440918 3.8399999141693115 3157200
3.930000066757202 3.9600000381469727 3.690000057220459 3.7699999809265137 3111400
3.809999942779541 3.990000009536743 3.799999952316284 3.9100000858306885 2584700
3.9000000953674316 3.9000000953674316 3.7200000286102295 3.759999990463257 2083200
3.7850000858306885 3.940000057220459 3.759999990463257 3.9000000953674316 2019900
3.9600000381469727 4.039999961853027 3.799999952316284 3.8299999237060547 2281800
3.7300000190734863 3.7799999713897705 3.609999895095825 3.6500000953674316 3259000
3.509999990463257 3.619999885559082 3.450000047683716 3.5899999141693115 3312100
3.5999999046325684 3.700000047683716 3.490000009536743 3.690000057220459 2002600
3.700000047683716 3.799999952316284 3.549999952316284 3.559999942779541 2075800
3.549999952316284 3.559999942779541 3.440000057220459 3.5 1814100
3.5 3.5899999141693115 3.390000104904175 3.4000000953674316 2703200
3.509999990463257 3.6670000553131104 3.444999933242798 3.640000104904175 2917700
3.6600000858306885 3.890000104904175 3.5899999141693115 3.8299999237060547 2781900
3.8299999237060547 3.8399999141693115 3.700000047683716 3.75 1547300
3.759999990463257 3.7990000247955322 3.6600000858306885 3.700000047683716 1389000
3.700000047683716 3.890000104904175 3.700000047683716 3.75 1939100
3.7899999618530273 3.819999933242798 3.7100000381469727 3.799999952316284 949700
3.8499999046325684 3.9600000381469727 3.750999927520752 3.950000047683716 2127800
4.019999980926514 4.130000114440918 3.8299999237060547 4.119999885559082 2897300
4.079999923706055 4.130000114440918 3.9000000953674316 3.9700000286102295 2935500
4.110000133514404 4.170000076293945 3.890000104904175 3.9700000286102295 2472300
3.7049999237060547 3.7049999237060547 3.4700000286102295 3.4749999046325684 5636600
3.5199999809265137 3.5199999809265137 3.2799999713897705 3.309999942779541 3473100
3.3499999046325684 3.3499999046325684 3.200000047683716 3.2799999713897705 2458800
3.299999952316284 3.319999933242798 3.2300000190734863 3.25 1648400
3.259999990463257 3.444999933242798 3.2300000190734863 3.440000057220459 2503100
3.430000066757202 3.4549999237060547 3.299999952316284 3.369999885559082 1452300
3.369999885559082 3.4000000953674316 3.2300000190734863 3.2699999809265137 3250300
3.2699999809265137 3.4549999237060547 3.2699999809265137 3.430000066757202 2303700
3.4200000762939453 3.4700000286102295 3.3499999046325684 3.3499999046325684 1536700
3.299999952316284 3.3299999237060547 3.234999895095825 3.2899999618530273 1775000
3.309999942779541 3.3399999141693115 3.240000009536743 3.299999952316284 1308900
3.319999933242798 3.390000104904175 3.299999952316284 3.3399999141693115 1271700
3.3499999046325684 3.430000066757202 3.309999942779541 3.390000104904175 1917100
3.369999885559082 3.4100000858306885 3.309999942779541 3.4100000858306885 1541100
3.380000114440918 3.380000114440918 3.200000047683716 3.2200000286102295 3040800
3.259999990463257 3.3550000190734863 3.255000114440918 3.2899999618530273 1736900
3.319999933242798 3.3399999141693115 3.240000009536743 3.25 1802400
3.25 3.4100000858306885 3.2300000190734863 3.390000104904175 3127300
3.4000000953674316 3.490000009536743 3.319999933242798 3.3299999237060547 2247400
3.3399999141693115 3.369999885559082 3.299999952316284 3.3299999237060547 1475800
3.359999895095825 3.5299999713897705 3.299999952316284 3.319999933242798 3267200
3.4000000953674316 3.5 3.3420000076293945 3.4800000190734863 2401000
3.549999952316284 3.809999942779541 3.515000104904175 3.7100000381469727 5000400
3.799999952316284 3.8399999141693115 3.634999990463257 3.7200000286102295 2809900
3.690000057220459 4.110000133514404 3.6500000953674316 3.930000066757202 5255000
4.0 4.050000190734863 3.890000104904175 4.03000020980835 5158100
4.0 4.054999828338623 3.740000009536743 3.9100000858306885 3159600
3.859999895095825 3.869999885559082 3.5299999713897705 3.609999895095825 4281800
3.5299999713897705 3.609999895095825 3.4800000190734863 3.5299999713897705 1243500
3.4800000190734863 3.5899999141693115 3.4100000858306885 3.5299999713897705 1398700
3.5 3.5999999046325684 3.453000068664551 3.4800000190734863 1185600
3.5 3.700000047683716 3.434999942779541 3.690000057220459 1936500
3.6700000762939453 3.759999990463257 3.619999885559082 3.759999990463257 1778600
3.859999895095825 3.9000000953674316 3.7799999713897705 3.8499999046325684 2296400
3.859999895095825 3.9149999618530273 3.7799999713897705 3.819999933242798 2147500
3.9100000858306885 4.130000114440918 3.859999895095825 3.9100000858306885 2600500
3.9000000953674316 4.099999904632568 3.819999933242798 4.039999961853027 3283400
4.300000190734863 4.300000190734863 4.0 4.260000228881836 10336600
4.28000020980835 4.71999979019165 4.260000228881836 4.489999771118164 8635800
4.849999904632568 4.860000133514404 4.369999885559082 4.639999866485596 7867500
4.670000076293945 4.960000038146973 4.610000133514404 4.800000190734863 6728800
4.949999809265137 4.949999809265137 4.610000133514404 4.71999979019165 6483000
4.730000019073486 4.860000133514404 4.650000095367432 4.710000038146973 3612400
4.679999828338623 4.760000228881836 4.485000133514404 4.519999980926514 4055300
4.5 4.630000114440918 4.420000076293945 4.630000114440918 2801100
4.619999885559082 4.775000095367432 4.611000061035156 4.690000057220459 2393400
4.71999979019165 4.744999885559082 4.539999961853027 4.579999923706055 3274800
4.5 4.519999980926514 4.25 4.349999904632568 3591900
4.340000152587891 4.380000114440918 4.070000171661377 4.230000019073486 3332300
4.199999809265137 4.420000076293945 4.159999847412109 4.329999923706055 3213000
4.349999904632568 4.369999885559082 4.059999942779541 4.110000133514404 3965300
4.090000152587891 4.340000152587891 4.079999923706055 4.329999923706055 3186000
4.449999809265137 4.5 4.199999809265137 4.21999979019165 3946400
4.28000020980835 4.510000228881836 4.28000020980835 4.5 3911200
4.559999942779541 4.559999942779541 4.460000038146973 4.480000019073486 2692400
4.5 4.625 4.389999866485596 4.599999904632568 4037000
4.46999979019165 4.489999771118164 4.210000038146973 4.340000152587891 3879200
4.269999980926514 4.539999961853027 4.239999771118164 4.449999809265137 2304600
4.449999809265137 4.460000038146973 4.21999979019165 4.239999771118164 2380500
4.300000190734863 4.349999904632568 4.054999828338623 4.329999923706055 2802500
4.210000038146973 4.320000171661377 4.159999847412109 4.25 1888100
4.239999771118164 4.335000038146973 4.09499979019165 4.099999904632568 2275800
4.150000095367432 4.199999809265137 4.059999942779541 4.099999904632568 2418200
4.059999942779541 4.139999866485596 4.010000228881836 4.039999961853027 1711400
4.0 4.025000095367432 3.880000114440918 4.010000228881836 1417400
3.9800000190734863 4.0 3.8299999237060547 3.869999885559082 1666900
3.799999952316284 3.8550000190734863 3.7300000190734863 3.7799999713897705 2987100
3.869999885559082 3.869999885559082 3.690000057220459 3.700000047683716 1873000
3.5399999618530273 3.6500000953674316 3.4800000190734863 3.609999895095825 1768100
3.6700000762939453 3.700000047683716 3.5199999809265137 3.5399999618530273 2449500
3.569999933242798 3.694999933242798 3.509999990463257 3.5899999141693115 2091300
3.5799999237060547 3.7699999809265137 3.559999942779541 3.7100000381469727 2563500
3.759999990463257 3.7799999713897705 3.609999895095825 3.619999885559082 1577300
3.680000066757202 3.7950000762939453 3.5899999141693115 3.75 2130300
3.799999952316284 3.8299999237060547 3.740000009536743 3.809999942779541 1440300
3.809999942779541 3.9159998893737793 3.740000009536743 3.8299999237060547 2263600
3.8499999046325684 3.880000114440918 3.759999990463257 3.8299999237060547 2508000
3.6500000953674316 3.6500000953674316 3.25 3.3299999237060547 14442700
3.4200000762939453 3.4600000381469727 3.309999942779541 3.315000057220459 4318300
3.3499999046325684 3.359999895095825 3.2300000190734863 3.25 4975900
3.259999990463257 3.2799999713897705 3.115000009536743 3.130000114440918 6708400
3.0299999713897705 3.0299999713897705 2.809999942779541 2.869999885559082 11597100
2.9000000953674316 2.9000000953674316 2.7799999713897705 2.7850000858306885 5364900
2.8399999141693115 2.9700000286102295 2.799999952316284 2.8399999141693115 5607100
2.819999933242798 2.9000000953674316 2.740000009536743 2.7799999713897705 4489000
2.7899999618530273 2.8289999961853027 2.690000057220459 2.700000047683716 3991100
2.7300000190734863 2.7899999618530273 2.700000047683716 2.740000009536743 3018400
2.759999990463257 2.7899999618530273 2.700000047683716 2.7799999713897705 2701700
2.7699999809265137 2.7699999809265137 2.569999933242798 2.5899999141693115 4613000
2.5799999237060547 2.5999999046325684 2.424999952316284 2.509999990463257 6954900
2.509999990463257 2.569999933242798 2.450000047683716 2.450000047683716 2834100
2.4100000858306885 2.4200000762939453 2.309999942779541 2.3399999141693115 3986800
2.380000114440918 2.4100000858306885 2.2300000190734863 2.240000009536743 4803600
2.2200000286102295 2.309999942779541 2.1700000762939453 2.180000066757202 5287800
2.1700000762939453 2.450000047683716 2.1600000858306885 2.4000000953674316 4894500
2.4200000762939453 2.674999952316284 2.4000000953674316 2.630000114440918 5333800
2.5999999046325684 2.6500000953674316 2.5 2.549999952316284 3849400
2.630000114440918 2.700000047683716 2.5399999618530273 2.640000104904175 5441600
2.5999999046325684 2.680000066757202 2.559999942779541 2.630000114440918 1615100
2.5999999046325684 2.940000057220459 2.5899999141693115 2.7899999618530273 4793300
2.799999952316284 2.819999933242798 2.609999895095825 2.6500000953674316 2804000
2.7100000381469727 2.7100000381469727 2.509999990463257 2.5999999046325684 2948800
2.549999952316284 2.6700000762939453 2.5199999809265137 2.6600000858306885 2900800
2.569999933242798 2.7049999237060547 2.5399999618530273 2.690000057220459 2573100
2.7300000190734863 2.9100000858306885 2.7100000381469727 2.9000000953674316 3434000
2.6700000762939453 2.880000114440918 2.619999885559082 2.8299999237060547 3335200
2.809999942779541 2.890000104904175 2.7200000286102295 2.819999933242798 2379200
2.799999952316284 2.8399999141693115 2.740000009536743 2.8299999237060547 2486200
2.8499999046325684 2.9000000953674316 2.799999952316284 2.869999885559082 2350400
2.8499999046325684 2.859999895095825 2.7300000190734863 2.7799999713897705 3005100
2.7899999618530273 2.799999952316284 2.5899999141693115 2.6500000953674316 2705700
2.640000104904175 2.6700000762939453 2.490000009536743 2.490000009536743 2150500
2.4800000190734863 2.4800000190734863 2.3299999237060547 2.3499999046325684 2914500
2.3399999141693115 2.380000114440918 2.258699893951416 2.359999895095825 1448606
