64.5 74.83000183105469 60.5 69.5 97069300
74.93000030517578 77.77999877929688 70.12999725341797 73.9000015258789 59629300
72.47000122070312 72.95999908447266 69.11000061035156 69.69999694824219 19714700
70.0199966430664 74.05999755859375 66.25 72.1500015258789 19549800
73.7300033569336 78.0 73.18000030517578 77.0 30274400
76.02999877929688 79.0999984741211 74.88999938964844 76.79000091552734 10054100
76.0 77.0 66.80000305175781 67.30000305175781 9627400
69.47000122070312 72.69999694824219 68.08000183105469 70.5 6776500
71.80999755859375 72.48999786376953 69.54000091552734 70.0 4238500
70.0999984741211 71.75 67.62999725341797 68.0 4456000
69.97000122070312 70.0 64.01000213623047 64.5 5460000
62.0099983215332 69.8499984741211 60.689998626708984 67.8499984741211 6283000
67.88999938964844 71.19999694824219 64.7699966430664 70.97000122070312 4531200
69.0 69.08999633789062 66.51000213623047 67.02999877929688 4351600
66.9800033569336 66.98999786376953 64.4749984741211 65.16999816894531 3394500
65.5 67.19000244140625 64.56999969482422 64.83000183105469 4094900
66.80000305175781 69.66999816894531 65.9000015258789 67.33999633789062 4063100
70.13999938964844 72.86000061035156 68.55999755859375 70.76000213623047 8609500
71.23999786376953 72.38999938964844 70.76000213623047 71.31999969482422 3915500
70.69999694824219 71.13999938964844 67.87999725341797 68.7300033569336 4424800
69.47000122070312 71.48999786376953 68.83999633789062 70.76000213623047 4244000
70.5 74.98999786376953 70.20500183105469 71.83000183105469 9245500
71.81999969482422 77.0 71.51000213623047 75.0 8004100
74.69000244140625 83.41000366210938 73.51000213623047 82.05000305175781 17893700
79.11000061035156 80.56999969482422 74.0510025024414 75.3499984741211 14785800
75.5 80.75 74.55999755859375 79.66000366210938 8841100
78.0 79.36000061035156 75.12000274658203 75.8499984741211 5156200
75.87000274658203 78.30000305175781 71.43000030517578 72.0 6637700
71.5 71.73999786376953 67.30000305175781 69.23999786376953 8393600
68.80999755859375 71.98999786376953 67.5999984741211 71.76000213623047 4525000
71.5 73.79000091552734 69.0999984741211 69.8499984741211 3372200
70.04000091552734 72.37999725341797 69.58999633789062 71.77999877929688 2729300
72.0 75.91999816894531 71.30999755859375 74.9000015258789 4192700
74.7699966430664 75.37000274658203 72.33000183105469 74.3499984741211 3200600
74.7699966430664 76.93000030517578 73.63999938964844 75.63999938964844 3084300
76.70999908447266 77.5999984741211 72.83000183105469 76.12000274658203 4374900
74.80999755859375 76.98999786376953 73.91000366210938 74.55000305175781 2420200
74.86000061035156 75.0999984741211 70.61000061035156 71.08000183105469 3212200
71.0 71.69000244140625 67.65799713134766 69.62000274658203 5379900
70.5999984741211 70.87999725341797 66.45999908447266 66.58999633789062 4584800
66.5 67.0 63.83000183105469 65.05999755859375 6004200
67.01000213623047 68.4800033569336 66.19999694824219 67.9000015258789 4808200
68.83999633789062 69.29000091552734 64.0 64.0 8124100
64.87999725341797 77.78700256347656 64.69999694824219 77.6500015258789 30995000
74.20999908447266 76.0 71.08999633789062 75.52999877929688 20823900
75.1500015258789 75.1500015258789 67.51000213623047 69.68000030517578 17769500
71.19999694824219 73.43000030517578 69.25 70.94999694824219 7676300
70.94999694824219 76.97000122070312 70.91000366210938 76.93000030517578 16797600
76.69999694824219 77.58999633789062 73.4800033569336 74.98999786376953 11688200
70.33000183105469 76.2699966430664 70.33000183105469 75.22000122070312 10886300
75.72000122070312 76.91000366210938 73.01000213623047 76.33000183105469 10951000
77.4800033569336 84.68499755859375 77.30999755859375 82.5 31672600
82.5999984741211 89.63999938964844 82.5 89.2300033569336 23117700
90.0 90.11000061035156 85.51000213623047 89.31999969482422 14314600
89.94999694824219 95.0 88.75 89.70999908447266 17543500
89.26000213623047 97.5 87.58999633789062 97.47000122070312 19850300
96.8499984741211 98.94999694824219 92.52999877929688 93.7699966430664 13462600
94.7699966430664 97.93000030517578 93.22000122070312 96.88999938964844 13632300
96.87999725341797 103.29000091552734 95.38999938964844 99.86000061035156 16728900
98.83000183105469 102.05000305175781 96.2699966430664 96.5 10907500
100.68000030517578 103.86599731445312 98.5199966430664 99.56999969482422 14672000
99.33999633789062 100.94999694824219 93.27999877929688 93.44000244140625 15214600
93.61000061035156 94.2249984741211 88.88999938964844 91.41000366210938 14403900
91.79000091552734 95.98999786376953 90.6500015258789 91.04000091552734 12739300
91.19999694824219 91.8219985961914 86.83000183105469 91.0 12269200
91.97000122070312 94.7699966430664 91.1500015258789 92.81999969482422 8673800
93.26000213623047 93.26000213623047 87.56999969482422 87.80000305175781 11659500
87.70999908447266 90.76000213623047 86.83999633789062 89.80000305175781 10831800
82.87999725341797 86.41999816894531 79.87999725341797 82.58999633789062 43922800
84.76000213623047 86.33499908447266 82.0 82.9800033569336 12307700
82.97000122070312 83.4000015258789 80.08000183105469 81.13999938964844 11130600
80.56999969482422 83.36000061035156 78.55999755859375 82.51000213623047 11289400
83.06999969482422 83.86000061035156 80.5 82.44000244140625 10138600
83.19999694824219 85.44999694824219 82.0 84.86000061035156 8015500
83.5 87.69999694824219 83.36000061035156 87.33999633789062 8836200
88.0 88.94000244140625 85.06999969482422 87.0 7594500
86.98999786376953 94.38999938964844 86.98999786376953 93.04000091552734 14046500
91.55000305175781 93.30999755859375 89.80000305175781 92.5999984741211 7806500
92.55999755859375 92.9000015258789 89.91000366210938 89.9800033569336 4366900
89.88999938964844 89.98999786376953 84.20700073242188 85.81999969482422 10272300
87.16000366210938 87.23999786376953 84.88999938964844 86.19999694824219 5807700
87.31999969482422 88.75 85.31999969482422 86.9800033569336 6301400
87.8499984741211 89.3479995727539 85.6500015258789 86.4000015258789 6153000
83.27999877929688 88.05000305175781 82.51499938964844 86.87999725341797 6729500
87.29000091552734 87.30000305175781 85.12000274658203 86.26000213623047 3936700
87.0999984741211 89.87000274658203 84.8499984741211 86.54000091552734 6762000
86.33999633789062 86.44999694824219 83.1500015258789 84.0199966430664 9196200
84.04000091552734 84.23999786376953 79.06999969482422 79.16999816894531 10466700
79.05999755859375 80.29000091552734 75.58999633789062 77.27999877929688 10502400
78.45999908447266 79.11000061035156 76.98999786376953 77.55999755859375 4641500
75.8499984741211 79.9800033569336 74.77999877929688 79.23999786376953 5407200
80.77999877929688 80.9800033569336 77.44999694824219 79.86000061035156 4816100
79.66000366210938 80.56999969482422 78.4800033569336 79.91000366210938 4077300
80.66999816894531 82.18000030517578 80.11000061035156 82.02999877929688 4362500
82.31999969482422 83.25 80.35399627685547 81.83000183105469 3151300
80.0999984741211 81.25 77.0 77.62999725341797 6524100
77.62999725341797 78.27999877929688 71.95999908447266 76.19000244140625 12323800
77.0 79.19999694824219 76.1500015258789 79.12999725341797 4977600
79.1500015258789 79.19000244140625 76.7300033569336 76.8499984741211 3941200
76.31999969482422 77.55000305175781 75.83000183105469 76.9800033569336 3262400
77.0 79.0 76.11000061035156 78.30999755859375 3971300
77.11000061035156 77.5 73.45999908447266 77.48999786376953 9686300
77.04000091552734 81.93000030517578 76.55000305175781 81.6500015258789 9308900
79.73999786376953 81.04000091552734 78.6969985961914 80.56999969482422 4354500
79.91999816894531 82.47699737548828 77.6500015258789 77.91999816894531 4681600
79.08999633789062 86.73999786376953 78.47000122070312 85.51000213623047 16103400
85.44000244140625 85.66999816894531 83.0999984741211 85.08000183105469 8272900
85.77999877929688 87.51499938964844 82.88999938964844 84.69000244140625 6531500
84.04000091552734 84.70999908447266 81.20999908447266 82.6500015258789 3992400
83.01799774169922 84.17900085449219 81.5 83.95999908447266 4218800
83.69999694824219 84.19000244140625 79.13999938964844 79.56999969482422 12998900
74.89399719238281 81.30000305175781 73.9000015258789 78.68000030517578 21772300
79.22000122070312 84.4000015258789 79.0 83.45999908447266 13036300
81.66999816894531 82.5 79.8499984741211 81.3499984741211 7561800
81.12999725341797 84.55999755859375 81.12999725341797 82.7699966430664 5696800
83.05000305175781 85.16999816894531 80.8499984741211 85.05999755859375 9943800
85.23999786376953 89.94999694824219 85.08999633789062 89.26000213623047 12816900
89.63999938964844 90.94999694824219 87.63999938964844 90.33999633789062 7444200
88.6500015258789 90.37999725341797 85.75 85.80999755859375 5740900
86.69000244140625 87.01000213623047 84.80000305175781 85.4000015258789 5235600
84.5999984741211 84.80000305175781 80.0 81.87000274658203 9742800
81.87999725341797 83.05000305175781 81.41000366210938 82.05000305175781 4759400
81.05000305175781 85.33000183105469 80.91000366210938 84.44999694824219 4600500
85.44000244140625 86.73999786376953 83.69999694824219 84.5999984741211 3728500
83.19999694824219 84.04000091552734 81.58000183105469 82.87000274658203 5449700
83.81999969482422 85.29000091552734 82.44999694824219 84.97000122070312 5911600
84.12000274658203 84.8499984741211 81.91000366210938 83.51000213623047 4387100
81.66000366210938 87.73500061035156 81.66000366210938 86.3499984741211 10906900
86.75 90.43000030517578 84.66999816894531 87.87999725341797 17466000
87.47000122070312 88.87999725341797 84.25 84.6500015258789 7188100
83.16000366210938 85.12999725341797 81.69000244140625 82.33000183105469 7644000
80.87000274658203 82.5999984741211 78.7699966430664 82.1500015258789 7501200
82.12999725341797 83.3499984741211 81.04000091552734 81.41999816894531 5055000
81.19000244140625 81.43000030517578 79.05000305175781 80.80999755859375 5927400
78.1500015258789 79.94000244140625 76.7699966430664 77.7699966430664 5663100
78.37999725341797 79.16999816894531 77.11000061035156 78.8499984741211 5328100
79.29000091552734 81.5 78.91000366210938 81.18000030517578 7989000
81.5 83.25 80.94999694824219 82.27999877929688 4262600
82.0999984741211 84.5 82.0 83.22000122070312 4962200
83.18000030517578 83.30000305175781 78.66000366210938 79.98999786376953 8049800
79.05000305175781 79.58000183105469 77.0 77.05000305175781 6492600
77.31999969482422 79.07499694824219 76.26000213623047 76.30999755859375 5488500
76.66000366210938 76.76699829101562 74.05000305175781 75.55000305175781 6928600
75.98999786376953 75.98999786376953 73.4800033569336 75.58999633789062 3896000
75.37999725341797 78.20999908447266 74.5 77.80000305175781 7651500
76.1500015258789 76.34300231933594 72.31999969482422 72.56999969482422 16184300
72.05999755859375 74.4000015258789 71.0999984741211 73.69999694824219 6988900
74.0999984741211 76.4000015258789 73.0199966430664 74.80000305175781 6987200
75.0999984741211 75.19999694824219 70.19000244140625 70.44000244140625 11768800
70.62999725341797 71.8499984741211 69.7699966430664 70.22000122070312 5036700
70.5999984741211 72.0 70.19999694824219 71.9000015258789 4368500
72.33999633789062 75.06800079345703 72.19999694824219 74.77999877929688 5108300
75.5199966430664 75.83999633789062 74.2300033569336 74.3499984741211 4540800
74.91999816894531 77.20999908447266 74.0999984741211 76.58000183105469 5094800
77.45999908447266 78.37000274658203 76.2300033569336 77.80000305175781 3793400
78.26000213623047 79.41999816894531 78.19999694824219 79.16999816894531 3666700
79.4000015258789 80.16999816894531 78.4000015258789 78.58000183105469 3565200
78.08999633789062 83.7699966430664 77.01000213623047 83.19000244140625 10928400
81.8499984741211 84.77999877929688 80.70999908447266 83.9800033569336 5746400
81.5199966430664 85.12999725341797 81.27999877929688 83.20999908447266 5674200
81.19000244140625 84.75 80.83000183105469 80.88999938964844 6833100
81.33000183105469 82.94999694824219 80.45999908447266 80.68000030517578 3668400
80.91999816894531 83.5 79.11000061035156 82.75 6321000
82.88899993896484 86.1500015258789 82.06999969482422 84.0199966430664 8722300
83.94999694824219 84.08999633789062 80.56999969482422 81.13999938964844 6274200
81.19999694824219 81.94000244140625 79.38999938964844 79.58999633789062 4551300
79.86000061035156 80.59200286865234 78.0199966430664 78.36000061035156 4730900
79.2300033569336 82.63999938964844 78.8499984741211 82.52999877929688 6702200
82.05000305175781 82.08000183105469 77.05000305175781 77.98999786376953 6717100
79.0199966430664 79.0199966430664 76.83000183105469 77.0 16708400
99.5999984741211 109.97000122070312 94.37999725341797 109.5199966430664 93507300
103.9800033569336 104.45999908447266 93.0199966430664 95.26000213623047 43838100
96.26000213623047 100.41000366210938 93.02999877929688 98.12000274658203 27837100
97.31999969482422 107.97000122070312 96.8499984741211 107.58000183105469 36418600
108.44000244140625 110.3499984741211 103.81999969482422 108.05999755859375 24749500
107.01000213623047 120.83000183105469 104.19999694824219 116.18000030517578 53305900
117.0999984741211 125.87999725341797 116.55000305175781 124.69999694824219 44293300
129.27999877929688 138.77000427246094 120.80999755859375 126.12000274658203 59193300
129.8699951171875 138.1999969482422 128.5399932861328 134.72000122070312 38313200
140.73500061035156 141.60000610351562 117.31999969482422 120.22000122070312 57760200
119.87000274658203 121.28900146484375 113.33000183105469 114.87000274658203 25930900
116.68000030517578 126.0 115.80999755859375 124.2300033569336 28221200
129.5 131.0 120.23999786376953 122.6500015258789 11288400
125.13700103759766 129.89999389648438 121.05000305175781 129.36000061035156 17703000
128.52999877929688 137.7100067138672 124.9749984741211 126.0999984741211 37000900
128.13999938964844 130.74000549316406 111.0 113.41000366210938 35002100
114.27999877929688 119.91000366210938 113.22000122070312 116.91999816894531 18703700
117.88999938964844 120.83999633789062 109.36000061035156 113.79000091552734 15529200
108.5199966430664 114.2699966430664 104.20999908447266 113.25 15186900
118.36000061035156 120.16000366210938 115.0999984741211 115.98999786376953 14766600
116.04000091552734 125.5 113.8499984741211 124.77999877929688 18413300
123.73999786376953 125.98999786376953 115.3499984741211 116.30000305175781 13753600
117.54000091552734 121.7979965209961 113.56999969482422 115.88999938964844 11778200
115.68000030517578 115.80000305175781 107.37000274658203 111.7699966430664 13091400
108.7300033569336 110.69999694824219 105.3499984741211 107.66999816894531 10989100
98.01000213623047 99.75 93.5199966430664 97.94999694824219 43177300
101.8499984741211 102.31999969482422 93.2699966430664 95.20999908447266 17835700
95.98999786376953 103.5 93.80000305175781 102.4000015258789 20705600
97.18000030517578 101.05999755859375 96.58999633789062 98.69000244140625 12550600
99.93000030517578 103.37999725341797 97.0 102.58999633789062 10005100
102.27999877929688 106.9800033569336 101.54000091552734 102.7699966430664 12469700
102.3550033569336 103.21499633789062 98.08200073242188 101.81999969482422 9023900
101.5999984741211 108.77999877929688 101.5999984741211 105.01000213623047 16094500
104.79000091552734 106.69000244140625 97.91999816894531 98.73999786376953 16707100
98.69999694824219 99.53500366210938 94.2750015258789 97.33999633789062 10005100
96.4000015258789 101.3499984741211 95.66000366210938 100.52999877929688 10013300
100.75 104.68000030517578 100.6500015258789 103.16000366210938 16934900
101.91000366210938 103.79000091552734 97.62000274658203 98.80999755859375 16964300
99.0199966430664 99.25 91.7699966430664 95.1500015258789 23034600
93.5199966430664 95.83399963378906 88.05999755859375 88.54000091552734 15510000
87.98999786376953 92.08000183105469 84.69000244140625 89.19999694824219 17213300
86.37999725341797 88.69000244140625 82.58000183105469 84.37000274658203 25003600
83.69000244140625 85.5999984741211 79.0199966430664 85.5199966430664 19182100
84.83000183105469 90.08999633789062 84.2509994506836 89.04000091552734 13972200
90.30999755859375 90.30999755859375 86.69999694824219 89.05999755859375 14057900
89.55000305175781 89.58999633789062 80.11000061035156 80.18000030517578 20964300
79.3499984741211 81.73999786376953 77.41999816894531 79.05000305175781 18642200
80.44000244140625 82.44999694824219 76.75499725341797 77.20999908447266 23959200
78.23500061035156 80.10900115966797 75.16999816894531 76.16000366210938 16892600
77.66000366210938 80.91000366210938 75.08000183105469 75.38999938964844 16838300
74.19000244140625 74.91999816894531 68.33000183105469 68.93000030517578 26043700
65.41000366210938 71.31999969482422 60.58000183105469 70.73999786376953 33280600
67.95999908447266 69.9520034790039 64.66000366210938 65.29000091552734 20959500
68.09600067138672 70.12999725341797 61.189998626708984 63.02000045776367 25741900
63.9900016784668 64.52999877929688 56.77000045776367 57.060001373291016 33439600
57.36000061035156 59.900001525878906 53.630001068115234 58.18000030517578 30682200
60.65999984741211 66.37999725341797 60.040000915527344 65.86000061035156 27942900
66.30999755859375 69.25 63.29999923706055 67.75 33738200
67.32499694824219 68.75900268554688 64.18000030517578 66.16999816894531 17257900
62.29999923706055 64.97000122070312 59.630001068115234 60.66999816894531 32647600
61.66999816894531 64.30000305175781 59.90999984741211 63.7400016784668 16078300
63.95000076293945 66.94999694824219 62.54999923706055 63.060001373291016 17694100
62.619998931884766 64.69999694824219 60.90999984741211 64.43000030517578 13816200
65.45999908447266 71.41999816894531 64.66000366210938 70.4800033569336 27292500
68.25 73.38999938964844 67.0999984741211 69.91999816894531 28605700
68.97000122070312 72.20999908447266 65.7509994506836 66.80999755859375 21780400
68.20999908447266 71.81999969482422 66.80000305175781 68.31999969482422 26296100
69.05999755859375 73.70999908447266 66.33999633789062 73.30000305175781 50879500
56.08000183105469 59.0 53.08000183105469 53.869998931884766 94625800
55.13999938964844 56.900001525878906 53.55500030517578 54.4900016784668 53402200
54.400001525878906 54.40999984741211 48.130001068115234 49.720001220703125 51159600
48.22999954223633 49.06999969482422 45.720001220703125 48.209999084472656 38780300
47.599998474121094 48.849998474121094 45.6349983215332 45.68000030517578 20266900
43.099998474121094 50.5 43.099998474121094 50.099998474121094 31971800
49.56999969482422 50.20000076293945 47.25 50.04999923706055 21783600
50.689998626708984 52.70000076293945 48.220001220703125 51.56999969482422 20385400
51.84000015258789 52.43000030517578 49.82099914550781 50.220001220703125 16097900
49.900001525878906 50.06999969482422 46.43000030517578 48.45000076293945 20016900
48.52000045776367 48.52000045776367 45.0 45.2400016784668 18977400
46.029998779296875 46.099998474121094 41.95000076293945 42.290000915527344 19359100
43.16999816894531 44.060001373291016 41.150001525878906 41.29999923706055 17648200
40.880001068115234 43.369998931884766 39.5099983215332 41.90999984741211 17363100
42.76499938964844 45.75 42.0099983215332 44.380001068115234 18344800
43.689998626708984 43.689998626708984 39.7400016784668 41.470001220703125 23528800
42.400001525878906 42.98500061035156 39.20000076293945 39.2400016784668 15212700
38.060001373291016 39.41899871826172 36.33000183105469 36.68000030517578 23358300
36.16999816894531 38.619998931884766 36.04399871826172 37.869998931884766 23447200
38.56999969482422 41.790000915527344 38.459999084472656 41.5099983215332 21427100
40.150001525878906 46.55500030517578 40.0099983215332 46.349998474121094 31971500
45.88999938964844 50.2400016784668 45.61000061035156 49.619998931884766 33933300
49.0099983215332 49.34000015258789 45.5099983215332 46.619998931884766 22342000
46.439998626708984 51.61000061035156 46.209999084472656 50.5099983215332 25528300
49.619998931884766 53.0 48.150001525878906 50.709999084472656 21607000
50.25 50.810001373291016 47.22999954223633 50.790000915527344 17030700
50.310001373291016 50.36399841308594 46.150001525878906 47.06999969482422 21109900
47.66999816894531 49.290000915527344 46.119998931884766 48.400001525878906 18599800
49.0 51.529998779296875 48.0 50.91999816894531 20011200
50.09000015258789 52.52000045776367 47.810001373291016 48.119998931884766 20247000
48.470001220703125 48.54999923706055 46.11000061035156 46.2400016784668 13789500
46.970001220703125 47.290000915527344 44.70000076293945 46.02000045776367 15782200
46.810001373291016 50.720001220703125 46.4109992980957 50.02000045776367 17863100
49.70000076293945 50.66999816894531 47.599998474121094 49.029998779296875 16789600
48.02000045776367 48.02000045776367 44.630001068115234 45.88999938964844 18574200
46.415000915527344 47.970001220703125 42.54999923706055 44.72999954223633 29139000
43.81999969482422 45.439998626708984 42.77000045776367 43.099998474121094 18296500
42.47999954223633 44.70100021362305 40.86000061035156 44.02000045776367 17180300
44.61000061035156 46.790000915527344 42.79999923706055 43.0 18299000
43.34000015258789 45.93000030517578 42.15999984741211 44.970001220703125 17132500
44.529998779296875 44.81999969482422 42.34000015258789 42.36000061035156 13482300
41.900001525878906 41.939998626708984 39.27000045776367 40.849998474121094 19366100
39.279998779296875 42.869998931884766 38.650001525878906 42.0 20957500
40.540000915527344 40.7599983215332 36.04999923706055 36.75 37932100
37.279998779296875 37.54999923706055 34.34000015258789 34.61000061035156 22536700
35.0 35.83000183105469 33.540000915527344 34.349998474121094 18453300
33.9900016784668 35.130001068115234 33.66999816894531 34.61000061035156 20815400
34.25 34.349998474121094 31.6200008392334 31.760000228881836 24176700
30.639999389648438 31.93000030517578 29.899999618530273 30.360000610351562 27858300
30.829999923706055 32.66999816894531 29.520000457763672 32.11000061035156 24732000
31.75 33.529998779296875 30.610000610351562 30.649999618530273 19191000
30.280000686645508 32.744998931884766 30.0 32.68000030517578 17155000
32.09000015258789 33.84000015258789 31.799999237060547 33.099998474121094 16264500
32.790000915527344 35.060001373291016 30.770000457763672 34.880001068115234 20852400
34.189998626708984 34.189998626708984 29.93199920654297 30.440000534057617 21665800
30.90999984741211 31.0 27.329999923706055 27.809999465942383 30794900
27.149999618530273 27.489999771118164 24.389999389648438 24.610000610351562 28258400
25.100000381469727 25.670000076293945 21.649999618530273 23.190000534057617 53591400
21.920000076293945 28.3700008392334 21.889999389648438 23.969999313354492 105794300
23.350000381469727 31.110000610351562 22.610000610351562 28.579999923706055 95005400
30.360000610351562 33.189998626708984 29.8700008392334 32.970001220703125 57201800
32.22999954223633 36.43000030517578 31.43000030517578 32.13999938964844 68469900
32.880001068115234 34.07899856567383 29.889999389648438 31.940000534057617 48152300
31.649999618530273 34.65999984741211 30.93000030517578 32.54999923706055 42974700
33.0 35.689998626708984 31.56999969482422 34.349998474121094 45346800
34.5 35.209999084472656 29.5 31.600000381469727 42991900
31.0 32.09000015258789 29.670000076293945 30.059999465942383 30376000
29.079999923706055 29.079999923706055 26.309999465942383 27.06999969482422 35394300
27.459999084472656 29.3700008392334 27.420000076293945 28.93000030517578 28428000
28.270000457763672 30.825000762939453 27.889999389648438 30.59000015258789 19608100
31.0 31.989999771118164 29.889999389648438 31.809999465942383 22641500
32.560001373291016 33.369998931884766 29.450000762939453 29.940000534057617 44581300
29.84000015258789 31.1299991607666 28.190000534057617 28.940000534057617 23093100
29.030000686645508 33.89899826049805 28.959999084472656 33.47999954223633 31343300
32.38999938964844 32.38999938964844 29.860000610351562 30.0 24899800
30.950000762939453 31.770000457763672 29.770000457763672 31.15999984741211 19262000
30.959999084472656 32.02000045776367 30.09000015258789 31.440000534057617 17808800
31.93000030517578 34.25 31.68000030517578 32.83000183105469 26455400
32.459999084472656 32.7400016784668 30.469999313354492 30.5 18179100
29.110000610351562 29.920000076293945 27.670000076293945 27.760000228881836 25118100
26.110000610351562 26.719999313354492 25.149999618530273 26.459999084472656 26198800
26.969999313354492 26.969999313354492 25.18000030517578 26.1200008392334 18507500
25.809999465942383 29.290000915527344 25.360000610351562 28.899999618530273 39872500
27.209999084472656 27.639999389648438 23.8799991607666 24.690000534057617 37915100
24.739999771118164 27.270000457763672 24.565000534057617 26.8700008392334 27819700
27.56999969482422 29.979999542236328 27.399999618530273 29.639999389648438 27383300
28.81999969482422 31.940000534057617 28.760000228881836 31.1200008392334 32828800
31.3799991607666 34.68000030517578 30.5 34.47999954223633 39179500
35.06999969482422 36.88999938964844 34.72999954223633 36.41999816894531 68215900
36.0 36.040000915527344 33.779998779296875 35.93000030517578 29741400
35.70000076293945 37.47999954223633 34.060001373291016 34.4900016784668 23948700
34.209999084472656 35.0099983215332 33.34000015258789 34.02000045776367 20325700
34.0 34.04999923706055 31.829999923706055 32.86000061035156 29942300
34.060001373291016 36.0 33.959999084472656 35.06999969482422 32754600
34.54999923706055 40.349998474121094 33.900001525878906 39.9900016784668 59571100
39.060001373291016 40.0 37.40999984741211 37.95000076293945 33629400
37.95000076293945 39.810001373291016 37.77899932861328 39.52000045776367 31467300
38.970001220703125 44.5 38.529998779296875 41.25 64027700
39.95000076293945 40.349998474121094 37.47999954223633 38.40999984741211 30345400
39.029998779296875 40.459999084472656 37.040000915527344 38.220001220703125 33116500
36.959999084472656 37.7400016784668 35.779998779296875 37.08000183105469 31184000
37.79999923706055 38.83000183105469 36.69499969482422 37.4900016784668 26820400
38.40999984741211 40.23899841308594 37.349998474121094 39.77000045776367 28323400
40.42499923706055 41.439998626708984 39.150001525878906 39.75 27096300
39.900001525878906 40.08000183105469 38.15999984741211 39.849998474121094 20644000
40.02000045776367 42.35499954223633 39.95000076293945 40.7599983215332 28015700
40.54999923706055 42.45000076293945 40.290000915527344 41.91999816894531 21827200
41.93000030517578 42.7400016784668 38.90999984741211 39.400001525878906 22493800
38.849998474121094 40.189998626708984 37.7400016784668 39.84000015258789 17454600
39.439998626708984 39.540000915527344 37.86000061035156 39.0 15668500
40.099998474121094 42.720001220703125 39.38999938964844 41.95000076293945 21235700
41.68000030517578 42.9900016784668 40.15999984741211 42.97999954223633 17714900
42.97999954223633 43.79999923706055 41.66999816894531 42.93000030517578 16524700
42.369998931884766 45.83000183105469 41.68000030517578 45.2400016784668 24181300
44.5099983215332 47.20000076293945 44.25 45.290000915527344 20201300
45.900001525878906 47.5099983215332 45.70000076293945 47.0 15025100
46.86000061035156 48.23500061035156 46.52000045776367 47.959999084472656 14673000
46.97999954223633 49.90999984741211 46.40999984741211 49.2400016784668 21143700
48.130001068115234 50.900001525878906 48.02000045776367 48.900001525878906 21346300
47.97999954223633 49.70600128173828 46.720001220703125 47.349998474121094 33978800
44.900001525878906 48.36000061035156 42.709999084472656 48.0099983215332 64849700
49.0 53.880001068115234 48.599998474121094 49.560001373291016 51720000
50.0 51.439998626708984 48.380001068115234 51.150001525878906 24482400
50.470001220703125 52.150001525878906 48.72999954223633 48.959999084472656 17188100
48.529998779296875 48.59000015258789 45.70000076293945 47.7599983215332 26070400
47.189998626708984 47.95000076293945 45.16999816894531 46.099998474121094 20183900
45.810001373291016 45.83000183105469 44.279998779296875 45.09000015258789 15175400
44.560001373291016 44.58000183105469 41.939998626708984 42.68000030517578 15983700
41.84000015258789 43.5 41.22999954223633 41.5 14859600
41.72999954223633 42.63999938964844 40.90999984741211 41.06999969482422 14042300
41.28499984741211 42.650001525878906 41.18000030517578 41.18000030517578 11233000
41.619998931884766 42.255001068115234 40.13999938964844 41.470001220703125 12204500
42.650001525878906 42.97999954223633 39.435001373291016 39.560001373291016 16646000
38.63999938964844 39.97999954223633 37.790000915527344 39.220001220703125 14127200
40.189998626708984 40.68000030517578 38.220001220703125 39.029998779296875 13348400
39.95000076293945 40.790000915527344 38.709999084472656 39.11000061035156 11534000
38.58000183105469 38.779998779296875 36.560001373291016 38.5099983215332 14721100
39.0099983215332 39.369998931884766 37.52000045776367 37.939998626708984 12155700
37.56999969482422 38.13999938964844 35.650001525878906 37.90999984741211 16687200
37.72999954223633 39.94499969482422 37.52000045776367 39.939998626708984 14116200
39.22999954223633 41.880001068115234 39.060001373291016 41.86000061035156 16315700
42.790000915527344 45.77000045776367 42.65999984741211 45.529998779296875 23394400
44.33000183105469 46.59000015258789 44.029998779296875 46.56999969482422 18639600
44.0 45.209999084472656 43.22999954223633 43.869998931884766 16857600
43.45000076293945 45.915000915527344 42.540000915527344 45.06999969482422 18469700
44.459999084472656 47.04999923706055 42.0099983215332 43.5 32722100
41.91999816894531 41.91999816894531 38.810001373291016 39.5 50198200
38.959999084472656 39.040000915527344 36.84000015258789 37.11000061035156 17794500
36.849998474121094 37.59000015258789 36.2599983215332 36.40999984741211 15256000
36.65999984741211 37.77000045776367 35.77000045776367 35.810001373291016 15884700
35.439998626708984 36.13999938964844 34.900001525878906 35.2599983215332 14895500
34.54999923706055 35.58000183105469 33.564998626708984 35.540000915527344 15492500
36.279998779296875 37.95000076293945 35.47999954223633 35.54999923706055 25436700
36.65999984741211 38.08000183105469 36.029998779296875 36.59000015258789 21989600
36.93000030517578 38.59000015258789 36.55500030517578 38.040000915527344 15877100
37.2599983215332 37.40999984741211 35.310001373291016 35.380001068115234 14100200
34.97999954223633 36.810001373291016 34.8120002746582 35.84000015258789 12784200
34.88999938964844 36.66999816894531 33.60499954223633 36.40999984741211 21713000
37.75 39.150001525878906 37.36399841308594 38.68000030517578 18832000
37.959999084472656 38.4900016784668 36.7599983215332 38.0 14085200
38.400001525878906 39.810001373291016 37.56999969482422 39.150001525878906 15304500
37.95000076293945 38.060001373291016 34.41999816894531 34.81999969482422 20549600
34.70500183105469 35.88999938964844 33.90999984741211 35.400001525878906 12815100
33.70000076293945 35.599998474121094 33.20000076293945 34.560001373291016 21176500
34.45000076293945 37.696998596191406 34.45000076293945 37.189998626708984 24981200
35.41999816894531 38.11000061035156 34.11000061035156 37.91999816894531 28731600
38.70000076293945 39.189998626708984 35.47999954223633 35.560001373291016 14748400
41.20000076293945 43.65999984741211 40.5099983215332 42.61000061035156 71231000
43.029998779296875 44.29999923706055 42.310001373291016 43.380001068115234 34742000
42.09000015258789 43.1510009765625 41.099998474121094 41.439998626708984 16168300
41.2400016784668 43.31999969482422 41.2400016784668 42.56999969482422 16379000
41.5099983215332 43.38999938964844 40.90999984741211 42.810001373291016 16932900
41.79999923706055 42.29999923706055 40.40999984741211 41.849998474121094 11460600
43.540000915527344 45.849998474121094 43.209999084472656 45.709999084472656 19444400
45.81999969482422 47.66999816894531 45.27000045776367 45.5 17120000
45.54999923706055 46.900001525878906 44.72600173950195 46.5 11431900
46.16999816894531 46.72999954223633 45.220001220703125 45.779998779296875 9221300
45.47999954223633 45.900001525878906 43.97200012207031 44.7400016784668 10325500
45.5099983215332 46.939998626708984 44.244998931884766 44.310001373291016 8403600
44.08000183105469 45.54999923706055 42.709999084472656 42.869998931884766 10591000
42.099998474121094 45.83000183105469 42.06999969482422 43.29999923706055 13460800
45.064998626708984 45.59000015258789 39.54499816894531 40.58000183105469 16634900
39.959999084472656 40.540000915527344 37.849998474121094 39.81999969482422 16341500
39.63999938964844 40.95000076293945 38.70000076293945 39.13999938964844 15155600
35.310001373291016 36.75 30.68199920654297 30.920000076293945 46247300
33.33000183105469 33.79999923706055 31.280000686645508 33.72999954223633 25224500
34.0 36.900001525878906 33.060001373291016 36.7400016784668 21854500
36.150001525878906 36.93000030517578 34.84000015258789 35.599998474121094 13073100
37.34000015258789 38.68000030517578 36.369998931884766 36.72999954223633 16314300
36.06999969482422 36.20000076293945 34.310001373291016 34.40999984741211 13179300
33.369998931884766 33.44499969482422 31.90999984741211 32.529998779296875 14114100
33.08000183105469 33.130001068115234 31.079999923706055 31.719999313354492 11037100
31.3700008392334 31.479999542236328 29.459999084472656 30.770000457763672 16315500
30.610000610351562 31.12299919128418 29.719999313354492 30.84000015258789 11601500
31.219999313354492 32.189998626708984 31.16200065612793 32.0 11847900
31.5 31.93000030517578 31.290000915527344 31.760000228881836 4046800
31.309999465942383 31.719999313354492 30.809999465942383 30.8799991607666 12423300
31.450000762939453 31.59000015258789 29.670000076293945 29.829999923706055 11417500
29.84000015258789 31.829999923706055 29.809999465942383 31.770000457763672 15477400
32.130001068115234 33.57899856567383 31.530000686645508 33.38999938964844 15946100
31.829999923706055 34.01499938964844 31.709999084472656 33.9900016784668 15831100
33.689998626708984 34.69499969482422 31.1299991607666 31.239999771118164 11567500
31.364999771118164 31.59000015258789 30.290000915527344 30.649999618530273 10188300
30.46500015258789 31.040000915527344 30.13800048828125 30.770000457763672 8244900
30.90999984741211 31.985000610351562 30.049999237060547 31.93000030517578 8847300
31.850000381469727 32.5099983215332 31.440000534057617 31.649999618530273 7860200
31.84000015258789 33.61000061035156 31.649999618530273 33.31999969482422 13501400
35.0 35.369998931884766 31.270000457763672 32.25 16276800
32.099998474121094 33.75 31.780000686645508 33.130001068115234 13499500
29.350000381469727 29.799999237060547 26.854999542236328 27.90999984741211 40121100
27.600000381469727 27.88800048828125 26.600000381469727 27.6200008392334 21720600
27.59000015258789 27.639999389648438 26.229999542236328 27.190000534057617 13155600
27.010000228881836 28.209999084472656 26.799999237060547 27.579999923706055 11905700
27.040000915527344 28.389999389648438 26.780000686645508 28.09000015258789 12505000
27.610000610351562 27.88800048828125 25.700000762939453 26.43000030517578 12842900
26.309999465942383 26.780000686645508 25.31999969482422 26.75 10774500
26.219999313354492 26.729999542236328 25.459999084472656 26.329999923706055 11084000
26.170000076293945 26.579999923706055 25.594999313354492 26.15999984741211 9948900
26.610000610351562 27.440000534057617 26.190000534057617 27.09000015258789 11301200
26.459999084472656 28.540000915527344 26.459999084472656 28.459999084472656 15884700
28.90999984741211 29.6200008392334 27.239999771118164 27.850000381469727 13439400
28.59000015258789 29.049999237060547 27.760000228881836 29.040000915527344 11799100
28.834999084472656 30.100000381469727 28.5 29.979999542236328 13696500
30.209999084472656 30.676000595092773 28.774999618530273 28.8799991607666 14444400
29.40999984741211 31.329999923706055 29.40999984741211 30.770000457763672 18246700
30.40999984741211 32.029998779296875 30.389999389648438 32.0099983215332 10156900
33.0 33.5 32.2400016784668 32.900001525878906 12662600
32.900001525878906 33.244998931884766 32.06999969482422 33.18000030517578 10674800
32.77000045776367 33.43000030517578 32.59000015258789 33.209999084472656 10184800
38.06999969482422 38.29999923706055 36.0099983215332 37.119998931884766 33311200
37.189998626708984 37.349998474121094 35.40999984741211 35.7599983215332 17099900
33.0 34.119998931884766 32.7400016784668 33.40999984741211 20781200
33.68000030517578 35.619998931884766 33.29100036621094 35.380001068115234 14017100
35.5 36.75 35.099998474121094 36.5099983215332 9872500
37.970001220703125 37.970001220703125 34.380001068115234 35.59000015258789 5685800
34.45000076293945 35.95000076293945 33.88399887084961 35.70000076293945 9114100
37.310001373291016 37.779998779296875 35.19499969482422 35.970001220703125 9882700
35.790000915527344 38.1349983215332 35.790000915527344 37.75 13095400
36.744998931884766 37.15599822998047 35.349998474121094 35.529998779296875 8977700
35.959999084472656 37.290000915527344 35.7400016784668 37.209999084472656 9242900
37.08000183105469 38.650001525878906 36.709999084472656 38.2400016784668 11213100
39.66999816894531 41.57500076293945 39.369998931884766 40.47999954223633 17277900
38.31999969482422 40.29499816894531 37.90999984741211 38.540000915527344 14357300
37.70000076293945 39.349998474121094 37.65999984741211 38.9900016784668 7781500
38.86000061035156 38.999000549316406 37.41600036621094 38.66999816894531 8935300
38.459999084472656 39.630001068115234 37.470001220703125 37.5099983215332 8696200
38.33000183105469 38.970001220703125 36.380001068115234 36.400001525878906 10531700
35.099998474121094 35.904998779296875 34.56999969482422 34.81999969482422 10077600
34.61000061035156 35.22999954223633 34.220001220703125 34.43000030517578 8016600
34.30500030517578 35.77000045776367 33.68000030517578 35.66999816894531 11224500
42.06999969482422 45.34000015258789 41.900001525878906 45.08000183105469 50423700
44.290000915527344 46.04999923706055 43.380001068115234 43.58000183105469 22342500
42.709999084472656 42.709999084472656 40.60499954223633 40.880001068115234 22918100
39.310001373291016 40.029998779296875 37.435001373291016 37.560001373291016 16504300
37.81999969482422 38.150001525878906 36.72999954223633 37.54999923706055 12573400
37.84000015258789 37.95000076293945 35.814998626708984 37.380001068115234 11424300
36.54999923706055 37.06999969482422 35.86000061035156 36.959999084472656 10343400
37.189998626708984 37.595001220703125 36.38999938964844 36.650001525878906 9384800
36.47999954223633 37.43000030517578 36.34000015258789 36.63999938964844 10020300
37.27000045776367 37.70000076293945 36.5099983215332 37.47999954223633 9360300
37.01499938964844 39.279998779296875 36.77000045776367 39.22999954223633 13820600
39.560001373291016 41.939998626708984 39.560001373291016 41.369998931884766 16508500
41.619998931884766 42.119998931884766 40.54499816894531 40.56999969482422 8580100
40.55500030517578 42.189998626708984 40.33000183105469 41.56999969482422 12693500
41.209999084472656 42.0 40.689998626708984 41.349998474121094 7274000
41.45500183105469 42.650001525878906 39.755001068115234 39.939998626708984 8050300
41.58000183105469 41.58000183105469 39.150001525878906 40.04999923706055 13852300
38.939998626708984 42.04999923706055 38.810001373291016 41.40999984741211 15779900
42.29999923706055 43.72999954223633 42.13999938964844 43.189998626708984 15495300
42.71500015258789 43.099998474121094 40.810001373291016 42.720001220703125 16993100
43.05500030517578 45.380001068115234 42.400001525878906 45.33000183105469 13368900
45.349998474121094 45.470001220703125 43.529998779296875 43.689998626708984 13615300
43.369998931884766 43.92499923706055 42.2599983215332 43.36000061035156 8261300
43.58000183105469 45.4900016784668 43.58000183105469 44.7400016784668 8229500
44.810001373291016 44.95000076293945 42.80500030517578 42.849998474121094 7304300
43.619998931884766 44.0 41.10499954223633 42.06999969482422 11859900
44.279998779296875 44.84000015258789 42.888999938964844 43.43000030517578 14536900
43.70000076293945 44.435001373291016 42.23500061035156 42.27000045776367 6444900
42.0 42.58000183105469 41.459999084472656 41.849998474121094 6145900
42.5099983215332 43.349998474121094 41.9900016784668 43.0099983215332 7406000
43.63999938964844 44.09000015258789 42.69499969482422 43.11000061035156 7363100
43.16999816894531 45.10499954223633 42.779998779296875 44.97999954223633 7965900
44.45000076293945 46.5 44.27399826049805 46.41999816894531 11268500
46.72999954223633 47.650001525878906 45.65999984741211 46.290000915527344 14233800
45.52000045776367 46.05699920654297 44.33000183105469 45.38999938964844 8102500
44.86000061035156 46.40999984741211 44.41999816894531 46.20000076293945 7228600
45.33000183105469 46.47999954223633 44.439998626708984 46.43000030517578 9889600
46.65999984741211 46.9900016784668 45.56999969482422 46.060001373291016 6452300
47.04999923706055 47.650001525878906 45.06999969482422 45.20000076293945 8812500
45.76499938964844 46.900001525878906 45.56999969482422 45.70000076293945 7538400
45.400001525878906 46.119998931884766 44.939998626708984 45.70000076293945 5824700
40.040000915527344 41.0 39.099998474121094 40.209999084472656 33375300
40.5099983215332 41.09000015258789 39.88999938964844 40.810001373291016 11294600
40.400001525878906 41.58000183105469 40.02000045776367 41.09000015258789 8712300
40.5 41.9900016784668 40.47999954223633 41.310001373291016 9667600
41.20000076293945 41.810001373291016 40.619998931884766 40.70000076293945 7482000
40.38999938964844 40.790000915527344 38.5099983215332 39.060001373291016 11186000
38.61000061035156 38.970001220703125 37.4379997253418 37.56999969482422 8867600
38.0 38.029998779296875 35.4900016784668 35.7599983215332 10959500
36.279998779296875 36.36000061035156 35.15800094604492 35.540000915527344 8534800
35.04999923706055 35.7400016784668 34.52000045776367 35.599998474121094 6750200
35.5099983215332 36.5099983215332 35.33000183105469 36.0 6996600
35.790000915527344 35.790000915527344 34.380001068115234 34.45000076293945 7173400
34.54999923706055 35.310001373291016 34.099998474121094 34.22999954223633 6598700
34.275001525878906 34.60499954223633 33.702999114990234 34.47999954223633 6308000
35.13999938964844 35.22999954223633 34.5099983215332 35.04999923706055 5388900
36.13999938964844 37.06999969482422 35.76100158691406 36.279998779296875 9509300
35.720001220703125 36.77000045776367 35.70000076293945 36.189998626708984 12307900
37.33000183105469 39.77000045776367 36.11000061035156 38.869998931884766 26827900
40.52000045776367 41.619998931884766 39.54999923706055 39.880001068115234 14781200
39.40999984741211 40.22999954223633 38.58000183105469 39.36000061035156 8570400
39.16999816894531 39.16999816894531 37.95000076293945 38.970001220703125 7637600
38.900001525878906 39.66999816894531 38.13999938964844 39.25 6911700
39.88999938964844 42.18000030517578 39.65999984741211 41.83000183105469 12555000
41.970001220703125 42.68000030517578 41.38999938964844 42.06999969482422 8249600
40.97999954223633 41.040000915527344 39.21500015258789 40.0099983215332 10859000
40.380001068115234 40.65999984741211 39.224998474121094 39.4900016784668 9733100
39.16999816894531 40.91999816894531 39.16999816894531 39.65999984741211 7681000
38.7599983215332 40.619998931884766 38.65999984741211 40.5099983215332 6601900
40.790000915527344 40.875 39.029998779296875 39.5099983215332 5852100
39.400001525878906 40.494998931884766 39.380001068115234 40.119998931884766 4398900
40.380001068115234 40.95000076293945 39.29999923706055 39.59000015258789 6908600
39.34000015258789 42.0 39.25 41.86000061035156 12351500
41.619998931884766 42.900001525878906 41.29999923706055 42.130001068115234 6743800
42.310001373291016 42.9900016784668 40.2599983215332 40.34000015258789 9276200
40.27000045776367 41.13999938964844 39.5 40.790000915527344 6519700
40.69499969482422 41.630001068115234 40.599998474121094 41.33000183105469 7236200
40.18000030517578 40.97999954223633 38.349998474121094 38.63999938964844 9867700
38.189998626708984 38.90999984741211 37.619998931884766 38.869998931884766 6349600
39.130001068115234 40.08000183105469 38.400001525878906 38.689998626708984 5941300
38.81999969482422 39.369998931884766 38.220001220703125 38.95000076293945 6832800
40.220001220703125 40.4900016784668 38.755001068115234 40.279998779296875 10229800
40.0 40.07500076293945 38.880001068115234 39.90999984741211 8265100
39.689998626708984 40.8849983215332 39.22999954223633 40.630001068115234 7161700
40.880001068115234 42.86000061035156 40.7400016784668 41.79999923706055 15375200
41.0 42.34000015258789 40.51499938964844 41.77000045776367 9367200
41.599998474121094 41.77000045776367 38.0099983215332 38.599998474121094 14068400
38.47999954223633 39.369998931884766 37.790000915527344 39.13999938964844 8181700
38.44499969482422 38.72999954223633 37.189998626708984 37.849998474121094 8093600
37.630001068115234 39.42499923706055 37.59000015258789 39.209999084472656 8859900
39.79999923706055 42.18000030517578 39.470001220703125 41.81999969482422 11998900
41.79999923706055 42.9900016784668 39.86000061035156 40.02000045776367 12262100
40.0 40.20000076293945 38.720001220703125 38.7400016784668 9838100
39.880001068115234 41.3849983215332 39.779998779296875 40.29999923706055 11250400
40.31999969482422 42.18000030517578 40.20000076293945 42.099998474121094 5251700
41.369998931884766 42.18000030517578 40.099998474121094 41.720001220703125 10499400
40.90999984741211 41.400001525878906 39.65999984741211 39.97999954223633 7249100
40.16999816894531 42.290000915527344 40.06999969482422 41.150001525878906 10174500
41.0 41.79499816894531 40.130001068115234 41.630001068115234 6352100
41.95000076293945 45.150001525878906 41.36000061035156 43.63999938964844 17043800
44.04999923706055 44.04999923706055 42.27000045776367 43.459999084472656 14750500
44.0 44.7599983215332 43.290000915527344 44.29999923706055 10283500
44.369998931884766 45.09000015258789 42.45000076293945 43.0 9915000
43.0 44.59000015258789 41.81999969482422 44.459999084472656 6881900
45.619998931884766 45.810001373291016 44.0099983215332 45.540000915527344 10351900
45.97999954223633 46.25 44.38999938964844 44.86000061035156 9040000
43.849998474121094 44.25 40.779998779296875 41.040000915527344 10427000
41.380001068115234 41.91999816894531 40.45000076293945 40.56999969482422 7528500
40.56999969482422 40.56999969482422 39.130001068115234 39.54999923706055 7512500
39.56999969482422 40.275001525878906 39.56999969482422 39.65999984741211 4664600
39.61000061035156 40.22999954223633 39.209999084472656 39.95000076293945 4245700
40.88999938964844 40.930999755859375 37.61000061035156 37.90999984741211 9218600
38.70000076293945 39.560001373291016 38.25 38.93000030517578 7081000
39.119998931884766 39.5 38.707000732421875 39.25 7290100
38.900001525878906 39.4900016784668 38.20000076293945 39.43000030517578 5359400
38.38999938964844 38.38999938964844 36.599998474121094 37.630001068115234 9944600
37.45000076293945 37.470001220703125 36.619998931884766 36.68000030517578 7943200
38.0 38.70000076293945 37.36000061035156 37.47999954223633 7460400
37.56999969482422 37.70000076293945 36.70000076293945 37.599998474121094 5527300
37.25 38.07500076293945 37.08000183105469 37.7400016784668 13082100
32.439998626708984 32.52000045776367 29.06999969482422 29.459999084472656 57181600
30.059999465942383 31.170000076293945 30.0 30.610000610351562 23008100
30.1200008392334 30.299999237060547 29.639999389648438 29.829999923706055 13459600
29.520000457763672 30.604999542236328 29.350000381469727 30.540000915527344 12842100
30.170000076293945 30.375999450683594 29.760000228881836 29.770000457763672 8076000
29.530000686645508 30.075000762939453 29.15999984741211 29.239999771118164 8396500
29.110000610351562 29.1200008392334 27.750999450683594 27.850000381469727 16019900
27.540000915527344 28.280000686645508 27.405000686645508 27.510000228881836 8905100
27.540000915527344 27.780000686645508 26.8799991607666 26.959999084472656 11922100
26.940000534057617 27.1299991607666 26.600000381469727 26.6200008392334 9324900
26.489999771118164 26.719999313354492 26.25 26.420000076293945 11129500
26.5 26.940000534057617 26.240999221801758 26.549999237060547 9558200
26.735000610351562 27.06999969482422 26.290000915527344 26.809999465942383 6730400
27.1299991607666 27.219999313354492 26.84000015258789 27.100000381469727 5891100
27.100000381469727 28.15999984741211 26.900999069213867 27.760000228881836 7218900
27.81999969482422 28.399999618530273 27.520000457763672 28.18000030517578 7740500
28.399999618530273 28.600000381469727 27.969999313354492 28.290000915527344 7757400
28.6200008392334 29.320999145507812 28.315000534057617 28.440000534057617 9274700
28.2450008392334 29.139999389648438 28.15999984741211 29.1299991607666 7976700
28.950000762939453 29.350000381469727 28.3700008392334 29.09000015258789 8241400
28.530000686645508 28.844999313354492 28.110000610351562 28.790000915527344 6489100
28.94700050354004 29.30500030517578 28.420000076293945 29.010000228881836 10790000
29.204999923706055 29.204999923706055 28.524999618530273 28.549999237060547 8200300
28.399999618530273 29.575000762939453 28.3799991607666 29.209999084472656 8515500
27.610000610351562 27.975000381469727 26.639999389648438 27.739999771118164 24008800
27.934999465942383 28.399999618530273 27.645000457763672 27.75 11439000
27.979999542236328 28.549999237060547 27.670000076293945 27.90999984741211 20274200
27.725000381469727 27.950000762939453 27.22599983215332 27.610000610351562 9491300
27.59000015258789 27.59000015258789 26.1200008392334 26.959999084472656 14637500
27.219999313354492 27.290000915527344 26.200000762939453 26.25 7819500
25.959999084472656 25.989999771118164 25.149999618530273 25.309999465942383 12346700
25.420000076293945 25.770000457763672 25.174999237060547 25.389999389648438 7105800
25.239999771118164 26.200000762939453 24.8799991607666 26.139999389648438 8665500
26.0 27.030000686645508 25.979999542236328 27.010000228881836 9262600
27.170000076293945 27.71500015258789 26.781999588012695 27.389999389648438 12076700
27.229999542236328 28.25 27.110000610351562 27.829999923706055 7659600
28.280000686645508 29.09000015258789 28.280000686645508 28.959999084472656 11183400
28.969999313354492 29.6200008392334 28.469999313354492 28.68000030517578 10985100
28.290000915527344 28.950000762939453 28.200000762939453 28.420000076293945 6777300
28.540000915527344 29.6200008392334 27.899999618530273 29.59000015258789 10800400
29.959999084472656 30.204999923706055 29.079999923706055 29.81999969482422 11835300
29.399999618530273 30.610000610351562 29.34000015258789 30.459999084472656 10207900
29.6299991607666 30.479999542236328 29.6299991607666 30.209999084472656 6910700
30.329999923706055 31.179000854492188 30.329999923706055 30.90999984741211 6027300
31.079999923706055 31.920000076293945 31.049999237060547 31.760000228881836 7434100
31.8700008392334 31.959999084472656 31.350000381469727 31.6299991607666 6984600
31.459999084472656 31.920000076293945 30.415000915527344 30.510000228881836 9558500
30.549999237060547 30.860000610351562 29.850000381469727 30.40999984741211 10329200
30.06999969482422 31.209999084472656 30.0 31.0 8933800
30.639999389648438 30.809999465942383 30.0 30.190000534057617 6356600
30.40999984741211 32.06999969482422 30.020000457763672 31.670000076293945 11888400
31.1299991607666 31.93000030517578 30.825000762939453 31.75 9051300
31.25 31.629899978637695 30.873199462890625 31.560100555419922 4049594
