18.373801568095434 18.373801568095434 18.103166580200195 18.103166580200195 200
18.29095758423297 18.602096557617188 18.29095758423297 18.602096557617188 53200
18.889306077490453 18.889306077490453 18.82486915588379 18.82486915588379 5100
19.174666863972803 19.174666863972803 19.136924743652344 19.136924743652344 500
19.285128363316304 19.29433212976803 19.20688230228596 19.248306274414062 21600
20.739572526876728 20.739572526876728 19.19491958618164 19.19491958618164 22200
19.46923321352875 19.680954953839358 19.46923321352875 19.627565383911133 10900
19.680957191094155 19.680957191094155 19.533672332763672 19.533672332763672 31000
19.71686199732517 19.71686199732517 19.653345108032227 19.653345108032227 1100
19.61652168870473 19.855860039561097 19.226216610623307 19.235422134399414 20400
19.229897006846382 19.23910252992255 18.981354906885777 19.007129669189453 7100
19.533672209020995 19.533672209020995 19.193076634704628 19.41860580444336 7100
19.492250842995148 19.680959701538086 19.434257620154657 19.680959701538086 20600
19.805230546112554 19.911091435927 19.590746933772103 19.800628662109375 30800
19.57049663309857 19.66255011888373 19.34956932067871 19.34956932067871 2900
20.17436582728268 20.481822967529297 20.17436582728268 20.481822967529297 12900
20.537050027592834 20.794799388733676 20.537050027592834 20.73496437072754 81900
20.988116380500117 20.988116380500117 20.503917694091797 20.503917694091797 11600
20.997322894116724 20.997322894116724 20.57387924949534 20.576641082763672 2800
20.380560410100625 20.389765932885616 20.28390505451914 20.292190551757812 26700
20.205663316408746 20.306920568384403 20.205663316408746 20.288511276245117 6900
20.38976509563681 20.38976509563681 20.248923938780194 20.342819213867188 5600
20.352944143563207 20.352944143563207 20.179884541425732 20.31612205505371 15300
20.53408342792322 20.678768157958984 20.50626059803164 20.678768157958984 21100
20.765948678672203 20.80304814189616 20.701026387030044 20.75667381286621 22400
22.296261577636614 22.296261577636614 20.78449249267578 20.78449249267578 5900
20.57674593757169 20.626828087350958 20.392179125552676 20.418148040771484 33400
20.580455782895214 20.580455782895214 20.46915916701804 20.518314361572266 2500
20.35786308932001 21.00708770751953 20.35786308932001 21.00708770751953 31700
20.90135610541038 21.016362305235194 20.82344936449663 20.87538719177246 29500
20.738122636056275 20.83086774174208 20.714007634898326 20.79840660095215 84500
20.612914336707146 20.612914336707146 20.311487440380926 20.441333770751953 107200
20.487708103528885 20.487708103528885 20.036032966646374 20.153820037841797 53800
20.172368447025477 20.228015864662925 20.144543853706995 20.164020538330078 16600
20.29293707177495 20.357861119412224 20.218739929188914 20.273460388183594 34100
20.339310529090504 20.3764082143108 20.1630916595459 20.1630916595459 23500
20.27438810459713 20.483066341555322 20.246563514136348 20.478429794311523 33600
23.056789139826524 23.056789139826524 20.533155302771572 20.626829147338867 64100
20.877242218931872 20.877242218931872 20.34858732899127 20.450607299804688 50800
20.24656619807686 20.255841062793287 19.874653498645777 19.949777603149414 7300
20.04252419257835 20.04252419257835 19.597339537601023 19.755008697509766 15100
19.75500782954128 19.75500782954128 19.523141532157 19.643712997436523 15000
19.693796311848732 19.73646104339117 19.677102262940615 19.694725036621094 5600
20.0796249026106 20.0796249026106 19.866308292114 19.996152877807617 49100
19.745737841621224 19.745737841621224 19.439672582671026 19.727188110351562 28400
19.718775849602423 19.86923599243164 19.718775849602423 19.86923599243164 9500
19.840266481686196 19.943066362495486 19.746812206631574 19.868303298950195 28000
19.76456994409265 19.76456994409265 19.606632232666016 19.606632232666016 8600
19.915029765646217 19.96175779493672 19.835594789590445 19.909423828125 28400
19.765504617837923 19.89634132385254 19.728123975042422 19.89634132385254 14900
20.120625096599017 20.120625096599017 19.765499282200118 19.832786560058594 81400
19.91035897874114 20.25146559061739 19.91035897874114 20.129976272583008 8400
19.969233411914054 20.073901344726576 19.933720822925228 20.00848388671875 26200
20.243051902779833 20.597243752718203 20.243051902779833 20.541170120239258 23200
20.615930174908037 20.765456274731225 20.482291423721378 20.513132095336914 38500
20.485098048537964 20.718732833862305 20.475752443225957 20.718732833862305 38700
20.943022473289332 20.943022473289332 20.754245876324767 20.91498565673828 50300
20.971057531089357 21.129929246570786 20.94302071688963 21.005634307861328 21800
20.80751250924032 21.111238430001823 20.80751250924032 21.090679168701172 18800
20.93367809660435 21.045823586899637 20.86358872485038 20.896297454833984 76400
20.971057568474105 21.07385565573934 20.623409271240234 20.623409271240234 30600
20.41968074323146 20.48509819840214 20.251463411368583 20.400989532470703 13000
20.391643076096504 20.793495178222656 20.377625559856906 20.793495178222656 66800
21.95232415396802 21.95232415396802 20.85797926461809 21.12993049621582 42900
21.519657522346115 21.519657522346115 20.956718471336842 21.10545539855957 44600
21.43493564504093 21.43493564504093 20.97366584491576 21.331384658813477 65700
21.262662228608086 21.39822006225586 21.262662228608086 21.39822006225586 12200
21.486709320423923 21.519657032251573 21.37468530469429 21.425519943237305 61500
21.274902238488668 21.369039331571393 21.218420700845318 21.227832794189453 24500
21.46317312318728 21.651447296142578 21.321968391228594 21.651447296142578 72600
21.55260315433099 21.947977462615075 21.510241557174997 21.802064895629883 10400
22.018579144155574 22.140957890705984 21.88678830526945 22.084474563598633 86400
22.097652815966768 22.15036914525414 21.910319522374515 21.951740264892578 24300
21.9432707545113 22.037407841444775 21.726756711425228 21.74558448791504 44100
21.971512959140018 22.0750639368629 21.707929468352518 22.009166717529297 27900
22.404538736841552 22.404538736841552 21.80677214235921 21.810537338256836 52500
22.244507888575278 22.244507888575278 21.590257920604767 21.651447296142578 64600
21.665565770894723 21.707927367179632 21.52530189855204 21.6796875 136600
21.722048538886217 21.91502874022874 21.722048538886217 21.905614852905273 21300
21.736169475774997 21.9809251709404 21.698513924742397 21.849132537841797 39800
21.858547657033927 21.886789321899414 21.726756812026192 21.886789321899414 56800
23.30825318683607 23.30825318683607 21.51965578157686 21.689102172851562 53800
21.52907180139852 21.594967227749414 21.44528944760055 21.576139450073242 30100
21.566725864183304 21.566725864183304 21.00190509457406 21.067800521850586 93000
21.222439147565982 21.222439147565982 20.985263931301066 21.075389862060547 30700
21.402689582851743 21.402689582851743 20.899879315958525 21.127567291259766 22100
20.909365685266486 21.04218321304667 20.833467887102834 21.004234313964844 44100
21.81063124319942 23.99264417573828 20.99095344543457 20.99095344543457 17600
21.801145486949164 21.801145486949164 20.966289520263672 20.966289520263672 37900
21.08961799151855 21.137054116414767 20.947313235836187 20.95680046081543 39700
21.41217765139469 21.41217765139469 20.833469560437024 21.032697677612305 17200
21.051672126982155 21.26038566016985 21.03269767591875 21.241411209106445 29700
21.26512919486958 21.32679344372081 21.12756714527253 21.146541595458984 42000
21.127568823017793 21.127568823017793 20.73860161082331 20.748088836669922 56900
20.890393358566104 20.890393358566104 20.6437309179782 20.767061233520508 305800
20.79552370385753 20.79552370385753 20.220610107040407 20.264251708984375 71900
20.20732579520014 20.20732579520014 19.74720714952538 19.90374183654785 45000
19.372470709336575 19.61913313830892 19.334521808185507 19.39144515991211 125100
19.79938741905882 19.875283414231646 19.514776080033283 19.742464065551758 115900
19.306061886591312 19.419904970712413 19.05939945832466 19.309856414794922 232400
19.230165142469737 19.732975395109992 19.182729018020478 19.69502830505371 226500
19.732977581148873 19.732977581148873 19.239654498747647 19.3487548828125 60900
19.505289681112068 19.823105418401273 19.505289681112068 19.647594451904297 58800
20.09348419274528 20.207327280858152 20.079254259106985 20.16938018798828 62000
20.15515086286049 20.216815116823664 19.676055908203125 19.676055908203125 162900
19.84682097234615 20.04604727343055 19.440777504300428 19.61913299560547 56400
19.16976424703979 19.70518044217682 19.16976424703979 19.686058044433594 82800
19.96332698140198 20.030255378411905 19.776888148762364 19.839035034179688 100400
19.963328003668142 19.972889203730592 19.762548273194067 19.867719650268555 96600
20.31708510088051 20.31708510088051 20.011133993492304 20.20235252380371 133400
20.603912209019715 20.603912209019715 20.12108349707388 20.211912155151367 170900
20.317086726087936 20.527427673339844 20.211915340655686 20.527427673339844 82700
20.517865282069096 20.670842662736874 20.415564268792888 20.603914260864258 158000
20.919424491977466 20.919424491977466 20.106742609906988 20.211912155151367 56300
20.460500100402864 20.460500100402864 19.983406597067063 20.16411018371582 72100
20.30752296245765 20.30752296245765 20.097182041750752 20.173669815063477 378300
20.25971803236135 20.403132374022206 20.23103443458426 20.374448776245117 96500
20.74732796774369 20.74732796774369 20.48918106213478 20.64215660095215 90400
21.062839849465053 21.062839849465053 20.53602927617105 20.57522964477539 128600
20.728205955740474 20.737767155046257 20.49874264323857 20.709083557128906 67900
21.091522112424414 21.091522112424414 20.602956323579523 20.756887435913086 101800
20.814255144687206 20.881181716918945 20.657455486371084 20.881181716918945 150700
20.852494989756135 20.909862177585882 20.747325459292366 20.900300979614258 86100
20.871621068458463 20.881182268117144 20.670841346463284 20.842937469482422 79200
20.84293619472931 20.862058592877148 20.69952185584506 20.8046932220459 73700
20.945358373013 20.945358373013 20.598516520312785 20.704496383666992 88300
20.829744961247766 20.829744961247766 20.62741994129177 20.714130401611328 270300
20.743033075058168 20.743033075058168 20.242039747123545 20.280576705932617 262400
20.511806295002057 20.511806295002057 20.099449248905923 20.193866729736328 354200
20.434730251730695 20.521440714726168 20.22084652565716 20.492538452148438 192500
20.521440081427627 20.771936762614004 20.482903119969535 20.714130401611328 204200
20.90682031971519 20.90682031971519 20.531074386346425 20.559978485107422 157200
20.65632561548167 20.65632561548167 19.847029149217736 20.213138580322266 121900
20.415461571510814 20.415461571510814 19.861478292439514 19.895198822021484 252200
19.953002769469986 19.953002769469986 19.336396774364527 19.52908706665039 238700
19.880747616741836 20.084035549764927 19.708289619559 20.03008270263672 391100
20.415464134708206 20.415464134708206 19.98191178903384 20.020450592041016 95400
19.75068220148337 20.049350539749593 19.75068220148337 19.972274780273438 107100
20.02044773850303 20.02044773850303 19.68324061077786 19.847026824951172 402300
19.83739520841038 19.83739520841038 19.62543730203594 19.75068473815918 292300
19.972277345409456 19.972277345409456 19.606167900284273 19.75068473815918 149400
20.087889199972526 20.087889199972526 19.76127968371474 20.001178741455078 138100
20.116790642956083 20.164964138857254 19.798852920532227 19.798852920532227 252600
19.962641068880732 20.328752322740016 19.92410410605042 20.251676559448242 155700
20.35765292982784 20.55034324120192 20.126425658757544 20.540708541870117 174800
20.550343384325064 20.723764298243328 20.32875081104329 20.405826568603516 232800
20.704493518932228 20.704493518932228 20.37210468117225 20.53107261657715 198500
20.674730081496133 20.713556755729137 20.305885933071238 20.480602264404297 396700
20.199113674822367 20.32529851000247 20.179702189789598 20.208820343017578 118400
20.4320689894949 20.4320689894949 20.093314957067815 20.267059326171875 155400
20.364124093063015 20.558253761512578 20.301033524470974 20.480602264404297 576300
20.645611267943984 20.645611267943984 20.315591952932213 20.412656784057617 433800
20.344710254926326 20.54854658691435 20.004986120542416 20.092344284057617 226200
20.160288260153106 20.432067556190916 20.092343436143654 20.344709396362305 385700
20.713556566841223 20.94651105604174 20.529133568631675 20.907686233520508 170900
21.033868418806886 21.033868418806886 20.663082213648014 20.74267578125 797600
20.820328456048482 21.101814441477494 20.800915118747795 21.09210777282715 98100
21.21829180753698 21.383301465606266 21.053282149467694 21.34447479248047 237500
21.47065988942955 21.47065988942955 21.082400558888928 21.227998733520508 180600
21.528898918625497 21.528898918625497 21.121228086166703 21.179466247558594 164600
21.305650573338017 21.305650573338017 21.07269423070947 21.208585739135742 182800
21.49977718184594 21.528897185877053 21.295942707701 21.480363845825195 361000
21.645372943460657 21.657991796685867 21.114431361566343 21.198877334594727 151500
21.004747578313577 21.431831700904837 21.004747578313577 21.412418365478516 196600
21.393008477156105 21.402713294235603 21.276530307267404 21.325061798095703 106500
21.36388894096356 21.36388894096356 20.946511445787472 21.09210777282715 216500
21.276530428872015 21.276530428872015 21.043575939120878 21.111520767211914 178100
21.22799796338062 21.22799796338062 20.871770836617124 20.95621681213379 266300
20.878565917383025 20.8882725857083 20.74267626354455 20.820327758789062 137200
20.849445485035975 21.0561939985468 20.849445485035975 20.946510314941406 116800
21.269215855492448 21.269215855492448 20.88783740942611 21.210542678833008 172600
21.308332550056512 21.357226553074934 21.06385880459108 21.210542678833008 455200
21.5039118876413 21.5039118876413 21.278019116309487 21.41590118408203 168300
21.650594333586284 21.650594333586284 21.393409340675074 21.484352111816406 461800
21.59192006577753 21.689709932204266 21.503909372512123 21.63103675842285 138900
21.621259914445066 21.621259914445066 21.42568016052246 21.42568016052246 132900
21.34744708892424 21.34744708892424 20.926951954016204 21.13231086730957 155600
20.956289419420337 21.513689251600116 20.956289419420337 21.3181095123291 391300
21.494131088256836 21.513689435388347 21.337668041578034 21.494131088256836 78400
21.611481078497686 21.80705897029475 21.516625138834797 21.77772331237793 241400
22.080868415584533 22.080868415584533 21.807057151679178 21.865732192993164 186100
22.041752845487828 22.061309326748336 21.87551063106077 21.992856979370117 253200
22.061309776565405 22.061309776565405 21.728825340932126 21.787500381469727 335800
21.68971277391685 21.99285972088911 21.68971277391685 21.953744888305664 236400
22.002636431783166 22.276447689956978 21.983078085087907 22.25688934326172 356400
22.315563836521022 22.334144826535226 22.18354778630868 22.28622817993164 166000
22.256890132277217 22.256890132277217 22.10042708354168 22.2177734375 157100
22.500508356925067 22.500508356925067 22.067047952920074 22.145858764648438 353100
22.195115680315272 22.43154810467708 22.195115680315272 22.36258888244629 257100
22.401993869651662 22.46110150737164 22.323183059692383 22.323183059692383 175700
22.401993188246113 22.439428462762937 22.287718174930355 22.372438430786133 142500
22.470954044028012 22.54976485732104 22.214818431076164 22.25422477722168 186800
22.313333117881076 22.36061998314088 22.251269811851856 22.34288787841797 245800
22.421696546518252 22.529075638553596 22.421696546518252 22.500507354736328 176800
22.510359752758067 22.559615805047198 22.303480199348222 22.4414005279541 263400
22.42169728087255 22.42169728087255 22.037494813100786 22.16556167602539 148100
22.185263103327173 22.37243758987815 22.02764149412751 22.29362678527832 261000
22.36259021869697 22.53400368962695 22.234521473474715 22.264076232910156 104800
22.17541333599771 22.4414005279541 22.17541333599771 22.4414005279541 149200
22.480803150827093 22.480803150827093 21.960651464668647 22.29362678527832 149500
22.352737924717914 22.382290804219966 22.155709959380545 22.175413131713867 171100
22.26407455568005 22.382289826520267 22.047343427476573 22.10645294189453 267500
22.13600730895996 22.175413654555715 21.988237270971844 22.13600730895996 646300
22.155710612642892 22.293629065046826 21.95868452049413 22.126155853271484 116400
22.04734503203078 22.08675137784399 21.68284572824855 21.707473754882812 146600
21.78135961333197 21.802047381089096 21.574480056762695 21.574480056762695 161200
21.66314232423884 21.98823715773773 21.535075459708114 21.584331512451172 144300
21.54492678545182 21.643438889746346 21.475965681848532 21.604034423828125 202500
21.633587696211926 21.70156232712763 21.44641319145637 21.574480056762695 110300
21.953605848405505 21.953605848405505 21.35613313827054 21.368043899536133 157300
21.4275919333262 21.46729005370294 21.2687956658176 21.457366943359375 310800
21.467290908414913 21.60623906776773 21.33826964580255 21.343231201171875 177800
21.387892852597563 21.447442875260673 21.189398456056598 21.37796974182129 307600
21.368043699529736 21.63601121648652 21.368043699529736 21.546688079833984 138100
21.60623912471318 21.79480851725894 21.50202942467459 21.78488540649414 319300
21.84443353608749 21.854358539853198 21.736252320141887 21.78488540649414 438800
21.844433767237394 21.86428377497886 21.735260617660263 21.76503562927246 253800
21.844432871814686 22.201725424511608 21.844432871814686 22.00322914123535 371100
21.97345432083282 22.072702463329076 21.76503492529146 21.824583053588867 585400
21.88413175606033 21.88413175606033 21.576464209950437 21.6955623626709 149400
21.70548623955024 21.70548623955024 21.497064956360717 21.546688079833984 182800
21.626088257148275 21.665786377603826 21.492103551234226 21.61616325378418 170700
21.64593753972295 21.804733816121576 21.49706626722435 21.516916275024414 136500
21.616164685143293 21.76503595946089 21.51691653793124 21.65586280822754 173000
21.735260681822293 21.784885701322448 21.427593132925068 21.516916275024414 208900
21.626089590341312 21.769997415490174 21.626089590341312 21.74518585205078 203600
21.755110822958724 21.755110822958724 21.546689525782533 21.586389541625977 170200
21.63601121648652 21.63601121648652 21.467289946476267 21.546688079833984 155400
21.60623834421756 21.636011461438265 21.407742062075584 21.526840209960938 153500
21.62608806199636 21.705486195191817 21.377968659135462 21.38789176940918 187200
21.437518167517766 21.437518167517766 21.070300594694597 21.110000610351562 353400
21.18000030517578 21.219999313354492 21.030000686645508 21.040000915527344 130100
21.0 21.18000030517578 21.0 21.170000076293945 181400
21.139999389648438 21.139999389648438 20.8799991607666 20.899999618530273 174900
20.969999313354492 21.030000686645508 20.829999923706055 20.979999542236328 163000
21.010000228881836 21.190000534057617 20.969999313354492 21.1299991607666 112800
21.209999084472656 21.31999969482422 21.010000228881836 21.06999969482422 129400
21.059999465942383 21.06999969482422 20.770000457763672 20.8700008392334 202500
20.850000381469727 20.850000381469727 20.520000457763672 20.6200008392334 108000
20.690000534057617 20.690000534057617 20.420000076293945 20.59000015258789 215400
20.610000610351562 20.65999984741211 20.479999542236328 20.6299991607666 146900
20.6299991607666 20.90999984741211 20.475000381469727 20.790000915527344 173800
20.780000686645508 21.010000228881836 20.729999542236328 20.959999084472656 272400
21.030000686645508 21.260000228881836 21.020000457763672 21.110000610351562 335000
21.06999969482422 21.15999984741211 20.933000564575195 21.059999465942383 132300
21.139999389648438 21.139999389648438 20.75 20.8700008392334 193300
20.950000762939453 21.030000686645508 20.739999771118164 20.8700008392334 151000
21.1200008392334 21.149999618530273 20.959999084472656 21.100000381469727 124400
21.149999618530273 21.389999389648438 21.030000686645508 21.31999969482422 305200
21.219999313354492 21.25 20.950000762939453 20.989999771118164 203400
21.06999969482422 21.06999969482422 20.690000534057617 20.729999542236328 125900
20.799999237060547 20.799999237060547 20.329999923706055 20.34000015258789 201600
20.350000381469727 20.520000457763672 20.110000610351562 20.3700008392334 121686
