12.212720976343759 12.212720976343759 11.90363149315728 11.99991512298584 20400
12.020150525972973 12.038547966571228 11.941038490114513 11.952690124511719 10000
12.112143792149194 12.216400266516212 11.954532623291016 11.954532623291016 12800
11.969866019429958 12.056950934878019 11.952694444811392 11.989490509033203 24900
12.02015115681062 12.039162704225179 11.964956492668406 11.971089363098145 2800
12.010952528816674 12.020152420291028 11.96495775034711 12.001753807067871 18700
11.995620259095503 12.050814925924854 11.958824204451098 12.002366065979004 38600
12.050812397839364 12.112139922531407 12.032414959239421 12.06921100616455 22000
12.045903926854306 12.910618443058208 12.026279450782264 12.418773651123047 48200
12.388115523506993 12.510769426182774 12.369716911729169 12.498503684997559 16800
12.506473550632263 12.572093963623047 12.504633572920815 12.572093963623047 9500
12.510773658752443 12.633428772649625 12.510773658752443 12.510773658752441 23300
12.510772451351828 12.536529812233768 11.790176943495853 12.08148193359375 113700
12.050818062553418 12.167340297269247 11.989490509033205 11.989490509033203 25700
12.148940684895244 12.166726364097087 12.112144623688247 12.137289047241211 1100
12.061853019548082 12.167336519216498 12.020151138305664 12.020151138305664 20800
12.026281914003807 12.117045573074073 12.020149044651726 12.096195220947266 32300
12.112141855159257 12.112141855159257 11.97108934466872 12.020151138305664 20800
12.082628457327186 12.082628457327186 11.932689054980473 12.070133209228516 13900
11.982666490651296 12.026398658752441 11.963923622202714 12.026398658752441 10800
12.126358070389246 12.126358070389246 11.963923454284668 11.963923454284668 18100
12.057630900668222 12.057630900668222 11.995157079981905 12.020146369934082 14800
12.032646112686042 12.032646112686042 11.963923454284668 11.963923454284668 10600
12.038897514343262 12.076382070868254 11.96392720968071 12.038897514343262 9800
12.026399583927915 12.03264720722473 11.86021614074707 11.86021614074707 25100
11.870215057589931 11.895205556000988 11.817112035885264 11.820235252380371 15100
11.840846613142098 11.867711507368254 11.651548310552927 11.83335018157959 8600
11.845218847189871 11.857089685694545 11.589072320058014 11.745259284973145 22100
11.651550488148501 11.70153028274233 11.651550488148501 11.671542167663574 20000
11.620315418471433 11.69528452652424 11.620315418471433 11.658424377441406 7700
11.717772146960208 11.717772146960208 11.457876787103183 11.495361328125 35300
11.451627713636109 11.584698591946214 11.323554455732303 11.396650314331055 61800
11.370414781697054 11.557838716673865 11.370414781697054 11.526601791381836 27000
11.49536367447749 11.620313758870243 11.432888632281113 11.526601791381836 32400
11.532845628157839 11.870210065140888 11.532845628157839 11.832725524902344 40600
11.807735714611702 11.85771550166863 11.776498794555664 11.776498794555664 17600
11.78274752054579 11.80711241580066 11.764004651789307 11.783371925354004 11900
11.78274752054579 11.80711241580066 11.764004651789307 11.783371925354004 200
11.863965253062958 11.863965253062958 11.73339314021083 11.764005661010742 16200
11.807734309261592 11.807734309261592 11.729640826804028 11.745259284973145 6300
11.792122386013114 11.807740852837624 11.745265793926947 11.770880699157715 13500
11.795243141545948 11.795243141545948 11.745263343168684 11.756509780883789 10600
11.770253536401373 11.801490462731676 11.747137448285041 11.764630317687988 1800
11.827074425148606 11.883844478638297 11.795536041259767 11.795536041259766 4000
11.852310498479275 11.889526382789548 11.827078819503583 11.846002578735352 7000
11.801845869939227 11.871231776539604 11.801845869939227 11.814461708068848 2700
11.839062364364326 11.885109093124715 11.772200584411621 11.772200584411621 13700
11.827075431124873 11.827075431124873 11.716689875012639 11.73245906829834 4500
11.729305774189614 11.779767920019662 11.707228660583496 11.707228660583496 13200
11.729941153607522 11.776618322548439 11.729941153607522 11.770310401916504 2200
11.748229153620155 11.763998348103202 11.748229153620155 11.7576904296875 2100
11.730568568721809 11.763999456674188 11.726153145725975 11.736876487731934 3400
11.782918515159238 11.858611106872559 11.760841408983516 11.858611106872559 5000
11.858616446454626 11.98477242693051 11.858616446454626 11.909078598022461 20800
11.946923613318242 11.984769918294031 11.890153554298388 11.902137756347656 13600
11.877534237857803 11.893935060512616 11.877534237857803 11.89015007019043 3400
11.927365922379936 11.984766395394796 11.87122631072998 11.87122631072998 13300
11.928000481571075 11.984770543552687 11.928000481571075 11.976570129394531 8000
11.95386440086254 11.972156524658203 11.95386440086254 11.972156524658203 1900
11.943770237014226 11.972786903381348 11.943770237014226 11.972786903381348 2100
11.951338768005371 11.951338768005371 11.951338768005371 11.951338768005371 400
11.945665271087131 11.953235256308721 11.921695656406623 11.94124984741211 8500
12.004298510489953 12.004298510489953 11.978824615478514 11.978824615478516 1500
12.03613745238011 12.03613745238011 11.94061279296875 11.94061279296875 3300
11.921505322435639 11.963536262512207 11.921505322435639 11.963536262512207 500
11.997922588329986 12.037406372288562 11.997922588329986 12.0316743850708 2500
12.036133766174316 12.036133766174316 12.024034522236747 12.036133766174316 4500
11.997924410510342 12.104911804199219 11.997924410510342 12.104911804199219 1800
12.104911804199219 12.104911804199219 12.104911804199219 12.104911804199219 0
12.172415161495811 12.172415161495811 12.171778678894043 12.171778678894043 600
12.233552476893891 12.252657890319824 12.233552476893891 12.252657890319824 700
12.25711455684506 12.272398643229689 12.201710199198867 12.216994285583496 9200
12.18897531393542 12.18897531393542 12.176876068115234 12.176876068115234 700
12.214446067810057 12.214446067810057 12.036132552087201 12.214446067810059 5000
12.138029999743804 12.227187396940481 12.138029999743804 12.151403427124023 2700
12.118926178637619 12.171783406991501 12.080715343782474 12.15076732635498 18200
12.157132156551755 12.163500627119618 12.067975997924805 12.067975997924805 6800
12.067975091953008 12.161589051483482 11.940608119480627 12.037406921386719 25400
12.042506453730002 12.653866487198073 11.972454466910223 12.047600746154785 3200
12.144396074708679 12.163501487764094 11.845085224810383 11.94188404083252 8300
11.94188404083252 11.94188404083252 11.94188404083252 11.94188404083252 100
11.976272855814257 11.976272855814257 11.921504974365234 11.921504974365234 1600
11.921508608498428 11.949529647827148 11.921508608498428 11.949529647827148 1000
11.966084937664997 12.099819198399128 11.946979522705078 11.946979522705078 3200
11.946978579039298 12.339266927535183 11.946978579039298 12.163501739501953 1200
12.206169446692153 12.206169446692153 11.921504974365234 11.921504974365234 6300
11.991561426188374 12.03613952728769 11.964178082559412 12.010666847229004 1000
12.022876538077172 12.022876538077172 12.006802558898926 12.006802558898926 400
12.06852965329401 12.13925541656727 12.06852965329401 12.132826805114746 2500
12.092961454118905 12.215768524720719 12.092961454118905 12.182976722717285 600
12.216415873699809 12.216415873699809 12.181694984436035 12.181694984436035 1000
12.172047520667547 12.216412544250488 12.172047520667547 12.216412544250488 800
12.210626790096072 12.28071117401123 12.210626790096072 12.28071117401123 1200
12.065955468568404 12.245985984802246 12.065955468568404 12.245985984802246 1700
12.216410341532116 12.22605448357516 12.174617015402296 12.190690994262695 3000
12.07173940208446 12.191974748537627 12.07173940208446 12.087813377380371 3100
12.113536096337503 12.280708184028994 12.062098625229817 12.24855899810791 15100
12.2266989514197 12.235700478151458 12.203551292419434 12.203551292419434 4300
12.184261565467706 12.207407995362797 12.065311431884766 12.065311431884766 6400
12.08781679054082 12.14761317283701 12.055668830871582 12.055668830871582 18300
11.991374138076871 12.029309326902153 11.88206933593002 12.023523330688477 12500
12.081384768354571 12.166256633337312 12.081384768354571 12.087813377380371 27200
11.956651186288102 12.017090180100588 11.915500476360178 11.921930313110352 3200
11.910360920599041 11.918719833693983 11.882069875090355 11.90778923034668 5800
11.965656054295403 11.992660640368538 11.90778873374831 11.984944343566895 6500
11.972082870383161 12.004230828630485 11.93993368576984 11.991371154785156 3500
11.959223196537833 11.997158375925354 11.93993368576984 11.991371154785156 8000
11.965403686807127 12.09654896559205 11.881002426147461 11.881002426147461 24200
11.881002980656557 11.913465481778339 11.848541717852573 11.87451171875 5100
11.848539583799209 11.95306597045405 11.842047084744223 11.86152458190918 5100
11.835557081368142 11.867369466623318 11.803095817565918 11.803095817565918 5200
11.783617526304779 11.806990773927819 11.764790143159843 11.793356895446777 12000
11.892040415670952 11.950471680887995 11.881003288835036 11.882302284240723 1900
11.88100043950535 11.98228119237098 11.764139175415039 11.764139175415039 11100
11.822571555066904 11.952419081140414 11.77128290913705 11.884249687194824 6700
11.829066644060541 12.082269251486931 11.686235324774463 11.718696594238281 8200
11.777120179714744 12.075768864706365 11.757643926081261 12.02318000793457 15000
12.0692795878026 12.0692795878026 12.01734083372589 12.0426607131958 1200
12.075772615180933 12.075772615180933 11.926448845467004 11.965402603149414 5800
11.893983724096898 11.900476221997508 11.877753098504055 11.887491226196289 8100
11.91995958024442 11.932943344116211 11.904377825280305 11.932943344116211 1600
11.971896219067226 11.971896219067226 11.913464957935078 11.955665588378906 5000
11.945925013580286 11.99786376953125 11.881001259062176 11.99786376953125 5900
12.010849091616205 12.062787848966163 11.978387832641602 11.978387832641602 8500
12.010851142889152 12.036821145158243 11.69272604499996 11.893988609313965 10200
11.874510556673183 12.010849333088732 11.855033057906242 11.900479316711426 18300
11.992275994256524 11.992275994256524 11.920151466490497 11.971293449401855 36800
11.899824043225147 11.90703624500761 11.867696166722375 11.897201538085938 5100
11.88736651173444 11.96867043041141 11.88736651173444 11.93326473236084 34100
11.933265417765728 12.025059363093574 11.907037861615652 12.012600898742676 5800
11.939821947492701 12.019815249362576 11.939821947492701 11.998832702636719 16600
11.887364754982881 12.007353423607903 11.887364754982881 11.985716819763184 13200
11.966045339941157 11.972602227185531 11.880808306961022 11.96932315826416 38000
11.926705267073277 11.997517898474808 11.926705267073277 11.96932315826416 70900
11.920150199932568 11.920150199932568 11.802128712709703 11.877531051635742 133200
11.998829894700854 11.998829894700854 11.815242033303395 11.845402717590332 19100
11.841467319982584 11.855236408407524 11.802127245996815 11.831632614135742 20100
11.893925038370474 12.044730997142508 11.80213108567352 11.959492683410645 25700
11.920152596626066 12.031617218014713 11.900481927934372 11.959492683410645 19700
11.900476982239905 11.996205279011436 11.80212618085246 11.94637393951416 10800
12.005384670466286 12.005384670466286 11.900476982239905 11.94637393951416 9500
11.959489044970464 11.959489044970464 11.926705857723427 11.939818382263184 6500
11.985717792938924 12.002764701843262 11.968014319793166 12.002764701843262 4000
12.064396769193731 12.064396769193731 11.972602844238281 11.972602844238281 10800
12.031614188284632 12.12996500577936 11.966046559755315 12.110294342041016 15000
12.144391782454555 12.162750571959178 12.097184181213379 12.097184181213379 21000
12.103737595486278 12.162748336791992 12.031614328800355 12.162748336791992 15700
12.097180488312222 12.136520560870123 11.998828431019934 12.116849899291992 38700
12.09718563941936 12.261104137240224 12.090628749434657 12.143082618713379 12900
12.202092671052096 12.241432758082258 12.057843600943475 12.084071159362793 17600
12.077447135838268 12.19663267298052 12.044340603491312 12.070825576782227 19100
12.050963401794434 12.103934616756751 12.050963401794434 12.050963401794434 9000
11.958258877746673 12.150280257880116 11.958258877746673 12.024473190307617 45800
12.103934616756751 12.103934616756751 12.037720282320509 12.050963401794434 24400
12.110551893662828 12.110551893662828 11.991366386413574 11.991366386413574 16900
12.050959900438457 12.050959900438457 11.984745585240505 11.9979887008667 23000
12.031098722583545 12.084069937545863 11.92515629265891 12.050963401794434 24900
12.0642045739302 12.143662023332732 12.0642045739302 12.08406925201416 107300
12.097315835657728 12.23835142794275 12.082086118471254 12.17611026763916 15000
12.084072586434253 12.199946749897828 12.084072586434253 12.183393478393555 6300
12.176770070929384 12.176770070929384 12.136380195617676 12.136380195617676 4500
12.183384047423345 12.183384047423345 12.176762491360549 12.178749084472656 3000
12.216496665496473 12.216496665496473 12.19001043075668 12.209875106811523 14400
12.170146290435982 12.216497203271006 12.090690108585278 12.10856819152832 22800
12.170146723937608 12.183389842362192 12.084730757085618 12.129095077514648 25000
12.170143720040063 12.209873065507615 11.984745159590041 12.097309112548828 62700
12.117176941934563 12.143663181906781 11.951641730908497 12.077448844909668 349700
12.11055766563921 12.146312577095262 12.06288318743093 12.117177963256836 74600
12.11717689951447 12.123798459484345 12.110556602478026 12.110556602478027 44300
12.170742681223906 12.237613870565895 12.138643796067493 12.190803527832031 15200
12.244298344260812 12.310502438649765 12.143990308521857 12.150677680969238 38900
12.157362639300114 12.248308590650558 12.157362639300114 12.177423477172852 15900
12.212868376203785 12.212868376203785 12.156695981543148 12.184112548828125 19000
12.203508223555486 12.203508223555486 12.157366241997543 12.194146156311035 44200
12.16405300829516 12.212869681561155 12.16405300829516 12.205513954162598 9700
12.237613870565895 12.271050740723068 12.137305811066735 12.190803527832031 53700
12.170739440055703 12.235605547851442 12.083804876284624 12.090492248535156 72800
12.103867110886862 12.123927952347943 12.070430249308638 12.107210159301758 45600
12.090492631484011 12.137302963234548 12.090492631484011 12.094505310058594 6800
12.090492004047844 12.222230556199122 12.090492004047844 12.104535102844238 17000
12.103869438171387 12.160710200554709 12.103869438171387 12.103869438171387 24400
12.237612703339847 12.237612703339847 12.110556435319781 12.197489738464355 60700
12.301805487755086 12.337917034365304 12.217546912978632 12.244295120239258 4600
12.304483027958804 12.316519787785444 12.150677293037205 12.204174995422363 15300
12.23694772359899 12.247647779077024 12.070435523986816 12.070435523986816 34300
12.010245059608167 12.331232550273832 11.936686515808105 11.936686515808105 18900
11.996871590590052 12.030307176364095 11.869814068774183 11.936686515808105 15400
11.936684586207205 11.936684586207205 11.77619150456148 11.782878875732422 15800
11.702634707229539 11.930000283580304 10.826609266281567 10.960352897644043 20200
11.10078513599559 11.360249591061475 10.967040229645805 11.07403564453125 38500
10.817128425089424 10.817128425089424 10.391203915981396 10.695435523986816 55600
10.641351991748893 10.88270945368676 10.641351991748893 10.715720176696777 100700
10.499377031468857 10.537913166901289 9.634006778556893 9.667810440063477 46800
9.803023055225399 9.81451638877769 9.49879143418587 9.769219398498535 9700
10.47909339529569 10.580503718640042 10.039647801135347 10.310075759887695 63300
10.310073850848458 10.310073850848458 9.803021038511648 9.904431343078613 15900
9.972040864976961 10.384443678807973 9.972040864976961 10.24246883392334 40200
10.161337801700178 10.756279823472344 10.147816729143363 10.742758750915527 25200
10.857013102640785 10.918535232543945 10.614303722441496 10.918535232543945 31500
10.521685043396797 10.9185383561023 9.809783144782338 10.91177749633789 18200
10.776565779768903 10.776565779768903 10.485855841330995 10.766425132751465 2200
10.769804672396122 10.925300598144531 10.47909411325638 10.925300598144531 22200
10.526416115138021 10.918536902764481 10.479091392588582 10.560219764709473 14700
10.70557737344012 10.918539316747397 10.485854569773593 10.57374382019043 145200
10.708958609200941 10.804960770320411 10.658253442194546 10.668394088745117 7400
10.71571824452237 10.749521255493164 10.67853415875317 10.749521255493164 4500
10.661632928706162 10.85769271850586 10.661632928706162 10.85769271850586 1000
10.905019732013034 12.64928207178054 10.905019732013034 11.249815940856934 5900
11.216009807727328 11.723062687680635 11.216009807727328 11.256573677062988 3200
11.527001790164931 11.527001790164931 10.14781860708904 10.37768268585205 25100
10.648109511202232 10.648109511202232 10.191761831771933 10.397963523864746 46800
10.5210968624791 10.521780563218574 10.124332536592505 10.439007759094238 7700
10.27483141219278 10.48552675044703 10.226945603927385 10.421223640441895 10000
10.274829973808506 10.42532634332783 10.192740214670037 10.404804229736328 41300
10.261148029100474 10.432167162918814 10.261148029100474 10.315874099731445 22700
10.302192120765863 10.367178916931152 10.226943290110642 10.367178916931152 22200
10.569668784027657 10.569668784027657 10.244048403628115 10.308351516723633 6100
10.226945446063288 10.442429948965525 10.226945446063288 10.281671524047852 7400
10.26114955998447 10.402069571695819 10.26114955998447 10.312455177307129 10000
10.206422805786133 10.25567601248842 10.206422805786133 10.206422805786133 15100
10.309033182019522 10.574455211835817 10.206421962641068 10.336396217346191 12100
10.415068621141378 10.60113705590492 10.24541749056148 10.288514137268066 6600
10.22694684684739 10.603189173814874 10.206424727888843 10.500577926635742 19300
10.32955647150063 10.596345916365015 10.261148553522643 10.370600700378418 5200
10.261147474104634 10.49852210251102 10.261147474104634 10.3576021194458 9600
10.415066137253401 10.415066137253401 10.261148646599898 10.32750415802002 3300
10.319294407734967 10.439007930110579 10.244046224829313 10.305612564086914 8200
10.339819055368016 10.339819055368016 10.317244529724121 10.317244529724121 2800
10.262517614096415 10.322716561726189 10.26114955998447 10.312455177307129 1200
10.415748999204231 10.571718884474802 10.226943863655285 10.568982124328613 40600
10.483472078235492 10.579243021689608 10.384281326431388 10.57034969329834 7800
10.363760086880843 10.5546176487691 10.363760086880843 10.432168006896973 10800
10.487549093913497 10.522161600067989 10.439091981404397 10.508316993713379 37400
10.553311742165745 10.553311742165745 10.45293621047657 10.50139331817627 4500
10.52908393613183 10.630844529707208 10.418324447706764 10.520084381103516 1800
10.432168096323824 10.556772839456517 10.432168096323824 10.439090728759766 15500
10.4321704337279 10.579619368793363 9.899140160123784 10.189884185791016 191200
10.259105416566332 10.268104970040733 10.148345947265625 10.148345947265625 29100
10.217572212219238 10.23833945024276 10.214110895852219 10.217572212219238 3000
10.231416765430744 10.266029268746166 10.210649527512926 10.259106636047363 11400
10.35601952015903 10.428705168971492 10.245260059009489 10.380248069763184 17400
10.480624838542997 10.533235123448364 10.245260640160225 10.411399841308594 10200
10.369866733218553 10.466781616210938 10.037588266122315 10.466781616210938 8100
10.49447037792925 10.49447037792925 10.383710900617896 10.432168006896973 46500
10.51523678792658 10.536004683423123 10.241799432340537 10.487546920776367 26600
10.542928599875834 10.605230977501035 10.439091743952917 10.466781616210938 17900
10.53600395232379 10.70214314369658 10.401015281677246 10.401015281677246 18300
10.473702290040858 10.660608727773894 10.473702290040858 10.555387496948242 14400
10.646762827080812 10.847514503981817 10.55677060499713 10.667530059814453 228900
10.709067084011362 10.736756952624678 10.376788000473049 10.598307609558105 21300
10.660608927080132 10.660608927080132 10.418322750661071 10.650225639343262 6500
10.494469441882778 10.494469441882778 10.259105243500006 10.411399841308594 62400
10.56369892608414 10.56369892608414 10.321411993030031 10.421788215637207 6900
10.446305337051427 10.488343077499563 10.404268264770508 10.404268264770508 10800
10.530383624863802 10.530383624863802 10.411277433816819 10.50936508178711 9000
10.509359346949184 10.593434141544728 10.49254425439666 10.544390678405762 5500
10.537384278481031 10.544390678405762 10.348216157682824 10.544390678405762 3400
10.572419486181522 10.572419486181522 10.404269835340488 10.474331855773926 6300
10.425288669030216 10.817637865404631 10.411275863647461 10.411275863647461 6900
10.674009781860123 10.674009781860123 10.404269964191469 10.49184799194336 6300
10.4042703988045 10.61305599271409 10.320194900663392 10.383251190185547 8100
10.411273170637088 10.50585757800319 10.411273170637088 10.49534797668457 6200
10.467325996022678 10.55490402723098 10.341214085436523 10.547898292541504 8600
10.467325748843807 10.509363496824733 10.411275863647461 10.411275863647461 3600
10.456814939205266 10.456814939205266 10.369236925758265 10.404268264770508 17500
10.39726057457808 10.501653671264648 10.356623985820647 10.501653671264648 9500
10.551400008864167 10.579424948179629 10.439299583435059 10.439299583435059 6300
10.495350551231926 10.495350551231926 10.36573544400969 10.456816673278809 5600
10.488344536176045 10.488344536176045 10.355225563049316 10.355225563049316 5200
10.355225563049316 10.496752085434961 10.355225563049316 10.355225563049316 7500
10.474331347743858 10.48133774989757 10.393759727478027 10.393759727478027 3400
10.467321720814036 10.467321720814036 10.313885169021871 10.362228393554688 4100
10.35522700036329 10.439301836454787 10.35522700036329 10.369239807128906 28300
10.369238280114862 10.369238280114862 10.3061819952903 10.330703735351562 3400
10.36923905260693 10.439301076834719 10.320194900663392 10.383251190185547 106300
10.43631889744648 10.43631889744648 10.312498029811023 10.414384841918945 98200
10.365560267023872 10.443390846252441 10.344334052129357 10.443390846252441 14300
10.429241170466835 10.450468063354492 10.429241170466835 10.450468063354492 2100
10.528294281890426 10.5848979601719 10.372633829231834 10.549520492553711 13700
10.58490225844822 10.68183624869087 10.570750995746826 10.664855003356934 2300
10.641507721213657 10.641507721213657 10.563677787780762 10.563677787780762 500
10.64150379483654 10.64150379483654 10.457541465759277 10.457541465759277 9300
10.42923907416325 10.577823920664374 10.42923907416325 10.567211151123047 500
10.584900105084952 10.613201949960747 10.457541465759277 10.457541465759277 3100
10.507073351269094 10.69952568423013 10.372639041717507 10.400940895080566 14700
10.386787819759144 10.54244763861488 10.386787819759144 10.464617729187012 3200
10.466033614356261 10.498581111837229 10.466033614356261 10.473109245300293 1800
10.549522710299295 10.556598340264202 10.330183579540856 10.437023162841797 19200
10.52122466741862 10.577828378055171 10.454007507999167 10.563677787780762 3100
10.36273188086444 10.535373632962955 10.36273188086444 10.53325080871582 1300
10.439855043426354 10.542448997497559 10.439855043426354 10.542448997497559 17000
10.38183660653335 10.579949563057214 10.33018571171325 10.507072448730469 38100
10.57782574692279 10.606127595201253 10.507071463611275 10.540326118469238 19200
10.422166201176074 10.57004392869677 10.400939981710138 10.471694946289062 5200
10.507072448730469 10.511317422724057 10.507072448730469 10.507072448730469 500
10.582096962800364 10.610677885342161 10.289141654968262 10.289141654968262 8200
10.360594890496989 10.517790314116759 10.346304087702928 10.510644912719727 6300
10.582097520020287 10.582097520020287 10.539225793238629 10.560661315917969 9000
10.527791911685423 10.552085318539199 10.474916903836592 10.532078742980957 10800
10.503497052957218 10.610676004558279 10.503497052957218 10.547082901000977 6400
10.532079882644693 10.574951607353501 10.532079882644693 10.561375617980957 1900
10.560661315917969 10.696421216207403 10.560661315917969 10.560661315917969 3500
10.63211509720045 10.646405220031738 10.467774255390783 10.646405220031738 4500
10.646405437330953 10.68213176727295 10.592816283129492 10.68213176727295 5800
10.71785665840553 10.71785665840553 10.646404008113638 10.6749849319458 3700
10.674984222655054 10.717855946266207 10.649976001141434 10.685702323913574 4500
10.639254666626812 10.639254666626812 10.41060669386915 10.5235013961792 17700
10.539223946826276 10.617821303829361 10.539223946826276 10.595671653747559 4600
10.63925792181217 10.660693441577562 10.560659880300918 10.607104301452637 5800
10.682130836352586 10.717857163181124 10.657122611999512 10.657122611999512 5900
10.64640214015635 10.68212845903396 10.610676502701596 10.624966621398926 6800
10.68213068107891 10.68213068107891 10.574952383574226 10.617109298706055 2500
10.59638691735772 10.6721263949781 10.549943174488487 10.610677719116211 23600
10.66783900418195 10.703564643859863 10.492780780353165 10.703564643859863 7700
10.703564766293256 10.717855567466206 10.646402924447269 10.680700302124023 1600
10.689274524273277 10.703564643859863 10.582096242393742 10.703564643859863 6500
10.717856593716043 10.825034887084014 10.69999377196237 10.817890167236328 20700
10.850352175106519 10.871994972229004 10.846744927584085 10.871994972229004 6100
10.958568597645058 10.972275865213048 10.828711106173644 10.91456127166748 12900
10.971554495682302 10.971554495682302 10.868389129638672 10.868389129638672 2200
10.92971151696917 10.92971151696917 10.868389674113052 10.907347679138184 3400
10.90806704770007 10.965781633559954 10.72049429964938 10.79985237121582 6700
10.799851626151733 10.799851626151733 10.744300842285156 10.744300842285156 1400
10.73492412430951 10.82149600982666 10.73492412430951 10.82149600982666 4800
10.720497941834386 10.81428434772275 10.64114053131917 10.778212547302246 10600
10.688029831396005 10.734923362731934 10.688029831396005 10.734923362731934 1500
10.814281201690163 10.814281201690163 10.511279267125408 10.731316566467285 3600
10.677207895262615 10.677207895262615 10.366991503761325 10.66999340057373 56100
10.655565989661783 10.807066262716328 10.655565989661783 10.698851585388184 11700
10.763782535953338 10.763782535953338 10.46078056120839 10.691638946533203 7500
10.612280666131278 10.66278076171875 10.467994187301212 10.66278076171875 5300
10.677209561031413 10.74935245513916 10.677209561031413 10.74935245513916 1900
10.799852382073798 10.821495179789979 10.669994219752434 10.76378059387207 10100
10.734923823236066 10.929710388183594 10.641137444553122 10.929710388183594 4900
10.887867269400683 10.893639003328266 10.879210012515383 10.890752792358398 3100
10.770995613192918 10.965782178140444 10.770995613192918 10.929710388183594 12600
10.994638667489285 10.994638667489285 10.922495780869966 10.951353073120117 8600
10.936926120622083 10.936926120622083 10.893640518188477 10.893640518188477 7100
10.86045381229243 10.958568482688214 10.770996399638888 10.861175537109375 3500
10.715487645873264 10.999583080946271 10.715487645873264 10.737340927124023 5300
10.751910787474861 10.88521671295166 10.751910787474861 10.88521671295166 3600
10.904884368365895 10.904884368365895 10.81747055053711 10.81747055053711 7500
10.853887244081582 10.884482656134605 10.795611393499629 10.883025169372559 24600
10.883028650416403 10.883028650416403 10.8225679397583 10.8225679397583 2300
10.846606254577637 10.846606254577637 10.817468321306032 10.846606254577637 2000
10.929648337088 10.942032114305565 10.875743545804497 10.904881477355957 1400
10.912166102881015 10.919450759887695 10.839321616923597 10.919450759887695 3200
10.880112855893097 10.880112855893097 10.853888511657715 10.853888511657715 5300
10.91216436904544 10.91216436904544 10.853888511657715 10.853888511657715 10600
10.839323831318488 10.839323831318488 10.781047952765963 10.81747055053711 26200
10.832039172823604 10.832039172823604 10.7992589042999 10.81747055053711 2800
10.861173953742362 10.896139748587363 10.646281453555522 10.744622230529785 11700
10.766475185758363 10.78031575458225 10.744621911979666 10.773759841918945 3000
10.807271443258914 10.810185028542827 10.562512217126653 10.70091724395752 10400
10.781047554914641 10.81382782222866 10.675422094746528 10.708202362060547 13700
10.77376261636134 10.816012382507324 10.708202083439152 10.816012382507324 16700
10.766475040381161 10.992294515388684 10.766475040381161 10.912164688110352 20100
10.912166120125336 10.912166120125336 10.773761110295332 10.815282821655273 13300
10.824751674973475 10.934019439625745 10.766475811706833 10.890312194824219 12100
10.768944110104215 10.912382687003372 10.757910103609209 10.893993377685547 16800
10.901344087129338 10.960190693959456 10.813074176884161 10.945479393005371 17200
10.96754882759734 10.989616134072435 10.886634902850654 10.901346206665039 15600
10.960194822358016 10.960194822358016 10.90134819336202 10.927093505859375 27000
10.95283716014646 11.022717078582062 10.941803156521733 11.004327774047852 11500
10.999180080995874 11.188225017274005 10.999180080995874 11.144089698791504 21200
11.114665770218656 11.254427019735312 11.114665770218656 11.169835090637207 10200
11.202933321261739 11.213967323303223 11.088182926962041 11.213967323303223 4700
11.144088783122912 11.276494026184082 11.092598167046694 11.276494026184082 14200
11.283848660426594 11.453032493591309 11.283848660426594 11.453032493591309 4600
11.39418888092041 11.39418888092041 11.39418888092041 11.39418888092041 600
11.453035427214731 11.585440688132815 11.327986170015903 11.546454429626465 8700
11.497172286063435 11.710491511908838 11.467748968757423 11.635461807250977 8100
11.681064945996706 11.975298738735074 11.585439015969763 11.842158317565918 8100
11.835533584098068 12.18125717669949 11.835533584098068 12.095930099487305 11200
12.100345348046377 12.276885164416752 12.100345348046377 12.218038558959961 12600
12.313664386329616 12.343088392045521 12.310722266360788 12.3416166305542 6400
12.332055479199752 12.343090184452533 12.262175559997559 12.262175559997559 4900
12.286448377565428 12.286448377565428 11.460388847970053 12.172433853149414 9100
11.931161042628352 12.284242105398683 11.931161042628352 12.195971488952637 2600
12.04885539347159 12.04885539347159 11.820089754525284 11.860547065734863 10500
11.872315708422635 12.040764375522057 11.776690483093262 11.776690483093262 17100
11.769333743981313 11.770805505577211 11.647962517806784 11.73255443572998 39300
11.676881190374353 11.825348146177976 11.676881190374353 11.765961647033691 4000
11.799366240865538 11.9441207391244 11.799366240865538 11.877310752868652 5600
11.877309407012175 11.877309407012175 11.751112937927246 11.751112937927246 2400
11.914427795786352 11.914427795786352 11.728845507434274 11.736268997192383 5800
11.743691779007543 11.743691779007543 11.728845507434274 11.736268997192383 85300
11.840194107289268 11.869887356084726 11.837966918945312 11.837966918945312 900
11.907004242588185 11.907004242588185 11.895868301391602 11.895868301391602 300
11.803076060934163 11.907003482112215 11.803076060934163 11.840192794799805 3500
11.840192334504495 12.040621556878643 11.840192334504495 12.018352508544922 5400
11.914428479761046 12.322711944580078 11.914428479761046 12.322711944580078 2000
12.315285682678223 12.315285682678223 12.181665721206238 12.315285682678223 2100
12.359827008085098 12.359827008085098 12.025778471366285 12.166820526123047 4000
12.255898439576534 12.255898439576534 12.191315650939941 12.191315650939941 800
12.293016475763242 12.953692862253273 12.293016475763242 12.48602294921875 4200
12.745839161391421 12.745839161391421 12.344979243759944 12.545409202575684 3800
12.797803751282585 12.797803751282585 12.515718208956175 12.575104713439941 6500
12.664185739542475 12.664185739542475 12.16682315587809 12.566941261291504 15400
12.612217446719123 12.612217446719123 12.370217114919226 12.530560493469238 10900
12.582525728083159 12.760685206484544 12.582525728083159 12.701298713684082 3900
12.882556101439267 12.882556101439267 12.45863015763621 12.612920761108398 4500
12.68032765618673 12.832371084750942 12.672837628037128 12.724517822265625 5200
12.605429788337739 12.822636335919745 12.53053092956543 12.53053092956543 16500
12.65036867989008 12.732757568359375 12.65036867989008 12.732757568359375 10400
12.702045554418524 12.773948669433594 12.575467957605458 12.773948669433594 3900
12.777694049158383 12.777694049158383 12.657856466383228 12.699050903320312 7600
12.732757436569418 12.803161992478794 12.590449747570931 12.678081512451172 7600
12.732760141684247 12.740250172020387 12.687821388244629 12.687821388244629 11000
12.732755530553334 12.732755530553334 12.657856682893563 12.725265502929688 8400
12.62040474205115 12.732752270487241 12.62040474205115 12.702792167663574 9700
12.695303570533987 12.732752270487241 12.695303570533987 12.702792167663574 5400
12.75522123385318 12.89752742411081 12.59269069023681 12.74773120880127 10700
12.747737131655404 12.875064759544394 12.691562631954397 12.720772743225098 6100
12.73275939463284 12.770208115539143 12.695310673726537 12.714035034179688 13300
12.76271768364891 12.862332352690453 12.712534633396631 12.732757568359375 9000
12.732758686267424 12.854094878120007 12.71028859782745 12.770207405090332 22000
12.934982822420414 12.987411590580573 12.807655201784259 12.882554054260254 26500
12.934981259999851 12.972429967426013 12.878806770283994 12.957449913024902 24200
12.996743659527839 12.996743659527839 12.87584383917089 12.989187240600586 8400
13.034523948699237 13.072304601040246 12.906067713004505 13.030746459960938 12800
13.162980309865027 13.162980309865027 13.034524072945835 13.072304725646973 8300
13.162981625293254 13.162981625293254 13.026968955993652 13.026968955993652 14200
13.102530400799496 13.102530400799496 13.057193329310227 13.072304725646973 14300
13.004299697363832 13.072306032013632 13.004299697363832 13.026968955993652 8100
13.013367117210207 13.11008726323599 13.013367117210207 13.0609712600708 11200
13.246103419327541 13.601246560676605 13.117647144160443 13.298996925354004 48400
13.147871511629614 13.298997051342582 12.928741064409765 13.155427932739258 36500
13.147870063781738 13.238545665872282 13.049639482653465 13.147870063781738 20300
13.110090729236468 13.298996931556188 13.072308624028556 13.106311798095703 15200
13.094976563078838 13.297483726301286 13.094976563078838 13.147870063781738 10300
13.178093213439906 13.33677368506681 13.178093213439906 13.268767356872559 11000
13.261214530609738 13.37455940246582 13.261214530609738 13.37455940246582 16400
13.37455696142364 13.404781198159649 13.332997374826933 13.351887702941895 24500
13.36700157837743 13.412338657616605 13.238545319499963 13.274815559387207 16000
13.37455696142364 13.412337617653563 13.319396396233746 13.351887702941895 22400
13.344330556908014 13.404780468328452 13.1705372417292 13.224185943603516 24100
13.344332593226763 13.366245203042137 13.266502761915936 13.306551933288574 8400
13.351888487810252 13.39798221706078 13.223432231341912 13.39495849609375 11900
13.412341117858888 13.412341117858888 13.374560451769382 13.412341117858887 16500
13.412336427976847 13.442562103271483 13.336773680979777 13.442562103271484 19700
13.382111769635218 13.525680855716011 13.268768361146018 13.465230941772461 22100
13.504860042322981 13.558210035365605 13.413405818670125 13.550588607788086 14200
13.535342753169848 13.558207030835623 13.382917142674717 13.451508522033691 7800
13.436270489031434 13.489620489384984 13.31433053835821 13.474377632141113 7400
13.409595884708295 13.413407325744629 13.352437351912833 13.413407325744629 11800
13.413409542625924 13.529252948143835 13.413409542625924 13.527728080749512 14400
13.550589448327083 13.565830850788862 13.413406650699713 13.43017292022705 12600
13.466754019234344 13.55058826683899 13.451511164462836 13.489618301391602 7800
13.512480460114755 13.718254628414225 13.459131924697537 13.54372787475586 13000
13.512481078659395 13.664906718519052 13.512481078659395 13.600125312805176 26000
13.600124972466826 13.672527803725695 13.565829277038574 13.565829277038574 8700
13.443893172975244 13.668720250579492 13.443893172975244 13.642045974731445 18100
13.573454564368184 13.676341679913078 13.39816605061274 13.642045974731445 23700
13.565833135034598 13.710637385094708 13.565833135034598 13.642045974731445 7200
13.71063620045349 13.71063620045349 13.642044796016735 13.68015193939209 18800
13.68015314359059 13.863063086976325 13.653478867699276 13.824955940246582 12400
13.855438848760354 13.870681704362115 13.847817420959473 13.847817420959473 3000
13.863058313330148 14.263173767561955 13.80589833973767 13.878299713134766 22200
13.885926647850818 14.114565179274022 13.786850968448125 13.86306381225586 12200
13.924035376312801 13.924035376312801 13.802857100810634 13.855443954467773 13400
13.931656408732401 13.954519246267783 13.809716429746318 13.856966972351074 14900
13.946895051575599 13.946895051575599 13.832576525639194 13.870683670043945 22400
13.949076658358404 13.949076658358404 13.872221946716309 13.872221946716309 28300
13.955991366541832 13.98750195326818 13.887590408325195 13.887590408325195 16800
14.002871864795738 14.052827637784432 13.949074016599338 13.987502098083496 19500
14.025927620161127 14.025927620161127 13.933701697670923 13.964444160461426 12700
14.02592945098877 14.02592945098877 13.96444598326353 14.02592945098877 21000
14.064353942871094 14.072039558410303 13.972129488163143 14.064353942871094 30300
14.064353292267485 14.214220589527423 14.033612297413976 14.041297912597656 53500
14.064354918482422 14.218064308166504 14.064354918482422 14.218064308166504 40400
14.197316060845676 14.218067081700786 14.178870871850206 14.202695846557617 18000
14.218066303844749 14.233437538146973 14.115080793077754 14.233437538146973 11200
14.233436749517352 14.233436749517352 13.941389177482879 14.033615112304688 24700
14.064352848259778 14.23343344520048 14.064352848259778 14.1873197555542 15700
14.233434768444743 14.256490149530118 14.141208846459348 14.24880599975586 27300
14.241124055905267 14.333348535787705 14.218067202993819 14.33027458190918 39300
14.333345594232194 14.371773674531552 14.294918979814213 14.36408805847168 21300
14.371770043198728 14.371770043198728 14.27185852554654 14.352555274963379 17600
14.371776815125964 14.371776815125964 14.351025793817827 14.36793327331543 29800
14.371774583922456 14.371774583922456 14.35640335083008 14.356403350830078 21300
14.35640335083008 14.371774583922456 14.341032117737702 14.356403350830078 19900
14.37177444224668 14.37177444224668 14.14121034577833 14.256491661071777 15100
14.258040221491116 14.490509160195428 14.134057378712313 14.180550575256348 14400
14.311507249923794 14.413018695506862 14.19914734316342 14.273537635803223 16200
14.196051098211633 14.351030415769806 14.134059666786827 14.335532188415527 17300
14.335529319386469 14.351027543639024 14.304532870881358 14.331655502319336 30500
14.296783611248891 14.41301732394363 14.296783611248891 14.340951919555664 5400
14.366528653523922 14.486636220625757 14.27276629935266 14.467264175415039 7000
14.506007689309042 14.560251482932419 14.344829678295273 14.490510940551758 6500
14.537004223467731 14.738476738352828 14.490511020953404 14.606744766235352 35700
14.598996487515413 14.64548969268799 14.598996487515413 14.645489692687988 6800
14.64548969268799 14.699732011721386 14.614494715237052 14.645489692687988 96600
14.653233942994053 14.684230388149304 14.629986609127615 14.642385482788086 45600
14.645484985741119 14.660983208481749 14.629986763000488 14.629986763000488 25500
14.6222425025154 14.769471218536832 14.6222425025154 14.746225357055664 35800
14.738476687768445 15.265404574429867 14.738476687768445 14.753974914550781 53900
14.761718657412425 14.761718657412425 14.70825230169881 14.75861930847168 24700
14.75552386517504 14.761722564697266 14.72297847569497 14.761722564697266 31200
14.746225815891702 14.85471044749193 14.734601406797207 14.761722564697266 30200
14.792719003514371 14.792719003514371 14.730727574377276 14.753974914550781 20000
14.76172073672728 14.955444113734158 14.738474877401382 14.870206832885742 30600
14.85858629766028 14.893456573729056 14.823716021591503 14.850838661193848 7900
14.854705995938872 14.862455107015585 14.831458662708737 14.860904693603516 22900
14.93994934906836 14.93994934906836 14.854710578918457 14.854710578918457 33000
14.864080882436243 14.864080882436243 14.825025652383939 14.856269836425781 22200
14.85627074409843 14.87970239375672 14.832837604635355 14.840648651123047 29200
14.871896117993902 14.871896117993902 14.778165029268177 14.817218780517578 22400
14.807064892525716 14.864084200305351 14.76254206930845 14.848462104797363 14800
14.86408101202747 14.895323706537004 14.848458919870348 14.879701614379883 18900
14.879703860216122 14.879703860216122 14.848461160991036 14.868768692016602 9400
14.879701614379883 14.879701614379883 14.844552651928714 14.879701614379883 13800
14.87970439415859 14.87970439415859 14.869551373183944 14.871894836425781 22100
14.957810994734603 14.99686622619629 14.943751707330293 14.996866226196289 46500
14.99686622619629 15.008582050732423 14.981244133611614 14.996866226196289 45000
15.14527446072092 15.285089682759299 14.996869022905184 15.231194496154785 13400
15.192141420841711 15.54362964630127 15.192141420841711 15.54362964630127 17900
15.543630101974223 15.61392804708799 15.387413604903182 15.535819053649902 28100
15.55924437268422 15.55924437268422 15.426459597568668 15.496757507324219 13600
15.504575895629683 15.58034142336884 15.504575895629683 15.54362964630127 26900
15.621736697598376 15.770143613370935 15.55143876327479 15.66079044342041 20700
15.738896778848105 15.770140962096889 15.426462395383547 15.59830093383789 27300
15.770144491915744 15.770144491915744 15.582683819877836 15.652981758117676 14800
15.621738637449536 15.621738637449536 15.504575895629683 15.54362964630127 25600
15.504571008708877 15.5826799752378 15.504571008708877 15.520193099975586 17700
15.543626435045205 15.582681667453215 15.082785121264157 15.211665153503418 75000
15.130581788380027 15.335262062502657 14.611009362347284 14.74483871459961 124100
14.96526531465951 15.185690591539338 14.918031863015388 15.004626274108887 68900
14.981006113271093 15.004622081732542 14.807814336426151 14.90228271484375 24400
14.948735396182682 14.996755652578921 14.945586699216893 14.965267181396484 33400
15.075476676577008 15.075476676577008 14.980221476324285 15.044775009155273 19000
15.043986457545213 15.240794228045702 14.981794829689074 15.091219902038574 25500
15.130579948425293 15.130579948425293 15.067601525701763 15.130579948425293 23300
15.09909194045656 15.185687837368844 15.09909194045656 15.169942855834961 38200
15.114833942804278 15.19355583190918 15.114833942804278 15.19355583190918 10300
15.248665262244575 15.587173333885277 15.154196880758901 15.201430320739746 21300
15.193559841072142 15.477750320180354 15.193559841072142 15.338410377502441 17800
15.335260572752212 15.351005554199219 15.256537167041246 15.351005554199219 13000
15.311645733226097 15.398240134533497 15.311645733226097 15.366751670837402 12500
15.366750134371644 15.46908950805664 15.34706965883884 15.46908950805664 28900
15.469090324263735 15.469090324263735 15.421856880187988 15.421856880187988 16000
15.429731147346342 15.429731147346342 15.367539512880754 15.374625205993652 32400
15.398235541819956 15.398235541819956 15.358874598558678 15.382492065429688 14300
15.469085600406698 15.48483057746521 15.382491229632185 15.461213111877441 18000
15.445471671695573 15.445471671695573 15.387215549207006 15.437599182128906 25900
15.492705107571723 15.492705107571723 15.358875787986088 15.437599182128906 6600
15.484835670686756 15.52419662475586 15.437602225499 15.52419662475586 27000
15.52419662475586 15.547814098111813 15.469090688449455 15.52419662475586 27900
15.692388669998843 15.70825444426857 15.509917890612716 15.65272045135498 23100
15.628920635781054 15.628920635781054 15.438516217509745 15.605119705200195 12000
15.60511631950104 15.60511631950104 15.406779813921812 15.505948066711426 11100
15.589247942167093 15.589247942167093 15.279843499390923 15.315544128417969 29900
15.2798459426868 15.462315181030293 15.2798459426868 15.406781196594238 16800
15.430580835927014 15.494048457582146 15.311577721284614 15.335378646850586 14100
15.438512964594878 15.509914228105334 15.311577721284614 15.335378646850586 19200
15.430581270867318 15.509914665281801 15.351246363265334 15.417094230651855 9500
15.470248524602608 15.549583435058594 15.27191200505642 15.549583435058594 12100
15.549583564018434 15.549583564018434 15.335379757967047 15.509915351867676 17800
15.597185125586824 15.724120388024316 15.421062184146958 15.466283798217773 19700
15.462313959026972 15.58924920290258 15.423440172993969 15.541648864746094 19800
15.628921033356482 15.660654095083753 15.549586109256577 15.65272045135498 30200
15.65271433773932 15.668581618999445 15.593214302794697 15.597180366516113 27200
15.628920581976203 15.628920581976203 15.565452947166857 15.620986938476562 18900
15.557517533334066 15.620985160921254 15.557517533334066 15.581316947937012 30100
15.48611341392416 15.61304864574425 15.422645798014116 15.532920837402344 34100
15.589246677975444 15.613047599792482 15.566240179450029 15.61304759979248 12800
15.58924713997258 15.66858203519329 15.549580448955858 15.644781112670898 11400
15.668583855607762 15.668583855607762 15.573381667644632 15.62732982635498 14300
15.647955363911064 15.668581618999445 15.573379444625928 15.597180366516113 12900
15.686726271160117 15.774673237030736 15.562798990872349 15.670735359191895 18400
15.670746540208615 15.686737463586299 15.594790416653813 15.666748046875 10800
15.678730815176007 15.71071111413515 15.598777780312197 15.670735359191895 13600
15.670739707061896 15.670739707061896 15.430880535921185 15.502838134765625 21900
15.502837987423348 15.731503819902866 15.430880389262807 15.494842529296875 15200
15.52682674039388 15.566802512172513 15.502840362339933 15.530823707580566 3100
15.542815366104417 15.566800215641997 15.454866851192712 15.478853225708008 18400
15.558804461048393 15.586789326605272 15.460463224866906 15.462862014770508 6000
15.422892332421174 15.494848433020143 15.422892332421174 15.430886268615723 11300
15.494843897983744 15.494843897983744 15.270977150578814 15.350930213928223 15500
15.35092929631256 15.486849038388474 15.111070120602134 15.135056495666504 24700
15.151048318043625 15.486849964128862 15.151048318043625 15.350930213928223 13100
15.310954257550852 15.606780160297934 15.297362128845398 15.451671600341797 24800
15.710719081840164 15.710719081840164 15.566803851094031 15.614776611328125 9900
15.635559620016735 15.635559620016735 15.582790817131462 15.60677719116211 7700
15.606781124250363 15.766685749819418 15.570802316626164 15.686734199523926 14900
15.638759285661989 15.766683578491211 15.550812287453063 15.766683578491211 18800
15.734705434696835 15.734705434696835 15.590790204200037 15.686734199523926 8500
15.742700576782227 15.766685431395247 15.638761123532337 15.742700576782227 10900
15.766686211886181 15.862630210021857 15.735504984358881 15.806663513183594 19700
15.918598670452726 15.950580515033867 15.798669803230018 15.882619857788086 21800
16.033276223384384 16.073561759824855 15.936594009399414 15.936594009399414 9700
15.864084729186493 16.073564950045547 15.853610333959441 15.87214183807373 16200
15.936597155198276 15.936597155198276 15.815742058756792 15.856027603149414 6400
15.9043687368863 15.9043687368863 15.791572285937727 15.87214183807373 7500
15.9043687368863 15.912425845773539 15.711002733801722 15.87214183807373 17100
15.831853555774233 15.988963310064833 15.831853555774233 15.880194664001465 21300
15.992994738608882 15.992994738608882 15.806073815645233 15.807685852050781 14300
15.944653775694599 15.952709347589996 15.79157178516428 15.847970008850098 15600
15.803651530069335 15.84796484473607 15.621565237187282 15.719054222106934 27500
15.719060916207699 15.920484041935524 15.614320030256795 15.896312713623047 103500
15.90436793271888 15.91242504119873 15.719059047891255 15.91242504119873 9400
15.912425341167651 15.984937782116944 15.83991290021836 15.847970008850098 12600
15.952709836218938 15.976881162854513 15.851193030475022 15.856027603149414 10500
15.843940383782146 15.872139492351781 15.79962705981953 15.860053062438965 7000
15.856030535457313 15.872144756194418 15.815744983614549 15.852807998657227 8500
15.851998297487437 15.87214183807373 15.851998297487437 15.87214183807373 9800
15.872139408364903 16.13882306374209 15.864082300711047 15.930148124694824 14600
16.033280356425408 16.077593689564928 16.01636088777975 16.017166137695312 14800
16.04617197333107 16.113849847637745 15.972854276165505 16.005081176757812 10000
16.018879287103836 16.116308532042027 16.006701212206053 16.02699851989746 9200
16.116307516706932 16.156902129532266 15.95311450958252 15.95311450958252 6700
16.010762035451215 16.010762035451215 15.928759787249703 15.95392894744873 10000
16.043241848729537 16.083836476417943 15.96205104476694 16.051361083984375 21700
15.962052758436254 16.17314825196769 15.945814286183232 16.10007667541504 5300
16.270575078831264 16.270575078831264 16.059479617190966 16.140668869018555 13900
16.124433057860244 16.124433057860244 15.967734755817405 16.109817504882812 8700
16.116313417437297 16.14635288443584 15.9539318095121 16.051361083984375 10600
16.140670276742494 16.140670276742494 15.95312104453034 15.970170974731445 9900
15.913329921489101 16.195060907092675 15.9052106899386 15.962043762207031 23800
15.978287520730158 16.0513590803165 15.917394038213008 15.921454429626465 6900
15.953929374319912 16.002643229827523 15.832143961258113 15.88897705078125 23600
16.035117467526515 16.051355932824986 15.832141297051496 15.945807456970215 10000
15.864624359359842 16.05704544690349 15.832147416210494 15.880861282348633 13500
15.905216770079019 15.994526802690299 15.905216770079019 15.942564010620117 4700
15.88085739184968 15.978286648843582 15.88085739184968 15.95392894744873 13200
15.986401456858534 16.06759222377847 15.913329921489101 15.962043762207031 3800
16.08383247046304 16.08383247046304 15.962047069144782 15.994524002075195 8800
16.035117752691086 16.083831600867526 15.970165438927395 16.02699851989746 6200
15.986405458370461 16.083833164193173 15.986405458370461 16.01888084411621 6200
16.055419026389334 16.11631251309077 15.994527088273598 16.00589370727539 11000
16.03106307456619 16.051360387529712 16.001022060285322 16.03512191772461 12000
16.035124691953996 16.043243928261255 16.010766983032227 16.010766983032227 11200
16.067596382693644 16.067596382693644 15.962047893802179 16.0018310546875 12000
16.05338069111749 16.05338069111749 15.824279904969396 15.964194297790527 19600
15.996101861197397 15.998556718324556 15.537901920071603 15.652451515197754 27300
15.40699018296229 15.925739190145942 15.398807844734245 15.787460327148438 17700
15.81609463283508 15.938826560974121 15.52071899132827 15.938826560974121 15500
15.72609066800427 16.233384620155896 15.72609066800427 15.987920761108398 9200
15.901194199314531 15.901194199314531 15.685185436589867 15.742460250854492 7900
15.897921957362497 16.028836267573293 15.8324648022571 15.873374938964844 12800
15.87337379853378 15.87337379853378 15.832463664765248 15.865191459655762 4800
15.873374938964844 15.873374938964844 15.717913610356394 15.873374938964844 11900
15.873373129595475 15.873373129595475 15.79155130488499 15.828371047973633 11400
15.799733714067793 15.865190862004576 15.767005920410156 15.767005920410156 15300
15.734273691570337 15.865187963526624 15.586994745464207 15.709728240966797 22900
15.83245792186887 15.873368040798104 15.83245792186887 15.848822593688965 8500
15.87336839462604 16.1106514594436 15.750636474481558 15.983827590942383 34600
15.881551660342001 16.266112115470488 15.881551660342001 16.200654983520508 28100
15.971557838845365 16.24156873765093 15.971557838845365 16.192476272583008 9200
16.233386400036057 16.24156873765093 16.110654457055585 16.192476272583008 18700
16.200654983520508 16.241566666377448 16.200654983520508 16.200654983520508 38300
16.24157125268032 16.24157125268032 16.11883929069464 16.135202407836914 32800
16.159750543300234 16.2415723771628 16.159750543300234 16.184297561645508 49000
16.123232502935313 16.288259519205784 16.123232502935313 16.2552547454834 17700
16.190068783157503 16.255255219793607 16.162838388249906 16.205745697021484 10600
16.247005163232306 16.255256751138344 16.17934308670048 16.180994033813477 57700
16.213995772205767 16.213995772205767 16.180991000598013 16.197492599487305 26700
16.296514216147106 16.296514216147106 16.180995125328998 16.23050308227539 47400
16.164495279319567 16.25526119728283 16.04897616469716 16.057226181030273 38500
15.949955699572792 15.96645887683926 15.39711185178296 15.718915939331055 45600
15.669405432724286 15.883941980805071 15.56213794559857 15.784924507141113 25900
15.892194254483355 16.247004654178628 15.776675175077235 15.974708557128906 11300
15.974710842380057 16.354274485486616 15.963983619520793 15.99946403503418 13100
16.129011459243387 16.13148551932403 15.43011781539395 15.727167129516602 30200
15.718917791690698 16.13148782899313 15.718917791690698 16.00771713256836 7600
16.065475171827913 16.131486308621646 15.763474575108251 15.99946403503418 11400
16.05722509637231 16.05722509637231 15.76842732932444 16.00771713256836 7100
15.974706242278288 16.040717360063354 15.974706242278288 16.015962600708008 5000
16.03247298437113 16.098484131845346 16.006893527014753 16.057226181030273 10200
16.403780795299912 16.535804629442637 16.05722196852029 16.065473556518555 17400
16.304764287862376 16.313015875557433 16.028341608480893 16.22224998474121 10400
16.32126675786529 16.32126675786529 15.979657652137407 16.16448974609375 17600
16.144515590829787 16.475728421229196 16.061296119207487 16.069618225097656 30100
15.986400221972508 16.446603355024322 15.986400221972508 16.202770233154297 4400
16.25270197124774 16.3234374929678 16.10290723433531 16.186126708984375 15600
16.23605987923223 16.23605987923223 16.098747490036853 16.21941566467285 5100
16.21941649674473 16.227738604451353 16.061299624878416 16.161163330078125 12700
16.174472118080775 16.186122746442674 15.986395421268588 16.019683837890625 5200
16.019688870566554 16.355893730218632 16.019688870566554 16.036333084106445 12600
15.9364643836146 16.198605109036404 15.9364643836146 16.019683837890625 6500
16.086267672983933 16.211096127409547 15.761713374021353 15.93647289276123 27800
15.753385945119838 15.8532480400225 15.753385945119838 15.828283309936523 10600
15.828286516348811 15.936470738955324 15.81164230140021 15.819964408874512 10800
15.844924412462134 16.036328046201643 15.844924412462134 16.019683837890625 14100
16.00304577443566 16.19278601256804 16.00304577443566 16.177806854248047 2400
16.094585128142455 16.21941354647633 16.094585128142455 16.186126708984375 4700
16.127873203695305 16.22773689839614 16.127873203695305 16.194448471069336 10700
16.18030502930683 16.219417191194854 16.10291085287331 16.144519805908203 12300
16.252702348077555 16.40249550118358 15.969757080078125 15.969757080078125 15400
15.978074904392146 16.58557422223271 15.969752800236638 16.019683837890625 14300
16.102911198137587 16.26934860112556 16.019691703003677 16.136198043823242 15300
16.219412263259954 16.219412263259954 16.086261749267578 16.086261749267578 7300
16.028005942046136 16.102903292166648 16.003039629579607 16.019683837890625 10000
16.26934518714159 16.26934518714159 15.978079396212326 16.00304412841797 5000
15.986398884879973 16.107067040360203 15.969756260242233 16.02800941467285 14500
16.066629015181448 16.125388637113563 16.041447234970324 16.087615966796875 8400
16.149727898236787 16.149727898236787 16.058229429506046 16.098522186279297 8600
16.06662059043287 16.181622876836684 15.875232436650881 16.17574691772461 9700
16.167357577848446 16.167357577848446 15.949106455278281 16.125385284423828 16200
16.15056907956793 16.15896353847068 15.92392349243164 15.92392349243164 24100
15.907133662446858 15.932315434097173 15.747642170652217 15.848372459411621 19500
15.831586943377278 16.07501983642578 15.831586943377278 16.07501983642578 3200
16.091809867517934 16.192541775770476 16.091809867517934 16.1673583984375 7700
16.209325060738042 16.209325060738042 15.764430046081543 15.764430046081543 14600
15.781217503520418 16.61225114451846 15.781217503520418 16.203449249267578 30400
16.048158725614226 16.284876695159237 16.033049340507826 16.106918334960938 11900
16.033044560681226 16.368814800475217 16.033044560681226 16.29326629638672 10900
16.2932715366416 16.478785394291837 15.747644521356527 15.991077423095703 73300
16.04144104652985 16.239545753236253 15.82318996277881 16.14552879333496 14200
16.100203567934432 16.14553172370254 15.999471664428711 15.999471664428711 6100
15.873557985856026 16.069144230795317 15.873557985856026 15.999471664428711 9500
16.091804116937194 16.271441955342294 15.859282646002814 15.88194751739502 13100
15.94070813279984 16.26808393676436 15.94070813279984 16.066621780395508 8300
16.167352578606184 16.18078242748588 15.999466658979687 16.108592987060547 9100
16.19253477794322 16.19253477794322 16.024648870436316 16.142168045043945 21600
16.0879851586004 16.299669173845142 16.0879851586004 16.096452713012695 9900
15.97790616962351 16.18450927734375 15.97790616962351 16.18450927734375 5700
16.08798400411014 16.19805897352913 16.08798400411014 16.126087188720703 3200
16.198058299882014 16.219227991023615 16.09645088849334 16.189592361450195 5000
16.200596574752723 16.24886146151669 16.130317343953966 16.17265510559082 12200
16.308132712787817 16.308132712787817 16.08798119733758 16.17265510559082 2900
16.240392335206625 16.240392335206625 15.977904698579724 16.13031578063965 8300
16.172653538173222 16.214989680686482 16.13031578063965 16.13031578063965 4000
16.198054967491686 16.214990070912673 15.969437531389792 16.071044921875 9700
16.14725411122947 16.198057815404287 15.960972785908046 16.15572166442871 8300
16.098988985112804 16.098988985112804 15.96097095235946 15.986371994018555 3900
16.028710546696896 16.132012104929004 15.833961680931115 15.867830276489258 16800
16.02871092028012 16.06173324584961 15.884765752006867 16.06173324584961 7300
16.07951501888321 16.07951501888321 15.69001726866733 15.833962440490723 21000
16.003309823415638 16.003309823415638 15.77469071943324 15.804327964782715 6800
15.83396315251756 16.045647143246292 15.681550420789563 15.817028045654297 6300
15.833961680931115 15.906779726638309 15.791623917707772 15.867830276489258 10100
15.833959456667596 15.918631741178944 15.546069167272163 15.825491905212402 25100
15.918634493394752 16.19721100885941 14.75860719881787 15.080366134643555 39400
15.080363496616338 15.14810229309951 14.546920676188893 14.817875862121582 48600
15.12220229651052 15.12220229651052 14.515261747900944 14.660585403442383 25600
14.823005415298706 15.10510406657311 14.763166554496054 15.07090950012207 10900
15.378654662811906 15.378654662811906 15.07945871689996 15.147846221923828 13800
15.173495385472899 15.344464999757566 15.045268990002938 15.18204402923584 4900
15.344460884660839 15.586381079374007 15.182039957697361 15.429944038391113 12300
15.318816755038732 15.429945846200223 15.301719470094861 15.395752906799316 7500
15.327366062702797 15.566721540357435 15.310268777016923 15.344463348388672 15000
15.353008365104184 15.523123563738707 15.122201560293602 15.361557006835938 21300
15.241883463512195 15.472691962106595 15.241883463512195 15.284625053405762 4900
15.523123089077345 15.55560727447004 15.284620394368346 15.429944038391113 5000
15.541077332791888 15.566721630983091 15.447043891459039 15.51543140411377 14200
15.566720391031826 15.968498422551209 15.566720391031826 15.874464988708496 4300
15.900110331806898 15.908658973704934 15.626560313016652 15.66075325012207 8500
15.712046785755254 16.08817895618688 15.712046785755254 15.840274810791016 10500
15.883016398811556 15.925757986832098 15.840274810791016 15.840274810791016 2500
15.737686947566607 16.079624417840968 15.737686947566607 15.857364654541016 3900
15.964223764864798 16.071079349985677 15.857368179743917 15.942852973937988 4100
15.951401523133276 16.066805750047443 15.797529220581055 15.797529220581055 12900
15.686400030786476 15.959950064486272 15.600915237633586 15.900111198425293 7000
15.908656497947023 15.934300789163556 15.79752580105381 15.857364654541016 3600
15.806076045529988 15.94712618347975 15.724866397626167 15.793253898620605 7700
15.575265969177108 15.712040956684644 15.21024733402584 15.558170318603516 16500
15.447040925559277 15.600913207109999 15.130749351693105 15.199991226196289 14300
15.342373634170613 16.22253101675913 15.342373634170613 16.127613067626953 2700
15.963662926477983 15.963662926477983 15.394148596985346 15.60987377166748 13900
15.523582518717873 15.739307681533607 15.35963093413925 15.420035362243652 15700
15.420031274706547 15.661642339668461 15.420031274706547 15.582256317138672 4700
15.35963164972926 15.542566504152022 15.281970455829248 15.402777671813965 8500
15.565865191492517 15.565865191492517 15.402777671813963 15.402777671813965 200
15.596930656563995 15.791081995461571 15.402777671813963 15.402777671813965 7300
15.497692704254861 15.558097123775031 15.420033170861787 15.506321907043457 7100
15.428659662228508 15.834223936021772 15.100758208168878 15.532208442687988 4500
15.544289236226186 15.899804801123848 15.455409933538759 15.549467086791992 2600
15.549470542460714 15.743623523305873 15.18705219350056 15.558099746704102 4400
15.566731141928363 15.849761839196715 15.489069938659668 15.489069938659668 3200
15.411404218725762 15.914475393103098 15.359629001152111 15.513226509094238 3500
15.566726941005584 15.83422565460205 15.566726941005584 15.83422565460205 3700
15.920517586650682 15.963661960635777 15.695299148559569 15.69529914855957 2800
15.80834050710937 15.946404486973451 15.133552517499497 15.778139114379883 5000
15.747938389057387 15.842857996431364 15.109392043660925 15.535664558410645 3700
15.540841115456901 15.62281608581543 15.540841115456901 15.62281608581543 4300
15.627132581877012 15.96366333634886 15.532212975907 15.74793815612793 16500
15.326460913618911 15.805412142404327 15.326460913618911 15.47450065612793 14000
15.518038778007337 15.800184424219776 14.944167067216815 15.387415885925293 39800
15.491917364029165 15.709622768283918 15.430958455631082 15.457083702087402 6100
15.509330838614517 15.770578291737825 15.38741635706645 15.622538566589355 6700
15.822823535919348 15.936029577305733 15.761866308945152 15.85765552520752 27500
15.857661920564144 15.857661920564144 15.729651692292116 15.799317359924316 13700
15.805406710795332 15.85765552520752 15.67478384428493 15.85765552520752 15100
15.74445247166733 15.857658534536984 15.67478681891058 15.709620475769043 14000
15.45708279289146 15.700913429260254 15.45708279289146 15.700913429260254 2000
15.770577349936797 15.770577349936797 15.500621498401479 15.609474182128906 16200
15.674786456749418 15.718326865856332 15.457081089294565 15.609474182128906 11600
15.707877846083429 15.796701011939014 15.67043316049807 15.770577430725098 6900
15.866365424559008 15.883782251315104 15.779284612698568 15.831533432006836 19900
15.718328024270152 15.936033407769518 15.700912855920002 15.822827339172363 9400
15.883785786344 15.892494201660156 15.801058332281098 15.892494201660156 14000
15.92732548670551 15.92732548670551 15.692203291128655 15.693943977355957 12800
15.674787735381653 15.901201535319064 15.674787735381653 15.84024429321289 3800
15.88378294054025 16.023114238714808 15.719198405145587 15.844595909118652 9500
15.848952293395996 15.936033116435569 15.827180426675872 15.848952293395996 3000
15.936034617280548 16.091912427807085 15.892494201660156 15.892494201660156 11500
15.901199348408381 16.086683739730177 15.814116874107427 15.936031341552734 11300
16.09277998679867 16.09277998679867 15.90119986587015 16.075363159179688 6100
16.092779673719622 16.371442266361683 15.97957361831881 16.19727897644043 25700
16.255275816790995 16.316781997680664 16.21134330927487 16.316781997680664 4400
16.045270985951994 16.46527262599291 16.018032301719185 16.19376564025879 7300
16.19376194524434 16.51886636866933 16.19376194524434 16.255268096923828 4000
16.211340678801427 16.510086374005866 16.147198289721782 16.237699508666992 22300
16.228909077228188 16.272843243797823 16.06196427201486 16.230667114257812 10200
16.176192973608607 16.43979132183504 16.158619303482197 16.40728187561035 5700
16.281629998636085 16.510082635945786 16.264056332092935 16.3519229888916 2800
16.501297512536638 16.501297512536638 16.37389093077257 16.404644012451172 5900
16.431001395365456 16.431001395365456 16.255268096923828 16.255268096923828 4500
16.211338251469957 16.48372340010701 16.158617247797846 16.242969512939453 11700
16.34314096550477 16.34314096550477 15.868661884700167 15.89502239227295 6800
15.851089256624915 16.220126292418023 15.815941914596518 15.90380859375 13500
15.684142840055085 16.07075522539846 15.684142840055085 15.710501670837402 6100
15.719286393334642 16.079538223551225 15.438114396669725 15.613847732543945 15600
15.75443352450979 15.75443352450979 15.543554529773399 15.692927360534668 5800
15.842299217854807 15.842299217854807 15.551460551904267 15.666565895080566 15600
15.68677300876704 15.701710455877954 15.571667685927153 15.617358207702637 7700
15.66656208758723 15.82472170446259 15.665683907202766 15.799241065979004 12800
15.807151718261764 15.974098205566406 15.77200605962335 15.974098205566406 10300
15.895017131504726 15.938949620334798 15.596271514892578 15.596271514892578 4600
15.78606724535331 15.90380883180987 15.613849959405318 15.622636795043945 6300
15.876301792220536 15.904683642910095 15.521524429321289 15.521524429321289 2700
15.512652891618657 15.610217288907434 15.388481252677815 15.557001113891602 8200
15.456777620619766 15.654565811157227 15.456777620619766 15.654565811157227 4700
15.521519511963383 15.565866033884443 15.397347897215315 15.490476608276367 4100
15.486043133580806 15.530391353492087 15.412428302780143 15.507329940795898 13200
15.51265355388099 15.51265355388099 15.432828442093518 15.477176666259766 4600
15.370742882351125 15.494914528712682 15.113529944643359 15.486044883728027 13500
15.3263937705548 15.3263937705548 15.07804882790261 15.228829383850098 18700
15.25543862345039 15.379610251436834 15.078049133431284 15.326394081115723 14400
15.40622194981998 15.40622194981998 15.096677589393673 15.122398376464844 3300
15.264308171123524 15.412429375049479 15.12239724095766 15.211091995239258 5700
15.1223967777932 15.353002455177737 15.113528825177204 15.237700462341309 2800
15.468307405661207 15.503784294163681 15.321960799844982 15.33526611328125 3800
15.47717515506197 16.135286496997793 15.299785659140909 15.59957218170166 14600
15.468308041577021 16.124646577117712 15.468308041577021 15.982735633850098 11400
15.521521318550487 16.098034629182905 15.521521318550487 15.914438247680664 3700
15.885170178318603 16.11577586884777 15.477176666259766 15.477176666259766 4000
15.43282747638827 15.539261516015408 15.43282747638827 15.441697120666504 2200
15.477177614728202 15.477177614728202 15.437265056388554 15.45943832397461 5600
15.512653072521266 15.512653072521266 15.415088674094731 15.468306541442871 3400
15.339356596149228 15.40204075205336 15.070717045577382 15.267719268798828 13600
15.578449401990484 15.578449401990484 15.098479392650697 15.160266876220703 1500
15.294585936408374 15.591881823742026 14.990126827779813 15.446815490722656 7600
15.58113371499191 15.58113371499191 15.303539276123047 15.303539276123047 10000
15.16026379356007 15.652770194611083 15.16026379356007 15.312493324279785 2400
15.213991139086568 15.482632387717775 15.043851852416992 15.043851852416992 10500
15.043853837580667 15.333089809101804 14.990126263952035 15.034900665283203 3800
15.446814126333454 15.473678765769716 15.393086555429612 15.4020414352417 2400
15.4020395747143 15.446812260397627 15.366220059792855 15.419947624206543 6300
15.469202495757251 15.482635671217222 15.231904127580933 15.339359283447266 5000
15.446812949062814 15.760226886724466 15.427113239758834 15.554269790649414 7500
15.559641351752328 15.572177840940052 15.554269790649414 15.554269790649414 1600
15.66172287901548 15.80499751044179 15.49248029708246 15.545312881469727 7000
15.49517005794146 15.724408489699158 15.402041357925661 15.410994529724121 11200
15.545318834540327 15.545318834540327 15.40204414824706 15.491589546203613 1800
15.431592586133808 15.58113550761813 15.410996189654075 15.563225746154785 1800
15.554267759429912 15.658141269425071 15.456660785241718 15.545312881469727 4400
15.625905619924588 15.688588059862917 15.47815269038276 15.599040985107422 4600
15.608001296297507 15.643819113886332 15.491589546203613 15.491589546203613 3000
15.491587473315363 15.688591421584768 15.464724540710447 15.46472454071045 9800
15.751274761988695 15.760229642684212 15.44233906385315 15.643817901611328 11600
15.581136754266272 15.769185848739497 15.581136754266272 15.670683860778809 6100
15.721309036034443 15.752950406747045 15.630906105041506 15.630906105041504 6400
15.639945030212402 15.639945030212402 15.378676972853382 15.639945030212402 7100
15.563100088474158 15.72130692075063 15.54953999551479 15.62186336517334 5100
15.706842096279695 15.721305734524986 15.567618370056152 15.567618370056152 3600
15.685146734977119 15.920198126992926 15.619151635929905 15.71226692199707 9500
15.612822728425378 15.804479744236795 15.486255538279053 15.62186336517334 3500
15.630903805923008 15.703227174674685 15.561291076269098 15.612822532653809 5200
15.760182968047792 15.760182968047792 15.42568628154512 15.585701942443848 600
15.630904001921303 15.630904001921303 15.62186336517334 15.62186336517334 300
15.648983663909299 15.81171167789547 15.486255649923129 15.784589767456055 6200
15.72130600902269 15.72130600902269 15.680624008178711 15.680624008178711 2600
15.712268818055405 15.902118771731052 15.626385341586316 15.703229904174805 7100
15.169844114588011 15.837930542997013 15.124640924170867 15.648985862731934 4700
15.377770966473543 15.820751810241287 15.36873032994868 15.608301162719727 3200
15.880419531553704 15.902116715577618 15.6580246885525 15.802671432495117 8500
15.902118771731052 15.902118771731052 15.642657800626989 15.703229904174805 1500
15.650791989038728 15.902115821838379 15.650791989038728 15.902115821838379 2600
15.884034548780464 15.920197094896293 15.730347176438404 15.902115821838379 15800
15.902118346549203 15.902118346549203 15.639945018560633 15.77284049987793 3900
15.793631092672642 15.793631092672642 14.989033348809754 15.667065620422363 14000
15.886744835638366 15.886744835638366 15.685143667936423 15.694184303283691 7800
15.663151889556795 15.882216743980415 15.562746511747871 15.657674789428711 8400
15.734347655981287 15.736172195223338 15.53536319732666 15.53536319732666 6400
15.608386834874317 15.67501908627972 14.978574261097316 15.28891658782959 5800
15.288916773872687 15.763558190059223 15.252405092178583 15.416704177856445 29800
15.307172923471134 15.635769360481966 15.307172923471134 15.626643180847168 4600
15.626641338712112 15.973493576049805 15.52897451479387 15.973493576049805 7000
15.790939441889797 15.790939441889797 15.480597126483955 15.654024124145508 400800
15.498852308141476 15.836578369140625 15.498852308141476 15.836578369140625 19000
15.717917901227574 15.788202711320713 15.462343104426093 15.599258422851562 22600
15.599258769834995 15.699664151367655 15.517109228757867 15.617514610290527 6900
15.69053690369908 15.69509999352217 15.471472031760998 15.58556842803955 17300
15.71791832298908 15.894083876345235 15.307172356691057 15.453215599060059 32300
15.361937870105402 15.42583156990877 15.288916250191159 15.380193710327148 31800
15.334551837031032 15.534448557205954 15.26153022793936 15.444085121154785 33600
15.106361967833298 15.106361967833298 14.741253852844238 14.741253852844238 29000
14.859914084328167 14.86904200421392 14.78689246621485 14.823402404785156 44300
14.923807965025889 15.051595363043448 14.8781683650391 14.994091033935547 18700
15.051595723220267 15.051595723220267 14.969446182250977 14.969446182250977 5400
15.060723001803952 15.206766237089084 15.005957223815201 15.06985092163086 20000
15.154554645305474 15.292659532744715 15.108520853543455 15.172968864440918 12700
15.145346751227923 15.145346751227923 15.053277427071647 15.090104103088379 22800
15.025656700134277 15.080897594392844 14.878346478060518 15.025656700134277 43900
14.952001589097398 15.090104702782 14.952001589097398 15.025656700134277 15100
15.080897201433114 15.09102624965071 14.970415415794779 15.062484741210938 12000
15.099311811171155 15.099311811171155 14.924380263929931 15.025656700134277 10200
14.942795706670642 15.062486369473165 14.942795706670642 15.044072151184082 47300
14.961208641887312 15.136140188478452 14.961208641887312 15.053277969360352 19700
15.016449310975796 15.053277743843822 14.979622634184105 15.007242202758789 49400
15.007243012914849 15.071692773913169 14.9059683292132 14.915175437927246 40100
14.998037394683765 14.998037394683765 14.91517517380115 14.970416069030762 46600
14.970416434653066 15.182174668268674 14.970416434653066 15.108519554138184 33600
15.099313743975733 15.265038204041549 15.099313743975733 15.172968864440918 22700
15.172965949247782 15.265035271159066 14.998036169300224 15.200587272644043 19000
15.219001859337686 15.28344985942419 15.05511779503052 15.090104103088379 25400
14.961209971825769 15.044072198309694 14.878347745341843 14.942795753479004 63800
14.942796012404287 14.942796012404287 14.72183065664382 14.813899993896484 57700
14.778912672685916 14.85809240268638 14.740243869771453 14.841520309448242 13600
14.841521609249266 14.91517672926216 14.749452270214002 14.905969619750977 19300
14.915175437927246 14.961209225421047 14.869139894357016 14.915175437927246 16100
14.915174181708 14.952000857386055 14.823104858398438 14.823104858398438 22000
14.841521321895248 14.952003121737208 14.731037765976742 14.813899993896484 24500
14.852912719642967 14.955090924023578 14.815757250556272 14.926295280456543 16500
14.899357405884192 14.955090163752827 14.802752128142386 14.825045585632324 13600
14.843623798334606 14.843623798334606 14.611401892459362 14.657846450805664 38600
14.685713090956755 14.685713090956755 14.277002057969028 14.48135757446289 23900
14.518513662363091 14.588180056957961 14.518513662363091 14.546380043029785 56300
14.546380025921257 14.602113673045364 14.5278027341174 14.574246406555176 41300
14.611401892459362 14.713580097992482 14.611401892459362 14.657846450805664 12100
14.574246089267273 14.67642429246096 14.574246089267273 14.611401557922363 7100
14.667135539646178 14.695001920311453 14.622548621896726 14.657846450805664 7000
14.611400304259016 14.656916480287602 14.555667548986394 14.620689392089844 10700
14.629979466200275 14.648557643114378 14.564957618713379 14.564957618713379 9600
14.606758234639937 14.639269159727126 14.52780275120408 14.546380043029785 11800
14.546380376499693 14.629980406272542 14.52780308424811 14.592824935913086 12200
14.564958203581382 14.634624598094316 14.564958203581382 14.574246406555176 6100
14.602113504828166 14.602113504828166 14.495290756225586 14.495290756225586 8800
14.505508356634063 14.527801814071863 14.490646346960935 14.518512725830078 8100
14.518513228422067 14.564957785382564 14.490646848588266 14.53244686126709 18300
14.564956310541842 14.574244512308427 14.407045364379883 14.407045364379883 8300
14.407047572933445 14.48135851359468 14.317873735454931 14.397758483886719 28400
14.427757392164457 14.568378448486328 14.427757392164457 14.568378448486328 4600
14.155889575797167 14.343384618420616 14.155889575797167 14.24963665008545 13100
14.249636306451587 14.512129359794326 14.242137041355628 14.427757263183594 8800
14.549628724850486 14.559002805874707 14.43806866721737 14.465255737304688 6500
14.568377827201113 14.568377827201113 14.230886769993193 14.3433837890625 6900
14.305884427300027 14.540253434716947 14.268385421875193 14.352758407592773 4800
14.390257770519751 14.390257770519751 14.319946351310456 14.3433837890625 4400
14.390256639707234 14.423068155934873 14.343382661933424 14.371506690979004 1700
14.366819381713867 14.366819381713867 14.366819381713867 14.366819381713867 800
14.296510936234448 14.391195867705779 14.296510936234448 14.33869743347168 21800
14.34338354821443 14.399631609781173 14.324633598327637 14.324633598327637 1500
14.418381443574532 14.418381443574532 14.31525940216794 14.352758407592773 6700
14.362133266106799 14.418382224313271 14.352759184778103 14.38088321685791 6100
14.418381755996261 14.521503799637333 14.362132799616784 14.465255737304688 5200
14.530877931542284 14.530877931542284 14.418380919357892 14.437129974365234 3600
14.47463018454988 14.484005159858127 14.380883113607975 14.425881385803223 8000
14.521504992913917 14.521504992913917 14.32463497047858 14.362133979797363 15500
14.36213309019195 14.512129118176171 14.343384033717346 14.40900707244873 13800
14.437131998434928 14.437131998434928 14.32463497047858 14.362133979797363 5000
14.390256957122222 14.530877999498657 14.390256957122222 14.484004020690918 19000
14.493379129516152 14.577752113342285 14.493379129516152 14.577752113342285 11900
14.617490798448763 14.6458740234375 14.53328671968652 14.6458740234375 38300
14.598567008972168 14.683717574907758 14.59383632172171 14.598567008972168 33400
14.62695094843469 14.66290345147453 14.466111183166504 14.466111183166504 9200
14.456650311831485 14.57964548380882 14.451919624183924 14.485980033874512 17800
14.522878013526343 14.522878013526343 14.40934332255583 14.42921257019043 36500
14.466112051430313 14.468950644547617 14.418806076049805 14.418806076049805 23500
14.437728909141862 14.46611213361685 14.409344782380437 14.447190284729004 21800
14.428265600167988 14.466110195158942 14.39988237949635 14.437726974487305 33600
14.475573426963702 14.475573426963702 14.39988422726946 14.418806076049805 18100
14.414074095192014 14.522878099492274 14.414074095192014 14.499224662780762 8100
14.52287856313136 14.52287856313136 14.444350774857588 14.494494438171387 2700
14.456649923848579 14.522878646850586 14.456649923848579 14.522878646850586 9500
14.513417216069314 14.57018366152572 14.47557261833625 14.503955841064453 5400
14.49449452172699 14.522878646850586 14.49449452172699 14.522878646850586 19900
14.522878591074177 14.522878591074177 14.503955841064453 14.503955841064453 7700
14.522877630508283 14.522877630508283 14.475571660899249 14.48503303527832 6600
14.54180012524446 14.593836784362793 14.494494153526553 14.593836784362793 4400
14.608028585856136 14.702640533447266 14.546531451522384 14.702640533447266 8600
14.712101761402408 14.712101761402408 14.6174898147583 14.6174898147583 1400
14.617488979567803 14.740484142263087 14.617488979567803 14.674256324768066 5000
14.608027458190918 14.617488832676942 14.554099608650516 14.608027458190918 2500
14.667231987783376 14.667231987783376 14.609938621520996 14.609938621520996 1000
14.581290930355284 14.705426852229214 14.581290930355284 14.619486808776855 8900
14.657682418823242 14.695878296545466 14.610891717317731 14.657682418823242 1800
14.667232241750616 14.73407571776299 14.65768395431598 14.705428123474121 4400
14.734075603356615 14.734075603356615 14.724526405334473 14.724526405334473 5100
14.753173031573288 14.77227142754357 14.734075546264648 14.734075546264648 700
14.800918057413455 14.800918057413455 14.72452629513135 14.7503080368042 3800
14.753173088739253 14.753173088739253 14.724526405334473 14.724526405334473 6600
14.72452706656765 14.74457983691767 14.609939417141101 14.629036903381348 4400
14.676779593954677 14.676779593954677 14.466701815565965 14.5621919631958 9300
14.590840225659111 14.648134502583128 14.563148826585671 14.609938621520996 5700
14.571741733084496 14.619486808776855 14.571741733084496 14.619486808776855 3600
14.619486424661904 14.67677978545814 14.562192153204116 14.588929176330566 9400
14.609938173037655 14.657683250565093 14.60516357421875 14.60516357421875 6800
14.657683037081785 14.657683037081785 14.590839565252276 14.633810043334961 2800
14.629036143439606 14.642404656311825 14.523997697920509 14.632856369018555 16100
14.562193329629784 14.675826597758759 14.562193329629784 14.638585090637207 10900
14.638584707955353 14.714976466965743 14.638584707955353 14.695878982543945 27100
14.705428123474121 14.753173203293915 14.667232241750616 14.705428123474121 9400
14.705428009290188 14.737894918300812 14.705428009290188 14.724526405334473 4000
14.724526524727292 14.777046203613281 14.70542812852815 14.777046203613281 15800
14.791368812599153 14.839113891539608 14.724526248479497 14.83815860748291 4200
14.889236205813432 14.918147087097168 14.889236205813432 14.918147087097168 3000
14.871888441166423 14.896944780969843 14.821775761559582 14.860323905944824 13200
14.860324924658249 14.924893507483494 14.812139511108398 14.812139511108398 3200
14.841048807809656 14.850686073303223 14.81213793038918 14.850686073303223 3800
14.821776777630433 14.879598538641996 14.812139511108398 14.812139511108398 1200
14.821776777630433 14.821776777630433 14.812139511108398 14.812139511108398 400
14.792864883035714 14.860323905944824 14.792864883035714 14.860323905944824 900
14.812137990325043 14.841048867862504 14.80250072479248 14.80250072479248 2600
14.841048867862504 14.853577496866881 14.80250072479248 14.80250072479248 3400
14.841048807809656 14.860323338796789 14.81213793038918 14.850686073303223 2200
14.860324210884757 14.860324210884757 14.782263826302202 14.783227920532227 7800
14.792864883035714 14.879597518607316 14.792864883035714 14.860323905944824 6700
14.783227761505541 14.879597663879395 14.783227761505541 14.879597663879395 2400
14.879597103602771 14.902726173400879 14.845867593088961 14.902726173400879 3900
14.763953175848597 14.815029949978411 14.763953175848597 14.779373168945312 6900
14.81213926797902 14.841050148010254 14.792865654311633 14.841050148010254 2900
14.86996078491211 14.86996078491211 14.841048988080226 14.86996078491211 11200
14.91814503366339 14.927782299118212 14.889234156359143 14.898871421813965 7600
14.869961433869818 15.02415401412823 14.84104963577616 14.947057723999023 18200
14.978179642215343 15.143523262020189 14.978179642215343 15.10851001739502 3300
15.075442103884946 15.269963751972984 15.01514006833432 15.125044822692871 7700
15.124071455310165 15.231058120727539 15.124071455310165 15.231058120727539 8600
15.231059308662628 15.269963637989832 15.172703278448008 15.223278999328613 3000
15.17270297351329 15.269963331100417 15.17270297351329 15.182428359985352 2100
15.162976264953613 15.240784920019703 15.162976264953613 15.162976264953613 1800
15.124073028564453 15.124073028564453 15.124073028564453 15.124073028564453 800
15.2407851315463 15.2407851315463 15.17270278930664 15.17270278930664 3200
15.17270413602585 15.260238186295298 15.17270413602585 15.192155838012695 2800
15.269963336295548 15.318593978881836 15.269963336295548 15.318593978881836 5400
15.367224764675367 15.464485123201953 15.367224764675367 15.415855407714844 16800
15.454760060649514 15.50338977715616 15.446005821228027 15.446005821228027 33100
15.552019955431042 15.561746269462022 15.42558065568538 15.45475959777832 10100
15.474210405132567 15.483936718602154 15.367223739624023 15.367223739624023 7600
15.376950724235172 15.464484766625048 15.19215447045663 15.308867454528809 7100
15.308867943081616 15.376951214960725 15.192154955284769 15.240785598754883 6600
15.269962933781404 15.56174585405541 15.114345623649223 15.162976264953613 11300
15.162975794524218 15.367223739624023 15.098783609708631 15.367223739624023 8800
15.347772414329983 15.430444230728263 15.206744567269613 15.33804702758789 3000
15.406129627138315 15.513116303488408 15.124073000804067 15.396403312683105 3500
15.396401752480479 15.396401752480479 15.289415086971935 15.367223739624023 3400
15.36722406723958 15.445032721550477 14.94900185465426 15.065714836120605 27500
14.920436722940751 15.214919217605077 14.861540785688312 14.9989652633667 71800
15.00878292470198 15.078477174467547 14.635771855818078 15.038230895996094 100600
15.048046394025876 15.156022907088111 14.621047556618512 15.028414726257324 110400
15.067678994131711 15.09712696384416 14.733932216943709 14.890989303588867 65000
14.920437140917057 15.067678860441024 14.537610729649696 14.900805473327637 143800
14.920437822209701 14.959702095315485 14.783013334406512 14.851725578308105 2600
14.841908587010535 14.940069733285236 14.773196346298683 14.83209228515625 125500
14.910620839055312 14.949885110368223 14.881172869604146 14.900805473327637 1800
14.841908315332965 14.841908315332965 14.679943082238287 14.714299201965332 62100
14.724116192983015 14.822277342056541 14.714299890848844 14.733932495117188 59400
14.812461566307379 15.038230906611835 14.792828961341359 14.969518661499023 14800
14.989150047302246 15.10694285911514 14.979333745617657 14.989150047302246 14300
14.920437266442697 14.974425991002432 14.900805598688114 14.959701538085938 5100
14.92043739838784 14.969517972409443 14.900805730459652 14.949885368347168 3600
14.959701816340877 15.104979530509668 14.900805875847572 14.97442626953125 15300
14.900805730459652 14.959701670378305 14.900805730459652 14.949885368347168 4500
14.890989842027928 14.954793934734317 14.890989842027928 14.920437812805176 4400
14.949886056533003 15.008782935296933 14.949886056533003 14.969518661499023 8000
14.989150586539449 15.018598556518555 14.93025371044715 15.018598556518555 9600
15.00878197600104 15.00878197600104 15.003873825073242 15.003873825073242 1000
15.038230498562443 15.097127375728258 15.01859883026324 15.067679405212402 10700
15.087310250709196 15.087310250709196 14.862521997331063 15.057862281799316 2200
15.069752154970928 15.139106398841994 15.069752154970928 15.119291305541992 4400
15.149014354500924 15.149014354500924 15.08659553527832 15.08659553527832 3700
15.099474971326831 15.132170677779417 15.099474971326831 15.129199028015137 1800
15.158922492087772 15.158922492087772 15.1400976337 15.149014472961426 4200
15.149013815510314 15.15892183420666 15.139105796813965 15.139105796813965 3300
15.13910591755561 15.208461104102518 15.13910591755561 15.198553085327148 7000
15.208461714131749 15.2480928459422 15.158922563148508 15.184682846069336 8000
15.198553413906094 15.203507423400879 15.198553413906094 15.203507423400879 4200
15.14901417650212 15.193599316817453 15.129199083517912 15.15892219543457 11500
15.208461571862948 15.257999777502066 15.109383270823301 15.110374450683594 7200
15.109383583068848 15.238184999129876 15.109383583068848 15.109383583068848 2300
15.178737167990736 15.198553205698415 15.099474906921387 15.099474906921387 5500
15.158922492087772 15.158922492087772 15.09947532221041 15.149014472961426 11500
15.099475319181021 15.099475319181021 14.98454475402832 14.98454475402832 1600
15.059843873765985 15.158922173183669 14.96076651922899 14.985535621643066 5000
15.109382813783972 15.219359365556665 15.00039744184159 15.04002857208252 1700
15.040029314388905 15.257009834033191 14.96076704999503 15.097494125366211 14800
15.069751555700869 15.139105796813965 15.069751555700869 15.139105796813965 3300
15.158921978612033 15.213414192199707 15.158921978612033 15.213414192199707 2400
15.123253765402804 15.257999420166016 15.123253765402804 15.257999420166016 4500
15.329999923706055 15.34000015258789 15.149999618530273 15.15999984741211 2300
15.170000076293945 15.225000381469727 15.100000381469727 15.149999618530273 2800
15.149999618530273 15.149999618530273 15.079999923706055 15.079999923706055 5600
15.079999923706055 15.100000381469727 15.079999923706055 15.100000381469727 1200
15.079999923706055 15.14900016784668 15.0600004196167 15.100000381469727 2900
15.100000381469727 15.100000381469727 15.0600004196167 15.0600004196167 3100
15.09000015258789 15.350000381469727 15.079999923706055 15.079999923706055 4900
15.25 15.293399810791016 15.199999809265137 15.293399810791016 705
