12.92020356881561 13.087360002228346 12.367604043351815 13.028363227844238 577200
13.087360770893653 13.17585453108448 11.92709862087602 12.08442211151123 553800
12.172916900073593 12.39906918511533 11.464960249221148 11.691113471984863 318500
11.897600062253916 12.713716329413606 11.799272417023287 12.635054588317871 652500
12.664553318228679 13.333179098103857 12.310575460618162 13.274182319641113 487200
13.097192870649847 13.588829250932163 12.330240379971588 13.520000457763672 337300
14.0 14.350000381469727 13.600000381469727 13.649999618530273 413400
13.529999732971191 13.829999923706055 13.020000457763672 13.5 545700
13.539999961853027 13.579999923706055 13.0 13.109999656677246 279000
13.15999984741211 13.180000305175781 12.460000038146973 13.020000457763672 359200
12.960000038146973 13.449999809265137 12.767000198364258 13.359999656677246 308900
13.359999656677246 13.609999656677246 12.930000305175781 13.300000190734863 283800
13.529999732971191 13.800000190734863 13.0600004196167 13.390000343322754 293000
13.329999923706055 13.899999618530273 12.354999542236328 13.40999984741211 851200
13.609999656677246 13.850000381469727 13.40999984741211 13.520000457763672 353300
13.680000305175781 13.779999732971191 12.960000038146973 13.15999984741211 2541800
13.180000305175781 13.756999969482422 13.069999694824219 13.199999809265137 169600
13.079999923706055 13.489999771118164 13.0 13.25 315900
13.829999923706055 13.970000267028809 13.0 13.199999809265137 788800
13.460000038146973 13.460000038146973 12.470000267028809 12.75 302200
12.579999923706055 12.850000381469727 12.119999885559082 12.550000190734863 251700
13.0 13.0 12.470000267028809 12.670000076293945 158900
12.699999809265137 12.989999771118164 12.329999923706055 12.329999923706055 185800
12.289999961853027 12.696000099182129 12.119999885559082 12.529999732971191 301200
12.479999542236328 12.479999542236328 11.5 11.75 587400
11.649999618530273 11.649999618530273 11.199999809265137 11.550000190734863 305200
11.289999961853027 11.699999809265137 10.670000076293945 11.680000305175781 264200
11.579999923706055 11.859999656677246 11.239999771118164 11.600000381469727 274000
11.600000381469727 11.788999557495117 11.020000457763672 11.600000381469727 305300
11.6899995803833 11.930000305175781 10.789999961853027 10.859999656677246 480700
10.960000038146973 11.069999694824219 10.15999984741211 10.600000381469727 915200
10.600000381469727 10.779999732971191 9.699999809265137 10.069999694824219 565000
10.15999984741211 10.710000038146973 9.84000015258789 10.3100004196167 643200
10.449999809265137 10.970000267028809 10.399999618530273 10.600000381469727 343100
10.649999618530273 11.369999885559082 10.649999618530273 11.0 376200
10.989999771118164 11.0600004196167 10.239999771118164 10.3100004196167 375400
10.390000343322754 10.460000038146973 10.109999656677246 10.149999618530273 315900
10.0 10.479999542236328 9.869999885559082 9.9399995803833 217100
10.149999618530273 10.420000076293945 9.75 9.949999809265137 326000
9.9399995803833 10.489999771118164 9.680000305175781 10.149999618530273 1252400
10.300000190734863 10.510000228881836 9.390000343322754 9.819999694824219 1796600
9.640000343322754 9.979999542236328 9.380000114440918 9.699999809265137 2545900
9.489999771118164 9.970000267028809 9.470000267028809 9.5600004196167 1008100
9.520000457763672 10.579999923706055 9.520000457763672 10.3100004196167 1192900
10.3100004196167 11.010000228881836 10.039999961853027 10.90999984741211 329900
10.880000114440918 11.09000015258789 10.600000381469727 10.8100004196167 136100
10.819999694824219 11.149999618530273 10.4399995803833 11.09000015258789 176500
11.079999923706055 11.25 10.760000228881836 10.789999961853027 100800
10.779999732971191 11.010000228881836 10.529999732971191 10.859999656677246 103500
10.970000267028809 11.170000076293945 10.869999885559082 11.0 224500
10.710000038146973 11.170000076293945 10.710000038146973 10.880000114440918 147100
11.34000015258789 11.760000228881836 11.050000190734863 11.520000457763672 1047100
11.989999771118164 12.0 11.510000228881836 11.84000015258789 356400
11.699999809265137 11.899999618530273 11.510000228881836 11.5600004196167 494800
11.680000305175781 11.779999732971191 11.069999694824219 11.6899995803833 357400
11.720000267028809 11.720000267028809 11.270000457763672 11.350000381469727 243300
11.350000381469727 11.350000381469727 10.880000114440918 10.989999771118164 1453700
10.960000038146973 11.420000076293945 10.960000038146973 11.109999656677246 769900
11.25 11.25 10.5 10.930000305175781 953100
11.0 11.279999732971191 10.680000305175781 10.75 465300
10.6899995803833 11.130000114440918 10.59000015258789 11.100000381469727 329000
10.869999885559082 11.010000228881836 10.5600004196167 10.819999694824219 297800
10.920000076293945 11.180000305175781 10.555000305175781 10.630000114440918 193500
10.5 10.59000015258789 10.145000457763672 10.15999984741211 325600
10.069999694824219 10.130000114440918 9.204999923706055 9.34000015258789 1180600
9.180000305175781 9.680000305175781 8.609999656677246 9.609999656677246 2924500
9.369999885559082 9.609999656677246 9.074999809265137 9.220000267028809 380200
9.359999656677246 9.510000228881836 8.600000381469727 8.600000381469727 1611600
8.670000076293945 8.670000076293945 8.010000228881836 8.140000343322754 708300
8.170000076293945 8.359999656677246 7.840000152587891 8.210000038146973 438500
8.260000228881836 8.979999542236328 8.260000228881836 8.899999618530273 787700
8.920000076293945 9.430000305175781 8.890000343322754 9.369999885559082 270700
9.5 9.5 8.550000190734863 8.630000114440918 651700
8.430000305175781 8.569000244140625 8.255000114440918 8.329999923706055 410800
8.3100004196167 8.779999732971191 8.260000228881836 8.720000267028809 255800
8.710000038146973 9.180000305175781 8.710000038146973 9.100000381469727 454600
9.109999656677246 9.5600004196167 9.020000457763672 9.520000457763672 368300
9.59000015258789 10.258000373840332 9.390000343322754 10.239999771118164 605200
9.960000038146973 10.859999656677246 9.960000038146973 10.6899995803833 717700
10.649999618530273 11.020000457763672 10.550000190734863 10.680000305175781 624200
10.729999542236328 10.729999542236328 10.0600004196167 10.239999771118164 187100
10.369999885559082 10.8100004196167 10.369999885559082 10.65999984741211 402300
10.600000381469727 10.890000343322754 10.270000457763672 10.720000267028809 326600
10.630000114440918 11.109999656677246 10.630000114440918 11.0 499000
10.949999809265137 11.4399995803833 10.84000015258789 11.359999656677246 712800
11.25 11.350000381469727 10.210000038146973 11.020000457763672 349500
11.109999656677246 11.520000457763672 10.755000114440918 10.770000457763672 265700
10.319999694824219 11.420000076293945 10.319999694824219 11.369999885559082 483600
11.40999984741211 11.579999923706055 11.0600004196167 11.479999542236328 213800
11.359999656677246 11.710000038146973 11.039999961853027 11.680000305175781 276400
11.75 12.100000381469727 11.375 11.90999984741211 787900
11.90999984741211 12.520000457763672 11.670000076293945 12.3100004196167 769200
12.300000190734863 12.420000076293945 11.739999771118164 12.0 612900
11.960000038146973 12.119999885559082 10.930000305175781 11.15999984741211 1501100
11.220000267028809 11.369999885559082 11.100000381469727 11.119999885559082 299400
11.109999656677246 11.430000305175781 10.829999923706055 11.020000457763672 442200
11.210000038146973 11.9399995803833 11.109999656677246 11.59000015258789 830600
11.520000457763672 11.520000457763672 10.100000381469727 10.520000457763672 808600
10.520000457763672 10.574999809265137 9.779999732971191 10.260000228881836 440400
10.229999542236328 10.710000038146973 9.869999885559082 10.680000305175781 360500
10.670000076293945 11.579999923706055 10.4399995803833 11.0 769600
11.100000381469727 11.5 10.729999542236328 11.279999732971191 528800
11.390000343322754 11.779999732971191 10.529999732971191 11.449999809265137 504700
11.270000457763672 11.774999618530273 11.220000267028809 11.390000343322754 908300
11.5600004196167 11.670000076293945 10.951000213623047 11.140000343322754 377100
11.239999771118164 11.960000038146973 11.199999809265137 11.489999771118164 648100
11.59000015258789 11.609999656677246 11.079999923706055 11.239999771118164 271700
11.270000457763672 11.279999732971191 10.930000305175781 11.220000267028809 189100
11.210000038146973 11.65999984741211 10.84000015258789 10.880000114440918 289700
10.930000305175781 11.079999923706055 10.649999618530273 10.9399995803833 191000
11.069999694824219 11.460000038146973 11.050000190734863 11.329999923706055 281200
11.140000343322754 11.649999618530273 11.140000343322754 11.180000305175781 265500
11.100000381469727 11.25 11.010000228881836 11.0600004196167 152200
11.210000038146973 11.510000228881836 11.100000381469727 11.5 238500
11.449999809265137 12.289999961853027 11.449999809265137 12.079999923706055 629400
12.069999694824219 12.3100004196167 11.550000190734863 11.699999809265137 609300
11.600000381469727 11.729999542236328 10.869999885559082 11.210000038146973 604900
11.220000267028809 11.329999923706055 10.369999885559082 10.460000038146973 413100
10.390000343322754 10.449999809265137 10.010000228881836 10.079999923706055 321600
9.989999771118164 10.100000381469727 9.739999771118164 9.800000190734863 279200
9.899999618530273 10.65999984741211 9.829999923706055 10.260000228881836 519500
10.260000228881836 10.680000305175781 10.239999771118164 10.640000343322754 622000
10.59000015258789 10.789999961853027 10.289999961853027 10.319999694824219 331600
10.34000015258789 10.34000015258789 9.949999809265137 10.079999923706055 332900
10.039999961853027 10.59000015258789 10.0 10.399999618530273 527900
10.350000381469727 10.420000076293945 9.979999542236328 10.100000381469727 459500
10.279999732971191 10.550000190734863 9.975000381469727 10.0600004196167 324500
9.979999542236328 10.279999732971191 9.640000343322754 9.880000114440918 520600
9.850000381469727 10.484999656677246 9.850000381469727 10.300000190734863 361900
10.300000190734863 10.475000381469727 9.989999771118164 10.029999732971191 318400
10.210000038146973 10.34000015258789 9.739999771118164 9.899999618530273 358100
9.970000267028809 10.40999984741211 9.770000457763672 10.149999618530273 275600
10.109999656677246 10.489999771118164 9.829999923706055 9.869999885559082 253800
9.859999656677246 10.279999732971191 9.699999809265137 10.279999732971191 342100
10.1899995803833 10.317000389099121 9.600000381469727 9.819999694824219 436900
9.859999656677246 10.100000381469727 9.34000015258789 10.069999694824219 406400
9.890000343322754 9.890000343322754 9.229999542236328 9.670000076293945 357900
9.5600004196167 9.710000038146973 9.079999923706055 9.329999923706055 425300
9.300000190734863 9.505000114440918 8.5 8.619999885559082 705600
8.920000076293945 8.994999885559082 7.389999866485596 7.599999904632568 1337900
7.739999771118164 7.860000133514404 7.150000095367432 7.28000020980835 1617900
7.199999809265137 8.199999809265137 7.019999980926514 7.710000038146973 826600
7.980000019073486 8.59000015258789 7.980000019073486 8.359999656677246 607600
8.239999771118164 8.430000305175781 7.840000152587891 8.0 422800
8.130000114440918 8.520000457763672 7.949999809265137 8.470000267028809 491900
8.260000228881836 8.390000343322754 7.670000076293945 7.789999961853027 426400
7.710000038146973 8.050000190734863 7.650000095367432 7.760000228881836 400800
7.820000171661377 8.0 7.559999942779541 7.829999923706055 342700
7.929999828338623 7.929999828338623 7.559999942779541 7.730000019073486 201500
7.630000114440918 7.65500020980835 7.199999809265137 7.460000038146973 427600
7.460000038146973 7.900000095367432 7.369999885559082 7.889999866485596 405800
8.140000343322754 9.470000267028809 8.074999809265137 8.880000114440918 1628900
8.930000305175781 9.289999961853027 8.84000015258789 9.260000228881836 383900
9.510000228881836 9.579999923706055 9.079999923706055 9.130000114440918 789700
9.199999809265137 9.430000305175781 9.069999694824219 9.270000457763672 384000
9.279999732971191 9.449999809265137 9.119999885559082 9.229999542236328 345400
9.029999732971191 9.180000305175781 8.630000114440918 8.90999984741211 581100
9.079999923706055 9.140000343322754 8.720000267028809 8.979999542236328 570500
8.899999618530273 8.90999984741211 8.51200008392334 8.850000381469727 462900
8.819999694824219 9.4350004196167 8.760000228881836 9.279999732971191 400600
9.180000305175781 9.180000305175781 8.46500015258789 8.5 417000
8.289999961853027 8.479999542236328 8.244999885559082 8.399999618530273 314800
8.0600004196167 8.260000228881836 7.560999870300293 7.610000133514404 466900
7.650000095367432 7.848999977111816 7.389999866485596 7.550000190734863 505000
7.639999866485596 8.0 7.639999866485596 7.78000020980835 1032000
7.679999828338623 7.75 7.199999809265137 7.349999904632568 931600
7.420000076293945 8.020000457763672 7.349999904632568 8.0 888700
8.149999618530273 8.489999771118164 8.109999656677246 8.229999542236328 726500
8.0600004196167 8.279999732971191 7.920000076293945 8.029999732971191 746800
8.100000381469727 8.270000457763672 7.929999828338623 8.149999618530273 366400
8.1899995803833 8.479999542236328 7.940000057220459 8.140000343322754 3458100
8.199999809265137 8.300000190734863 7.610000133514404 7.920000076293945 529800
7.920000076293945 8.550000190734863 7.699999809265137 7.920000076293945 1587700
7.869999885559082 7.869999885559082 7.489999771118164 7.570000171661377 380700
7.5 7.539999961853027 7.239999771118164 7.46999979019165 361300
7.570000171661377 7.78000020980835 7.429999828338623 7.730000019073486 254500
7.559999942779541 8.010000228881836 7.409999847412109 7.980000019073486 212400
7.940000057220459 7.960000038146973 7.510000228881836 7.579999923706055 307400
7.630000114440918 8.229999542236328 7.539999961853027 8.109999656677246 699100
7.949999809265137 8.300000190734863 7.889999866485596 8.109999656677246 351600
8.0 8.25 7.760000228881836 7.769999980926514 421900
7.880000114440918 7.989999771118164 7.579999923706055 7.880000114440918 302700
7.909999847412109 7.909999847412109 7.610000133514404 7.71999979019165 403900
7.650000095367432 7.789999961853027 7.3520002365112305 7.460000038146973 382300
7.599999904632568 8.09000015258789 7.429999828338623 8.079999923706055 391200
8.180000305175781 8.34000015258789 8.09000015258789 8.140000343322754 187300
8.220000267028809 8.539999961853027 8.220000267028809 8.489999771118164 197400
8.4399995803833 8.710000038146973 8.149999618530273 8.529999732971191 255700
8.529999732971191 8.53499984741211 8.3100004196167 8.369999885559082 161500
8.479999542236328 8.479999542236328 8.0649995803833 8.109999656677246 179400
8.119999885559082 8.3100004196167 8.0 8.239999771118164 310100
8.1899995803833 8.1899995803833 7.920000076293945 8.029999732971191 202200
8.15999984741211 8.5 8.09000015258789 8.5 345100
8.539999961853027 8.6899995803833 8.331000328063965 8.579999923706055 260500
8.539999961853027 8.550000190734863 8.319999694824219 8.359999656677246 444900
8.34000015258789 8.430000305175781 8.140000343322754 8.390000343322754 274700
8.460000038146973 8.579999923706055 8.25 8.369999885559082 270400
8.350000381469727 8.510000228881836 8.34000015258789 8.390000343322754 293800
8.399999618530273 8.538000106811523 7.789999961853027 8.260000228881836 500100
8.40999984741211 8.539999961853027 8.0 8.529999732971191 599600
8.579999923706055 9.100000381469727 8.579999923706055 8.699999809265137 678500
9.390000343322754 9.449999809265137 8.460000038146973 8.699999809265137 714000
8.930000305175781 9.09000015258789 8.5 8.600000381469727 502900
8.619999885559082 9.359999656677246 8.619999885559082 9.260000228881836 710600
9.289999961853027 9.744999885559082 9.210000038146973 9.619999885559082 596600
9.579999923706055 9.720000267028809 9.319999694824219 9.699999809265137 239400
9.640000343322754 9.845000267028809 9.550000190734863 9.789999961853027 224100
9.649999618530273 9.779999732971191 9.390000343322754 9.539999961853027 338000
9.399999618530273 9.630000114440918 9.319999694824219 9.579999923706055 184000
9.350000381469727 9.350000381469727 9.069999694824219 9.239999771118164 187700
9.050000190734863 9.140000343322754 8.819999694824219 9.010000228881836 236800
8.970000267028809 9.289999961853027 8.970000267028809 9.09000015258789 146900
9.0600004196167 9.34000015258789 9.029999732971191 9.130000114440918 154100
9.210000038146973 9.359999656677246 9.100000381469727 9.25 150700
9.260000228881836 9.390000343322754 8.522000312805176 8.539999961853027 324500
8.390000343322754 8.489999771118164 8.069999694824219 8.069999694824219 388200
8.109999656677246 8.119999885559082 7.630000114440918 7.820000171661377 475100
7.869999885559082 8.15999984741211 7.789999961853027 8.09000015258789 437400
7.960000038146973 8.149999618530273 7.869999885559082 8.140000343322754 187300
8.220000267028809 8.420000076293945 8.130000114440918 8.260000228881836 343300
8.270000457763672 8.510000228881836 8.170000076293945 8.5 271200
8.510000228881836 8.78499984741211 8.479999542236328 8.75 220200
8.619999885559082 8.6899995803833 8.319999694824219 8.670000076293945 153500
8.899999618530273 8.949999809265137 8.600000381469727 8.9399995803833 145900
9.039999961853027 9.260000228881836 8.970000267028809 9.220000267028809 287800
8.710000038146973 9.039999961853027 8.621999740600586 8.829999923706055 263300
9.039999961853027 9.039999961853027 8.4350004196167 8.619999885559082 319800
8.539999961853027 8.789999961853027 8.430000305175781 8.470000267028809 237900
8.399999618530273 8.399999618530273 8.029999732971191 8.039999961853027 538400
7.909999847412109 8.029999732971191 7.860000133514404 7.989999771118164 261700
7.880000114440918 7.900000095367432 7.690000057220459 7.829999923706055 276900
7.889999866485596 8.100000381469727 7.760000228881836 7.760000228881836 232900
7.760000228881836 7.760000228881836 7.28000020980835 7.5 501600
7.349999904632568 7.445000171661377 7.230000019073486 7.400000095367432 532700
7.440000057220459 7.699999809265137 7.360000133514404 7.489999771118164 347800
7.610000133514404 7.840000152587891 7.460000038146973 7.590000152587891 381400
7.619999885559082 7.949999809265137 7.53000020980835 7.920000076293945 236000
7.75 7.75 7.429999828338623 7.590000152587891 303700
7.630000114440918 7.889999866485596 7.465000152587891 7.659999847412109 344200
7.659999847412109 7.949999809265137 7.545000076293945 7.840000152587891 251300
8.0 8.4399995803833 8.0 8.319999694824219 464000
8.149999618530273 8.335000038146973 7.920000076293945 8.180000305175781 196200
8.100000381469727 8.40999984741211 8.020000457763672 8.34000015258789 159100
8.180000305175781 8.1899995803833 7.949999809265137 8.109999656677246 319900
8.100000381469727 8.699999809265137 8.069999694824219 8.220000267028809 822700
8.390000343322754 8.430000305175781 7.389999866485596 7.659999847412109 657900
7.650000095367432 7.760000228881836 7.340000152587891 7.53000020980835 357400
7.289999961853027 7.659999847412109 7.190000057220459 7.489999771118164 564400
7.570000171661377 7.869999885559082 7.409999847412109 7.460000038146973 403300
7.559999942779541 7.840000152587891 7.510000228881836 7.679999828338623 346900
7.849999904632568 7.960000038146973 7.699999809265137 7.909999847412109 301000
7.809999942779541 7.869999885559082 7.639999866485596 7.789999961853027 214000
7.71999979019165 8.079999923706055 7.710000038146973 7.840000152587891 175500
7.800000190734863 8.149999618530273 7.659999847412109 8.079999923706055 248200
8.0600004196167 8.210000038146973 7.909999847412109 8.0 246300
8.0600004196167 8.3100004196167 8.0600004196167 8.210000038146973 304700
8.229999542236328 8.539999961853027 8.149999618530273 8.25 394800
8.300000190734863 8.470000267028809 7.96999979019165 8.289999961853027 370400
8.3100004196167 8.710000038146973 8.199999809265137 8.600000381469727 330300
8.529999732971191 8.529999732971191 8.085000038146973 8.199999809265137 338500
8.300000190734863 8.529999732971191 8.069999694824219 8.180000305175781 194200
8.180000305175781 8.369999885559082 7.989999771118164 8.020000457763672 333400
7.949999809265137 8.369999885559082 7.949999809265137 8.199999809265137 243800
8.390000343322754 8.430000305175781 8.119999885559082 8.300000190734863 212000
8.369999885559082 8.390000343322754 7.949999809265137 8.260000228881836 349100
9.0 9.0 8.149999618530273 8.229999542236328 517700
8.020000457763672 8.069999694824219 7.315000057220459 7.53000020980835 781600
7.900000095367432 8.3149995803833 7.820000171661377 8.220000267028809 593000
8.270000457763672 8.34000015258789 8.0649995803833 8.220000267028809 588900
8.09000015258789 8.3100004196167 8.050000190734863 8.220000267028809 394300
8.4399995803833 8.489999771118164 8.210000038146973 8.319999694824219 258500
8.180000305175781 8.260000228881836 8.029999732971191 8.100000381469727 305400
7.96999979019165 8.25 7.809999942779541 8.09000015258789 294000
8.270000457763672 8.270000457763672 7.960000038146973 8.0 370600
7.909999847412109 8.005000114440918 7.639999866485596 7.710000038146973 405100
7.710000038146973 7.849999904632568 7.289999961853027 7.409999847412109 520600
7.360000133514404 7.550000190734863 7.21999979019165 7.25 319800
7.309999942779541 7.550000190734863 7.159999847412109 7.460000038146973 195900
7.360000133514404 7.375 7.110000133514404 7.139999866485596 460700
7.139999866485596 7.380000114440918 7.119999885559082 7.269999980926514 357700
7.300000190734863 7.800000190734863 7.300000190734863 7.800000190734863 412400
7.849999904632568 8.289999961853027 7.789999961853027 8.270000457763672 554600
8.109999656677246 8.539999961853027 8.109999656677246 8.5 442700
8.40999984741211 8.600000381469727 8.135000228881836 8.270000457763672 735500
8.289999961853027 8.289999961853027 7.949999809265137 8.149999618530273 577400
8.109999656677246 8.270000457763672 7.929999828338623 8.069999694824219 390600
8.140000343322754 8.199999809265137 7.760000228881836 7.789999961853027 572100
7.690000057220459 7.744999885559082 7.130000114440918 7.28000020980835 756000
7.269999980926514 7.349999904632568 7.090000152587891 7.150000095367432 456300
7.489999771118164 7.679999828338623 7.369999885559082 7.489999771118164 638400
7.480000019073486 7.579999923706055 7.110000133514404 7.179999828338623 1092700
7.119999885559082 7.320000171661377 7.019999980926514 7.110000133514404 1195500
7.0 7.260000228881836 6.949999809265137 7.210000038146973 1098300
7.199999809265137 7.199999809265137 7.050000190734863 7.110000133514404 1079600
7.090000152587891 7.159999847412109 6.949999809265137 7.0 826500
7.070000171661377 7.074999809265137 6.989999771118164 7.010000228881836 446500
6.960000038146973 6.960000038146973 6.491000175476074 6.574999809265137 674800
6.639999866485596 6.800000190734863 6.480000019073486 6.71999979019165 587400
6.679999828338623 6.940000057220459 6.550000190734863 6.75 506200
6.710000038146973 6.855000019073486 6.619999885559082 6.769999980926514 424500
6.829999923706055 7.570000171661377 6.71999979019165 7.559999942779541 547700
7.440000057220459 7.619999885559082 7.264999866485596 7.300000190734863 605700
7.190000057220459 7.599999904632568 7.190000057220459 7.389999866485596 515900
7.440000057220459 7.690000057220459 7.389999866485596 7.670000076293945 323400
7.670000076293945 7.690000057220459 7.510000228881836 7.650000095367432 312500
7.760000228881836 7.800000190734863 7.664999961853027 7.769999980926514 248300
7.869999885559082 7.989999771118164 7.730000019073486 7.880000114440918 251700
7.900000095367432 8.199999809265137 7.880000114440918 8.069999694824219 370200
8.140000343322754 8.260000228881836 8.055000305175781 8.149999618530273 468500
8.220000267028809 8.395000457763672 8.020000457763672 8.300000190734863 465200
8.350000381469727 8.399999618530273 8.170000076293945 8.300000190734863 299200
8.270000457763672 8.399999618530273 8.100000381469727 8.210000038146973 426400
8.270000457763672 8.350000381469727 8.065999984741211 8.100000381469727 325500
7.940000057220459 8.170000076293945 7.860000133514404 7.880000114440918 285600
7.880000114440918 8.239999771118164 7.880000114440918 8.229999542236328 387100
8.25 8.4399995803833 7.99399995803833 8.270000457763672 269700
8.180000305175781 8.34000015258789 8.09000015258789 8.260000228881836 226600
8.15999984741211 8.34000015258789 8.029999732971191 8.3100004196167 272900
8.4399995803833 8.520000457763672 8.289999961853027 8.479999542236328 219300
8.470000267028809 8.774999618530273 8.470000267028809 8.569999694824219 276400
8.460000038146973 8.600000381469727 8.210000038146973 8.229999542236328 294400
8.260000228881836 8.5600004196167 8.199999809265137 8.510000228881836 528200
8.489999771118164 8.489999771118164 8.069999694824219 8.210000038146973 389600
8.319999694824219 8.680000305175781 8.319999694824219 8.59000015258789 364100
8.449999809265137 8.835000038146973 8.430000305175781 8.680000305175781 232900
8.640000343322754 8.680000305175781 8.489999771118164 8.489999771118164 167700
8.460000038146973 8.8100004196167 8.319999694824219 8.670000076293945 213600
8.670000076293945 8.835000038146973 8.539999961853027 8.729999542236328 257200
8.880000114440918 8.944999694824219 8.449999809265137 8.520000457763672 508200
8.4399995803833 8.569999694824219 8.279999732971191 8.489999771118164 405900
8.510000228881836 8.539999961853027 8.300000190734863 8.380000114440918 171700
8.300000190734863 8.510000228881836 8.0600004196167 8.430000305175781 154900
8.359999656677246 8.649999618530273 8.359999656677246 8.460000038146973 117900
8.34000015258789 8.479999542236328 8.239999771118164 8.270000457763672 170800
8.270000457763672 8.279999732971191 8.130000114440918 8.199999809265137 115900
8.09000015258789 8.170000076293945 7.900000095367432 7.929999828338623 208900
8.029999732971191 8.079999923706055 7.869999885559082 7.980000019073486 175800
8.079999923706055 8.09000015258789 7.820000171661377 7.989999771118164 158400
7.869999885559082 8.015000343322754 7.789999961853027 7.880000114440918 151200
7.96999979019165 7.96999979019165 7.760000228881836 7.78000020980835 117900
7.78000020980835 7.864999771118164 7.659999847412109 7.670000076293945 270100
7.670000076293945 7.71999979019165 7.525000095367432 7.570000171661377 227000
7.5 7.679999828338623 7.389999866485596 7.590000152587891 173200
7.449999809265137 7.46999979019165 7.170000076293945 7.190000057220459 727200
7.21999979019165 7.730000019073486 6.46999979019165 6.679999828338623 940100
6.289999961853027 8.25 6.289999961853027 7.885000228881836 1345200
7.960000038146973 7.960000038146973 7.340000152587891 7.369999885559082 583500
7.329999923706055 7.699999809265137 7.139999866485596 7.159999847412109 472200
7.130000114440918 7.239999771118164 6.994999885559082 7.170000076293945 355800
7.050000190734863 7.190000057220459 6.929999828338623 7.110000133514404 752100
7.260000228881836 7.380000114440918 6.849999904632568 6.949999809265137 316300
6.699999809265137 6.960000038146973 6.690000057220459 6.860000133514404 355900
6.769999980926514 7.039999961853027 6.739999771118164 7.03000020980835 370700
6.989999771118164 6.989999771118164 6.599999904632568 6.75 567700
6.769999980926514 6.940000057220459 6.75 6.909999847412109 224900
6.989999771118164 7.260000228881836 6.989999771118164 7.159999847412109 242200
7.159999847412109 7.239999771118164 7.010000228881836 7.010000228881836 157100
7.110000133514404 7.389999866485596 7.110000133514404 7.230000019073486 166400
7.199999809265137 7.260000228881836 7.119999885559082 7.21999979019165 205100
7.260000228881836 7.329999923706055 7.090000152587891 7.199999809265137 177100
7.150000095367432 7.25 7.144999980926514 7.190000057220459 147400
7.25 7.25 7.119999885559082 7.150000095367432 145200
7.210000038146973 7.264999866485596 7.139999866485596 7.159999847412109 145100
7.239999771118164 7.659999847412109 7.239999771118164 7.630000114440918 421800
7.670000076293945 7.860000133514404 7.579999923706055 7.849999904632568 258700
7.909999847412109 8.109999656677246 7.800000190734863 8.100000381469727 225400
8.029999732971191 8.052000045776367 7.889999866485596 7.929999828338623 239500
7.920000076293945 8.069999694824219 7.889999866485596 8.010000228881836 196000
8.0 8.210000038146973 7.929999828338623 8.170000076293945 168600
8.239999771118164 8.300000190734863 8.149999618530273 8.25 133400
8.289999961853027 8.289999961853027 7.809999942779541 7.880000114440918 434000
7.929999828338623 7.989999771118164 7.659999847412109 7.699999809265137 184300
7.699999809265137 7.760000228881836 7.659999847412109 7.670000076293945 158500
7.650000095367432 7.670000076293945 7.5 7.53000020980835 153600
7.579999923706055 7.599999904632568 7.440000057220459 7.480000019073486 152100
7.400000095367432 7.5 7.400000095367432 7.434999942779541 122700
7.340000152587891 7.449999809265137 7.230000019073486 7.239999771118164 158300
7.21999979019165 7.289999961853027 7.199999809265137 7.25 136100
7.230000019073486 7.329999923706055 7.150000095367432 7.159999847412109 119500
7.139999866485596 7.159999847412109 6.949999809265137 6.989999771118164 140600
7.0 7.050000190734863 6.739999771118164 6.880000114440918 277500
6.920000076293945 7.03000020980835 6.864999771118164 7.010000228881836 109500
7.019999980926514 7.190000057220459 6.961999893188477 7.179999828338623 137600
7.179999828338623 7.28000020980835 7.170000076293945 7.25 140200
7.210000038146973 7.324999809265137 7.070000171661377 7.159999847412109 177200
7.159999847412109 7.25 7.090000152587891 7.099999904632568 206500
7.090000152587891 7.239999771118164 7.0 7.159999847412109 232400
7.289999961853027 7.510000228881836 7.230000019073486 7.400000095367432 281600
7.429999828338623 7.96999979019165 7.420000076293945 7.889999866485596 454100
9.039999961853027 9.857999801635742 8.65999984741211 8.789999961853027 2274800
8.949999809265137 9.640000343322754 8.899999618530273 9.539999961853027 1045000
9.369999885559082 9.890000343322754 9.229999542236328 9.600000381469727 327800
9.59000015258789 9.734999656677246 9.260000228881836 9.619999885559082 273800
9.510000228881836 9.670000076293945 9.40999984741211 9.520000457763672 210000
9.430000305175781 9.699999809265137 9.395000457763672 9.5600004196167 173100
8.460000038146973 9.0 8.0600004196167 8.225000381469727 1646100
7.610000133514404 7.869999885559082 7.489999771118164 7.650000095367432 7524900
7.650000095367432 7.804999828338623 7.610000133514404 7.670000076293945 1103700
7.71999979019165 7.914999961853027 7.630000114440918 7.880000114440918 1636000
7.849999904632568 7.96999979019165 7.730000019073486 7.820000171661377 934300
7.800000190734863 7.849999904632568 7.695000171661377 7.710000038146973 596300
7.610000133514404 7.710000038146973 7.440000057220459 7.519999980926514 870400
7.5 7.639999866485596 7.429999828338623 7.449999809265137 668900
7.489999771118164 7.519999980926514 7.349999904632568 7.440000057220459 724900
7.400000095367432 7.460000038146973 7.300000190734863 7.309999942779541 799900
7.320000171661377 7.480000019073486 7.300000190734863 7.400000095367432 799500
7.5 7.550000190734863 7.349999904632568 7.409999847412109 492100
7.400000095367432 7.559999942779541 7.300000190734863 7.369999885559082 573300
7.360000133514404 7.739999771118164 7.300000190734863 7.679999828338623 1054900
7.71999979019165 7.949999809265137 7.488999843597412 7.840000152587891 834000
7.809999942779541 7.909999847412109 7.659999847412109 7.789999961853027 669700
7.789999961853027 7.954999923706055 7.71999979019165 7.869999885559082 661700
7.820000171661377 8.25 7.789999961853027 8.1899995803833 1314200
8.199999809265137 8.454999923706055 8.1899995803833 8.289999961853027 921100
8.25 8.3100004196167 7.760000228881836 7.980000019073486 752000
7.949999809265137 7.989999771118164 7.809999942779541 7.909999847412109 632100
7.929999828338623 8.069999694824219 7.519999980926514 7.53000020980835 1018400
7.389999866485596 7.440000057220459 7.179999828338623 7.309999942779541 1071900
7.260000228881836 7.454999923706055 7.150000095367432 7.340000152587891 530700
7.340000152587891 7.414999961853027 7.190000057220459 7.400000095367432 627900
7.329999923706055 7.519999980926514 7.159999847412109 7.489999771118164 702400
7.480000019073486 7.900000095367432 7.474999904632568 7.800000190734863 740800
7.820000171661377 7.849999904632568 7.599999904632568 7.71999979019165 508100
7.710000038146973 8.0 7.659999847412109 7.989999771118164 440300
7.960000038146973 8.119999885559082 7.880000114440918 7.949999809265137 790900
7.989999771118164 8.020000457763672 7.820000171661377 7.920000076293945 707800
7.829999923706055 7.940000057220459 7.579999923706055 7.900000095367432 649800
7.929999828338623 7.929999828338623 7.75 7.820000171661377 205100
7.900000095367432 7.900000095367432 7.590000152587891 7.599999904632568 271000
7.599999904632568 7.675000190734863 7.519999980926514 7.559999942779541 382200
7.53000020980835 7.820000171661377 7.510000228881836 7.710000038146973 396500
7.730000019073486 8.0 7.730000019073486 7.949999809265137 313400
8.09000015258789 8.09000015258789 7.900000095367432 7.96999979019165 347200
7.96999979019165 8.1899995803833 7.96999979019165 8.109999656677246 806100
8.100000381469727 8.15999984741211 7.974999904632568 8.130000114440918 630800
8.119999885559082 8.40999984741211 8.119999885559082 8.399999618530273 456400
8.390000343322754 8.5 8.335000038146973 8.40999984741211 460200
8.420000076293945 8.5 8.260000228881836 8.350000381469727 720400
8.25 8.34000015258789 8.194999694824219 8.270000457763672 438300
8.300000190734863 8.545000076293945 8.199999809265137 8.319999694824219 561200
8.5 8.5 8.149999618530273 8.25 477700
8.25 8.25 8.0600004196167 8.1899995803833 290500
8.180000305175781 8.25 8.069999694824219 8.130000114440918 369300
8.210000038146973 8.279999732971191 8.079999923706055 8.119999885559082 247400
8.170000076293945 8.430000305175781 8.079999923706055 8.420000076293945 357200
8.420000076293945 8.520000457763672 8.244999885559082 8.329999923706055 488200
8.300000190734863 8.300000190734863 7.869999885559082 7.889999866485596 898900
7.809999942779541 7.809999942779541 7.590000152587891 7.599999904632568 641600
7.679999828338623 7.800000190734863 7.539999961853027 7.699999809265137 393600
7.690000057220459 7.889999866485596 7.639999866485596 7.769999980926514 395200
7.829999923706055 7.829999923706055 7.619999885559082 7.639999866485596 580600
8.039999961853027 8.039999961853027 6.989999771118164 7.079999923706055 2347000
7.179999828338623 7.53000020980835 7.150000095367432 7.400000095367432 1029700
7.429999828338623 7.510000228881836 7.295000076293945 7.449999809265137 614800
7.409999847412109 7.559999942779541 7.230000019073486 7.449999809265137 982700
7.420000076293945 7.610000133514404 7.340000152587891 7.53000020980835 604700
7.489999771118164 7.570000171661377 7.434999942779541 7.480000019073486 292900
7.480000019073486 7.519999980926514 7.434999942779541 7.440000057220459 335000
7.409999847412109 7.449999809265137 7.260000228881836 7.260000228881836 372700
7.190000057220459 7.389999866485596 7.079999923706055 7.300000190734863 835000
7.28000020980835 7.380000114440918 7.210000038146973 7.230000019073486 457000
7.25 7.320000171661377 7.210000038146973 7.260000228881836 444200
7.28000020980835 7.329999923706055 7.230000019073486 7.239999771118164 257000
7.199999809265137 7.304999828338623 7.199999809265137 7.199999809265137 564200
7.21999979019165 7.269999980926514 7.119999885559082 7.130000114440918 374900
7.139999866485596 7.21999979019165 7.03000020980835 7.090000152587891 406700
7.090000152587891 7.21999979019165 7.010000228881836 7.170000076293945 255200
7.190000057220459 7.329999923706055 7.150000095367432 7.25 488700
7.28000020980835 7.329999923706055 7.195000171661377 7.260000228881836 441800
7.269999980926514 7.454999923706055 7.269999980926514 7.329999923706055 303700
7.300000190734863 7.400000095367432 7.23199987411499 7.360000133514404 319900
7.360000133514404 7.385000228881836 7.224999904632568 7.25 271800
7.190000057220459 7.190000057220459 7.010000228881836 7.03000020980835 359400
7.070000171661377 7.070000171661377 6.869999885559082 6.920000076293945 413100
6.96999979019165 7.119999885559082 6.840000152587891 6.900000095367432 436200
6.769999980926514 7.010000228881836 6.539999961853027 6.690000057220459 718700
6.679999828338623 6.808000087738037 6.559999942779541 6.579999923706055 321400
6.599999904632568 6.71999979019165 6.59499979019165 6.710000038146973 324300
6.699999809265137 6.739999771118164 6.539999961853027 6.630000114440918 1285700
6.610000133514404 6.724999904632568 6.480000019073486 6.5 518200
6.480000019073486 6.5 6.401000022888184 6.449999809265137 341600
6.460000038146973 6.489999771118164 6.244999885559082 6.269999980926514 412600
6.21999979019165 6.289999961853027 6.179999828338623 6.179999828338623 318800
6.199999809265137 6.230000019073486 6.059999942779541 6.139999866485596 463700
6.099999904632568 6.190000057220459 6.079999923706055 6.179999828338623 290800
6.170000076293945 6.28000020980835 6.159999847412109 6.269999980926514 362500
6.289999961853027 6.510000228881836 6.269999980926514 6.46999979019165 372200
6.46999979019165 6.559999942779541 6.420000076293945 6.429999828338623 502100
6.460000038146973 6.465000152587891 6.380000114440918 6.420000076293945 354300
6.409999847412109 6.460000038146973 6.309999942779541 6.320000171661377 330900
6.320000171661377 6.380000114440918 6.199999809265137 6.28000020980835 551900
6.28000020980835 6.409999847412109 6.25 6.400000095367432 385600
6.380000114440918 6.554999828338623 6.369999885559082 6.550000190734863 366300
6.510000228881836 6.659999847412109 6.480000019073486 6.599999904632568 322000
6.599999904632568 6.650000095367432 6.505000114440918 6.650000095367432 252400
6.619999885559082 6.675000190734863 6.590000152587891 6.639999866485596 322300
6.690000057220459 6.764999866485596 6.619999885559082 6.760000228881836 349800
6.75 6.75 6.519999980926514 6.579999923706055 476100
6.619999885559082 6.619999885559082 6.420000076293945 6.489999771118164 380200
6.5 6.599999904632568 6.420000076293945 6.579999923706055 282400
6.570000171661377 6.639999866485596 6.474999904632568 6.489999771118164 294000
6.440000057220459 6.440000057220459 6.235000133514404 6.239999771118164 497100
6.449999809265137 6.449999809265137 5.744999885559082 5.960000038146973 1314800
6.039999961853027 6.039999961853027 5.869999885559082 5.980000019073486 338300
6.070000171661377 5.945000171661377 5.84499979019165 5.855000019073486 118511
