9.75 49.4900016784668 8.369999885559082 40.900001525878906 735900
36.970001220703125 40.84000015258789 14.819999694824219 15.09000015258789 335200
18.0 18.0 12.5 12.890000343322754 482900
13.0 13.220000267028809 9.5 9.9399995803833 264800
9.0 9.170000076293945 6.210000038146973 6.28000020980835 384400
6.199999809265137 8.15999984741211 4.400000095367432 4.5 923500
4.800000190734863 5.150000095367432 3.5199999809265137 3.609999895095825 722700
4.0 6.670000076293945 3.799999952316284 3.880000114440918 6575900
4.059999942779541 4.949999809265137 4.059999942779541 4.289999961853027 1272400
4.599999904632568 4.920000076293945 3.819999933242798 3.930000066757202 654400
4.28000020980835 4.769999980926514 4.139999866485596 4.550000190734863 557300
4.789999961853027 4.877999782562256 4.309999942779541 4.840000152587891 338700
5.0 5.0 4.400000095367432 4.489999771118164 169600
4.75 4.75 4.21999979019165 4.590000152587891 261800
4.429999828338623 4.650000095367432 4.25 4.408999919891357 241900
4.5 4.5 3.9600000381469727 4.099999904632568 209400
4.139999866485596 4.400000095367432 4.019999980926514 4.289999961853027 240600
4.21999979019165 4.498000144958496 4.010000228881836 4.099999904632568 143600
4.289999961853027 4.289999961853027 3.880000114440918 3.940000057220459 224800
3.9100000858306885 4.119999885559082 3.859999895095825 3.990000009536743 349300
4.099999904632568 4.099999904632568 3.7699999809265137 3.8399999141693115 45200
3.880000114440918 3.9800000190734863 3.4200000762939453 3.5299999713897705 198600
3.6600000858306885 3.680000066757202 3.4000000953674316 3.509999990463257 114900
3.450000047683716 3.5899999141693115 3.1730000972747803 3.299999952316284 110900
3.4700000286102295 3.4700000286102295 3.140000104904175 3.359999895095825 33000
3.319999933242798 3.559999942779541 3.1500000953674316 3.450000047683716 54800
3.390000104904175 3.4800000190734863 3.0799999237060547 3.130000114440918 77400
3.0 3.125 2.680000066757202 2.869999885559082 166600
2.9079999923706055 3.200000047683716 2.9019999504089355 2.930000066757202 39800
3.0399999618530273 3.109999895095825 2.990000009536743 3.0199999809265137 78500
2.9600000381469727 2.9600000381469727 2.859999895095825 2.9200000762939453 40000
2.859999895095825 2.9800000190734863 2.859999895095825 2.9100000858306885 47100
3.059999942779541 3.069999933242798 2.8399999141693115 2.9200000762939453 44200
2.859999895095825 3.009999990463257 2.700000047683716 2.7300000190734863 147500
2.700000047683716 2.930000066757202 2.619999885559082 2.799999952316284 100000
2.740000009536743 2.9600000381469727 2.609999895095825 2.7799999713897705 108000
2.700000047683716 2.990000009536743 2.559999942779541 2.759999990463257 66300
2.759999990463257 2.9000000953674316 2.5899999141693115 2.700000047683716 110100
2.6500000953674316 2.75 2.5299999713897705 2.690000057220459 45400
2.700000047683716 2.880000114440918 2.559999942779541 2.677999973297119 28800
2.6050000190734863 2.7899999618530273 2.6050000190734863 2.744999885559082 28000
2.7200000286102295 2.7200000286102295 2.549999952316284 2.6040000915527344 25300
2.930000066757202 2.930000066757202 2.5299999713897705 2.569999933242798 41800
2.5 2.950000047683716 2.5 2.9200000762939453 103200
2.7200000286102295 2.7899999618530273 2.683000087738037 2.7100000381469727 19100
2.680000066757202 3.0 2.680000066757202 2.7300000190734863 239200
2.75 2.8469998836517334 2.6600000858306885 2.700000047683716 62400
2.700000047683716 2.9600000381469727 2.674999952316284 2.9600000381469727 101900
2.930000066757202 3.0 2.7739999294281006 3.0 33100
3.0 3.4600000381469727 3.0 3.390000104904175 108900
3.359999895095825 3.359999895095825 3.1600000858306885 3.200000047683716 31800
3.2699999809265137 3.312000036239624 3.1700000762939453 3.200000047683716 27400
3.240000009536743 3.309999942779541 3.2219998836517334 3.25 30900
3.2200000286102295 3.450000047683716 3.200000047683716 3.440000057220459 33200
3.4700000286102295 3.549999952316284 3.2899999618530273 3.4800000190734863 40400
3.569999933242798 3.569999933242798 3.390000104904175 3.390000104904175 19600
3.430000066757202 3.5 3.140000104904175 3.1600000858306885 32600
3.130000114440918 3.559999942779541 3.130000114440918 3.4700000286102295 19300
3.569999933242798 3.630000114440918 3.321000099182129 3.4200000762939453 37000
3.5999999046325684 3.5999999046325684 3.2100000381469727 3.309999942779541 10200
3.1600000858306885 3.4000000953674316 3.1600000858306885 3.299999952316284 21500
3.5199999809265137 3.5199999809265137 3.200000047683716 3.4600000381469727 10700
3.2100000381469727 3.5799999237060547 3.2100000381469727 3.549999952316284 17300
3.5 4.0 3.3380000591278076 3.609999895095825 142200
3.950000047683716 3.950000047683716 3.630000114440918 3.740000009536743 130400
3.819999933242798 3.950000047683716 3.619999885559082 3.9000000953674316 43900
3.950000047683716 4.0 3.6500000953674316 3.680000066757202 71400
3.8499999046325684 3.8499999046325684 3.5999999046325684 3.6600000858306885 9900
3.6600000858306885 3.690000057220459 3.4200000762939453 3.549999952316284 62100
3.450000047683716 3.630000114440918 3.450000047683716 3.4600000381469727 41300
3.5899999141693115 3.609999895095825 3.3499999046325684 3.390000104904175 32900
3.380000114440918 3.430000066757202 3.2200000286102295 3.2300000190734863 53000
3.259999990463257 3.5480000972747803 3.200000047683716 3.4100000858306885 33100
3.4700000286102295 3.4700000286102295 3.299999952316284 3.4700000286102295 10600
3.359999895095825 3.4700000286102295 3.2980000972747803 3.4700000286102295 5600
3.4800000190734863 3.5 3.4000000953674316 3.4700000286102295 14100
3.390000104904175 3.390000104904175 2.75 2.859999895095825 772300
2.9000000953674316 2.9000000953674316 2.5999999046325684 2.740000009536743 110800
2.700000047683716 2.7300000190734863 2.5230000019073486 2.5799999237060547 56200
2.549999952316284 2.5999999046325684 2.4700000286102295 2.509999990463257 154900
2.509999990463257 2.5799999237060547 2.359999895095825 2.4000000953674316 57000
2.4000000953674316 2.450000047683716 2.3499999046325684 2.380000114440918 35200
2.4000000953674316 2.4790000915527344 2.380000114440918 2.380000114440918 64000
2.430000066757202 2.549999952316284 2.390000104904175 2.3949999809265137 75300
2.490000009536743 2.490000009536743 2.200000047683716 2.2200000286102295 97000
2.299999952316284 2.359999895095825 1.9900000095367432 2.059999942779541 204400
2.049999952316284 2.255000114440918 2.0299999713897705 2.140000104904175 48900
2.140000104904175 2.25 1.9900000095367432 2.0 368000
2.0799999237060547 2.125 2.006999969482422 2.0199999809265137 42500
2.119999885559082 2.130000114440918 1.940000057220459 2.0 76600
1.9900000095367432 2.069999933242798 1.940000057220459 1.9700000286102295 57700
1.9900000095367432 1.9900000095367432 1.7599999904632568 1.7799999713897705 66400
1.7799999713897705 1.7799999713897705 1.6100000143051147 1.649999976158142 78700
1.75 1.8600000143051147 1.659999966621399 1.7400000095367432 81800
1.659999966621399 1.7000000476837158 1.4700000286102295 1.4700000286102295 199000
1.5 1.5700000524520874 1.5 1.5499999523162842 45200
1.5700000524520874 1.6200000047683716 1.5 1.5 37900
1.649999976158142 1.649999976158142 1.399999976158142 1.399999976158142 147300
1.440000057220459 1.5199999809265137 1.350000023841858 1.4199999570846558 156400
1.4500000476837158 1.5399999618530273 1.4500000476837158 1.4800000190734863 76700
1.5199999809265137 1.6799999475479126 1.5089999437332153 1.6799999475479126 83900
1.6799999475479126 1.684999942779541 1.5729999542236328 1.600000023841858 41300
1.7000000476837158 1.7000000476837158 1.5499999523162842 1.559999942779541 57500
1.5700000524520874 1.649999976158142 1.5499999523162842 1.5700000524520874 39300
1.5800000429153442 1.6399999856948853 1.5499999523162842 1.5700000524520874 100100
1.600000023841858 1.7000000476837158 1.5750000476837158 1.6050000190734863 131400
1.649999976158142 1.6799999475479126 1.524999976158142 1.5499999523162842 106200
1.6200000047683716 1.6399999856948853 1.5499999523162842 1.600000023841858 35500
1.6100000143051147 1.6349999904632568 1.590000033378601 1.600000023841858 14300
1.6200000047683716 1.6200000047683716 1.4600000381469727 1.4900000095367432 134500
1.4700000286102295 1.5700000524520874 1.4700000286102295 1.5499999523162842 19100
1.7000000476837158 1.75 1.5099999904632568 1.5099999904632568 108600
1.5 1.600000023841858 1.472000002861023 1.600000023841858 22600
1.6100000143051147 1.6469999551773071 1.5520000457763672 1.5700000524520874 20500
1.600000023841858 1.6100000143051147 1.5399999618530273 1.5700000524520874 48000
1.5700000524520874 1.6109999418258667 1.5499999523162842 1.5700000524520874 117700
1.6100000143051147 1.6399999856948853 1.5509999990463257 1.590000033378601 28700
1.6200000047683716 1.6200000047683716 1.5700000524520874 1.5800000429153442 16500
1.5700000524520874 1.5700000524520874 1.5499999523162842 1.5499999523162842 6800
1.5299999713897705 1.5700000524520874 1.5 1.5199999809265137 23300
1.5199999809265137 1.5499999523162842 1.5 1.5299999713897705 16000
1.5299999713897705 1.5399999618530273 1.5 1.5199999809265137 19300
1.5199999809265137 1.524999976158142 1.399999976158142 1.4199999570846558 357200
1.409999966621399 1.4900000095367432 1.409999966621399 1.409999966621399 13800
1.440000057220459 1.4700000286102295 1.350000023841858 1.4299999475479126 137500
1.4359999895095825 1.5 1.434999942779541 1.5 20200
1.600000023841858 1.6100000143051147 1.5099999904632568 1.5099999904632568 47100
1.5399999618530273 1.5499999523162842 1.4500000476837158 1.4700000286102295 17800
1.4700000286102295 1.4700000286102295 1.309999942779541 1.315999984741211 33900
1.3600000143051147 1.399999976158142 1.3009999990463257 1.3700000047683716 112400
1.399999976158142 1.399999976158142 1.350000023841858 1.3700000047683716 31500
1.399999976158142 1.4600000381469727 1.2999999523162842 1.4199999570846558 252000
1.4179999828338623 1.4500000476837158 1.3849999904632568 1.409999966621399 70100
1.4600000381469727 1.4600000381469727 1.3300000429153442 1.3700000047683716 45000
1.399999976158142 1.399999976158142 1.2799999713897705 1.2899999618530273 36100
1.2899999618530273 1.3200000524520874 1.2200000286102295 1.25 64200
1.2999999523162842 1.3300000429153442 1.2400000095367432 1.2400000095367432 61600
1.2699999809265137 1.2799999713897705 1.2000000476837158 1.2300000190734863 60700
1.25 1.3209999799728394 1.1799999475479126 1.25 133300
1.25 1.25 1.090000033378601 1.1399999856948853 159000
1.159999966621399 1.190000057220459 1.0499999523162842 1.0499999523162842 204700
1.0399999618530273 1.0729999542236328 0.949999988079071 0.9900000095367432 104400
0.9900000095367432 1.0 0.9589999914169312 1.0 65900
1.0 1.0099999904632568 0.9599999785423279 0.9599999785423279 25000
1.0099999904632568 1.0099999904632568 0.8629999756813049 0.8629999756813049 48300
0.800000011920929 0.8500000238418579 0.7699999809265137 0.7760000228881836 313400
0.8100000023841858 0.8199999928474426 0.7799999713897705 0.800000011920929 87200
0.8299999833106995 0.8500000238418579 0.8050000071525574 0.8500000238418579 101500
0.8999999761581421 0.9399999976158142 0.843999981880188 0.8999999761581421 169300
0.9300000071525574 1.2200000286102295 0.9300000071525574 1.149999976158142 373500
1.190000057220459 1.190000057220459 1.0800000429153442 1.097000002861023 157100
1.0700000524520874 1.0700000524520874 0.949999988079071 0.9610000252723694 100100
1.0 1.0499999523162842 0.9800000190734863 0.9800000190734863 59200
0.9580000042915344 1.0299999713897705 0.9549999833106995 1.0199999809265137 93200
1.0499999523162842 1.059999942779541 0.9769999980926514 1.0099999904632568 41900
1.0099999904632568 1.0099999904632568 0.9800000190734863 1.0 46500
1.0299999713897705 1.0299999713897705 0.9610000252723694 0.972000002861023 54500
0.949999988079071 1.0 0.949999988079071 0.9599999785423279 37800
0.9800000190734863 1.0199999809265137 0.9300000071525574 1.0099999904632568 101600
1.0199999809265137 1.059999942779541 1.0099999904632568 1.0399999618530273 150500
1.0700000524520874 1.1399999856948853 1.0499999523162842 1.1100000143051147 92000
1.1399999856948853 1.159999966621399 1.0700000524520874 1.159999966621399 60000
1.159999966621399 1.1699999570846558 1.1050000190734863 1.149999976158142 78900
1.1399999856948853 1.149999976158142 1.1100000143051147 1.149999976158142 8900
1.1799999475479126 1.2100000381469727 1.149999976158142 1.2059999704360962 98900
1.190000057220459 1.2000000476837158 1.1399999856948853 1.1399999856948853 66100
1.159999966621399 1.190000057220459 1.149999976158142 1.159999966621399 50600
1.1799999475479126 1.1799999475479126 1.0299999713897705 1.059999942779541 190700
1.0499999523162842 1.059999942779541 0.949999988079071 1.0199999809265137 116600
1.0399999618530273 1.1200000047683716 1.0299999713897705 1.1200000047683716 21600
1.1200000047683716 1.1200000047683716 1.0700000524520874 1.0700000524520874 16100
1.0700000524520874 1.0700000524520874 1.0099999904632568 1.0199999809265137 49900
1.0 1.0499999523162842 0.9610000252723694 1.0 77600
1.0299999713897705 1.0299999713897705 1.0 1.0299999713897705 13500
1.0199999809265137 1.090000033378601 1.0 1.0299999713897705 20800
1.100000023841858 1.100000023841858 1.0399999618530273 1.0700000524520874 29400
1.0499999523162842 1.0800000429153442 1.0399999618530273 1.0399999618530273 39700
1.0499999523162842 1.0499999523162842 0.9800000190734863 1.0099999904632568 41000
1.0399999618530273 1.0700000524520874 1.0299999713897705 1.0449999570846558 47500
1.0399999618530273 1.0700000524520874 1.0399999618530273 1.0449999570846558 12100
1.0700000524520874 1.090000033378601 1.0 1.0700000524520874 17300
1.100000023841858 1.100000023841858 1.0499999523162842 1.065000057220459 71500
1.0499999523162842 1.0700000524520874 1.0099999904632568 1.0399999618530273 52500
1.0700000524520874 1.1100000143051147 1.0299999713897705 1.090000033378601 54500
1.0700000524520874 1.0700000524520874 1.031000018119812 1.034999966621399 5600
1.0399999618530273 1.059999942779541 1.0199999809265137 1.059999942779541 26800
1.0490000247955322 1.0490000247955322 0.9700000286102295 1.0199999809265137 164000
1.0499999523162842 1.0499999523162842 0.9200000166893005 0.9750000238418579 442100
0.9850000143051147 1.0399999618530273 0.8899999856948853 0.9160000085830688 167600
0.9259999990463257 0.949999988079071 0.8199999928474426 0.8600000143051147 117000
0.8700000047683716 1.6200000047683716 0.8230000138282776 0.9890000224113464 3440900
1.0499999523162842 1.0800000429153442 0.8100000023841858 0.8399999737739563 1195900
0.8500000238418579 0.949999988079071 0.8399999737739563 0.8880000114440918 266700
0.8899999856948853 0.9100000262260437 0.8299999833106995 0.8690000176429749 140100
0.8199999928474426 0.859000027179718 0.800000011920929 0.8399999737739563 126900
0.8299999833106995 0.8560000061988831 0.800000011920929 0.8009999990463257 79500
0.8460000157356262 0.8460000157356262 0.800000011920929 0.828000009059906 100200
0.8050000071525574 0.8389999866485596 0.8050000071525574 0.8109999895095825 21100
0.8289999961853027 0.8600000143051147 0.8080000281333923 0.8600000143051147 122200
0.8999999761581421 0.8999999761581421 0.8299999833106995 0.8700000047683716 42900
0.8299999833106995 0.8700000047683716 0.8299999833106995 0.8299999833106995 35600
0.8690000176429749 0.8700000047683716 0.7200000286102295 0.7319999933242798 355600
0.7110000252723694 0.7110000252723694 0.36000001430511475 0.4300000071525574 1907200
0.5299999713897705 0.5789999961853027 0.44999998807907104 0.4699999988079071 3693800
0.5429999828338623 0.5429999828338623 0.4399999976158142 0.47999998927116394 844500
0.4699999988079071 0.47999998927116394 0.44999998807907104 0.4699999988079071 526700
0.47999998927116394 0.5 0.44999998807907104 0.47999998927116394 651500
0.5099999904632568 0.5600000023841858 0.47999998927116394 0.5400000214576721 561900
0.6299999952316284 0.734000027179718 0.5199999809265137 0.5289999842643738 2912700
0.6000000238418579 0.609000027179718 0.5199999809265137 0.5720000267028809 581300
0.6079999804496765 0.6380000114440918 0.5400000214576721 0.578000009059906 487900
0.6000000238418579 0.6299999952316284 0.5709999799728394 0.5989999771118164 222000
0.5899999737739563 0.6389999985694885 0.5799999833106995 0.5989999771118164 273900
0.6000000238418579 0.6100000143051147 0.5699999928474426 0.5899999737739563 306900
0.6119999885559082 0.6140000224113464 0.550000011920929 0.5789999961853027 146000
0.5699999928474426 0.5799999833106995 0.4300000071525574 0.4880000054836273 1346600
0.5070000290870667 0.5400000214576721 0.4050000011920929 0.4440000057220459 422100
0.48399999737739563 0.49000000953674316 0.4300000071525574 0.4480000138282776 303300
0.44999998807907104 0.44999998807907104 0.4429999887943268 0.44999998807907104 150300
0.44999998807907104 0.5199999809265137 0.44999998807907104 0.4650000035762787 412800
0.5699999928474426 0.5699999928474426 0.4000000059604645 0.44999998807907104 1804400
0.43299999833106995 0.4779999852180481 0.4000000059604645 0.43799999356269836 635000
0.44999998807907104 0.4699999988079071 0.4000000059604645 0.44999998807907104 414500
0.44999998807907104 0.44999998807907104 0.4099999964237213 0.42800000309944153 190000
0.44999998807907104 0.4580000042915344 0.3799999952316284 0.39500001072883606 682500
0.42500001192092896 0.46000000834465027 0.3799999952316284 0.3880000114440918 461700
0.3880000114440918 0.3970000147819519 0.2770000100135803 0.2919999957084656 1287800
0.30000001192092896 0.3610000014305115 0.2809999883174896 0.3610000014305115 343200
0.36000001430511475 0.3799999952316284 0.3400000035762787 0.36899998784065247 316500
0.39100000262260437 0.39100000262260437 0.3400000035762787 0.35899999737739563 106900
0.36000001430511475 0.3700000047683716 0.33000001311302185 0.35899999737739563 304300
0.36000001430511475 0.36000001430511475 0.3199999928474426 0.35100001096725464 320400
0.36000001430511475 0.36000001430511475 0.33000001311302185 0.3529999852180481 151900
0.35499998927116394 0.3659999966621399 0.3400000035762787 0.35899999737739563 93900
0.38999998569488525 0.3970000147819519 0.3499999940395355 0.36800000071525574 109800
0.3700000047683716 0.3700000047683716 0.3499999940395355 0.36000001430511475 151400
0.3700000047683716 0.3700000047683716 0.3499999940395355 0.36399999260902405 125300
0.3700000047683716 0.3799999952316284 0.35199999809265137 0.35199999809265137 110100
0.35199999809265137 0.37400001287460327 0.35199999809265137 0.36500000953674316 36000
0.35100001096725464 0.3799999952316284 0.3499999940395355 0.3619999885559082 152100
0.3799999952316284 0.3799999952316284 0.3400000035762787 0.3580000102519989 558100
0.3700000047683716 0.3700000047683716 0.3499999940395355 0.36899998784065247 17200
0.3580000102519989 0.36000001430511475 0.33500000834465027 0.35899999737739563 164700
0.3700000047683716 0.3700000047683716 0.3400000035762787 0.36899998784065247 89600
0.36000001430511475 0.3700000047683716 0.3400000035762787 0.3499999940395355 59600
0.33500000834465027 0.3700000047683716 0.3199999928474426 0.36000001430511475 80300
0.34599998593330383 0.3569999933242798 0.33000001311302185 0.33899998664855957 50600
0.3400000035762787 0.3458000123500824 0.3199999928474426 0.3458000123500824 108933
