9.0 10.020000457763672 9.0 9.199999809265137 3221400
9.399999618530273 10.100000381469727 9.399999618530273 9.800000190734863 741800
9.460000038146973 9.890000343322754 9.100000381469727 9.369999885559082 395600
9.369999885559082 9.510000228881836 8.529999732971191 9.359999656677246 382000
9.130000114440918 9.5 9.010000228881836 9.289999961853027 210000
9.15999984741211 9.40999984741211 9.0 9.079999923706055 173900
9.020000457763672 9.489999771118164 9.020000457763672 9.449999809265137 252400
9.239999771118164 9.8100004196167 9.210000038146973 9.710000038146973 122400
9.770000457763672 10.0 9.470000267028809 9.890000343322754 196000
9.729999542236328 9.930000305175781 9.600000381469727 9.869999885559082 117900
9.729999542236328 10.239999771118164 9.729999542236328 10.029999732971191 94300
10.095000267028809 11.163999557495117 10.0 10.899999618530273 261000
11.0 11.079999923706055 9.510000228881836 9.8100004196167 288200
9.640000343322754 10.515000343322754 9.640000343322754 10.289999961853027 71600
10.0 10.989999771118164 9.899999618530273 10.899999618530273 105400
11.039999961853027 11.079999923706055 10.539999961853027 10.930000305175781 109400
10.960000038146973 11.40999984741211 10.270000457763672 10.550000190734863 215600
11.0 11.199999809265137 10.199999809265137 10.569999694824219 198900
10.359999656677246 11.569999694824219 10.170000076293945 11.5600004196167 219400
11.5 12.239999771118164 11.279999732971191 11.5 102200
11.359999656677246 11.600000381469727 9.880000114440918 9.880000114440918 147600
9.859999656677246 10.40999984741211 9.5649995803833 9.699999809265137 131000
9.550000190734863 9.739999771118164 8.300000190734863 8.40999984741211 154700
8.5 8.90999984741211 8.5 8.819999694824219 89800
8.760000228881836 9.15999984741211 8.1899995803833 8.279999732971191 113900
9.039999961853027 10.21500015258789 8.859999656677246 9.5 681700
9.949999809265137 10.54800033569336 9.949999809265137 10.1899995803833 398700
10.75 11.836000442504883 10.34000015258789 10.949999809265137 438800
10.90999984741211 11.479999542236328 9.800000190734863 10.920000076293945 324900
11.720000267028809 11.720000267028809 9.649999618530273 9.770000457763672 190600
9.630000114440918 9.800000190734863 9.1899995803833 9.479999542236328 80200
9.260000228881836 9.470000267028809 8.5 8.5 128200
8.710000038146973 8.769000053405762 8.0 8.039999961853027 188000
8.260000228881836 8.430000305175781 7.699999809265137 7.909999847412109 190300
7.869999885559082 8.359999656677246 7.230000019073486 7.230000019073486 442500
7.150000095367432 7.150000095367432 6.260000228881836 6.860000133514404 253700
6.860000133514404 7.329999923706055 6.659999847412109 6.75 219500
6.760000228881836 7.260000228881836 6.300000190734863 6.349999904632568 236900
6.300000190734863 6.389999866485596 6.0 6.28000020980835 172800
6.260000228881836 6.760000228881836 6.260000228881836 6.510000228881836 68900
6.639999866485596 6.639999866485596 6.03000020980835 6.130000114440918 93000
6.099999904632568 6.300000190734863 5.869999885559082 5.909999847412109 161800
5.929999828338623 6.050000190734863 5.659999847412109 5.71999979019165 172800
5.800000190734863 6.15500020980835 5.730000019073486 5.760000228881836 78600
5.800000190734863 5.829999923706055 5.5 5.789999961853027 101900
5.730000019073486 5.8429999351501465 5.309999942779541 5.400000095367432 181300
5.559999942779541 5.800000190734863 5.300000190734863 5.440000057220459 320700
5.5 5.929999828338623 5.400000095367432 5.53000020980835 177100
5.699999809265137 5.699999809265137 5.440000057220459 5.630000114440918 139200
5.590000152587891 5.699999809265137 5.320000171661377 5.639999866485596 115200
6.139999866485596 6.860000133514404 5.699999809265137 6.75 200500
6.880000114440918 7.920000076293945 6.829999923706055 7.179999828338623 297600
7.269999980926514 8.449999809265137 7.179999828338623 7.78000020980835 516300
7.789999961853027 8.170000076293945 7.320000171661377 8.170000076293945 191500
8.279999732971191 8.4350004196167 6.75 6.789999961853027 122400
6.900000095367432 7.005000114440918 6.460000038146973 6.539999961853027 73700
6.480000019073486 7.5 6.480000019073486 7.059999942779541 89900
6.989999771118164 7.079999923706055 6.570000171661377 6.659999847412109 60100
6.550000190734863 6.760000228881836 5.820000171661377 6.579999923706055 81000
6.460000038146973 7.300000190734863 6.349999904632568 7.260000228881836 111500
7.349999904632568 7.400000095367432 6.679999828338623 6.840000152587891 58100
6.949999809265137 7.179999828338623 6.550000190734863 7.019999980926514 130300
7.0 7.690000057220459 7.0 7.309999942779541 105000
7.170000076293945 7.409999847412109 6.985000133514404 7.210000038146973 73200
7.179999828338623 7.650000095367432 7.010000228881836 7.619999885559082 38900
7.510000228881836 7.699999809265137 6.239999771118164 6.340000152587891 168800
6.210000038146973 6.420000076293945 6.0 6.059999942779541 67000
6.0 6.255000114440918 5.429999828338623 6.25 157700
6.190000057220459 6.440000057220459 6.039999961853027 6.179999828338623 38800
6.050000190734863 6.468999862670898 6.010000228881836 6.230000019073486 15400
6.329999923706055 6.349999904632568 5.889999866485596 5.960000038146973 102300
5.809999942779541 6.170000076293945 5.579999923706055 5.730000019073486 105600
5.690000057220459 5.869999885559082 5.210000038146973 5.420000076293945 71600
5.440000057220459 5.510000228881836 5.019999980926514 5.230000019073486 66400
5.269999980926514 6.019999980926514 5.269999980926514 5.760000228881836 60600
5.659999847412109 5.739999771118164 5.440000057220459 5.559999942779541 11600
5.53000020980835 5.7270002365112305 5.300000190734863 5.599999904632568 24900
5.53000020980835 5.53000020980835 5.099999904632568 5.440000057220459 26900
5.449999809265137 5.550000190734863 5.03000020980835 5.150000095367432 65000
5.099999904632568 5.170000076293945 4.869999885559082 4.949999809265137 50400
4.880000114440918 5.071000099182129 4.775000095367432 4.960000038146973 83000
5.110000133514404 5.110000133514404 4.880000114440918 4.940000057220459 37400
4.920000076293945 5.099999904632568 4.685999870300293 4.800000190734863 46200
4.829999923706055 5.050000190734863 4.599999904632568 4.769999980926514 14500
4.820000171661377 4.820000171661377 4.320000171661377 4.400000095367432 58100
4.760000228881836 4.760000228881836 4.369999885559082 4.429999828338623 37200
4.320000171661377 4.4670000076293945 3.9600000381469727 3.9600000381469727 59000
4.050000190734863 4.070000171661377 3.5399999618530273 3.8299999237060547 85200
3.859999895095825 3.869999885559082 3.5199999809265137 3.6600000858306885 27100
3.809999942779541 3.9200000762939453 3.6500000953674316 3.700000047683716 84600
3.6500000953674316 3.680000066757202 3.4100000858306885 3.569999933242798 53400
3.509999990463257 3.565000057220459 3.0799999237060547 3.119999885559082 234100
3.1500000953674316 3.9600000381469727 3.1500000953674316 3.4000000953674316 490800
3.369999885559082 4.539999961853027 3.309999942779541 4.449999809265137 363400
4.639999866485596 4.860000133514404 4.019999980926514 4.559999942779541 190100
4.710000038146973 5.679999828338623 4.48199987411499 5.679999828338623 171400
5.5 6.539999961853027 5.2129998207092285 6.400000095367432 274400
6.53000020980835 6.840000152587891 5.659999847412109 6.010000228881836 111000
6.110000133514404 6.349999904632568 5.869999885559082 6.0 142900
5.820000171661377 5.978000164031982 5.400000095367432 5.480000019073486 97300
5.400000095367432 5.489999771118164 4.480000019073486 4.610000133514404 175900
4.650000095367432 4.800000190734863 4.289999961853027 4.309999942779541 91500
4.360000133514404 4.361999988555908 4.019999980926514 4.059999942779541 60600
4.019999980926514 4.389999866485596 4.019999980926514 4.300000190734863 182500
4.289999961853027 4.409999847412109 4.119999885559082 4.170000076293945 193400
4.119999885559082 4.300000190734863 4.0 4.010000228881836 31700
4.139999866485596 4.150000095367432 3.640000104904175 3.7300000190734863 143200
3.7799999713897705 3.7799999713897705 3.509999990463257 3.5299999713897705 214900
3.5199999809265137 3.6449999809265137 3.25 3.259999990463257 371800
3.200000047683716 3.385999917984009 3.0 3.0399999618530273 230700
3.0 3.2799999713897705 2.884999990463257 2.9700000286102295 347900
3.2100000381469727 3.2100000381469727 3.0399999618530273 3.0799999237060547 111700
3.0999999046325684 3.200000047683716 2.759999990463257 2.869999885559082 185100
2.8399999141693115 3.130000114440918 2.8350000381469727 2.9000000953674316 90200
2.869999885559082 2.950000047683716 2.5999999046325684 2.8499999046325684 168100
2.859999895095825 2.930000066757202 2.75 2.869999885559082 61200
3.0 3.0299999713897705 2.740000009536743 3.0199999809265137 88700
2.990000009536743 3.1700000762939453 2.940000057220459 3.119999885559082 116200
3.1500000953674316 3.430000066757202 2.9800000190734863 3.430000066757202 88900
3.5999999046325684 3.9100000858306885 3.0950000286102295 3.380000114440918 513100
3.3399999141693115 3.4000000953674316 3.015000104904175 3.049999952316284 46400
2.990000009536743 3.1600000858306885 2.9600000381469727 3.0999999046325684 23100
3.0799999237060547 3.190000057220459 2.9000000953674316 2.9800000190734863 34400
3.049999952316284 3.1589999198913574 2.9100000858306885 3.0799999237060547 68200
3.069999933242798 3.2200000286102295 2.75 2.9200000762939453 115900
2.9800000190734863 3.0399999618530273 2.6700000762939453 2.7699999809265137 116400
2.799999952316284 3.3499999046325684 2.683000087738037 3.2200000286102295 202100
3.140000104904175 3.309999942779541 2.880000114440918 3.009999990463257 71700
3.0799999237060547 3.0999999046325684 2.937000036239624 3.0399999618530273 62600
3.0199999809265137 3.0399999618530273 2.75 2.75 220300
2.75 2.9700000286102295 2.6600000858306885 2.799999952316284 179400
2.759999990463257 2.859999895095825 2.5199999809265137 2.609999895095825 186400
2.700000047683716 2.8499999046325684 2.6500000953674316 2.700000047683716 355200
2.809999942779541 2.9200000762939453 2.5399999618530273 2.559999942779541 65300
2.5799999237060547 2.630000114440918 2.5 2.559999942779541 66800
2.609999895095825 2.680000066757202 2.5199999809265137 2.5999999046325684 161500
2.5799999237060547 3.2200000286102295 2.5399999618530273 2.740000009536743 211200
2.8399999141693115 3.0 2.619999885559082 2.640000104904175 261400
2.5999999046325684 2.7699999809265137 2.5999999046325684 2.6500000953674316 139300
2.7899999618530273 3.0 2.75 2.869999885559082 273800
2.869999885559082 3.0899999141693115 2.8399999141693115 2.940000057220459 158300
2.869999885559082 2.869999885559082 2.630000114440918 2.690000057220459 125000
2.690000057220459 2.7200000286102295 2.630000114440918 2.700000047683716 85200
2.630000114440918 2.7200000286102295 2.5399999618530273 2.7100000381469727 138200
2.7100000381469727 3.0799999237060547 2.7100000381469727 2.9700000286102295 191900
2.950000047683716 2.950000047683716 2.75 2.8299999237060547 220700
2.75 2.884999990463257 2.700000047683716 2.7899999618530273 86400
2.7799999713897705 2.869999885559082 2.569999933242798 2.630000114440918 121500
2.619999885559082 2.799999952316284 2.549999952316284 2.75 47500
2.7200000286102295 2.739000082015991 2.6600000858306885 2.7100000381469727 19300
2.740000009536743 2.8499999046325684 2.5 2.5299999713897705 123900
2.5 2.611999988555908 2.430000066757202 2.450000047683716 119800
2.4100000858306885 2.507999897003174 2.4100000858306885 2.440000057220459 65600
2.430000066757202 2.565000057220459 2.259999990463257 2.5 69300
2.430000066757202 2.5 2.2799999713897705 2.309999942779541 48700
2.1500000953674316 2.25 1.9800000190734863 2.0199999809265137 159200
2.0199999809265137 2.1050000190734863 2.0199999809265137 2.049999952316284 34100
2.119999885559082 2.430000066757202 2.0899999141693115 2.1500000953674316 71700
2.3399999141693115 2.380000114440918 2.0999999046325684 2.200000047683716 127200
2.259999990463257 2.359999895095825 1.9600000381469727 1.9600000381469727 274200
2.0999999046325684 2.0999999046325684 1.9900000095367432 2.0 45300
1.899999976158142 2.049999952316284 1.7699999809265137 1.8200000524520874 225000
1.8600000143051147 1.8830000162124634 1.7899999618530273 1.8300000429153442 225000
1.840000033378601 1.9199999570846558 1.75 1.75 278700
1.7200000286102295 1.7999999523162842 1.7000000476837158 1.7200000286102295 106900
1.7100000381469727 1.8600000143051147 1.7100000381469727 1.8200000524520874 263800
1.8600000143051147 1.8700000047683716 1.7100000381469727 1.7300000190734863 62700
1.7000000476837158 1.7619999647140503 1.6740000247955322 1.7200000286102295 49300
1.7599999904632568 1.819000005722046 1.7200000286102295 1.7899999618530273 79900
1.7300000190734863 1.850000023841858 1.659999966621399 1.7200000286102295 96900
1.7100000381469727 1.7899999618530273 1.659999966621399 1.690000057220459 147600
1.659999966621399 1.909999966621399 1.659999966621399 1.8600000143051147 131400
1.809999942779541 1.9800000190734863 1.7799999713897705 1.9199999570846558 163100
1.9600000381469727 1.9600000381469727 1.7599999904632568 1.7799999713897705 139600
1.7599999904632568 1.850000023841858 1.7599999904632568 1.850000023841858 69600
1.7899999618530273 1.9299999475479126 1.7549999952316284 1.850000023841858 81100
1.8300000429153442 1.8799999952316284 1.7300000190734863 1.8300000429153442 31200
1.8600000143051147 1.8799999952316284 1.7899999618530273 1.7999999523162842 75100
1.7899999618530273 1.9700000286102295 1.7799999713897705 1.8700000047683716 65200
1.8700000047683716 2.049999952316284 1.8450000286102295 1.9600000381469727 123800
1.909999966621399 2.0899999141693115 1.8799999952316284 1.9299999475479126 115200
1.9700000286102295 2.130000114440918 1.8949999809265137 2.0899999141693115 97400
2.128999948501587 2.128999948501587 1.9199999570846558 1.9500000476837158 62100
1.909999966621399 1.9600000381469727 1.8600000143051147 1.899999976158142 54000
1.850000023841858 1.8799999952316284 1.75 1.8200000524520874 22200
1.8200000524520874 1.8700000047683716 1.7799999713897705 1.809999942779541 52800
1.7799999713897705 1.850000023841858 1.7799999713897705 1.840000033378601 39300
1.7999999523162842 1.8380000591278076 1.7699999809265137 1.8200000524520874 100600
1.7999999523162842 1.899999976158142 1.7999999523162842 1.850000023841858 107800
1.809999942779541 1.8980000019073486 1.809999942779541 1.8700000047683716 64700
1.8600000143051147 1.909000039100647 1.8300000429153442 1.850000023841858 58600
1.899999976158142 1.909999966621399 1.8200000524520874 1.909999966621399 36900
1.850000023841858 1.909999966621399 1.7799999713897705 1.8600000143051147 70000
1.8799999952316284 2.0299999713897705 1.75 1.7699999809265137 69400
1.7999999523162842 1.809999942779541 1.409999966621399 1.4299999475479126 253400
1.4299999475479126 1.5800000429153442 1.399999976158142 1.5199999809265137 45100
1.5499999523162842 1.659999966621399 1.5499999523162842 1.6200000047683716 54200
1.7000000476837158 1.7400000095367432 1.5700000524520874 1.6299999952316284 83100
1.5800000429153442 1.6629999876022339 1.4500000476837158 1.5 84600
1.5499999523162842 1.6200000047683716 1.440000057220459 1.4600000381469727 102600
1.5 1.5 1.2730000019073486 1.3200000524520874 207500
1.2799999713897705 1.343000054359436 1.2599999904632568 1.309999942779541 84000
1.3200000524520874 1.3200000524520874 1.2050000429153442 1.2300000190734863 57600
1.2100000381469727 1.2599999904632568 1.1100000143051147 1.149999976158142 62000
1.149999976158142 1.149999976158142 1.100000023841858 1.149999976158142 58400
1.159999966621399 1.2400000095367432 1.1200000047683716 1.2000000476837158 121400
1.2300000190734863 1.2699999809265137 1.1200000047683716 1.1799999475479126 109800
1.2400000095367432 1.2400000095367432 0.8600000143051147 0.9179999828338623 357000
0.9470000267028809 1.2699999809265137 0.9470000267028809 1.1799999475479126 790500
1.2799999713897705 1.2899999618530273 1.059999942779541 1.1200000047683716 181800
1.149999976158142 1.2599999904632568 1.1200000047683716 1.190000057220459 86100
1.1699999570846558 1.2300000190734863 1.0110000371932983 1.0700000524520874 95000
1.0700000524520874 1.0700000524520874 1.0099999904632568 1.0399999618530273 55600
1.0399999618530273 1.059999942779541 1.0 1.0399999618530273 46800
1.0099999904632568 1.1200000047683716 1.0099999904632568 1.1100000143051147 92300
1.0800000429153442 1.1200000047683716 1.059999942779541 1.0800000429153442 34500
1.1200000047683716 1.1299999952316284 1.0199999809265137 1.059999942779541 45700
1.100000023841858 1.399999976158142 1.059999942779541 1.1100000143051147 508100
1.0199999809265137 1.1009999513626099 1.0 1.0399999618530273 81600
1.100000023841858 1.100000023841858 0.9599999785423279 0.9800000190734863 100900
1.0199999809265137 1.0199999809265137 0.9300000071525574 0.9800000190734863 56700
0.9300000071525574 1.0800000429153442 0.9100000262260437 0.9100000262260437 145400
0.8999999761581421 1.0499999523162842 0.8899999856948853 0.9649999737739563 126800
0.9800000190734863 0.9919999837875366 0.8650000095367432 0.9810000061988831 103600
0.9509999752044678 1.0499999523162842 0.8999999761581421 0.9800000190734863 63900
0.9599999785423279 0.9850000143051147 0.8799999952316284 0.9070000052452087 48800
1.2599999904632568 1.2599999904632568 0.9810000061988831 1.1799999475479126 17344500
0.9409999847412109 1.1699999570846558 0.9200000166893005 1.1699999570846558 1067100
1.190000057220459 1.6799999475479126 1.1430000066757202 1.6699999570846558 3071300
1.600000023841858 1.6399999856948853 1.1799999475479126 1.190000057220459 2093700
1.159999966621399 1.225000023841858 1.0800000429153442 1.2100000381469727 253100
1.25 1.25 1.0499999523162842 1.0700000524520874 263400
1.1200000047683716 1.152999997138977 1.090000033378601 1.1100000143051147 89400
1.100000023841858 1.5399999618530273 1.0700000524520874 1.5199999809265137 658300
1.4900000095367432 1.5099999904632568 1.350000023841858 1.3799999952316284 132600
1.3899999856948853 1.3899999856948853 1.2000000476837158 1.2699999809265137 84500
1.190000057220459 1.2699999809265137 1.190000057220459 1.2599999904632568 135300
1.2899999618530273 1.2899999618530273 1.1699999570846558 1.2300000190734863 159800
1.1690000295639038 1.2799999713897705 1.1690000295639038 1.2300000190734863 47500
1.2569999694824219 1.3359999656677246 1.2000000476837158 1.3200000524520874 39400
1.2599999904632568 1.4199999570846558 1.2300000190734863 1.3899999856948853 85300
1.3600000143051147 1.409999966621399 1.2899999618530273 1.3700000047683716 48500
1.399999976158142 1.5299999713897705 1.2999999523162842 1.2999999523162842 447000
1.340000033378601 1.4290000200271606 1.3300000429153442 1.3700000047683716 275300
1.3899999856948853 1.440000057220459 1.2999999523162842 1.340000033378601 251800
1.2999999523162842 1.3619999885559082 1.2599999904632568 1.2899999618530273 33300
1.4299999475479126 1.4500000476837158 1.2660000324249268 1.3300000429153442 51100
1.409999966621399 1.4199999570846558 1.309999942779541 1.4199999570846558 39900
1.409999966621399 1.600000023841858 1.3899999856948853 1.5399999618530273 102000
1.590000033378601 1.7699999809265137 1.5399999618530273 1.75 244400
1.7200000286102295 1.7699999809265137 1.6200000047683716 1.7300000190734863 98900
1.7300000190734863 1.8200000524520874 1.6699999570846558 1.7999999523162842 84400
1.809999942779541 1.809999942779541 1.7200000286102295 1.7799999713897705 40700
1.840000033378601 1.9149999618530273 1.75 1.8600000143051147 166700
1.8600000143051147 1.899999976158142 1.7999999523162842 1.840000033378601 63800
1.7999999523162842 2.0899999141693115 1.784999966621399 1.9500000476837158 129800
2.0 2.0 1.7100000381469727 1.7300000190734863 100700
1.850000023841858 2.140000104904175 1.809999942779541 2.0199999809265137 296300
1.8700000047683716 2.049999952316284 1.5 1.7300000190734863 376500
1.7999999523162842 1.9700000286102295 1.7000000476837158 1.940000057220459 186000
1.899999976158142 1.9700000286102295 1.5700000524520874 1.8700000047683716 318200
1.909999966621399 1.9600000381469727 1.840000033378601 1.8700000047683716 34400
1.899999976158142 1.9600000381469727 1.8300000429153442 1.8600000143051147 245100
1.940000057220459 2.0899999141693115 1.7899999618530273 1.899999976158142 469400
2.069999933242798 2.069999933242798 1.7100000381469727 2.069999933242798 180900
1.9800000190734863 2.200000047683716 1.9600000381469727 2.200000047683716 51800
2.200000047683716 2.3299999237060547 1.9500000476837158 2.3299999237060547 217600
2.259999990463257 2.509999990463257 2.2300000190734863 2.4000000953674316 160100
2.440000057220459 2.450000047683716 2.190000057220459 2.3299999237060547 119400
2.309999942779541 2.5199999809265137 2.125 2.4700000286102295 108800
2.4100000858306885 2.5 2.3499999046325684 2.369999885559082 19300
2.549999952316284 2.549999952316284 2.234999895095825 2.309999942779541 131500
2.299999952316284 2.4100000858306885 2.0799999237060547 2.380000114440918 158900
2.3299999237060547 2.450000047683716 2.130000114440918 2.390000104904175 143600
2.390000104904175 2.4800000190734863 2.25 2.4000000953674316 147700
2.3299999237060547 2.490000009536743 2.2100000381469727 2.3399999141693115 171700
2.4200000762939453 2.8299999237060547 2.319999933242798 2.630000114440918 381300
2.569999933242798 2.7699999809265137 2.505000114440918 2.5399999618530273 151500
2.5199999809265137 2.7799999713897705 2.4000000953674316 2.759999990463257 148500
2.7799999713897705 2.9200000762939453 2.6700000762939453 2.9000000953674316 172600
2.950000047683716 2.950000047683716 2.6700000762939453 2.6700000762939453 162700
2.6600000858306885 2.6600000858306885 2.319999933242798 2.3399999141693115 330100
2.3399999141693115 2.5350000858306885 2.119999885559082 2.140000104904175 289700
2.130000114440918 2.130000114440918 1.9500000476837158 2.0299999713897705 886800
1.9600000381469727 2.109999895095825 1.840000033378601 1.9700000286102295 616700
1.9800000190734863 2.0 1.8200000524520874 1.9299999475479126 1140600
1.8899999856948853 1.9199999570846558 1.6100000143051147 1.7200000286102295 701000
1.7100000381469727 1.7100000381469727 1.4800000190734863 1.5700000524520874 548600
1.559999942779541 1.659999966621399 1.440000057220459 1.5199999809265137 333800
1.4700000286102295 1.5299999713897705 1.2000000476837158 1.5199999809265137 1138100
1.5199999809265137 1.5700000524520874 1.4950000047683716 1.5499999523162842 151500
1.5099999904632568 1.7300000190734863 1.434999942779541 1.5399999618530273 350900
1.4900000095367432 1.809999942779541 1.4900000095367432 1.7899999618530273 500300
1.6699999570846558 2.490000009536743 1.6699999570846558 2.490000009536743 855100
2.450000047683716 2.8299999237060547 2.2149999141693115 2.8299999237060547 478600
2.740000009536743 2.822000026702881 2.259999990463257 2.259999990463257 303500
2.25 2.299999952316284 1.909999966621399 2.069999933242798 324100
2.0199999809265137 2.0299999713897705 1.9299999475479126 1.9299999475479126 123600
1.9199999570846558 2.0399999618530273 1.8600000143051147 2.009999990463257 107100
2.0299999713897705 2.194999933242798 1.940000057220459 1.9900000095367432 268200
2.0 2.1700000762939453 1.9299999475479126 2.0799999237060547 269900
2.069999933242798 2.0899999141693115 1.9600000381469727 2.059999942779541 145100
2.0199999809265137 2.1600000858306885 1.940000057220459 2.0999999046325684 201600
2.0299999713897705 2.4200000762939453 2.0269999504089355 2.4200000762939453 112800
2.2699999809265137 2.5799999237060547 2.1700000762939453 2.5799999237060547 247300
2.5799999237060547 2.799999952316284 2.4700000286102295 2.6600000858306885 1247700
2.640000104904175 2.640000104904175 2.390000104904175 2.5799999237060547 89500
2.5350000858306885 2.6500000953674316 2.440000057220459 2.5799999237060547 82900
2.5899999141693115 2.640000104904175 2.3299999237060547 2.640000104904175 124000
2.5950000286102295 2.640000104904175 2.569999933242798 2.569999933242798 17400
2.549999952316284 2.6600000858306885 2.299999952316284 2.6600000858306885 82000
2.690000057220459 2.7100000381469727 2.559999942779541 2.7100000381469727 33300
2.690000057220459 2.7100000381469727 2.565999984741211 2.690000057220459 43400
2.6700000762939453 2.75 2.569999933242798 2.680000066757202 67400
2.690000057220459 2.75 2.5799999237060547 2.619999885559082 139700
2.609999895095825 2.6600000858306885 2.440000057220459 2.6600000858306885 77700
2.609999895095825 2.6700000762939453 2.4600000381469727 2.5999999046325684 142200
2.569999933242798 2.5899999141693115 2.4000000953674316 2.559999942779541 70200
2.5399999618530273 2.5999999046325684 2.4000000953674316 2.5299999713897705 35100
2.5199999809265137 2.5999999046325684 2.450000047683716 2.549999952316284 106000
2.5799999237060547 2.5999999046325684 2.4600000381469727 2.5199999809265137 48700
2.4800000190734863 2.569999933242798 2.440000057220459 2.440000057220459 47900
2.4600000381469727 2.4800000190734863 2.3299999237060547 2.4700000286102295 61800
2.4700000286102295 2.630000114440918 2.450000047683716 2.559999942779541 41000
2.4800000190734863 2.640000104904175 2.4800000190734863 2.5899999141693115 24900
2.6500000953674316 2.6500000953674316 2.569999933242798 2.6500000953674316 52500
2.549999952316284 2.630000114440918 2.48799991607666 2.549999952316284 41300
2.559999942779541 2.6500000953674316 2.559999942779541 2.609999895095825 22600
2.5899999141693115 2.6029999256134033 2.5199999809265137 2.5799999237060547 33800
2.5899999141693115 2.5999999046325684 2.565000057220459 2.5999999046325684 56200
2.5999999046325684 2.619999885559082 2.5460000038146973 2.619999885559082 39300
2.5399999618530273 2.572000026702881 2.4100000858306885 2.440000057220459 41800
2.4600000381469727 2.5299999713897705 2.450000047683716 2.509999990463257 30300
2.5199999809265137 2.5199999809265137 2.4000000953674316 2.5 136500
2.4600000381469727 2.490000009536743 2.369999885559082 2.369999885559082 71000
2.3499999046325684 2.4100000858306885 2.130000114440918 2.240000009536743 100400
2.25 2.309000015258789 2.2200000286102295 2.259999990463257 125500
2.2100000381469727 2.2699999809265137 2.1500000953674316 2.1500000953674316 104700
2.1600000858306885 2.25 2.059999942779541 2.200000047683716 159900
2.25 2.25 1.940000057220459 1.9900000095367432 356800
2.1600000858306885 2.1600000858306885 1.850000023841858 1.850000023841858 95100
1.8600000143051147 1.9500000476837158 1.649999976158142 1.6699999570846558 349200
1.7599999904632568 1.7999999523162842 1.3300000429153442 1.5299999713897705 408800
1.4600000381469727 1.649999976158142 1.4600000381469727 1.649999976158142 775800
1.649999976158142 1.690000057220459 1.5 1.6299999952316284 463800
1.6100000143051147 1.7899999618530273 1.600000023841858 1.7699999809265137 153800
1.7899999618530273 2.174999952316284 1.7100000381469727 1.9800000190734863 240200
2.0299999713897705 2.071000099182129 1.9500000476837158 2.0 333200
2.0399999618530273 2.0399999618530273 1.899999976158142 2.0 122400
1.9780000448226929 2.0199999809265137 1.9299999475479126 1.9700000286102295 30800
1.940000057220459 1.940000057220459 1.7999999523162842 1.7999999523162842 49100
1.8300000429153442 1.8300000429153442 1.7000000476837158 1.8200000524520874 91200
1.7999999523162842 2.0 1.7899999618530273 1.8799999952316284 163200
1.7999999523162842 1.940000057220459 1.7200000286102295 1.8300000429153442 74100
1.809999942779541 1.8700000047683716 1.649999976158142 1.7000000476837158 236600
1.7599999904632568 2.1050000190734863 1.725000023841858 1.909999966621399 269600
1.8899999856948853 2.0399999618530273 1.8569999933242798 2.0 118300
2.0199999809265137 2.0199999809265137 1.8200000524520874 1.8799999952316284 57700
1.8899999856948853 1.9800000190734863 1.7599999904632568 1.9199999570846558 38500
1.9700000286102295 2.0 1.8799999952316284 1.8799999952316284 53200
1.8200000524520874 1.9900000095367432 1.7599999904632568 1.9600000381469727 50800
1.9500000476837158 2.0 1.850000023841858 1.9199999570846558 50400
2.0199999809265137 2.049999952316284 1.9500000476837158 2.009999990463257 40200
1.9900000095367432 2.0 1.9299999475479126 2.0 9600
2.0 2.0 1.8799999952316284 1.9600000381469727 26800
1.9299999475479126 1.9299999475479126 1.7000000476837158 1.8300000429153442 40500
1.7899999618530273 1.875 1.7100000381469727 1.7300000190734863 72500
1.7000000476837158 1.7100000381469727 1.5499999523162842 1.5800000429153442 70000
1.6100000143051147 1.6399999856948853 1.5099999904632568 1.5099999904632568 109500
1.600000023841858 1.600000023841858 1.3799999952316284 1.3799999952316284 114400
1.3600000143051147 1.4299999475479126 1.2300000190734863 1.3600000143051147 220200
1.409999966621399 1.7699999809265137 1.409999966621399 1.7699999809265137 132200
1.7899999618530273 1.8300000429153442 1.5199999809265137 1.5199999809265137 78800
1.5800000429153442 1.600000023841858 1.3700000047683716 1.3700000047683716 173500
1.4299999475479126 1.690000057220459 1.3799999952316284 1.5700000524520874 65100
1.649999976158142 1.7999999523162842 1.5800000429153442 1.7999999523162842 108500
1.7549999952316284 1.7899999618530273 1.2000000476837158 1.3200000524520874 326300
1.399999976158142 1.399999976158142 1.25 1.25 96300
1.2400000095367432 1.3270000219345093 1.2000000476837158 1.2100000381469727 102000
1.2799999713897705 1.309999942779541 1.059999942779541 1.059999942779541 269500
1.0800000429153442 1.2699999809265137 1.0499999523162842 1.25 62900
1.2999999523162842 1.2999999523162842 1.2000000476837158 1.2599999904632568 31900
1.2100000381469727 1.2699999809265137 1.100000023841858 1.1799999475479126 209600
1.2200000286102295 1.2699999809265137 1.1150000095367432 1.1399999856948853 106000
1.1200000047683716 1.2200000286102295 1.100000023841858 1.1699999570846558 79900
1.25 1.25 1.0499999523162842 1.0700000524520874 264100
1.100000023841858 1.2000000476837158 1.100000023841858 1.1399999856948853 43700
1.149999976158142 1.1699999570846558 1.059999942779541 1.090000033378601 173400
1.100000023841858 1.149999976158142 1.0499999523162842 1.149999976158142 37700
1.1100000143051147 1.159999966621399 1.1100000143051147 1.1399999856948853 22900
1.0700000524520874 1.2899999618530273 1.0700000524520874 1.2300000190734863 110000
1.2899999618530273 1.2899999618530273 1.149999976158142 1.2000000476837158 194100
1.2300000190734863 1.3300000429153442 1.0800000429153442 1.1299999952316284 65700
1.100000023841858 1.159999966621399 1.100000023841858 1.159999966621399 44700
1.2100000381469727 1.2100000381469727 1.1200000047683716 1.149999976158142 7100
1.149999976158142 1.2300000190734863 1.149999976158142 1.190000057220459 30700
1.159999966621399 1.2799999713897705 1.159999966621399 1.25 29800
1.284000039100647 1.2899999618530273 1.1200000047683716 1.2699999809265137 55300
1.2100000381469727 1.2599999904632568 1.2059999704360962 1.2200000286102295 9800
1.1399999856948853 1.2200000286102295 1.1399999856948853 1.2200000286102295 20700
1.2699999809265137 1.2699999809265137 1.1440000534057617 1.2699999809265137 67900
1.2300000190734863 1.2599999904632568 1.2200000286102295 1.2300000190734863 9800
1.2100000381469727 1.2699999809265137 1.190000057220459 1.2200000286102295 23600
1.2100000381469727 1.2400000095367432 1.1799999475479126 1.2100000381469727 19400
1.2300000190734863 1.2300000190734863 1.1699999570846558 1.190000057220459 38000
1.25 1.2799999713897705 1.190000057220459 1.2100000381469727 28100
1.25 1.25 1.149999976158142 1.190000057220459 111600
1.25 1.25 1.149999976158142 1.149999976158142 45900
1.2699999809265137 1.2699999809265137 1.1100000143051147 1.1399999856948853 84400
1.1100000143051147 1.1299999952316284 1.059999942779541 1.0800000429153442 108500
1.100000023841858 1.190000057220459 1.100000023841858 1.1299999952316284 43500
1.100000023841858 1.1699999570846558 1.100000023841858 1.1399999856948853 24900
1.100000023841858 1.2000000476837158 1.100000023841858 1.2000000476837158 11300
1.2000000476837158 1.2599999904632568 1.0800000429153442 1.25 118400
1.25 1.25 1.159999966621399 1.2000000476837158 28300
1.1699999570846558 1.190000057220459 1.1299999952316284 1.1699999570846558 42400
1.2599999904632568 1.2599999904632568 1.180999994277954 1.2000000476837158 38200
1.225000023841858 1.350000023841858 1.2050000429153442 1.340000033378601 18900
1.309999942779541 1.3700000047683716 1.2940000295639038 1.3600000143051147 130900
1.309999942779541 1.3600000143051147 1.2949999570846558 1.3600000143051147 10000
1.3200000524520874 1.3600000143051147 1.1230000257492065 1.2000000476837158 72600
1.2200000286102295 1.2999999523162842 1.1200000047683716 1.25 29600
1.25 1.399999976158142 1.25 1.3799999952316284 28100
1.2400000095367432 1.3700000047683716 1.2400000095367432 1.3600000143051147 11900
1.3799999952316284 1.3899999856948853 1.371000051498413 1.3799999952316284 9400
1.3799999952316284 1.3799999952316284 1.2400000095367432 1.309999942779541 24900
1.3799999952316284 1.409999966621399 1.340000033378601 1.3600000143051147 48100
1.3200000524520874 1.3309999704360962 1.1799999475479126 1.190000057220459 36400
1.2799999713897705 1.3200000524520874 1.13100004196167 1.1799999475479126 28800
1.1399999856948853 1.25 1.1399999856948853 1.1799999475479126 12600
1.25 1.3799999952316284 1.2400000095367432 1.3300000429153442 23600
1.3799999952316284 1.3799999952316284 1.2999999523162842 1.340000033378601 18300
1.309999942779541 1.3799999952316284 1.2100000381469727 1.2100000381469727 24800
1.2799999713897705 1.309999942779541 1.2400000095367432 1.309999942779541 9700
1.2599999904632568 1.3799999952316284 1.25 1.3799999952316284 28900
1.3799999952316284 1.3799999952316284 1.312000036239624 1.340000033378601 24900
1.3700000047683716 1.3700000047683716 1.2699999809265137 1.3200000524520874 23100
1.2899999618530273 1.3700000047683716 1.2899999618530273 1.309999942779541 18500
1.350000023841858 1.4299999475479126 1.2899999618530273 1.2899999618530273 26500
1.2999999523162842 1.4199999570846558 1.2999999523162842 1.399999976158142 14900
1.4299999475479126 1.4600000381469727 1.340000033378601 1.3799999952316284 30200
1.3899999856948853 1.440000057220459 1.340000033378601 1.399999976158142 24500
1.399999976158142 1.4700000286102295 1.190000057220459 1.190000057220459 45900
1.2400000095367432 1.3600000143051147 1.149999976158142 1.309999942779541 46200
1.3600000143051147 1.3700000047683716 1.2100000381469727 1.2100000381469727 11900
1.2699999809265137 1.309999942779541 1.2200000286102295 1.25 13500
1.1399999856948853 1.2209999561309814 1.1200000047683716 1.1799999475479126 84100
1.1399999856948853 1.2000000476837158 1.1299999952316284 1.1299999952316284 37800
1.1699999570846558 1.2000000476837158 1.1299999952316284 1.1299999952316284 16200
1.2200000286102295 1.2200000286102295 1.1299999952316284 1.1399999856948853 9500
1.1660000085830688 1.2100000381469727 1.1050000190734863 1.1100000143051147 19400
1.100000023841858 1.1399999856948853 1.0299999713897705 1.059999942779541 150000
1.1200000047683716 1.1200000047683716 1.0399999618530273 1.0700000524520874 18700
1.0640000104904175 1.100000023841858 0.9800000190734863 1.0499999523162842 72700
1.100000023841858 1.100000023841858 0.9879999756813049 1.059999942779541 40800
1.0199999809265137 1.0800000429153442 1.0 1.0399999618530273 30200
1.0499999523162842 1.059999942779541 1.0 1.0399999618530273 25200
1.0 1.0499999523162842 0.9900000095367432 1.0 215700
0.9900000095367432 1.0399999618530273 0.9210000038146973 1.0 53900
0.9599999785423279 1.0099999904632568 0.9599999785423279 1.0 36000
0.9700000286102295 1.0299999713897705 0.9700000286102295 1.0099999904632568 36500
0.9700000286102295 1.0399999618530273 0.9700000286102295 0.9800000190734863 27500
0.9950000047683716 1.0099999904632568 0.9700000286102295 0.9700000286102295 49700
1.0 1.0199999809265137 0.9509999752044678 0.9700000286102295 21800
0.9800000190734863 1.0 0.781000018119812 0.9599999785423279 115600
0.925000011920929 0.968999981880188 0.8600000143051147 0.949999988079071 13000
0.9399999976158142 0.949999988079071 0.7910000085830688 0.8999999761581421 45300
0.8399999737739563 1.0299999713897705 0.8399999737739563 1.0299999713897705 53900
1.0399999618530273 1.0399999618530273 0.9200000166893005 0.9200000166893005 22900
0.9599999785423279 0.9599999785423279 0.902999997138977 0.9049999713897705 16000
0.8999999761581421 0.949999988079071 0.8799999952316284 0.902999997138977 17500
0.8790000081062317 0.8999999761581421 0.7940000295639038 0.8679999709129333 152100
0.8899999856948853 0.9200000166893005 0.8500000238418579 0.8500000238418579 7900
0.8500000238418579 0.8899999856948853 0.8100000023841858 0.8360000252723694 8300
0.8299999833106995 0.8399999737739563 0.8100000023841858 0.8199999928474426 18200
0.75 0.8169999718666077 0.75 0.8169999718666077 32700
0.8199999928474426 0.8199999928474426 0.7099999785423279 0.7699999809265137 149600
0.7799999713897705 0.8050000071525574 0.7799999713897705 0.7900000214576721 11300
0.7900000214576721 0.7900000214576721 0.7699999809265137 0.7799999713897705 4600
0.7799999713897705 0.7799999713897705 0.75 0.7599999904632568 35300
0.7789999842643738 0.7799999713897705 0.7200000286102295 0.7599999904632568 34100
0.7379999756813049 0.7599999904632568 0.7300000190734863 0.7459999918937683 30300
0.75 0.7699999809265137 0.7200000286102295 0.722000002861023 8800
0.6399999856948853 0.7400000095367432 0.3050000071525574 0.3199999928474426 1397000
0.4000000059604645 0.4000000059604645 0.25999999046325684 0.3100000023841858 4912900
0.30000001192092896 0.30000001192092896 0.22200000286102295 0.24500000476837158 1499500
0.2680000066757202 0.3400000035762787 0.24500000476837158 0.3050000071525574 1443600
0.3050000071525574 0.4000000059604645 0.2709999978542328 0.375 738900
0.4099999964237213 0.44999998807907104 0.3799999952316284 0.40700000524520874 815000
0.4399999976158142 0.4399999976158142 0.3499999940395355 0.36000001430511475 754100
0.36000001430511475 0.41999998688697815 0.36000001430511475 0.41999998688697815 377500
0.4000000059604645 0.4000000059604645 0.3100000023841858 0.32899999618530273 284600
0.36000001430511475 0.36000001430511475 0.28600001335144043 0.32199999690055847 113300
0.3100000023841858 0.3499999940395355 0.3100000023841858 0.328000009059906 95400
0.32199999690055847 0.3499999940395355 0.3100000023841858 0.3100000023841858 55000
0.3109999895095825 0.33000001311302185 0.28999999165534973 0.3050000071525574 160800
0.3100000023841858 0.3100000023841858 0.3019999861717224 0.3100000023841858 137000
0.3499999940395355 0.3499999940395355 0.3052000105381012 0.3199000060558319 143524
