21.61511516301729 21.61511516301729 21.52233123779297 21.52233123779297 100100
20.765321731567383 20.765321731567383 20.765321731567383 20.765321731567383 0
20.664731805035256 20.934412002563477 20.620508976269882 20.934412002563477 1332700
20.854635339507787 21.08876262710806 20.8199507342699 21.067951202392578 1400
21.938556671142578 21.938556671142578 21.938556671142578 21.938556671142578 100
21.838835131212115 21.981913466217584 21.6732120513916 21.6732120513916 677200
22.06862748239586 22.129326780731702 21.990585054840682 22.044347763061523 6300
21.93855393311346 21.99925488058321 20.91533419902757 21.914274215698242 12400
21.765129910800855 21.929886334866033 21.747786781124127 21.929018020629883 4500
22.52820770225597 22.52820770225597 22.355648040771484 22.355648040771484 2500
22.415482137832456 22.816099166870117 22.415482137832456 22.816099166870117 1100
22.927092080766105 22.93489533100909 22.644405364990234 22.644405364990234 1400
22.432824156874954 22.662614822387695 22.432824156874954 22.662614822387695 2300
22.75366439751278 22.8230352600018 22.714643183991964 22.773609161376953 2400
22.89240663849153 22.961777502544187 22.864658623656837 22.950504302978516 2600
23.40401794282448 23.490731938454495 23.378003247955906 23.402284622192383 10100
24.5573080761917 24.5573080761917 23.291289442903878 23.40921974182129 5700
24.106396964935215 24.323181116252734 24.106396964935215 24.1428165435791 6700
24.39342069531133 24.485336303710938 24.39342069531133 24.485336303710938 2300
24.089055422718936 24.262481750930785 24.089055422718936 24.15842628479004 8100
24.05436960389036 24.06304116854905 23.83758544921875 23.83758544921875 1500
23.126533245022856 23.126533245022856 22.363453762876524 22.382530212402344 40800
23.126533714115133 23.126533714115133 22.614922976165225 22.900211334228516 3400
22.516935396903946 23.065834018888946 22.516935396903946 23.022476196289062 3100
24.964862956666533 24.964862956666533 23.43003081161178 23.432632446289062 4700
23.351122506546997 23.482059327509642 23.279150009155273 23.279150009155273 2100
23.331178847436732 23.331178847436732 23.204576975798197 23.24966812133789 900
23.378002590275276 23.386674154987514 23.04849140086947 23.110925674438477 2200
22.93576417858407 23.195037841796875 22.93576417858407 23.195037841796875 1400
23.37800188466521 23.430031271368257 23.26093989941286 23.294757843017578 2800
22.64093752927389 22.64613914489746 22.64093752927389 22.64613914489746 700
22.62793035892291 22.914085388183594 22.62359540338904 22.914085388183594 2400
22.415481884905574 22.45883805419187 22.3513126373291 22.3513126373291 1400
22.767539978027344 22.767539978027344 22.767539978027344 22.767539978027344 300
23.906955368384853 23.906955368384853 22.84037776646714 23.130001068115234 10900
23.031148310018445 23.05716300419873 22.963512420654297 22.963512420654297 1100
23.282616742512623 23.282616742512623 23.116127014160156 23.116127014160156 3500
23.438704228008124 23.534088134765625 23.43003266304255 23.534088134765625 5600
23.299960440357726 23.358058101175246 23.143007278442383 23.143007278442383 4800
23.360660470222715 23.360660470222715 23.135204755720768 23.330310821533203 3300
22.996462603409867 22.996462603409867 22.99299430847168 22.99299430847168 600
23.187233182899178 23.286087036132812 23.152548577900554 23.286087036132812 1400
23.430031713849637 23.557500240422588 23.162086486816406 23.162086486816406 3500
23.334646459303947 23.42829704284668 23.273947160149568 23.42829704284668 2000
24.002341334568015 24.002341334568015 23.837584917591084 23.942508697509766 3300
23.733530562571435 23.770816802978516 23.722257362845802 23.770816802978516 3600
24.288496381168027 24.288496381168027 23.768214090024017 23.795095443725586 3700
23.707513987855585 23.76561164855957 23.55142914041753 23.76561164855957 11100
24.063040702656004 24.227797120117437 24.063040702656004 24.115068435668945 800
24.149753946345854 24.149753946345854 24.045696829608083 24.121137619018555 1500
24.262481762188408 24.279824891197187 24.14975473149499 24.155824661254883 7300
24.037028130782446 24.037028130782446 23.888748168945312 23.888748168945312 800
23.98152986538733 24.19311074535944 23.98152986538733 24.0925235748291 1300
24.05436906742796 24.14108305814907 23.942508697509766 23.942508697509766 1900
24.210455620229514 24.35700225830078 24.141084753567096 24.35700225830078 4400
24.011014206050838 24.18444054300156 23.98499951123888 24.1514892578125 4200
24.045698645902092 24.045698645902092 23.78555831530558 23.95378303527832 2500
24.201782592209916 24.253810325578783 24.17576789855957 24.17576789855957 1900
24.271154921817633 24.375212048777218 24.227798750378096 24.35700225830078 4400
24.68737804030295 24.761085510253906 24.596329095597458 24.761085510253906 2000
24.73940684398346 24.73940684398346 24.68824577331543 24.68824577331543 900
24.73073690122436 24.884220123291016 24.661366037495856 24.884220123291016 3800
25.138291426901706 25.138291426901706 25.078458786010742 25.078458786010742 1200
25.349871691600335 25.372418090881077 25.01602554321289 25.01602554321289 4800
25.285703056385074 25.303046185282547 25.15563289751763 25.218067169189453 4500
25.042906485844988 25.181649875681636 25.034236574541403 25.052446365356445 5000
25.13828908792909 25.15563221635695 25.068918228149414 25.068918228149414 1000
24.98220435094298 25.155632328128625 24.98220435094298 25.14262580871582 1000
24.987406887024395 25.04290291189348 24.9397141120013 24.955322265625 3100
25.086262889791797 25.138290624323428 24.909366607666016 24.909366607666016 4100
24.730737147993175 24.834792617658294 24.730737147993175 24.787099838256836 3400
24.722065718570118 24.73940884825323 24.63535172408645 24.71599578857422 7200
25.026429880146427 25.074989318847656 24.956192356872414 25.074989318847656 1000
23.828915381490482 25.161705017089844 23.828915381490482 25.161705017089844 3100
25.077590893762704 25.077590893762704 24.973533772557154 25.03943634033203 5100
25.06891799209454 25.216331274479742 25.06891799209454 25.11487579345703 6000
25.120947661107262 25.295242309570312 24.21912642288523 25.295242309570312 9600
24.95619099482655 25.03423341817469 24.934511257505154 24.96746253967285 2000
24.886820507160394 25.16343563394731 24.886820507160394 25.12961769104004 8200
23.880943519231113 25.42011070251465 23.880943519231113 25.42011070251465 2800
25.415773126790743 25.424444691209295 24.817450067296654 24.859939575195312 3000
24.7740927029682 24.951855642003697 24.611937918601782 24.86167335510254 6500
24.496610098766617 24.546036199248817 24.397756243870326 24.415966033935547 4400
24.618007813541084 24.73073649897376 24.535630431057072 24.68130874633789 5500
24.644022424499745 24.661365553574516 24.27982498358864 24.32318115234375 7000
24.34052490154916 24.460190179709283 24.297168731689453 24.297168731689453 1300
24.505280770893513 24.730736487724485 24.496609206330955 24.683910369873047 6200
24.774093740066633 24.912835471271553 24.659631729125977 24.659631729125977 5800
24.774093983641766 24.817451808777026 24.73940937746547 24.750680923461914 1900
24.531296066622094 24.687379270783175 24.479266677969868 24.6119384765625 3800
24.59199466681576 24.59199466681576 24.33272100695282 24.467992782592773 900
23.729192310233433 23.859262466430664 23.612128673476395 23.859262466430664 2200
23.859262990630942 23.966788405232112 23.78555717360814 23.945110321044922 5100
23.82024320646155 24.063042064145897 23.386674880981445 23.386674880981445 7000
23.282617324926893 23.71791893207816 23.282617324926893 23.47078514099121 6800
23.38233813102251 23.59998893737793 23.38233813102251 23.59998893737793 2800
23.989336232529002 24.132412919832174 23.989336232529002 24.03702735900879 3500
23.846256846376242 23.945977358352902 23.781220938858844 23.916494369506836 2000
24.281559126749098 24.297167280809294 24.037025315389574 24.159292221069336 15200
24.175768982858727 24.34919697377574 24.158427506912545 24.33705711364746 9900
24.27115323077806 24.435909647846724 24.27115323077806 24.40729331970215 4900
24.748080272226407 24.860807306661208 24.65009307861328 24.65009307861328 3200
25.051576262427513 25.20766111765901 24.747211456298828 24.747211456298828 4400
24.375211172669907 25.085396283588917 24.375211172669907 25.08452796936035 4800
25.11227447643764 25.35507331341699 25.11227447643764 25.2900390625 3900
26.13549705975565 26.13549705975565 25.35073948130927 25.394962310791016 4600
25.65857225020347 25.68458694374453 25.485144267793373 25.601341247558594 7100
25.381089510648344 25.43311724525232 25.225004652904563 25.414907455444336 2200
25.42444620667138 25.45479585697946 25.277032910632755 25.312585830688477 3500
25.455663726203 25.459132021330163 25.44525718688965 25.44525718688965 1300
25.476473333038914 25.545844196931387 25.384557723999023 25.384557723999023 3300
25.46780235634378 25.470402337114702 25.060247100842467 25.075855255126953 5700
25.415774203233983 25.498153241733384 25.285704039310353 25.305648803710938 3700
25.285702757521225 25.311717450559954 25.228471755981445 25.228471755981445 1700
25.394096525524397 25.589202601505033 25.363746875253177 25.4573974609375 6200
25.524166475965497 25.5805308205354 25.36374666103934 25.54671287536621 6800
25.21112849210573 25.21112849210573 24.869477459140967 25.02035903930664 2800
25.068917744807916 25.07932428323669 24.869476733528142 24.881616592407227 6400
24.414232233021416 24.414232233021416 24.231266021728516 24.231266021728516 5700
24.467993833609206 24.644890118944954 24.392553038293237 24.637086868286133 185100
24.625814544352785 24.63535276990385 23.56010349288287 24.19137954711914 18500
24.609335069033058 24.70558728099484 23.98499733556655 24.68044090270996 7300
25.059381045667227 25.192052841186523 25.051576141370635 25.192052841186523 186500
25.381088717190032 25.52416539636109 25.243213653564453 25.243213653564453 9700
25.74528605144931 25.884027774780968 25.597872763667947 25.825061798095703 10800
25.81465794407397 25.815524604374012 25.732278905477717 25.76262855529785 9800
26.83787799233343 26.90638053885557 25.797313427790996 26.17885398864746 58400
26.248225475789845 26.742493076867472 26.083469057453364 26.56906509399414 70100
26.567331739800704 26.620226133297127 26.4927576080237 26.57686996459961 2700
26.42338933684356 26.42338933684356 26.199668573506173 26.212675094604492 1200
26.59074453814325 26.80752868737084 26.58727458922144 26.76763916015625 2400
27.30613385507578 27.38417628859133 27.215951560965898 27.376371383666992 9600
27.115361002561244 27.49689990339881 27.028647014577523 27.391109466552734 12300
27.54025865437794 27.54025865437794 27.163921356201172 27.163921356201172 2100
26.985291172056698 27.233291625976562 26.976619607760874 27.233291625976562 2000
27.15871973033406 27.232427205946085 27.145713209786255 27.215084075927734 2600
27.459614891055043 27.67900067848725 27.459614891055043 27.62090301513672 3300
28.051868113876974 28.20708630860125 28.051868113876974 28.167200088500977 2700
27.861101084893257 28.00851272547152 27.826414825511165 27.96515655517578 6000
27.93046845191057 28.008510876436283 27.91139200286891 28.000707626342773 1300
27.848093694174526 27.848093694174526 27.435335159301758 27.435335159301758 3500
26.959277749695215 27.93827639989822 26.959277749695215 27.823814392089844 10600
27.80907207194142 27.947813803482532 27.80907207194142 27.936540603637695 43200
28.16459728694806 28.181940416455678 27.999842518421257 28.02412223815918 6500
28.26865133965274 28.485435485839844 28.242638300626627 28.485435485839844 3700
28.520121402753407 28.520121402753407 28.32068038758506 28.415199279785156 3100
28.43341066258852 28.56781578063965 28.43341066258852 28.56781578063965 1400
28.771593333679984 28.771593333679984 28.470696820505843 28.537466049194336 2900
28.41606761461701 28.62417855233361 28.41606761461701 28.59816551208496 6800
28.43340961127296 28.589494462273787 28.303337799484407 28.447282791137695 14300
29.1791480122359 29.1791480122359 28.32068131986061 28.32501792907715 4600
28.576488842153957 28.85830559679377 28.5574090844099 28.832292556762695 4400
28.780261180864574 28.866976821417826 28.773324591193003 28.80194091796875 5100
28.277324890046057 29.03433609008789 26.86389131410232 29.03433609008789 3900
29.031732564141297 29.055145622493857 28.76291903107814 28.840961456298828 7500
29.130441440165555 29.130441440165555 28.472952471969798 28.563356399536133 8100
28.692115247449017 28.71037926520088 28.53687458006337 28.58253288269043 8000
28.966068761537407 29.02542594879488 28.89301443174076 28.978853225708008 3100
28.89301455127989 28.95693687239735 28.810828212199553 28.954198837280273 3500
29.121310414928708 29.240024793458453 29.07656478881836 29.07656478881836 22500
28.893014509914835 28.893014509914835 28.791651474644375 28.85740089416504 9400
29.04825570132984 29.19893123938898 29.04825570132984 29.13957405090332 6100
29.112177597470883 29.177927017211914 29.092088222724716 29.177927017211914 5900
29.230889624551267 29.230889624551267 28.938674051409322 29.0172061920166 16600
29.294816547128256 29.660086462948335 29.294816547128256 29.560548782348633 11000
29.842723280497683 30.399763649091966 29.842723280497683 30.122156143188477 16100
31.632556205373557 31.632556205373557 30.34497248110363 30.441768646240234 6300
30.54587274159717 30.597923278808594 30.354105771078572 30.597923278808594 3500
30.418027964138886 30.518474840999747 30.418027964138886 30.495647430419922 5100
30.78877625220853 30.85909080505371 30.78877625220853 30.85909080505371 6700
30.74676977250702 30.892881920685642 30.70111146795387 30.787864685058594 5000
31.038988533248464 31.312941825960557 31.038988533248464 31.17322540283203 2700
30.846307433381984 30.846307433381984 30.76138305664062 30.761383056640625 800
30.46368639470091 31.123002488623907 30.46368639470091 31.112043380737305 8400
31.4727475196069 31.47731439479687 31.349469757518566 31.469093322753906 8100
31.340336269499257 31.37412278577562 31.303808234683924 31.330289840698242 8300
30.883747097972098 31.34307861328125 30.883747097972098 31.34307861328125 5200
31.459051464405437 31.459051464405437 31.20335869750992 31.39969253540039 4200
31.23806152170381 31.37595259310372 31.23806152170381 31.329378128051758 4700
31.06638422268971 31.185098598853283 30.873701095581055 30.873701095581055 4500
31.102913337079826 31.102913337079826 30.77781867980957 30.77781867980957 2300
30.637187431278715 30.69197948378107 30.217125479276117 30.254566192626953 20300
30.47281597037036 30.803386688232422 30.344971326280643 30.803386688232422 4200
31.048119508862893 31.10291156205805 30.978717634884436 31.050857543945312 7200
31.042641826063583 31.203360314881586 31.042641826063583 31.16866111755371 4500
31.274590182465865 31.46818250651289 31.274590182465865 31.444438934326172 9600
31.31294164830222 31.709260022919427 31.31294164830222 31.70652198791504 4400
32.05261639410818 32.20785880450175 32.05261639410818 32.20055389404297 6200
32.242556839991 32.4361526359566 32.242556839991 32.39140701293945 900
32.344834430248085 32.47724595032513 32.299176126240035 32.39323425292969 4100
32.08914491921844 32.6735795668949 32.08914491921844 32.55669403076172 12000
32.2443886486155 32.6735809010564 32.2443886486155 32.66536331176758 4300
32.86078133150355 32.8744784735067 32.66079330444336 32.66079330444336 2000
32.518340962207525 32.63705533979711 32.404193460084365 32.613311767578125 3200
32.189595255839265 32.248950702249125 32.06175061218401 32.21516418457031 8100
32.51834241069616 32.564000716878155 32.450765888103305 32.48272705078125 6200
32.34483404075687 32.46354841655249 32.21242600577957 32.257171630859375 74800
31.93390288718031 32.23707580566406 31.900112889256672 32.23707580566406 5300
32.24438599872903 32.648921966552734 32.24438599872903 32.648921966552734 1600
32.45441925882288 32.46354952642457 31.84441566467285 31.84441566467285 7200
31.605159075506286 31.851718083526876 31.376864084765565 31.638032913208008 3900
31.860851317877884 32.50920831592714 31.860851317877884 32.399627685546875 6300
32.17133151073893 32.21242642283708 32.04805374145508 32.04805374145508 4500
32.14941649501578 32.29917587031575 32.04439926147461 32.04439926147461 6200
32.05261790849518 32.070881927257645 31.404260918201793 31.407915115356445 1600
31.121174618457683 31.97225761413574 31.121174618457683 31.972257614135742 6700
32.121105506758695 32.25351702355691 32.0069580078125 32.0069580078125 5100
32.04348662588188 32.61879100640788 32.04348662588188 32.412410736083984 4800
32.71923971705895 32.76489801846702 32.684537039205345 32.73293685913086 5600
33.03885132035679 33.27445122117779 33.03885132035679 33.24888229370117 3900
33.08451060443194 33.28541131686102 33.08451060443194 33.274452209472656 2000
33.09364665437243 33.26714961038524 33.029720845835655 33.2379264831543 5100
33.1393030006902 33.17583103669249 33.020588625435366 33.042503356933594 8100
32.80325527015029 33.21235815779878 32.80325527015029 33.12743377685547 7100
33.05711628843163 33.11190485831161 32.56126022338867 32.56126022338867 11100
32.56399848484297 32.828821519454415 32.56399848484297 32.71284866333008 15200
32.47268342177845 32.51834172700048 32.46811654620463 32.4872932434082 6300
32.11197580406639 32.15306723232684 31.68734696118198 31.72752571105957 4900
31.824321478080773 31.988694156097402 31.24810791015625 31.24810791015625 12600
31.07551427255071 31.66725730895996 31.02072570201651 31.66725730895996 8900
32.134800267073125 32.30921936035156 31.838019578617956 32.30921936035156 4600
32.2991747588251 32.2991747588251 31.924771108201366 31.943035125732422 4800
32.00696133149677 32.18046777735568 32.00696133149677 32.136634826660156 7200
32.28090990327937 32.44528257328658 32.21242419369726 32.33478927612305 20000
32.60052501900673 32.68271135411745 32.51833868389601 32.67631912231445 7100
32.95666795267752 32.95666795267752 32.71924267379708 32.80964660644531 9700
32.95301285506533 33.020589374852726 32.82882240674632 32.83338928222656 8700
32.56399805211528 32.56399805211528 32.42701966127298 32.436153411865234 4900
32.783165298380986 32.783165298380986 32.54847805261171 32.66901779174805 5100
32.55486878583801 32.63248825073242 32.490946463747875 32.63248825073242 2800
32.607831839938534 32.607831839938534 32.50007657130142 32.56034469604492 8100
32.36309722095951 32.50920587834626 32.33570293629486 32.504642486572266 4000
32.792296036391434 32.90187666894885 32.66445138449021 32.68362808227539 9800
32.80142636277543 33.33107247417371 32.73294064449592 32.933837890625 24100
33.20322677121403 33.20322677121403 32.893658097067075 32.99958801269531 4500
32.691842701288394 32.75576502143086 32.691842701288394 32.75120162963867 5600
32.59961631160705 32.59961631160705 32.18046699653771 32.31926727294922 8900
32.60965631552451 32.76489872386029 32.2261223952335 32.754852294921875 14900
32.796859676329234 32.796859676329234 32.5822618245937 32.62974548339844 3800
32.965794927054056 33.14843161445012 32.965794927054056 33.04798126220703 1100
33.21692269040797 33.21692269040797 33.15756724412962 33.194091796875 9200
33.21052937185131 33.263492584228516 33.189527319271576 33.263492584228516 7000
33.1484330595401 33.45891439659717 33.1484330595401 33.37672805786133 13900
33.25345221592568 33.403211597651925 33.25345221592568 33.37490463256836 4400
33.15756857129753 33.175832590153895 32.90187579081388 32.90461730957031 11200
33.17126577997468 33.271716142130046 33.15482711791992 33.15482711791992 2900
32.98406043317036 32.98406043317036 32.75394007775556 32.91374588012695 12300
33.084510973415775 33.148433294718814 32.993194366841514 33.01237106323242 8400
33.006892221803234 33.20505142211914 32.911008737779404 33.20505142211914 21800
33.57762663952024 33.57762663952024 33.49544030600177 33.5684928894043 4900
33.330156882918665 33.44065018445808 33.050724029541016 33.050724029541016 7700
32.66444946408655 32.910095807086485 32.55486883797159 32.85621643066406 16900
32.89274420243685 32.89274420243685 31.964954376220703 31.964954376220703 5000
31.851721050140128 32.49094778045162 31.851721050140128 32.399627685546875 10600
32.94753632939714 33.002324900381666 32.755765880435455 32.90187454223633 20500
32.8196872109202 33.029718188195794 32.794118282965 33.02058792114258 10500
33.14843320294526 33.21235552407133 32.96305847167969 32.96305847167969 13200
32.746634493520496 32.77402877807617 32.344833074676465 32.77402877807617 16600
32.691843373292045 32.938402391840555 32.691843373292045 32.89091873168945 10400
33.02972155618626 33.04798557566021 32.83795457696808 32.861698150634766 8900
33.084511016484235 33.15756708864294 33.029718962365195 33.06533432006836 14500
33.577631857643766 33.577631857643766 33.00232743360944 33.016937255859375 33800
33.17583178805774 33.40412679298463 33.13473687574813 33.375816345214844 10900
33.61323881791557 33.61415497973953 33.50457087837816 33.598628997802734 10300
34.01595706937692 34.01595706937692 33.56849730941318 33.62876892089844 9500
33.9702960762486 34.15293276961387 33.94016027288971 34.098140716552734 13600
34.03421978688806 34.07896541282261 34.01595576845482 34.058876037597656 5000
34.18032925744175 34.18032925744175 33.78766156062433 33.81505584716797 2900
34.043349445935654 34.043349445935654 33.90637453539239 33.99860382080078 10400
33.99769205301607 34.12553669968275 33.97029776687474 34.089012145996094 9100
34.14380039508827 34.271645040544826 34.03421976805485 34.25977325439453 10300
34.14379869099707 34.16206270850866 34.04152297973633 34.04152297973633 5300
33.942898810561616 34.03421890034903 33.93833541870117 33.93833541870117 5500
33.997689657980956 34.07987599412052 33.93833421435437 34.07622528076172 8700
34.03422130724043 34.05248532648954 33.860718349632116 33.95112228393555 13300
33.95111818606877 33.97942514820971 33.79678846126816 33.94746398925781 7600
33.80592219011606 33.92463655907858 33.66620576914277 33.77669906616211 7900
33.70455973261821 33.70455973261821 33.326501888969474 33.49544143676758 15100
33.787657435683606 33.787657435683606 32.92013580482317 32.95027160644531 6700
33.239754392468114 33.390426449532775 33.23062064143065 33.37947082519531 4700
33.32193720802196 33.46804585761146 33.32193720802196 33.439735412597656 3100
33.650680830956524 33.65981458150893 33.51005172729492 33.51005172729492 5200
33.72373838408917 33.89724133365649 33.70090749020951 33.891761779785156 4800
34.020520692309816 34.116404170954816 33.97942578231617 34.034217834472656 4500
33.74200161030849 33.83240553829968 33.70547357436076 33.820533752441406 6300
33.833318905965356 33.854324442991135 33.73286854681521 33.75935363769531 5100
33.714606282476275 33.83332066614851 33.68721199528479 33.82966995239258 71200
33.9155048240142 34.02508544921875 33.9155048240142 34.02508544921875 12700
33.805924406442685 33.83331869203576 33.73286833352077 33.77853012084961 4500
34.06161478474732 34.06161478474732 33.09729688575039 33.36759948730469 10300
32.98405896497939 33.27171287994904 32.98405896497939 33.218746185302734 6100
32.92927345122247 32.94753747001803 32.637056117504365 32.82882308959961 5500
33.43152042838528 33.5958931074149 33.39499239226641 33.57762908935547 8600
33.38585945708203 33.71460130536584 33.38585945708203 33.70547103881836 4300
33.221490318405024 33.376729250729106 33.19409254884374 33.21235656738281 48200
33.28541250127046 33.28541250127046 32.89274481309854 32.93931579589844 6900
32.74663764217779 32.81969023585213 32.52747289414379 32.80508041381836 4000
32.70097706624631 32.70097706624631 32.3448339399692 32.352142333984375 6200
31.86998353655662 32.03983228625143 31.61429076662452 31.7960147857666 9800
32.0343550927287 32.75576462320979 32.0343550927287 32.6717529296875 3900
32.990454109144835 33.15756831280028 32.938403571737965 33.098209381103516 12200
32.79959813957909 32.79959813957909 32.55486796503444 32.591392517089844 7300
32.69184474644333 32.75576707058468 32.536605811673 32.73750305175781 11900
32.88087001788744 33.01054000854492 32.86534751954309 33.01054000854492 8300
32.78316459123744 32.874481201171875 32.609658155454476 32.874481201171875 8200
32.79229257398489 33.221488274483825 32.76946168133936 33.08177185058594 3900
33.44065068372977 33.56849532659491 33.404126131129196 33.406864166259766 5900
33.3675989282534 33.3675989282534 33.14843418965087 33.30367660522461 7100
33.34020373330639 33.34020373330639 33.12104246128531 33.13017272949219 17000
32.88361069817249 33.41325677719562 32.88361069817249 33.372161865234375 4800
33.139302677706354 33.139302677706354 32.92744285776209 32.92927169799805 4500
33.28906541655687 33.32194274206633 33.18496433629363 33.312808990478516 5400
33.66894672664526 33.70547476388213 33.61415815429532 33.65616226196289 4700
33.39499209745194 33.56393165038132 33.27627772286628 33.4032096862793 7500
33.58675857529063 33.7420009834317 33.58675857529063 33.67716598510742 12000
33.633333099054134 33.90637371868965 33.633333099054134 33.90089416503906 17600
33.623287495282874 33.80592419292887 33.61415722797795 33.797706604003906 10800
33.76939596192347 33.76939596192347 33.528316497802734 33.528316497802734 11300
33.16852077244754 33.56849333865564 33.157565149068795 33.50000762939453 6300
33.134736734944205 33.18496191449512 32.810558247346236 33.10277557373047 17800
33.01145851687519 33.2762780704017 32.799598693847656 32.799598693847656 8400
32.664448588211066 32.67357885534862 32.353967252956274 32.591392517089844 15200
32.59139214665408 33.00232383327728 32.59139214665408 32.99775695800781 12900
33.449785269791185 33.449785269791185 33.194092494170675 33.30367660522461 4600
33.37216176379939 33.550235070416484 33.36759837187724 33.467132568359375 10500
33.79678919802954 33.79678919802954 33.42238554921475 33.65068054199219 11000
33.50457313799497 33.54110117424562 33.15756724412962 33.194091796875 3300
33.988559581913194 34.08900993592611 33.94289779663086 33.94289779663086 6400
33.87897491455078 33.98855901720151 33.87897491455078 33.87897491455078 10100
33.851583828508346 33.933770171507774 33.7328694478413 33.906375885009766 4800
33.75113090911176 34.05248197177595 33.75113090911176 33.965728759765625 22100
34.152932578670054 34.152932578670054 34.143798828125 34.143798828125 1100
34.65518380883155 34.65518380883155 33.88811242274062 33.970298767089844 27600
33.95203241253194 33.96116267971806 33.63242080843946 33.6652946472168 3300
33.92463799856758 33.92463799856758 33.35846389703326 33.41873550415039 3900
33.568495825470926 33.605023862119616 33.31280653594073 33.39134216308594 10700
33.2671467901912 33.41325544694876 33.06259536743164 33.06259536743164 8200
33.44978739625121 33.44978739625121 33.12104200920119 33.312808990478516 9800
32.99319392652958 33.08451053188517 32.81055723231319 32.87995910644531 11800
32.7740319689255 33.24888602065106 32.7557679496085 33.1995735168457 10000
33.1119056970525 33.212356055717194 33.08268605464442 33.14478302001953 5000
32.938402892201175 33.121039592067646 32.869913694313084 33.10277557373047 5800
32.87448045623232 32.87448045623232 32.13480339190519 32.484554290771484 10700
32.5640011669131 32.596875008478236 32.344836417303014 32.470855712890625 8800
32.737499098591734 33.09364219745217 32.737499098591734 32.923789978027344 4800
33.28541102738772 33.61415637813804 33.28541102738772 33.41508102416992 3100
33.4132578490541 33.54110249746967 33.27627944946289 33.27627944946289 6700
33.44064760743445 34.01595193090906 33.44064760743445 33.88810729980469 32100
33.57763069396598 33.59589471289821 33.34842300415039 33.34842300415039 5300
33.50457440315901 33.58676074607377 33.3402017173295 33.36759948730469 5800
33.53196845663126 33.53196845663126 33.01054000854492 33.01054000854492 19200
32.974929926049256 33.62328688152749 32.974929926049256 33.422386169433594 8000
33.495442137522645 33.495442137522645 33.10734134049391 33.145694732666016 21400
33.51370746196123 33.58676005220661 33.376729065431334 33.42877960205078 20400
33.1301693104712 33.23061966790843 32.9018743102976 33.209617614746094 36600
33.59132608349282 33.87897652877013 33.59132608349282 33.67625045776367 9400
33.746569635177515 33.75113302719749 33.60319900512695 33.60319900512695 12100
33.5776293132659 33.75113226072961 33.367598329439744 33.41416931152344 12000
33.43152190054621 33.50457449249556 33.381296719547414 33.41691207885742 10600
33.54110068363059 33.54110068363059 33.16669702630113 33.468048095703125 30600
33.7420004603495 33.86071483138112 33.68720840829526 33.810489654541016 16100
34.18945912062889 34.18945912062889 33.81505544710524 33.82327651977539 4200
33.7374376829023 33.90637725129352 33.7374376829023 33.89724349975586 13000
33.86527662282385 34.07896178388228 33.83331546484545 34.013214111328125 14200
34.19402202659448 34.27986255592505 34.11640256897969 34.236942291259766 30100
34.08901187138684 34.271645088864936 34.07987812040973 34.25612258911133 28700
34.362963291938144 34.362963291938144 34.098140264246595 34.254295349121094 3500
35.97015930854922 39.568090704575084 34.18945762838729 34.49993896484375 22600
34.38122889439778 34.47254550232632 34.22598648071289 34.22598648071289 19100
34.03421924735677 34.139232997301455 33.70638656616211 33.70638656616211 15400
33.90637541606169 34.162064709187824 33.90637541606169 34.119144439697266 12200
34.40862090773237 34.40862090773237 34.025083516049605 34.17119216918945 8000
34.317306791524416 34.70084072748246 34.317306791524416 34.692623138427734 10900
34.6277816679858 34.673443451809945 34.58669024275009 34.64604568481445 5800
34.96109343318851 35.203085556948785 34.869776833714624 35.14738082885742 6300
35.025019254585466 35.093508452797295 35.00766791455733 35.06063461303711 2500
35.44051673024037 35.66881172815443 35.43229565792779 35.64598083496094 13800
35.78752502870314 35.833186818164776 35.58662778579488 35.65876770019531 15400
35.55009632336964 35.60488837534263 35.39485391786536 35.567447662353516 9000
35.11177211759157 35.63137176676443 35.11177211759157 35.34919738769531 11800
35.44873404856831 35.513569047176034 35.40398842439487 35.441429138183594 6700
35.422255844855 35.54096674614442 35.422255844855 35.50626754760742 11500
35.3583296272854 35.53183256788747 35.3583296272854 35.45695114135742 10400
35.35833307154717 35.62315264173485 35.35833307154717 35.51813888549805 6400
35.276147115589445 35.34919970984136 35.15743273098639 35.25605773925781 6100
35.15742909663344 35.16655936365653 34.94100588808308 35.09624481201172 18900
35.26700961162872 35.26700961162872 34.79215560724753 34.81955337524414 7900
35.075240710616974 35.303535691415966 34.94739607873033 34.965660095214844 12800
34.974793302689314 35.029585356750246 34.856078927309916 35.01588821411133 5800
35.25788093199629 35.25788093199629 34.76019601246225 34.93552780151367 8700
33.72373876857809 33.800445556640625 33.47717974258906 33.800445556640625 4000
33.90637516644356 34.0880957055038 33.7420024839282 33.77030944824219 13700
33.28541188750162 33.303675905626946 33.03885286806765 33.194091796875 5700
33.72373754118413 33.869846201248215 32.75576549106879 32.765811920166016 5600
33.21235532919395 33.61415675506328 33.21235532919395 33.468048095703125 5300
33.23975384607126 33.23975384607126 33.05711714688301 33.1712646484375 4200
33.78765953606887 34.043348817836375 33.74200123339684 33.8552360534668 10700
34.399489305810604 34.545601451580744 34.29447555541992 34.29447555541992 11600
34.819553600096704 34.819553600096704 34.39583744856611 34.511810302734375 4800
34.30817510065397 34.33556938815152 34.136497497558594 34.136497497558594 14900
34.116403601452674 34.18032591948229 33.997689232181216 34.17119216918945 11200
33.9885624391145 33.9885624391145 33.68721135174309 33.716434478759766 7800
33.714606085791196 33.721914480271415 33.48631107117937 33.53379821777344 16800
33.21235396586504 33.87897491455078 33.21235396586504 33.87897491455078 4500
34.49080725071825 34.49080725071825 33.55023301363477 33.68172836303711 9500
33.55936248247391 33.83331576522168 33.48539373756507 33.61050033569336 3700
33.86071685614749 33.86071685614749 32.76946352605405 33.0571174621582 7000
34.708378011531664 35.33581893483758 33.5829727449361 34.007240295410156 18500
34.04110202080966 34.295066833496094 34.011225148444915 34.295066833496094 13800
34.290087695881944 34.64862537784852 34.290087695881944 34.469356536865234 23900
34.628703090460256 34.960350036621094 34.53906867800611 34.960350036621094 4700
35.14659253340984 35.236226951343774 34.87270853439075 34.89262771606445 36000
34.98724100616026 35.07687541929558 34.957360335651664 35.00716018676758 49500
34.658582846258284 35.216308547859896 34.658582846258284 34.98724365234375 5400
34.91752724919766 35.04699622982356 34.85179357049617 34.967323303222656 110300
34.987244174417526 35.18643219933289 34.95537272272066 35.12667465209961 17200
35.14659283084435 35.14659283084435 34.94740481161712 35.07687759399414 13000
35.05695747412575 35.05695747412575 34.340877532958984 34.340877532958984 14700
34.40959665773115 34.48927338129874 34.33988142420715 34.42951583862305 9600
34.44943631870378 34.44943631870378 34.22535217381082 34.32793045043945 4100
33.797097691788615 34.24526596069336 33.797097691788615 34.24526596069336 20500
34.27016824778095 34.7581787109375 34.27016824778095 34.7581787109375 11500
35.08683325728846 35.08683325728846 34.90756443026529 34.97727966308594 18700
34.89760777499714 34.89760777499714 34.447444915771484 34.447444915771484 23500
34.33988129860214 34.56894617922818 34.17057396043321 34.551021575927734 20600
34.090899289270496 34.090899289270496 33.79211915739028 33.82697677612305 17000
33.901671965597544 34.046083182452804 33.6407356262207 33.6407356262207 12300
33.83195466142397 34.15065394838085 33.40370178222656 33.40370178222656 13600
33.244354992774205 33.32402792175576 32.86589813232422 32.86589813232422 17500
32.6866277039179 32.783233642578125 31.690691445299567 32.783233642578125 23600
32.26833862185364 32.69659154782433 32.26833862185364 32.53325653076172 6800
34.598829213619744 34.598829213619744 32.22849972296251 32.3480110168457 11800
32.61691336308568 32.61691336308568 31.989472439196643 32.039268493652344 8700
31.760407665263383 32.49740219116211 31.740490383167035 32.49740219116211 8200
32.60695573199935 33.366851806640625 32.60695573199935 33.366851806640625 11200
33.53317170419516 33.573010065990516 33.32402600356247 33.560062408447266 5900
33.57301002380938 33.72240198075662 33.46345642860744 33.712440490722656 11800
33.30410910280039 33.30410910280039 33.03520584106445 33.03520584106445 9700
32.96548965207106 33.37382337866569 32.84000222671893 33.214473724365234 13900
33.19455929915587 33.33398977579031 33.03520584106445 33.03520584106445 4700
33.11488083227357 33.41366095212418 33.11488083227357 33.36386489868164 5700
33.74232370525063 33.95146942138672 33.70248534050216 33.95146942138672 6000
33.831955180430064 33.926566539474955 33.38378311402318 33.451507568359375 6400
33.58297080499514 33.58297080499514 32.81609945396347 32.9316291809082 10100
32.68662727448866 32.806138560178056 32.44760470310987 32.720489501953125 2800
33.10492281552242 33.3778076171875 33.10492281552242 33.3778076171875 6500
33.28418762103195 33.53317168330488 33.204514696686154 33.46843719482422 11200
33.65268956922265 33.65268956922265 32.786222224984066 32.853946685791016 23100
32.80613827178071 32.80613827178071 32.49740046986426 32.582054138183594 10800
32.46055133812045 32.517322717934846 31.919758639980916 32.15181350708008 41200
32.467521842946866 32.467521842946866 31.720571517944336 31.720571517944336 15500
30.635000032448488 31.86996078491211 30.635000032448488 31.86996078491211 20300
32.010387353637405 32.40677261352539 31.999434273105106 32.40677261352539 21600
32.128901671103485 32.32808968043262 31.994451949343603 32.3241081237793 19200
32.30817093339641 32.30817093339641 31.690691515460678 31.78430938720703 7900
32.03926905026287 32.36792985393202 31.924738502944585 32.270328521728516 10800
31.892865494828662 32.17870175295024 31.892865494828662 31.943660736083984 17000
31.650855910556324 31.650855910556324 31.332154702794043 31.55126190185547 15100
31.38195216836041 31.38195216836041 30.555325138329106 30.565284729003906 19400
30.61508059019118 31.043333488525032 30.33621775184415 30.45772361755371 15200
31.132968689499016 31.36203358056152 31.093130326045856 31.29231834411621 13100
30.933780358871353 31.040345890474317 30.72463465164865 31.016443252563477 36200
31.26243886794769 31.26243886794769 30.46569061279297 30.46569061279297 22700
30.49556910619293 30.49556910619293 29.987641385821593 30.037437438964844 5500
30.26650194715861 30.49556872772866 29.957762242387204 30.493576049804688 21100
31.063253816078966 31.820165634155273 31.063253816078966 31.820165634155273 3600
31.670772299435196 31.9595947265625 31.640895427385935 31.9595947265625 5900
32.05321263190985 32.467522505667716 32.05321263190985 32.45557403564453 13500
32.32809013670847 32.32809013670847 32.014371582044106 32.18865966796875 6000
32.45756451565969 32.686629411202965 32.45756451565969 32.606956481933594 25900
32.48246436602873 32.60695640456308 32.28626251220703 32.28626251220703 19000
32.377885305387714 32.63683085385456 32.29821238222538 32.59699249267578 7600
32.596995140459335 32.656752687081486 32.37788793537366 32.57707595825195 15500
34.49923339764323 34.49923339764323 32.427687834787555 32.8061408996582 30700
33.3439460288198 33.3439460288198 33.02524672477719 33.304107666015625 16000
33.29415025018465 33.29415025018465 32.94557407075462 33.015289306640625 17700
32.875855080047 33.005327860808094 32.527278900146484 32.527278900146484 24000
32.81610191272542 32.895774841308594 32.59699471052961 32.895774841308594 17500
32.92067537478792 33.04516741483803 32.87585626478819 32.974456787109375 10600
32.587035317048795 32.6766697315202 32.34800894539328 32.35498046875 10600
32.02931086703809 32.1488221578119 31.8102055675543 31.93270492553711 8900
31.94963810373808 32.059187904646244 31.640896485191107 31.902828216552734 18200
31.800246181403082 32.04923025498175 31.75044822692871 31.75044822692871 17500
31.481545295076607 31.620975761428987 31.352072519522853 31.377967834472656 15600
31.730530204913936 31.94963740029705 31.34808990177813 31.41183090209961 15000
31.501463112556298 31.860000774534935 31.501463112556298 31.853029251098633 12000
31.949637419447374 31.949637419447374 31.503456115722656 31.503456115722656 28800
31.49150514223861 31.521382014073357 31.322195903316985 31.401870727539062 8300
31.630935727311275 31.919756253840845 31.630935727311275 31.860000610351562 7500
32.08906750298954 32.11894437503777 31.919756363260486 31.936689376831055 18500
31.929718628437847 31.929718628437847 31.352073760182066 31.38294792175293 13300
31.237540627455996 31.237540627455996 30.62504005432129 30.62504005432129 23000
30.33621872562524 30.774431228637695 30.15695178764526 30.774431228637695 19900
30.26650211852772 30.31630007093257 29.87808758775811 29.90696907043457 24100
29.947803406209598 30.196787474301928 29.88306701661824 29.916929244995117 9000
29.99760175260537 30.664879139819167 29.848209790114538 30.51349639892578 6900
30.3242682250707 30.37605695793359 29.758575620014888 29.79741859436035 13200
29.86812949940349 30.00755997395401 29.400040120842643 29.958759307861328 11900
30.017519130092765 30.296381974751856 29.957763484665 30.231645584106445 11800
30.05735701909567 30.97361846611825 30.047397428415263 30.969635009765625 15000
30.057357059704515 30.057357059704515 29.63906374855086 29.81036376953125 17600
29.529509512044527 29.79841275617158 29.300444629831546 29.548433303833008 19200
29.16101526178979 29.16101526178979 28.64312793496673 28.645118713378906 12000
28.712841915952097 29.001664339297687 28.334386978034658 28.59432601928711 135700
28.87219280664809 28.87219280664809 28.105321407776653 28.194955825805664 15300
28.23877649379979 28.433979147573492 27.896174560933346 28.220849990844727 9900
28.752681038544573 29.10125721443111 28.752681038544573 28.978757858276367 7500
29.061420310079832 29.121175953667766 28.80646011136141 28.870201110839844 41200
29.459794288534262 29.63906311801462 29.2805254590539 29.59424591064453 17700
29.24068872741843 29.245667572814742 28.609264373779297 28.609264373779297 9400
28.603290064345646 28.8522741411928 28.453899998156906 28.624204635620117 4900
28.852273626806607 28.852273626806607 28.04556576409141 28.55349349975586 9000
28.81243741073921 29.051461894354464 28.623208982194647 28.913026809692383 14100
28.294550097012856 28.69292423661433 28.189977241542046 28.62320899963379 15200
28.68296432743912 29.131136416766928 28.68296432743912 29.041501998901367 17100
29.409998418718587 29.733676563207556 29.365181211069633 29.67889976501465 27800
29.9179258023301 30.272478103637695 29.9179258023301 30.272478103637695 15900
30.20674787729156 30.31630147806954 30.12707304934332 30.171890258789062 13400
29.967723533256372 30.196788427226505 29.8023977421031 30.050386428833008 8300
30.146991994732712 30.5981502532959 30.146991994732712 30.5981502532959 9300
30.205752331877612 30.262519910403054 30.097194120876008 30.224674224853516 29600
30.565284674776503 30.565284674776503 30.306341016484243 30.3591251373291 8500
30.29638174967469 30.657907485961914 30.29638174967469 30.657907485961914 8100
30.581218150413 30.63499955942689 30.30434799194336 30.30434799194336 5600
30.14699186572722 30.196787920241988 29.666950225830078 29.666950225830078 21000
29.180931792764493 29.180931792764493 28.862232492030046 29.000667572021484 11100
28.184995965582544 28.204915147087 27.71690659781411 27.76670265197754 13100
27.856336739626776 28.014691001397853 27.627271853828365 27.7806453704834 15500
27.975849927573066 28.28458963884832 27.93601156503552 28.09337043762207 15500
27.288654346394658 27.288654346394658 26.845462995103663 26.97593116760254 4600
27.029709383942293 27.248816576037004 27.01974979342911 27.123327255249023 5200
27.199019385817664 27.721885555030127 27.199019385817664 27.507761001586914 13600
27.14922264608566 27.63723118500429 27.14922264608566 27.39820671081543 16600
27.587436355045583 27.706947647639968 27.35538149438928 27.647192001342773 13700
28.1252394198667 28.45389830577302 28.1252394198667 28.44194793701172 8400
28.663047099486736 28.772598799619892 28.443939900024983 28.55349349975586 13900
28.782558556173825 28.782558556173825 28.16507911682129 28.16507911682129 19100
28.035605133418176 28.055524314375493 27.906134256390914 28.007719039916992 9300
27.4579618803536 28.035604824568743 27.4579618803536 27.777658462524414 42200
27.89617499301255 28.0156862809625 27.65715051751498 27.993776321411133 13700
28.105320231380198 28.1063175201416 27.360360723393722 28.1063175201416 2100
28.02465139588727 28.175038749303578 27.826460665491354 27.98979377746582 6900
28.384183755342672 28.583371769605204 28.384183755342672 28.528594970703125 12400
28.792517964376515 28.792517964376515 28.31944784715972 28.484773635864258 12500
28.05652121007994 28.244754250918028 28.05552582085792 28.05950927734375 5400
27.896175056081738 28.175037894591537 27.886215465463778 27.910118103027344 11100
27.75674523241951 27.98481473396334 27.75674523241951 27.859325408935547 7700
27.358368180544694 27.72686542990344 27.28865294678436 27.694995880126953 12800
27.906135785763883 28.254713873229868 27.786622593067808 28.196949005126953 26900
28.473819153364673 28.56245818369067 27.99577018217228 28.105321884155273 11300
28.374224923474383 29.021583137743217 28.354305741595898 28.981746673583984 13500
29.04150174029037 29.37016063633819 29.04150174029037 29.330324172973633 22400
29.240689808499404 29.559389114379883 29.200851445465492 29.559389114379883 7700
29.54942876139668 29.54942876139668 29.041501043402477 29.19786262512207 10600
29.20085188431499 29.400039903282668 29.16101542028009 29.33231544494629 4700
29.161013962131392 29.22076960499462 29.071379548037733 29.105241775512695 4100
29.270567080201292 29.898008009354914 29.270567080201292 29.866138458251953 10900
29.818331858578176 30.188819885253906 29.668941800989234 30.188819885253906 5700
30.264512164598223 30.545365785260536 30.264512164598223 30.52046775817871 6800
30.34617767897133 30.63500011113332 30.34617767897133 30.489593505859375 18800
30.27646281806264 30.65491967181214 30.27646281806264 30.323272705078125 6500
30.357134106234568 30.73459366088825 30.357134106234568 30.670852661132812 5900
30.9636588493209 30.9636588493209 30.386015887528522 30.542377471923828 2600
30.44577095871175 30.55532455444336 30.3561365439491 30.55532455444336 13600
30.63300663862906 30.704714550213208 30.525445721051653 30.63898277282715 10100
30.386015658287597 30.48560966465858 30.156950773352715 30.274471282958984 7400
31.043333117064343 31.043333117064343 30.704714638693986 30.982580184936523 62100
31.342114099642853 31.381952462715716 31.023414793450762 31.085163116455078 15400
31.29032434119382 31.618983227375264 31.232561376069377 31.614999771118164 5800
31.511422257688494 31.74048903826888 31.381951381358395 31.72156524658203 7300
32.009390410351834 32.009390410351834 31.596077855125728 31.81319236755371 20900
31.53134287640166 31.650856067354294 31.367014375889223 31.52138328552246 10900
31.591097563281387 31.750447213316786 31.501463147686767 31.677743911743164 21600
31.172804462702096 31.251483899060492 31.14292759037189 31.182764053344727 3900
30.903903121347025 30.903903121347025 30.495569402887135 30.53441047668457 10500
30.62504119729849 30.76447167130109 30.50552800558359 30.530427932739258 14100
30.57524450158413 30.71467497266545 30.57524450158413 30.627033233642578 9000
30.76447170985481 31.10309020394069 30.76447170985481 31.095123291015625 94400
30.694756176582388 30.694756176582388 30.147987365722656 30.147987365722656 7800
29.907967106664184 30.07727634987678 29.887052536010742 29.887052536010742 4400
29.454815651319837 29.519550140513875 29.40501769855789 29.457801818847656 2900
29.668943483883925 29.668943483883925 29.272560119628906 29.272560119628906 11100
28.822395631143554 29.05245590209961 28.72080894820913 29.05245590209961 5700
29.439875998175935 29.457802501746748 28.772598612478145 28.827375411987305 5100
28.69292322941472 28.69292322941472 28.48377752581468 28.57341194152832 4200
28.68296483800287 29.151056117321325 28.578391981830865 29.112215042114258 11300
29.24068948404882 29.26060676574707 29.12117629587089 29.26060676574707 4500
29.658983657942333 29.788454540945093 29.609185703250702 29.72172737121582 3900
29.8282925777486 30.11711311340332 29.8282925777486 30.11711311340332 48400
29.200850373527793 29.290484787465992 28.832355026979773 28.92198944091797 12800
28.91203127293521 29.051461746099804 28.842314136755185 29.01162338256836 6800
28.90207178044947 29.01162348133845 28.683961868286133 28.683961868286133 12900
28.45389930109188 28.45389930109188 28.17503835759718 28.445932388305664 12200
28.31944780790469 28.682964324951172 28.31944780790469 28.682964324951172 7300
28.404103065102838 28.4738183005306 28.26467069464962 28.384183883666992 10400
28.48377805106252 28.61324893192654 27.995769500732422 27.995769500732422 85900
27.677070198220356 27.75674502482418 27.54460935054825 27.660139083862305 11500
27.218937535565345 27.218937535565345 26.770765464888488 27.03070640563965 40900
26.870360214979957 27.07950782029802 26.720970153808594 26.720970153808594 25900
27.089467586069578 27.18905969442903 26.54269688130033 26.736906051635742 23300
26.860400371599958 27.44800291966412 26.840483090002788 27.368328094482422 19400
26.81060394042075 26.840482711791992 26.621375520931515 26.840482711791992 3900
26.935096659972608 27.12930392985387 26.54668212021009 26.59149932861328 60600
27.00979169336313 27.268733444392748 26.930116870062253 27.129302978515625 26600
27.677070771297323 28.045566139620878 27.677070771297323 28.00572967529297 32500
27.617312649718745 28.11528079082264 27.48784176885472 27.995769500732422 13200
27.98580899216144 27.99576858260862 27.687026977539062 27.687026977539062 12900
27.12930459084168 27.212962875339862 26.87036092482511 26.89924430847168 9600
27.238858242884366 27.238858242884366 26.611417308774424 26.769771575927734 6900
26.840483287486126 26.840483287486126 26.41720923217093 26.491905212402344 4700
26.481946271182533 26.52178273524461 26.412231034375598 26.441112518310547 6000
26.123407453263543 27.109384115516754 26.03875378358817 27.069547653198242 12400
27.208978607183237 27.208978607183237 26.35446548461914 26.35446548461914 9700
26.98489297706125 27.218938612070936 26.98489297706125 27.019750595092773 15900
27.77666239454176 27.77666239454176 27.18905983413279 27.332475662231445 10600
27.15918265371198 27.418126312959274 26.940075457642436 27.07950782775879 27000
27.139263684414605 27.398207345685513 26.800645196567853 26.92015838623047 10000
27.42808617539092 27.532659029315948 27.42808617539092 27.53066635131836 800
27.52767774692001 27.80554519569529 27.497800874723165 27.70395851135254 6100
27.786621055997202 28.294548772562454 27.786621055997202 28.251724243164062 30700
28.01568744897571 28.424023082022188 28.013696670532227 28.013696670532227 10000
27.83641878822419 28.08540284930098 27.73981285095215 27.73981285095215 10300
27.856336569849237 28.404102653817255 27.856336569849237 28.390159606933594 2700
28.10532098876609 28.284589822151464 28.10532098876609 28.155118942260742 10200
28.43397921003034 28.43397921003034 28.03759776742803 28.137191772460938 18100
27.926053415674076 28.224833531411342 27.31355094909668 27.31355094909668 7200
27.104406571571854 27.10938541725162 26.96796226501465 26.96796226501465 9400
26.99983283891772 27.547597026591575 26.99983283891772 27.422109603881836 8900
27.44800293038887 27.766702231240195 27.44800293038887 27.726865768432617 11300
27.696987752372895 28.003736692631247 27.462944015447743 27.775667190551758 11700
27.56751582467707 27.597392696565436 26.940074920654297 26.940074920654297 66600
28.37920406352792 28.761642456054688 28.344344547413463 28.761642456054688 4900
29.051461869054386 29.220771115584128 29.016604250615707 29.1799373626709 2700
29.001664932818002 29.26857550286602 28.939916610717773 28.939916610717773 11900
29.340281829636076 29.479714200242416 29.071380478347653 29.215789794921875 14400
29.131135720760476 29.131135720760476 28.902070835953666 28.931947708129883 11800
28.553493639441253 28.872192949747205 28.553493639441253 28.79052734375 5900
29.00166451196107 29.031541383797013 28.762638139687628 28.922985076904297 23400
28.7028827128283 28.912030315245055 28.643127069108225 28.8094482421875 25100
28.81642004051427 29.26060676574707 28.81642004051427 29.26060676574707 9900
28.981745591323772 29.328330984836875 28.981745591323772 29.305423736572266 10900
29.325343665836343 29.325343665836343 29.285507202148438 29.285507202148438 1600
29.41995913562183 29.41995913562183 28.752681740411248 28.798494338989258 3300
29.2406892700359 29.2406892700359 28.65806556877896 28.748695373535156 5900
28.812436531281307 29.702802658081055 28.682963752693095 29.702802658081055 13900
29.738657327129378 29.818332151933838 29.549428905869657 29.74761962890625 11100
29.3502406313686 29.77849352320874 29.3502406313686 29.67790412902832 10000
29.300445769772843 29.40003977883511 29.04150210605004 29.141096115112305 8800
28.952862395802697 28.952862395802697 28.593329342270124 28.71881866455078 7600
28.692922828568605 28.733756579538444 28.60328841410718 28.64810562133789 11600
28.877172799507594 28.88613510131836 28.827374846567952 28.88613510131836 1400
28.772597835392215 28.98174543699696 28.686948776245117 28.686948776245117 2700
28.78255741300763 29.121175891951054 28.682963407507035 28.976764678955078 38600
29.71873867894196 29.868128740679463 29.101257350936535 29.215789794921875 11400
29.27056606185292 29.46975407361253 29.00166471545441 29.076358795166016 8300
28.3443464010598 28.3443464010598 28.17503905239018 28.242761611938477 13800
28.065484646090717 28.065484646090717 27.846377448968695 27.98780059814453 37000
27.811520503559496 27.886216486129296 27.607353637412814 27.647192001342773 8200
27.65714994191319 27.791601562756924 27.537636756852883 27.693998336791992 19600
27.90999984741211 28.239999771118164 27.889999389648438 28.170000076293945 63900
27.760000228881836 27.760000228881836 27.229999542236328 27.642000198364258 32100
27.520000457763672 27.799999237060547 27.49799919128418 27.753000259399414 10100
27.610000610351562 27.799999237060547 27.524999618530273 27.59600067138672 15800
27.639999389648438 27.770000457763672 27.190000534057617 27.231000900268555 14300
27.760000228881836 27.860000610351562 27.760000228881836 27.829999923706055 4400
27.600000381469727 27.899999618530273 27.440000534057617 27.709999084472656 71900
28.1200008392334 28.1200008392334 27.739999771118164 27.81999969482422 8400
28.059999465942383 28.389999389648438 28.059999465942383 28.389999389648438 25100
28.15999984741211 28.290000915527344 28.149999618530273 28.219999313354492 23300
28.34000015258789 28.770000457763672 28.270000457763672 28.770000457763672 14600
28.969999313354492 29.284000396728516 28.860000610351562 28.90999984741211 51400
29.010000228881836 29.079999923706055 28.8700008392334 29.079999923706055 13700
29.139999389648438 29.280000686645508 29.079999923706055 29.280000686645508 10600
29.309999465942383 29.4950008392334 29.299999237060547 29.437000274658203 7800
29.280000686645508 29.649999618530273 29.280000686645508 29.62700080871582 5800
29.530000686645508 29.56999969482422 29.450000762939453 29.51799964904785 24500
29.760000228881836 29.760000228881836 29.139999389648438 29.200000762939453 39700
29.200000762939453 29.420000076293945 29.059999465942383 29.290000915527344 42300
29.559999465942383 29.8799991607666 29.540000915527344 29.73699951171875 27200
29.850000381469727 30.079999923706055 29.850000381469727 29.996999740600586 3700
29.829999923706055 30.020000457763672 29.829999923706055 30.01099967956543 13400
29.739999771118164 30.020000457763672 29.690000534057617 30.0049991607666 34000
30.239999771118164 30.290000915527344 30.049999237060547 30.27400016784668 17400
30.1200008392334 30.268999099731445 30.09000015258789 30.19099998474121 10600
29.829999923706055 29.93199920654297 29.708999633789062 29.708999633789062 7700
29.65999984741211 29.874000549316406 29.59000015258789 29.874000549316406 7700
29.968000411987305 30.350000381469727 29.801000595092773 30.260000228881836 14000
30.3799991607666 30.3799991607666 30.15999984741211 30.309999465942383 12100
29.959999084472656 30.190000534057617 29.860000610351562 29.920000076293945 35400
31.420000076293945 31.420000076293945 29.479999542236328 29.579999923706055 27700
29.549999237060547 29.760000228881836 29.451000213623047 29.760000228881836 8600
29.729999542236328 29.729999542236328 29.52199935913086 29.59000015258789 35400
29.829999923706055 29.90999984741211 29.510000228881836 29.56999969482422 17800
29.350000381469727 29.43000030517578 29.299999237060547 29.43000030517578 11100
29.510000228881836 29.700000762939453 29.510000228881836 29.65999984741211 8000
29.479999542236328 29.719999313354492 29.395000457763672 29.6200008392334 16100
29.3700008392334 29.533000946044922 29.30500030517578 29.533000946044922 19500
29.299999237060547 29.600000381469727 29.299999237060547 29.469999313354492 22100
29.209999084472656 29.3700008392334 29.110000610351562 29.25 21700
29.0 29.049999237060547 28.809999465942383 28.809999465942383 17100
28.729999542236328 28.84000015258789 28.649999618530273 28.68600082397461 5300
29.010000228881836 29.010000228881836 28.670000076293945 28.843000411987305 43200
28.375 28.389999389648438 28.290000915527344 28.389999389648438 33900
28.520000457763672 28.56999969482422 28.479999542236328 28.510000228881836 38700
28.459999084472656 28.520000457763672 28.3700008392334 28.3700008392334 10400
28.670000076293945 28.760000228881836 28.65999984741211 28.729999542236328 34200
28.520000457763672 29.040000915527344 28.520000457763672 29.040000915527344 16700
28.979999542236328 29.280000686645508 28.979999542236328 29.201000213623047 14000
29.139999389648438 29.280000686645508 29.020000457763672 29.040000915527344 27600
28.777999877929688 28.790000915527344 28.601999282836914 28.6200008392334 10500
28.700000762939453 28.729999542236328 28.634000778198242 28.719999313354492 6300
28.520000457763672 28.68600082397461 28.149999618530273 28.15999984741211 18400
28.040000915527344 28.09000015258789 27.834999084472656 27.90999984741211 32500
27.770000457763672 27.989999771118164 27.770000457763672 27.80900001525879 10900
27.979999542236328 28.049999237060547 27.864999771118164 27.954999923706055 13600
27.479999542236328 27.610000610351562 27.290000915527344 27.600000381469727 12000
27.420000076293945 27.961999893188477 27.420000076293945 27.961999893188477 10100
27.700000762939453 27.78499984741211 27.700000762939453 27.729000091552734 10800
27.81999969482422 27.899999618530273 27.81999969482422 27.899999618530273 11500
28.06999969482422 28.200000762939453 28.06999969482422 28.200000762939453 20200
28.270000457763672 28.559999465942383 28.100000381469727 28.100000381469727 19500
28.440000534057617 28.649999618530273 28.209999084472656 28.329999923706055 15600
28.15999984741211 28.360000610351562 28.1299991607666 28.30299949645996 11200
28.309999465942383 28.309999465942383 28.18000030517578 28.280000686645508 8400
28.350000381469727 28.464000701904297 28.18000030517578 28.464000701904297 39500
28.6200008392334 28.65999984741211 28.559999465942383 28.641000747680664 17200
28.920000076293945 28.920000076293945 28.825000762939453 28.868999481201172 4100
28.950000762939453 28.982999801635742 28.8799991607666 28.982999801635742 58400
29.038000106811523 29.059999465942383 28.90999984741211 29.049999237060547 19300
29.010000228881836 29.010000228881836 28.780000686645508 28.920000076293945 7400
28.860000610351562 28.860000610351562 28.639999389648438 28.709999084472656 5900
28.670000076293945 28.920000076293945 28.670000076293945 28.780000686645508 16900
28.75 28.875 28.709999084472656 28.875 20700
29.0 29.1299991607666 29.0 29.041000366210938 23000
29.06999969482422 29.083999633789062 28.809999465942383 28.841999053955078 20100
29.030000686645508 29.229999542236328 29.0 29.180999755859375 13800
29.079999923706055 29.200000762939453 28.920000076293945 29.0310001373291 9100
29.09000015258789 29.176000595092773 29.049999237060547 29.176000595092773 10300
29.280000686645508 29.31999969482422 29.049999237060547 29.125999450683594 13800
28.8799991607666 29.030000686645508 28.841999053955078 28.979999542236328 36300
28.899999618530273 28.989999771118164 28.84000015258789 28.899999618530273 22000
28.809999465942383 28.809999465942383 28.65399932861328 28.739999771118164 4300
28.700000762939453 28.729999542236328 28.6200008392334 28.729999542236328 6600
28.479999542236328 28.479999542236328 28.149999618530273 28.1560001373291 12800
28.299999237060547 28.325000762939453 28.177000045776367 28.177000045776367 3500
28.31999969482422 28.59000015258789 28.31999969482422 28.58099937438965 10600
28.639999389648438 28.809999465942383 28.639999389648438 28.773000717163086 7000
28.709999084472656 28.8700008392334 28.700000762939453 28.743000030517578 8400
28.5 28.5 28.25 28.399999618530273 11800
28.469999313354492 28.56800079345703 28.350000381469727 28.350000381469727 13300
28.378999710083008 28.3799991607666 28.25 28.332000732421875 19400
28.6200008392334 28.809999465942383 28.6200008392334 28.781999588012695 7300
28.829999923706055 28.829999923706055 28.719999313354492 28.739999771118164 8800
28.59000015258789 28.645000457763672 28.56999969482422 28.599000930786133 11500
28.700000762939453 28.709999084472656 28.440000534057617 28.638999938964844 14500
28.440000534057617 28.540000915527344 28.424999237060547 28.517000198364258 5200
28.43000030517578 28.43000030517578 28.139999389648438 28.239999771118164 34800
28.440000534057617 28.690000534057617 28.40999984741211 28.40999984741211 12700
28.469999313354492 28.530000686645508 28.43000030517578 28.43600082397461 4300
28.503999710083008 28.739999771118164 28.424999237060547 28.733999252319336 11200
28.600000381469727 28.770000457763672 28.575000762939453 28.770000457763672 6700
28.889999389648438 28.889999389648438 28.6299991607666 28.701000213623047 12100
28.75 28.924999237060547 28.75 28.878000259399414 13800
28.75 28.80500030517578 28.56399917602539 28.56399917602539 12200
28.3700008392334 28.3799991607666 28.290000915527344 28.334999084472656 6000
28.399999618530273 28.469999313354492 28.240999221801758 28.325000762939453 8600
28.65999984741211 28.770000457763672 28.65999984741211 28.739999771118164 7600
28.690000534057617 28.690000534057617 28.3700008392334 28.507999420166016 5900
28.469999313354492 28.469999313354492 28.1299991607666 28.325000762939453 10900
28.329999923706055 28.739999771118164 28.329999923706055 28.6560001373291 9900
29.094999313354492 29.350000381469727 29.094999313354492 29.30699920654297 12900
29.190000534057617 29.22800064086914 28.969999313354492 29.134000778198242 25100
29.030000686645508 29.48900032043457 29.030000686645508 29.48900032043457 12600
29.56999969482422 29.829999923706055 29.530000686645508 29.610000610351562 21400
29.639999389648438 29.799999237060547 29.610000610351562 29.7549991607666 17300
29.75 29.93000030517578 29.600000381469727 29.635000228881836 26900
29.559999465942383 29.850000381469727 29.559999465942383 29.743999481201172 13900
29.94300079345703 30.079999923706055 29.908000946044922 29.908000946044922 4700
30.079999923706055 30.200000762939453 29.8799991607666 29.954999923706055 17000
30.110000610351562 30.360000610351562 30.084999084472656 30.329999923706055 8200
30.350000381469727 30.479999542236328 30.174999237060547 30.174999237060547 5300
30.350000381469727 30.350000381469727 29.80500030517578 29.80500030517578 6200
29.700000762939453 29.8799991607666 29.670000076293945 29.70800018310547 20200
29.440000534057617 29.739999771118164 29.440000534057617 29.732999801635742 12500
29.33099937438965 29.389999389648438 29.25 29.283000946044922 12000
29.52400016784668 29.52400016784668 29.350000381469727 29.371000289916992 8100
29.56999969482422 29.749000549316406 29.540000915527344 29.70400047302246 24000
29.510000228881836 29.628999710083008 29.510000228881836 29.608999252319336 9500
29.600000381469727 29.75 29.600000381469727 29.702999114990234 7000
29.8799991607666 29.989999771118164 29.8799991607666 29.945999145507812 16200
30.040000915527344 30.187000274658203 30.020000457763672 30.187000274658203 6800
29.959999084472656 29.959999084472656 29.860000610351562 29.867000579833984 19400
29.579999923706055 29.610000610351562 29.229999542236328 29.39299964904785 56300
29.389999389648438 29.889999389648438 29.389999389648438 29.72800064086914 10600
29.65999984741211 29.920000076293945 29.65999984741211 29.878999710083008 21300
30.010000228881836 30.204999923706055 29.969999313354492 30.204999923706055 14100
30.68000030517578 30.790000915527344 30.540000915527344 30.562000274658203 18700
30.68899917602539 30.829999923706055 30.520000457763672 30.815000534057617 8700
30.680999755859375 30.680999755859375 30.562000274658203 30.59600067138672 16800
30.479999542236328 30.780000686645508 30.479999542236328 30.742000579833984 28700
30.81999969482422 30.93000030517578 30.790000915527344 30.88800048828125 7100
30.889999389648438 31.010000228881836 30.889999389648438 30.979999542236328 11400
30.8799991607666 30.8799991607666 30.690000534057617 30.767000198364258 15600
30.84000015258789 30.84000015258789 30.69700050354004 30.69700050354004 12400
30.780000686645508 31.020000457763672 30.780000686645508 30.959999084472656 20900
31.0 31.149999618530273 31.0 31.04599952697754 10700
31.100000381469727 31.239999771118164 31.100000381469727 31.21500015258789 15500
31.31999969482422 31.31999969482422 30.8700008392334 30.93000030517578 8700
31.389999389648438 31.420000076293945 31.290000915527344 31.371999740600586 6600
31.440000534057617 31.520000457763672 31.3700008392334 31.49799919128418 35900
31.31999969482422 31.31999969482422 31.15999984741211 31.280000686645508 9200
30.93000030517578 30.93000030517578 30.729999542236328 30.809999465942383 10700
30.75 30.899999618530273 30.690000534057617 30.804000854492188 10300
30.959999084472656 31.079999923706055 30.770000457763672 30.77199935913086 12000
30.81999969482422 30.906999588012695 30.799999237060547 30.906999588012695 4700
30.350000381469727 30.670000076293945 30.32699966430664 30.670000076293945 17200
30.584999084472656 30.65999984741211 30.469999313354492 30.535999298095703 11000
30.690000534057617 30.739999771118164 30.461000442504883 30.479999542236328 7300
30.3799991607666 30.3799991607666 30.28499984741211 30.329999923706055 10900
30.091999053955078 30.200000762939453 30.079999923706055 30.177000045776367 8300
29.979999542236328 29.979999542236328 29.84000015258789 29.867000579833984 8600
29.790000915527344 29.93000030517578 29.586999893188477 29.586999893188477 8800
29.69099998474121 29.725000381469727 29.440000534057617 29.44300079345703 11200
29.31999969482422 29.479999542236328 29.30500030517578 29.41699981689453 14300
29.350000381469727 29.459999084472656 29.239999771118164 29.40999984741211 16300
29.56999969482422 29.56999969482422 29.309999465942383 29.336000442504883 12100
29.459999084472656 29.739999771118164 29.459999084472656 29.676000595092773 9300
29.719999313354492 29.719999313354492 29.5 29.509000778198242 3900
29.510000228881836 29.510000228881836 29.389999389648438 29.500999450683594 20000
29.739999771118164 29.809999465942383 29.719999313354492 29.766000747680664 8600
29.84000015258789 30.18000030517578 29.84000015258789 30.18000030517578 23700
30.139999389648438 30.25 30.075000762939453 30.219999313354492 8800
30.149999618530273 30.190000534057617 30.010000228881836 30.038999557495117 74100
30.299999237060547 30.34000015258789 30.209999084472656 30.312999725341797 12400
30.170000076293945 30.170000076293945 29.780000686645508 29.780000686645508 8400
29.729999542236328 29.93000030517578 29.57699966430664 29.57699966430664 11400
29.31999969482422 29.40999984741211 29.229999542236328 29.304000854492188 5800
29.389999389648438 29.479000091552734 29.358999252319336 29.389999389648438 17400
29.68000030517578 29.68000030517578 29.559999465942383 29.57699966430664 6600
29.43000030517578 29.610000610351562 29.43000030517578 29.51300048828125 5100
29.459999084472656 29.490999221801758 29.389999389648438 29.427000045776367 5600
29.600000381469727 29.780000686645508 29.600000381469727 29.77199935913086 4000
29.75 29.75 29.479999542236328 29.538999557495117 3500
29.450000762939453 29.450000762939453 29.260000228881836 29.264999389648438 22500
29.450000762939453 29.450000762939453 29.229999542236328 29.378000259399414 94200
29.549999237060547 29.549999237060547 29.170000076293945 29.17799949645996 32700
28.84000015258789 28.889999389648438 28.725000381469727 28.725000381469727 6300
28.709999084472656 28.93899917602539 28.709999084472656 28.81999969482422 90200
28.649999618530273 28.860000610351562 28.649999618530273 28.804000854492188 14700
28.559999465942383 28.65999984741211 28.389999389648438 28.413999557495117 23300
28.600000381469727 28.649999618530273 28.420000076293945 28.59000015258789 32000
28.59000015258789 28.8799991607666 28.56999969482422 28.746000289916992 25100
28.940000534057617 28.940000534057617 28.6200008392334 28.700000762939453 32100
28.719999313354492 28.719999313354492 28.459999084472656 28.649999618530273 25800
28.510000228881836 28.510000228881836 28.155000686645508 28.239999771118164 18400
28.219999313354492 28.389999389648438 28.1200008392334 28.3799991607666 20900
28.3700008392334 28.389999389648438 28.2450008392334 28.3799991607666 11000
28.2810001373291 28.72800064086914 28.2810001373291 28.652000427246094 5700
28.5 28.84000015258789 28.481000900268555 28.81999969482422 13600
28.799999237060547 29.170000076293945 28.799999237060547 29.01300048828125 66300
29.040000915527344 29.15999984741211 28.920000076293945 29.15999984741211 53300
29.18000030517578 29.18000030517578 28.709999084472656 28.891000747680664 17400
28.920000076293945 28.920000076293945 28.670000076293945 28.707000732421875 11800
28.90999984741211 29.06999969482422 28.81999969482422 29.049999237060547 6600
28.860000610351562 29.174999237060547 28.860000610351562 29.06999969482422 23200
28.860000610351562 28.860000610351562 28.59000015258789 28.62700080871582 7700
28.59000015258789 28.611000061035156 28.299999237060547 28.389999389648438 28400
28.260000228881836 28.260000228881836 28.0 28.011999130249023 3400
27.799999237060547 28.110000610351562 27.71500015258789 28.030500411987305 10146
