9.470000267028809 10.489999771118164 7.840000152587891 10.0 1109000
10.899999618530273 11.789999961853027 10.399999618530273 11.180000305175781 2174000
11.180000305175781 11.319999694824219 9.649999618530273 10.850000381469727 631800
10.600000381469727 10.989999771118164 10.369999885559082 10.989999771118164 150800
10.979999542236328 10.979999542236328 10.300000190734863 10.359999656677246 136100
10.210000038146973 10.850000381469727 10.210000038146973 10.850000381469727 82000
10.850000381469727 11.239999771118164 10.699999809265137 10.800000190734863 110500
10.5 10.890000343322754 10.187000274658203 10.229999542236328 107600
10.229999542236328 10.616999626159668 9.359999656677246 9.489999771118164 145000
9.5 9.598999977111816 9.0 9.119999885559082 92900
9.180000305175781 9.3100004196167 8.880000114440918 9.010000228881836 96100
9.289999961853027 9.920000076293945 9.289999961853027 9.75 98000
9.989999771118164 9.989999771118164 9.510000228881836 9.619999885559082 111800
9.670000076293945 9.670000076293945 9.300000190734863 9.329999923706055 60900
9.520000457763672 9.619999885559082 9.039999961853027 9.34000015258789 56200
9.899999618530273 9.920000076293945 9.520000457763672 9.649999618530273 50300
9.699999809265137 9.789999961853027 9.5 9.720000267028809 31500
9.699999809265137 9.71500015258789 9.359999656677246 9.369999885559082 34900
9.630000114440918 9.633999824523926 9.399999618530273 9.510000228881836 17200
9.699999809265137 9.760000228881836 9.510000228881836 9.59000015258789 26400
9.59000015258789 9.59000015258789 9.09000015258789 9.229999542236328 41600
9.329999923706055 9.329999923706055 8.880000114440918 8.899999618530273 34700
9.100000381469727 9.100000381469727 8.399999618530273 8.5600004196167 78500
8.770000457763672 8.831000328063965 8.390000343322754 8.390000343322754 41000
8.5 8.920000076293945 8.369999885559082 8.869999885559082 38400
8.979999542236328 8.979999542236328 8.300000190734863 8.34000015258789 46100
8.399999618530273 8.621999740600586 8.050000190734863 8.199999809265137 64300
8.079999923706055 8.100000381469727 7.550000190734863 7.880000114440918 80600
7.699999809265137 8.130000114440918 7.630000114440918 7.699999809265137 64800
7.800000190734863 7.800000190734863 7.610000133514404 7.769999980926514 30300
8.109999656677246 8.430000305175781 7.921999931335449 8.305999755859375 48200
8.5 8.800000190734863 8.430000305175781 8.6899995803833 29700
8.699999809265137 8.720000267028809 8.289999961853027 8.425000190734863 45000
8.600000381469727 9.289999961853027 8.279999732971191 9.289999961853027 18900
9.029999732971191 9.029999732971191 8.498000144958496 8.619999885559082 23400
8.699999809265137 8.699999809265137 8.097000122070312 8.170000076293945 49500
7.860000133514404 7.889999866485596 7.650000095367432 7.800000190734863 50800
7.900000095367432 8.079999923706055 7.715000152587891 7.769999980926514 34800
7.96999979019165 8.170000076293945 7.78000020980835 7.949999809265137 25100
8.149999618530273 8.369999885559082 8.128999710083008 8.239999771118164 27400
8.109999656677246 8.350000381469727 7.659999847412109 7.809999942779541 49400
7.599999904632568 7.75 7.230000019073486 7.400000095367432 98700
7.570000171661377 7.599999904632568 7.260000228881836 7.329999923706055 22100
7.289999961853027 7.480000019073486 7.119999885559082 7.480000019073486 33300
7.639999866485596 7.639999866485596 7.289999961853027 7.473999977111816 9600
7.46999979019165 7.559999942779541 7.210999965667725 7.559999942779541 9300
7.71999979019165 7.7210001945495605 7.599999904632568 7.599999904632568 18300
7.570000171661377 7.650000095367432 7.210000038146973 7.650000095367432 19100
7.610000133514404 7.610000133514404 7.427999973297119 7.446000099182129 19700
7.650000095367432 7.679999828338623 7.550000190734863 7.630000114440918 11700
7.480000019073486 7.480000019073486 7.190000057220459 7.28000020980835 33000
7.079999923706055 7.079999923706055 6.829999923706055 7.019999980926514 34300
6.75 6.885000228881836 6.599999904632568 6.769999980926514 60100
6.760000228881836 7.104000091552734 6.599999904632568 6.929999828338623 37300
7.090000152587891 7.130000114440918 7.0 7.0 17400
6.940000057220459 6.940000057220459 6.599999904632568 6.699999809265137 52900
6.829999923706055 6.889999866485596 6.599999904632568 6.670000076293945 30500
6.599999904632568 6.617000102996826 6.269999980926514 6.519999980926514 72400
6.539999961853027 6.639999866485596 6.369999885559082 6.460000038146973 26700
6.679999828338623 7.130000114440918 6.494999885559082 7.050000190734863 74800
7.190000057220459 7.340000152587891 7.03000020980835 7.039999961853027 53200
7.28000020980835 7.789999961853027 7.218999862670898 7.670000076293945 79500
7.630000114440918 7.900000095367432 7.599999904632568 7.900000095367432 45600
8.039999961853027 8.039999961853027 7.809999942779541 7.96999979019165 32500
8.0 8.199999809265137 7.909999847412109 8.09000015258789 48600
7.75 7.96999979019165 7.673999786376953 7.679999828338623 31700
7.550000190734863 7.550000190734863 7.309999942779541 7.375 32200
7.369999885559082 7.369999885559082 7.170000076293945 7.230000019073486 27300
7.5 7.5 7.230000019073486 7.230000019073486 24700
7.230000019073486 7.300000190734863 7.0 7.130000114440918 20000
7.050000190734863 7.679999828338623 7.050000190734863 7.679999828338623 20400
7.239999771118164 7.269999980926514 7.033999919891357 7.159999847412109 47800
7.110000133514404 7.179999828338623 7.019999980926514 7.099999904632568 33800
7.190000057220459 7.229000091552734 7.010000228881836 7.050000190734863 40900
7.050000190734863 7.284999847412109 7.010000228881836 7.199999809265137 67500
7.170000076293945 7.175000190734863 6.900000095367432 6.900000095367432 74200
6.889999866485596 6.889999866485596 6.699999809265137 6.699999809265137 33800
6.730000019073486 6.869999885559082 6.573999881744385 6.840000152587891 38500
6.889999866485596 6.949999809265137 6.840000152587891 6.840000152587891 12600
7.019999980926514 7.170000076293945 6.921000003814697 7.130000114440918 60400
7.28000020980835 7.28000020980835 7.066999912261963 7.28000020980835 32700
7.03000020980835 7.244999885559082 6.949999809265137 7.150000095367432 34600
7.489999771118164 7.489999771118164 7.109000205993652 7.300000190734863 45200
7.190000057220459 7.239999771118164 7.099999904632568 7.159999847412109 37500
7.400000095367432 7.599999904632568 7.300000190734863 7.400000095367432 54400
7.5 7.5 7.25 7.289999961853027 46700
7.050000190734863 7.119999885559082 6.889999866485596 7.099999904632568 59400
7.199999809265137 7.199999809265137 6.789999961853027 6.900000095367432 29500
6.590000152587891 6.590000152587891 6.300000190734863 6.400000095367432 71300
6.420000076293945 6.599999904632568 6.409999847412109 6.5370001792907715 14500
6.739999771118164 6.857999801635742 6.650000095367432 6.800000190734863 39000
6.789999961853027 6.789999961853027 6.260000228881836 6.260000228881836 16600
6.519999980926514 6.808000087738037 6.519999980926514 6.599999904632568 24700
6.679999828338623 6.679999828338623 6.46999979019165 6.590000152587891 27200
6.579999923706055 6.579999923706055 6.309999942779541 6.400000095367432 23000
6.300000190734863 6.5 6.25 6.5 14600
6.53000020980835 6.900000095367432 6.5 6.900000095367432 14200
6.889999866485596 7.050000190734863 6.630000114440918 7.050000190734863 10200
6.989999771118164 6.989999771118164 6.7170000076293945 6.840000152587891 27600
6.690000057220459 7.019999980926514 6.679999828338623 6.920000076293945 15000
7.039999961853027 7.039999961853027 6.739999771118164 6.900000095367432 20300
6.989999771118164 6.989999771118164 6.611000061035156 6.900000095367432 17400
6.900000095367432 6.9079999923706055 6.75 6.78000020980835 9600
6.840000152587891 7.0 6.800000190734863 7.0 33200
7.039999961853027 7.039999961853027 6.78000020980835 7.0 33700
7.050000190734863 7.050000190734863 6.650000095367432 6.739999771118164 47100
6.900000095367432 6.960000038146973 6.650000095367432 6.670000076293945 12900
6.840000152587891 6.869999885559082 6.468999862670898 6.610000133514404 31600
6.699999809265137 6.699999809265137 6.150000095367432 6.159999847412109 59700
6.150000095367432 6.170000076293945 4.809999942779541 5.03000020980835 288500
5.03000020980835 5.440000057220459 5.03000020980835 5.25 51700
5.25 5.340000152587891 5.0 5.0 36700
5.0 5.139999866485596 4.920000076293945 5.050000190734863 34400
5.130000114440918 5.28000020980835 5.050000190734863 5.239999771118164 37000
5.300000190734863 5.599999904632568 5.300000190734863 5.400000095367432 39600
5.510000228881836 5.599999904632568 5.25 5.25 29900
5.289999961853027 5.423999786376953 5.264999866485596 5.349999904632568 25900
5.449999809265137 5.699999809265137 5.373000144958496 5.619999885559082 30100
5.789999961853027 5.929999828338623 5.6620001792907715 5.739999771118164 34600
5.800000190734863 5.849999904632568 5.599999904632568 5.699999809265137 33200
5.690000057220459 5.690000057220459 5.539999961853027 5.550000190734863 17400
5.53000020980835 5.599999904632568 5.5 5.550000190734863 30300
5.610000133514404 5.804999828338623 5.559999942779541 5.800000190734863 13600
5.860000133514404 5.889999866485596 5.61899995803833 5.789999961853027 26800
5.800000190734863 5.800000190734863 5.510000228881836 5.739999771118164 16400
5.739999771118164 5.739999771118164 5.300000190734863 5.550000190734863 34300
5.570000171661377 5.576000213623047 5.199999809265137 5.349999904632568 39200
5.360000133514404 5.389999866485596 5.179999828338623 5.179999828338623 28400
5.179999828338623 5.340000152587891 5.150000095367432 5.309999942779541 387600
5.78000020980835 6.25 5.550000190734863 5.900000095367432 1398200
5.880000114440918 5.989999771118164 5.710000038146973 5.880000114440918 76900
5.880000114440918 5.929999828338623 5.610000133514404 5.840000152587891 62500
5.809999942779541 5.989999771118164 5.650000095367432 5.940000057220459 73800
6.050000190734863 6.150000095367432 5.809999942779541 6.019999980926514 74000
6.110000133514404 6.269999980926514 5.960000038146973 6.25 61200
6.309999942779541 6.5 6.139999866485596 6.429999828338623 68700
6.349999904632568 6.480999946594238 6.239999771118164 6.449999809265137 30400
6.550000190734863 6.809999942779541 6.5 6.809999942779541 66800
6.78000020980835 6.800000190734863 6.369999885559082 6.590000152587891 54500
6.579999923706055 6.748000144958496 6.349999904632568 6.380000114440918 33400
6.389999866485596 6.480000019073486 6.050000190734863 6.090000152587891 45400
6.139999866485596 6.230000019073486 5.857999801635742 6.139999866485596 37000
6.150000095367432 6.460000038146973 6.010000228881836 6.389999866485596 52400
6.5 6.650000095367432 6.260000228881836 6.650000095367432 25700
6.619999885559082 6.619999885559082 6.320000171661377 6.53000020980835 26600
6.550000190734863 7.743000030517578 6.550000190734863 6.960000038146973 289000
7.099999904632568 8.600000381469727 7.0 8.489999771118164 351900
8.100000381469727 8.649999618530273 7.513999938964844 8.039999961853027 240700
8.039999961853027 8.449999809265137 7.900000095367432 7.900000095367432 83000
7.849999904632568 7.935999870300293 7.110000133514404 7.510000228881836 183000
7.550000190734863 7.710000038146973 7.25 7.340000152587891 49000
7.409999847412109 7.599999904632568 7.300000190734863 7.460000038146973 41800
7.5 7.5 6.869999885559082 6.940000057220459 89200
6.940000057220459 7.690000057220459 6.900000095367432 7.320000171661377 127100
7.230000019073486 7.400000095367432 7.204999923706055 7.269999980926514 25900
7.190000057220459 7.369999885559082 7.145999908447266 7.309999942779541 36800
7.360000133514404 7.650000095367432 7.230000019073486 7.369999885559082 41400
7.5 7.659999847412109 7.216000080108643 7.440000057220459 56300
7.429999828338623 7.633999824523926 7.264999866485596 7.420000076293945 29200
7.440000057220459 7.510000228881836 7.300000190734863 7.5 30800
7.489999771118164 7.5 7.309999942779541 7.480000019073486 29600
7.480000019073486 7.480000019073486 7.2270002365112305 7.420000076293945 22900
7.480000019073486 7.480000019073486 7.349999904632568 7.400000095367432 16600
7.400000095367432 8.239999771118164 7.331999778747559 8.239999771118164 154000
8.229999542236328 8.470000267028809 8.0 8.180000305175781 81100
8.300000190734863 8.460000038146973 8.008000373840332 8.229999542236328 50200
8.430000305175781 8.470000267028809 8.180000305175781 8.470000267028809 47500
8.470000267028809 9.0 8.470000267028809 8.800000190734863 157600
8.800000190734863 8.930000305175781 8.399999618530273 8.630000114440918 46500
8.710000038146973 8.748000144958496 8.09000015258789 8.199999809265137 56900
8.34000015258789 8.380000114440918 7.699999809265137 8.039999961853027 54900
8.100000381469727 8.100000381469727 7.919000148773193 8.0 27900
8.0 8.289999961853027 6.909999847412109 7.570000171661377 83100
7.570000171661377 7.699999809265137 7.539999961853027 7.650000095367432 23200
7.71999979019165 7.869999885559082 7.610000133514404 7.760000228881836 39100
7.699999809265137 7.849999904632568 7.099999904632568 7.309999942779541 36000
7.210000038146973 7.610000133514404 7.210000038146973 7.380000114440918 19100
7.300000190734863 7.369999885559082 6.550000190734863 6.869999885559082 89800
6.789999961853027 7.289999961853027 6.789999961853027 7.210000038146973 37000
7.28000020980835 7.28000020980835 7.0 7.090000152587891 20300
6.909999847412109 6.960000038146973 6.769999980926514 6.789999961853027 25400
6.989999771118164 7.179999828338623 6.909999847412109 7.090000152587891 20100
7.079999923706055 7.110000133514404 6.78000020980835 6.909999847412109 31900
7.019999980926514 7.190000057220459 6.659999847412109 6.800000190734863 51800
6.710000038146973 7.099999904632568 6.699999809265137 7.039999961853027 42000
7.050000190734863 7.329999923706055 6.730000019073486 6.960000038146973 58300
7.0 7.420000076293945 6.820000171661377 7.320000171661377 110000
8.0 8.0 7.46999979019165 7.579999923706055 90900
7.78000020980835 7.894999980926514 7.320000171661377 7.619999885559082 50800
7.889999866485596 9.199999809265137 7.723999977111816 8.970000267028809 541400
9.420000076293945 9.87399959564209 8.25 8.619999885559082 273000
8.779999732971191 8.930000305175781 8.0 8.239999771118164 107900
8.300000190734863 8.300000190734863 7.800000190734863 8.140000343322754 68600
7.989999771118164 8.029999732971191 7.559999942779541 7.710000038146973 135500
7.800000190734863 7.890999794006348 7.429999828338623 7.590000152587891 55000
7.639999866485596 7.650000095367432 7.130000114440918 7.440000057220459 54100
7.300000190734863 7.440000057220459 6.960000038146973 7.099999904632568 90500
7.099999904632568 7.099999904632568 6.619999885559082 6.829999923706055 131600
6.829999923706055 6.869999885559082 6.130000114440918 6.389999866485596 127000
6.440000057220459 6.6519999504089355 6.179999828338623 6.389999866485596 120700
6.400000095367432 6.539000034332275 5.900000095367432 6.050000190734863 129200
6.0 6.080999851226807 5.440000057220459 5.829999923706055 181900
5.75 5.829999923706055 5.400000095367432 5.460000038146973 224900
5.460000038146973 5.929999828338623 5.429999828338623 5.449999809265137 184200
5.489999771118164 5.730000019073486 5.300000190734863 5.340000152587891 91600
5.400000095367432 5.78000020980835 5.199999809265137 5.46999979019165 170000
5.599999904632568 5.710000038146973 5.460000038146973 5.690000057220459 62300
5.800000190734863 6.28000020980835 5.75 6.090000152587891 149700
6.099999904632568 6.489999771118164 5.938000202178955 6.119999885559082 56500
6.150000095367432 6.4120001792907715 5.949999809265137 6.070000171661377 46600
5.989999771118164 6.239999771118164 5.804999828338623 6.239999771118164 53800
6.369999885559082 6.389999866485596 6.260000228881836 6.340000152587891 30300
6.380000114440918 6.380000114440918 6.059999942779541 6.130000114440918 31900
6.130000114440918 6.130000114440918 5.96999979019165 6.039999961853027 21700
6.03000020980835 6.199999809265137 6.03000020980835 6.090000152587891 12200
6.300000190734863 6.340000152587891 6.119999885559082 6.159999847412109 41400
6.170000076293945 6.300000190734863 6.099999904632568 6.170000076293945 25800
6.300000190734863 6.300000190734863 5.800000190734863 6.150000095367432 79300
6.170000076293945 6.170000076293945 5.809999942779541 5.940000057220459 21800
5.800000190734863 5.810999870300293 5.099999904632568 5.349999904632568 131400
5.940000057220459 5.940000057220459 5.199999809265137 5.300000190734863 93700
5.369999885559082 5.409999847412109 5.110000133514404 5.130000114440918 33600
5.190000057220459 5.25 4.920000076293945 5.090000152587891 90700
5.079999923706055 5.150000095367432 4.809999942779541 5.0 64400
5.130000114440918 5.46999979019165 5.0 5.190000057220459 79400
5.079999923706055 5.340000152587891 4.960000038146973 5.019999980926514 47400
5.050000190734863 5.239999771118164 5.03000020980835 5.090000152587891 29800
4.960000038146973 5.079999923706055 4.949999809265137 5.019999980926514 28400
5.079999923706055 5.199999809265137 5.050000190734863 5.179999828338623 26900
5.199999809265137 5.75 5.199999809265137 5.75 36400
6.099999904632568 6.099999904632568 5.550000190734863 5.559999942779541 30700
5.559999942779541 6.010000228881836 5.2210001945495605 5.980000019073486 74000
5.829999923706055 6.019999980926514 5.599999904632568 5.699999809265137 24800
5.590000152587891 5.960000038146973 5.590000152587891 5.659999847412109 29300
5.659999847412109 5.885000228881836 5.329999923706055 5.670000076293945 57700
5.670000076293945 5.670000076293945 5.110000133514404 5.130000114440918 104600
5.210000038146973 5.454999923706055 5.210000038146973 5.380000114440918 19100
5.320000171661377 5.461999893188477 5.179999828338623 5.269999980926514 15100
5.130000114440918 5.385000228881836 5.130000114440918 5.269999980926514 8700
5.150000095367432 5.309999942779541 5.150000095367432 5.150000095367432 26700
5.090000152587891 5.289999961853027 5.010000228881836 5.150000095367432 18100
5.010000228881836 5.010000228881836 4.599999904632568 4.769999980926514 85500
5.0 5.170000076293945 4.760000228881836 4.909999847412109 31500
4.679999828338623 4.989999771118164 4.679999828338623 4.980000019073486 31700
5.199999809265137 5.309999942779541 4.809999942779541 5.019999980926514 32000
5.199999809265137 5.199999809265137 4.880000114440918 5.070000171661377 12000
5.150000095367432 5.150000095367432 4.75 5.059999942779541 21000
5.139999866485596 5.139999866485596 4.730000019073486 4.900000095367432 26900
4.809999942779541 4.809999942779541 4.400000095367432 4.510000228881836 54500
4.590000152587891 4.889999866485596 4.349999904632568 4.369999885559082 53000
4.460000038146973 4.800000190734863 4.460000038146973 4.800000190734863 47400
4.769999980926514 4.769999980926514 4.577000141143799 4.659999847412109 23000
4.75 4.75 4.639999866485596 4.75 16100
4.739999771118164 4.741000175476074 4.440000057220459 4.5929999351501465 26500
4.619999885559082 4.670000076293945 4.460000038146973 4.53000020980835 16700
4.519999980926514 4.860000133514404 4.519999980926514 4.699999809265137 18600
4.699999809265137 4.909999847412109 4.699999809265137 4.885000228881836 28500
4.769999980926514 5.179999828338623 4.769999980926514 5.110000133514404 31800
5.21999979019165 5.340000152587891 5.110000133514404 5.130000114440918 38600
5.409999847412109 5.409999847412109 4.935999870300293 4.960000038146973 36300
4.909999847412109 5.349999904632568 4.909999847412109 5.019999980926514 24500
5.199999809265137 5.25 4.829999923706055 5.059999942779541 51400
5.25 5.25 4.949999809265137 5.090000152587891 21700
5.099999904632568 5.099999904632568 4.920000076293945 5.079999923706055 13000
5.099999904632568 5.099999904632568 4.920000076293945 5.079999923706055 34600
5.099999904632568 5.099999904632568 4.909999847412109 5.0 15400
5.199999809265137 5.199999809265137 4.940000057220459 5.079999923706055 19100
5.099999904632568 5.170000076293945 4.909999847412109 5.139999866485596 11700
5.190000057220459 5.190000057220459 5.039999961853027 5.190000057220459 15600
5.190000057220459 5.190000057220459 4.909999847412109 4.960000038146973 17700
4.96999979019165 5.139999866485596 4.900000095367432 4.960000038146973 12400
5.0 5.230000019073486 5.0 5.119999885559082 12300
5.269999980926514 5.269999980926514 5.0 5.0 15000
5.0 5.0 4.913000106811523 4.980000019073486 15100
5.0 5.0 4.699999809265137 4.75 47600
4.929999828338623 4.929999828338623 4.75 4.809999942779541 11800
4.760000228881836 4.96999979019165 4.760000228881836 4.829999923706055 6000
5.0 5.0 4.75 4.909999847412109 21400
4.909999847412109 5.0 4.75 4.75 14200
4.980000019073486 4.980000019073486 4.760000228881836 4.889999866485596 13900
4.769999980926514 4.961999893188477 4.679999828338623 4.690000057220459 25400
4.900000095367432 4.900000095367432 4.599999904632568 4.599999904632568 11700
4.699999809265137 4.75 4.519999980926514 4.670000076293945 14900
4.519999980926514 4.590000152587891 4.5 4.510000228881836 16300
4.510000228881836 4.510000228881836 4.301000118255615 4.320000171661377 28900
4.329999923706055 4.329999923706055 4.150000095367432 4.289999961853027 26500
4.170000076293945 4.510000228881836 4.110000133514404 4.199999809265137 22200
4.349999904632568 4.349999904632568 3.890000104904175 4.0 31500
4.0 4.190000057220459 3.5799999237060547 3.7799999713897705 152300
3.799999952316284 4.300000190734863 3.7799999713897705 4.239999771118164 49800
4.199999809265137 4.300000190734863 4.132999897003174 4.190000057220459 17000
4.28000020980835 4.28000020980835 4.03000020980835 4.210000038146973 35000
4.039999961853027 4.039999961853027 3.7829999923706055 3.809999942779541 31500
3.799999952316284 3.990000009536743 3.759999990463257 3.859999895095825 18000
3.859999895095825 3.9719998836517334 3.609999895095825 3.619999885559082 23200
3.619999885559082 3.869999885559082 3.259999990463257 3.299999952316284 41400
3.4200000762939453 3.7899999618530273 3.319999933242798 3.5 11700
3.700000047683716 3.9100000858306885 3.5 3.6700000762939453 24000
3.609999895095825 3.950000047683716 3.3499999046325684 3.9200000762939453 18000
3.9600000381469727 3.9600000381469727 3.299999952316284 3.490000009536743 33000
3.7100000381469727 3.7699999809265137 3.490000009536743 3.5799999237060547 20300
3.809999942779541 3.819999933242798 3.4000000953674316 3.490000009536743 18100
3.4100000858306885 3.7899999618530273 3.4000000953674316 3.740000009536743 31800
3.7300000190734863 3.7799999713897705 3.5 3.5999999046325684 22900
3.5199999809265137 3.799999952316284 3.5 3.700000047683716 19300
3.680000066757202 3.9000000953674316 3.5 3.890000104904175 209000
3.9600000381469727 4.050000190734863 3.9149999618530273 4.0 49300
4.139999866485596 4.25 4.079999923706055 4.199999809265137 46200
4.25 4.876999855041504 4.223999977111816 4.820000171661377 59000
4.949999809265137 5.03000020980835 4.5 4.980000019073486 47100
4.769999980926514 4.949999809265137 4.539999961853027 4.75 76200
4.849999904632568 4.849999904632568 4.5 4.550000190734863 10700
4.239999771118164 4.389999866485596 4.21999979019165 4.289999961853027 28000
4.388000011444092 4.5 4.110000133514404 4.429999828338623 14200
4.53000020980835 4.53000020980835 4.199999809265137 4.46999979019165 7100
4.460000038146973 4.460000038146973 4.199999809265137 4.309999942779541 9500
4.309999942779541 4.309999942779541 3.799999952316284 3.819999933242798 16800
3.819999933242798 3.9000000953674316 3.7100000381469727 3.7100000381469727 12600
3.7899999618530273 3.799999952316284 3.6500000953674316 3.799999952316284 13800
3.609999895095825 3.6510000228881836 3.4000000953674316 3.549999952316284 12300
3.4800000190734863 3.7300000190734863 3.4100000858306885 3.549999952316284 24600
3.9800000190734863 3.9800000190734863 3.4000000953674316 3.450000047683716 27400
3.4000000953674316 3.450000047683716 3.2799999713897705 3.319999933242798 38800
3.319999933242798 3.549999952316284 3.299999952316284 3.440000057220459 41700
3.5 3.619999885559082 3.450000047683716 3.549999952316284 25400
3.549999952316284 3.7799999713897705 3.5 3.5 24200
3.640000104904175 3.75 3.549999952316284 3.5999999046325684 7800
3.680000066757202 3.700000047683716 3.549999952316284 3.619999885559082 14500
3.200000047683716 3.3499999046325684 3.200000047683716 3.311000108718872 28000
3.5 3.5 3.200000047683716 3.259999990463257 13300
3.369999885559082 3.4670000076293945 3.2899999618530273 3.309999942779541 57300
3.299999952316284 3.309999942779541 3.240000009536743 3.240000009536743 14600
3.240000009536743 3.2899999618530273 3.200000047683716 3.2799999713897705 11000
3.3499999046325684 3.380000114440918 3.25 3.319999933242798 10600
3.319999933242798 3.359999895095825 3.2639999389648438 3.359999895095825 74800
3.390000104904175 3.450000047683716 3.3450000286102295 3.430000066757202 10600
3.4200000762939453 3.450000047683716 3.309999942779541 3.4000000953674316 17200
3.2799999713897705 3.309999942779541 3.200000047683716 3.2990000247955322 16300
3.5899999141693115 3.5999999046325684 3.2799999713897705 3.549999952316284 58400
3.5999999046325684 3.5999999046325684 3.3299999237060547 3.380000114440918 17700
3.4600000381469727 3.4700000286102295 3.319999933242798 3.4000000953674316 19500
3.5399999618530273 3.5399999618530273 3.3989999294281006 3.450000047683716 9800
3.490000009536743 3.549999952316284 3.450000047683716 3.549999952316284 19500
3.5399999618530273 3.5399999618530273 3.380000114440918 3.440000057220459 24900
3.490000009536743 3.549999952316284 3.4100000858306885 3.4100000858306885 52500
3.5399999618530273 3.5399999618530273 3.4100000858306885 3.4800000190734863 7400
3.490000009536743 3.5999999046325684 3.4649999141693115 3.5 10400
3.309999942779541 3.5 3.309999942779541 3.3499999046325684 24200
3.3499999046325684 3.5 3.25 3.25 33000
3.390000104904175 3.5 3.299999952316284 3.309999942779541 53500
3.390000104904175 3.700000047683716 3.309999942779541 3.3399999141693115 115800
3.8499999046325684 4.377999782562256 2.75 2.75 104000
2.9700000286102295 3.309999942779541 2.809999942779541 3.190000057220459 132300
3.319999933242798 3.369999885559082 3.0999999046325684 3.299999952316284 41900
3.3499999046325684 3.4630000591278076 3.2699999809265137 3.384999990463257 35300
3.4700000286102295 3.5 3.359999895095825 3.490000009536743 18700
3.6600000858306885 3.6600000858306885 3.390000104904175 3.5399999618530273 26800
3.430000066757202 3.700000047683716 3.4000000953674316 3.440000057220459 28800
3.440000057220459 3.630000114440918 3.4000000953674316 3.5299999713897705 24600
3.619999885559082 3.619999885559082 3.5 3.5399999618530273 28800
3.5399999618530273 3.5399999618530273 3.309999942779541 3.4600000381469727 26800
3.4600000381469727 3.569999933242798 3.2799999713897705 3.309999942779541 26500
3.2899999618530273 3.390000104904175 3.1500000953674316 3.259999990463257 15300
3.180000066757202 3.2799999713897705 3.049999952316284 3.200000047683716 29200
3.1600000858306885 3.450000047683716 3.1600000858306885 3.2200000286102295 34700
3.200000047683716 3.200000047683716 3.049999952316284 3.200000047683716 33700
3.109999895095825 3.259999990463257 3.0999999046325684 3.200000047683716 45900
3.240000009536743 3.2699999809265137 2.9800000190734863 3.180000066757202 63000
3.1500000953674316 3.25 3.0 3.140000104904175 26200
3.200000047683716 3.200000047683716 2.890000104904175 3.0 54900
3.0999999046325684 3.0999999046325684 2.8350000381469727 3.0399999618530273 21500
3.0 3.0399999618530273 2.8410000801086426 3.0299999713897705 27000
2.8499999046325684 3.049999952316284 2.819999933242798 2.9800000190734863 46100
2.880000114440918 3.0199999809265137 2.8399999141693115 2.859999895095825 33900
2.859999895095825 2.930000066757202 2.5999999046325684 2.759999990463257 44400
2.759999990463257 3.25 2.759999990463257 3.1710000038146973 99700
3.200000047683716 3.4800000190734863 3.0999999046325684 3.2899999618530273 111900
3.359999895095825 3.4800000190734863 3.1500000953674316 3.299999952316284 53000
3.309999942779541 3.640000104904175 3.309999942779541 3.630000114440918 73800
3.630000114440918 3.640000104904175 3.359999895095825 3.5999999046325684 47500
3.5799999237060547 3.5799999237060547 3.25 3.440000057220459 87700
3.450000047683716 3.4600000381469727 3.130000114440918 3.25 41500
3.299999952316284 3.299999952316284 3.0910000801086426 3.2200000286102295 24200
3.130000114440918 3.190999984741211 2.9000000953674316 2.950000047683716 40600
3.190000057220459 3.190000057220459 2.930000066757202 3.130000114440918 113700
3.0899999141693115 3.25 2.450000047683716 2.4800000190734863 943400
2.450000047683716 2.5999999046325684 1.9600000381469727 2.450000047683716 169300
2.450000047683716 2.450000047683716 2.25 2.3399999141693115 81000
2.25 2.3499999046325684 2.059999942779541 2.2699999809265137 39300
2.2219998836517334 2.3299999237060547 2.2219998836517334 2.299999952316284 14500
2.2699999809265137 2.309999942779541 2.190000057220459 2.259999990463257 33500
2.1700000762939453 2.259999990463257 2.0 2.009999990463257 68300
2.0899999141693115 2.0999999046325684 1.899999976158142 1.9500000476837158 29600
2.009999990463257 2.0199999809265137 1.809999942779541 1.899999976158142 54500
1.9800000190734863 1.9900000095367432 1.7699999809265137 1.875 38800
1.9600000381469727 1.9600000381469727 1.75 1.8250000476837158 19500
1.7999999523162842 2.0199999809265137 1.7999999523162842 1.899999976158142 112900
1.8700000047683716 2.0899999141693115 1.8600000143051147 1.940000057220459 26200
1.8700000047683716 1.9800000190734863 1.774999976158142 1.9299999475479126 70300
2.0 2.0 1.8899999856948853 1.909999966621399 12900
1.8300000429153442 1.9199999570846558 1.7999999523162842 1.909999966621399 33500
1.809999942779541 1.8799999952316284 1.7100000381469727 1.8200000524520874 41800
1.7999999523162842 1.7999999523162842 1.600000023841858 1.7120000123977661 25000
1.7899999618530273 1.7899999618530273 1.6299999952316284 1.7000000476837158 12000
1.7000000476837158 1.75 1.5099999904632568 1.6799999475479126 17100
1.6799999475479126 1.7400000095367432 1.6100000143051147 1.6200000047683716 18300
1.5800000429153442 1.7200000286102295 1.5199999809265137 1.600000023841858 33700
1.600000023841858 1.6799999475479126 1.5 1.5299999713897705 44000
1.5499999523162842 1.7999999523162842 1.4500000476837158 1.5399999618530273 57700
1.5399999618530273 1.7400000095367432 1.524999976158142 1.6699999570846558 45000
1.7699999809265137 1.7699999809265137 1.600000023841858 1.7000000476837158 17000
1.7699999809265137 1.899999976158142 1.7079999446868896 1.8300000429153442 66200
1.899999976158142 2.0899999141693115 1.809999942779541 1.9800000190734863 168400
1.9800000190734863 2.450000047683716 1.909999966621399 2.319999933242798 133000
2.4200000762939453 2.4519999027252197 2.059999942779541 2.069999933242798 64100
2.0999999046325684 2.2750000953674316 2.0299999713897705 2.1500000953674316 17100
2.259999990463257 2.3499999046325684 2.0360000133514404 2.1500000953674316 71600
2.3399999141693115 2.3399999141693115 2.0 2.049999952316284 110200
2.069999933242798 2.0899999141693115 1.909999966621399 1.9900000095367432 58600
2.0399999618530273 2.0799999237060547 1.909999966621399 1.9900000095367432 15200
1.899999976158142 2.049999952316284 1.5099999904632568 1.5499999523162842 136100
1.600000023841858 1.850000023841858 1.5299999713897705 1.8200000524520874 61500
1.7599999904632568 1.8899999856948853 1.7000000476837158 1.8300000429153442 42000
1.940000057220459 1.940000057220459 1.7799999713897705 1.840000033378601 31700
1.7999999523162842 1.8799999952316284 1.7999999523162842 1.847000002861023 13500
1.9299999475479126 1.9700000286102295 1.7599999904632568 1.909999966621399 56200
2.0 2.25 1.9429999589920044 2.109999895095825 136900
2.390000104904175 2.450000047683716 2.130000114440918 2.3499999046325684 228300
2.4000000953674316 2.4000000953674316 2.11899995803833 2.200000047683716 61700
2.200000047683716 2.2760000228881836 2.0299999713897705 2.130000114440918 49700
2.130000114440918 2.3299999237060547 2.0899999141693115 2.109999895095825 27400
2.009999990463257 2.069999933242798 1.809999942779541 1.9199999570846558 33000
1.9299999475479126 1.940000057220459 1.8799999952316284 1.9199999570846558 31400
1.899999976158142 1.899999976158142 1.7599999904632568 1.7799999713897705 47400
2.069999933242798 2.2360000610351562 1.6679999828338623 1.850000023841858 233000
1.8700000047683716 1.9900000095367432 1.6200000047683716 1.9900000095367432 64400
1.9800000190734863 1.9800000190734863 1.8600000143051147 1.9600000381469727 19700
2.069999933242798 2.069999933242798 1.7999999523162842 1.8700000047683716 46900
1.7999999523162842 1.850000023841858 1.7200000286102295 1.8200000524520874 45000
1.850000023841858 1.850000023841858 1.2799999713897705 1.309999942779541 502500
1.3600000143051147 1.399999976158142 1.0199999809265137 1.0800000429153442 534500
1.1200000047683716 1.1299999952316284 0.8600000143051147 0.9559999704360962 370200
0.968999981880188 0.968999981880188 0.8849999904632568 0.9290000200271606 102800
0.9290000200271606 0.9309999942779541 0.6499999761581421 0.6499999761581421 440800
0.7480000257492065 0.8799999952316284 0.6800000071525574 0.7699999809265137 555700
0.8999999761581421 1.090000033378601 0.7699999809265137 0.7820000052452087 916500
0.8100000023841858 1.0 0.75 0.8399999737739563 327400
0.8399999737739563 0.8899999856948853 0.75 0.7900000214576721 150400
0.7649999856948853 0.8399999737739563 0.718999981880188 0.8059999942779541 111500
0.7910000085830688 0.8299999833106995 0.7799999713897705 0.800000011920929 118900
0.8199999928474426 0.8199999928474426 0.7319999933242798 0.7599999904632568 335300
0.7599999904632568 0.7979999780654907 0.7269999980926514 0.7599999904632568 75600
0.7250000238418579 0.7599999904632568 0.6800000071525574 0.7170000076293945 160200
0.6800000071525574 0.7400000095367432 0.6100000143051147 0.6200000047683716 293900
0.6399999856948853 0.7549999952316284 0.6340000033378601 0.7400000095367432 148200
0.8199999928474426 1.0499999523162842 0.7770000100135803 1.0199999809265137 228200
1.0199999809265137 1.340000033378601 1.0099999904632568 1.2999999523162842 292400
1.2999999523162842 1.6200000047683716 1.2790000438690186 1.4299999475479126 399400
1.6100000143051147 1.625 1.059999942779541 1.100000023841858 216900
1.059999942779541 1.2400000095367432 0.9769999980926514 1.059999942779541 346100
1.1100000143051147 1.4199999570846558 1.027999997138977 1.0499999523162842 179000
1.0499999523162842 1.190000057220459 1.0 1.090000033378601 159600
1.0800000429153442 1.1200000047683716 1.0 1.090000033378601 86200
1.100000023841858 1.100000023841858 1.0 1.090000033378601 52000
1.0700000524520874 1.1990000009536743 1.0399999618530273 1.1200000047683716 134600
1.149999976158142 1.187000036239624 1.100000023841858 1.1699999570846558 145000
1.1699999570846558 1.190000057220459 1.0299999713897705 1.059999942779541 156600
1.090000033378601 1.1100000143051147 1.0299999713897705 1.100000023841858 45900
1.100000023841858 1.1299999952316284 0.9900000095367432 1.0399999618530273 407400
1.0099999904632568 1.0800000429153442 1.0 1.059999942779541 73900
1.090000033378601 1.090000033378601 1.0 1.0299999713897705 65500
1.0299999713897705 1.0429999828338623 0.9980000257492065 1.0 55400
1.059999942779541 1.0700000524520874 0.8999999761581421 0.9200000166893005 119700
0.9599999785423279 1.0299999713897705 0.9419999718666077 0.949999988079071 98200
1.0 1.0199999809265137 0.9599999785423279 0.9800000190734863 76300
0.9800000190734863 1.0299999713897705 0.9800000190734863 1.0199999809265137 90400
1.0199999809265137 1.0499999523162842 0.9800000190734863 0.9900000095367432 72600
1.0399999618530273 1.0499999523162842 0.9599999785423279 1.0199999809265137 98600
1.0499999523162842 1.159999966621399 0.9900000095367432 1.090000033378601 205800
1.1100000143051147 1.1299999952316284 1.0 1.0299999713897705 168700
1.100000023841858 1.100000023841858 0.9929999709129333 1.0 199200
1.0099999904632568 1.0399999618530273 0.949999988079071 0.9800000190734863 134200
0.9879999756813049 1.0299999713897705 0.9399999976158142 0.9599999785423279 77200
0.9549999833106995 0.9980000257492065 0.8999999761581421 0.9100000262260437 103700
0.9800000190734863 1.0 0.9100000262260437 0.9700000286102295 86500
0.949999988079071 0.9700000286102295 0.9010000228881836 0.9120000004768372 98800
0.9200000166893005 0.949999988079071 0.8899999856948853 0.9300000071525574 94400
0.9380000233650208 0.949999988079071 0.8399999737739563 0.8700000047683716 135800
0.8799999952316284 0.9300000071525574 0.8040000200271606 0.8679999709129333 177700
0.8999999761581421 0.9200000166893005 0.800000011920929 0.8100000023841858 140800
0.8199999928474426 0.8709999918937683 0.7400000095367432 0.7950000166893005 105700
0.8199999928474426 0.8199999928474426 0.75 0.7950000166893005 111600
0.8199999928474426 0.8550000190734863 0.7770000100135803 0.8529999852180481 114200
0.8899999856948853 0.8899999856948853 0.800000011920929 0.824999988079071 61000
0.8700000047683716 0.8700000047683716 0.8309999704360962 0.8700000047683716 60000
0.8999999761581421 0.8999999761581421 0.8009999990463257 0.8600000143051147 98400
0.8820000290870667 0.8820000290870667 0.8349999785423279 0.8489999771118164 35700
0.8899999856948853 0.8999999761581421 0.8379999995231628 0.8500000238418579 56800
0.8700000047683716 0.8799999952316284 0.800000011920929 0.8140000104904175 66100
0.8100000023841858 0.8600000143051147 0.800000011920929 0.8199999928474426 92800
0.8199999928474426 0.8299999833106995 0.7609999775886536 0.8149999976158142 46400
0.8399999737739563 0.8460000157356262 0.7509999871253967 0.7689999938011169 74900
0.800000011920929 0.800000011920929 0.7300000190734863 0.7850000262260437 72900
0.7799999713897705 0.7799999713897705 0.6100000143051147 0.625 306900
0.6800000071525574 0.6990000009536743 0.6399999856948853 0.6880000233650208 150800
0.6919999718666077 0.7200000286102295 0.6399999856948853 0.699999988079071 84300
0.7350000143051147 0.7350000143051147 0.699999988079071 0.7099999785423279 63100
0.7200000286102295 0.7200000286102295 0.6600000262260437 0.6800000071525574 45900
0.6800000071525574 0.7200000286102295 0.6200000047683716 0.6499999761581421 92600
0.6600000262260437 0.699999988079071 0.6499999761581421 0.675000011920929 51900
0.6899999976158142 0.6940000057220459 0.6549999713897705 0.6940000057220459 68700
0.6899999976158142 0.7200000286102295 0.6700000166893005 0.6949999928474426 57600
0.6990000009536743 0.7300000190734863 0.6800000071525574 0.6899999976158142 34700
0.7099999785423279 0.7099999785423279 0.6150000095367432 0.6439999938011169 61600
0.6800000071525574 0.6899999976158142 0.5989999771118164 0.6150000095367432 97000
0.6449999809265137 0.6769999861717224 0.6150000095367432 0.6449999809265137 97400
0.6899999976158142 0.6899999976158142 0.625 0.6800000071525574 100700
0.6899999976158142 0.7200000286102295 0.6600000262260437 0.7099999785423279 85200
0.7120000123977661 0.7400000095367432 0.6399999856948853 0.6869999766349792 84600
0.699999988079071 0.7089999914169312 0.6259999871253967 0.6269999742507935 51600
0.6499999761581421 0.6869999766349792 0.6200000047683716 0.6200000047683716 65200
0.6700000166893005 0.675000011920929 0.6100000143051147 0.6100000143051147 48900
0.7070000171661377 0.7070000171661377 0.6200000047683716 0.6320000290870667 47600
0.6859999895095825 0.6859999895095825 0.6499999761581421 0.6510000228881836 77600
0.6600000262260437 0.6769999861717224 0.6200000047683716 0.6200000047683716 68400
0.6299999952316284 0.6470000147819519 0.6119999885559082 0.6119999885559082 44300
0.6200000047683716 0.6399999856948853 0.6000000238418579 0.6320000290870667 47500
0.625 0.6600000262260437 0.5569999814033508 0.6159999966621399 232400
0.6399999856948853 0.6399999856948853 0.5699999928474426 0.6000000238418579 24600
0.6000000238418579 0.6399999856948853 0.6000000238418579 0.6380000114440918 104500
0.6700000166893005 0.7720000147819519 0.6299999952316284 0.7300000190734863 232100
0.8299999833106995 0.8399999737739563 0.7699999809265137 0.800000011920929 498500
0.8790000081062317 0.9800000190734863 0.800000011920929 0.8999999761581421 2116900
0.9399999976158142 0.9700000286102295 0.7630000114440918 0.8399999737739563 627100
0.968999981880188 0.968999981880188 0.800000011920929 0.8309999704360962 302400
0.8700000047683716 0.8899999856948853 0.7160000205039978 0.746999979019165 420100
0.7599999904632568 0.7910000085830688 0.7200000286102295 0.746999979019165 175700
0.7950000166893005 0.7950000166893005 0.7099999785423279 0.7350000143051147 141200
0.7300000190734863 0.7400000095367432 0.6830000281333923 0.7200000286102295 309800
0.7300000190734863 0.7379999756813049 0.6830000281333923 0.699999988079071 226100
0.7099999785423279 0.7099999785423279 0.6290000081062317 0.6700000166893005 230800
0.6850000023841858 0.7350000143051147 0.6800000071525574 0.7350000143051147 128100
0.7799999713897705 0.800000011920929 0.7129999995231628 0.75 218500
0.7900000214576721 0.7900000214576721 0.7200000286102295 0.7760000228881836 103900
0.7900000214576721 0.8199999928474426 0.7599999904632568 0.8199999928474426 91700
0.8199999928474426 0.8999999761581421 0.8199999928474426 0.8399999737739563 292200
0.7799999713897705 0.8360000252723694 0.7200000286102295 0.7599999904632568 219000
0.7799999713897705 0.8299999833106995 0.75 0.765999972820282 64500
0.8100000023841858 0.8100000023841858 0.7590000033378601 0.8029999732971191 42200
0.800000011920929 0.800000011920929 0.7649999856948853 0.800000011920929 57200
0.8659999966621399 0.8659999966621399 0.7799999713897705 0.8209999799728394 237600
0.8199999928474426 0.8899999856948853 0.800000011920929 0.8730000257492065 104200
0.8999999761581421 0.8999999761581421 0.8500000238418579 0.8799999952316284 72800
0.8899999856948853 0.8999999761581421 0.8650000095367432 0.8650000095367432 52400
0.8999999761581421 0.8999999761581421 0.800000011920929 0.8399999737739563 63100
0.8500000238418579 0.8550000190734863 0.7699999809265137 0.8190000057220459 73100
0.8100000023841858 0.8600000143051147 0.800000011920929 0.8370000123977661 68700
0.8399999737739563 0.8600000143051147 0.7300000190734863 0.7799999713897705 236800
0.7900000214576721 0.8199999928474426 0.7799999713897705 0.8149999976158142 65200
0.8600000143051147 0.8980000019073486 0.8169999718666077 0.8399999737739563 171900
0.8700000047683716 0.8899999856948853 0.8299999833106995 0.8619999885559082 125400
0.8899999856948853 0.8899999856948853 0.8500000238418579 0.8700000047683716 127600
0.8799999952316284 0.8999999761581421 0.8399999737739563 0.8640000224113464 69100
0.8799999952316284 0.8899999856948853 0.8410000205039978 0.8899999856948853 122500
0.8999999761581421 0.8999999761581421 0.8140000104904175 0.8600000143051147 158400
0.875 0.8799999952316284 0.8209999799728394 0.8700000047683716 115000
0.8799999952316284 0.8799999952316284 0.800000011920929 0.8149999976158142 187200
0.8809999823570251 0.8899999856948853 0.7900000214576721 0.7900000214576721 226000
0.8500000238418579 0.8600000143051147 0.7950000166893005 0.800000011920929 124000
0.8199999928474426 0.8199999928474426 0.7509999871253967 0.7929999828338623 200000
0.8199999928474426 0.8379999995231628 0.753000020980835 0.7720000147819519 142200
0.8100000023841858 0.8100000023841858 0.7300000190734863 0.7699999809265137 155800
0.7620000243186951 0.8799999952316284 0.75 0.8199999928474426 435000
0.8799999952316284 0.8999999761581421 0.8199999928474426 0.8799999952316284 786500
0.9300000071525574 0.9300000071525574 0.8399999737739563 0.8799999952316284 500100
0.9300000071525574 0.9300000071525574 0.800000011920929 0.8199999928474426 374900
0.800000011920929 0.8349999785423279 0.7400000095367432 0.7649999856948853 425000
0.7799999713897705 0.8399999737739563 0.75 0.8040000200271606 276600
0.8399999737739563 0.8399999737739563 0.7950000166893005 0.8299999833106995 148500
0.8309999704360962 0.8399999737739563 0.800000011920929 0.8399999737739563 150200
0.8600000143051147 0.8700000047683716 0.7950000166893005 0.8199999928474426 198200
0.8399999737739563 0.8500000238418579 0.7799999713897705 0.7990000247955322 220500
0.8199999928474426 0.8199999928474426 0.7599999904632568 0.8090000152587891 183600
0.800000011920929 0.8399999737739563 0.7400000095367432 0.7870000004768372 258300
0.8199999928474426 0.8370000123977661 0.7900000214576721 0.8100000023841858 301800
0.800000011920929 0.828000009059906 0.6330000162124634 0.6800000071525574 629100
0.7289999723434448 0.7799999713897705 0.703000009059906 0.7680000066757202 464200
0.7599999904632568 0.7799999713897705 0.7400000095367432 0.7609999775886536 92500
0.75 0.7799999713897705 0.7400000095367432 0.7649999856948853 102000
0.7599999904632568 0.7900000214576721 0.7310000061988831 0.7889999747276306 238900
0.7900000214576721 0.7900000214576721 0.7509999871253967 0.7599999904632568 65300
0.7799999713897705 0.800000011920929 0.675000011920929 0.7789999842643738 351200
0.777999997138977 0.8299999833106995 0.7699999809265137 0.8190000057220459 369400
0.828000009059906 0.8399999737739563 0.800000011920929 0.8399999737739563 215600
0.9700000286102295 1.13100004196167 0.9100000262260437 1.0199999809265137 4678400
1.0800000429153442 1.4299999475479126 0.9710000157356262 1.1200000047683716 4824300
1.1200000047683716 1.2350000143051147 1.1100000143051147 1.149999976158142 1210300
1.149999976158142 1.2100000381469727 1.090000033378601 1.149999976158142 686000
1.149999976158142 1.1799999475479126 1.059999942779541 1.1699999570846558 646800
1.190000057220459 1.6200000047683716 1.1699999570846558 1.6200000047683716 1809700
1.649999976158142 1.7599999904632568 1.4500000476837158 1.5 1015900
1.5 1.649999976158142 1.3700000047683716 1.409999966621399 744200
1.4600000381469727 1.496999979019165 1.2599999904632568 1.2899999618530273 403100
1.2799999713897705 1.4600000381469727 1.2799999713897705 1.3899999856948853 396800
1.4600000381469727 1.4600000381469727 1.3300000429153442 1.409999966621399 253600
1.4199999570846558 1.4199999570846558 1.3200000524520874 1.3899999856948853 206500
1.409999966621399 1.4190000295639038 1.2000000476837158 1.2400000095367432 458900
1.25 1.350000023841858 1.0499999523162842 1.090000033378601 438300
1.090000033378601 1.2300000190734863 1.0700000524520874 1.1699999570846558 205700
1.2899999618530273 1.2899999618530273 1.1699999570846558 1.2300000190734863 213100
1.2300000190734863 1.246000051498413 1.100000023841858 1.1699999570846558 271500
1.100000023841858 1.190000057220459 1.059999942779541 1.100000023841858 150800
1.1200000047683716 1.1749999523162842 1.100000023841858 1.1399999856948853 140000
1.1399999856948853 1.1699999570846558 1.1100000143051147 1.149999976158142 126200
1.159999966621399 1.1799999475479126 1.100000023841858 1.1200000047683716 196100
1.1200000047683716 1.1399999856948853 1.0700000524520874 1.1200000047683716 118000
1.1200000047683716 1.1399999856948853 1.1100000143051147 1.1200000047683716 55700
1.1299999952316284 1.1699999570846558 1.1200000047683716 1.159999966621399 65500
1.1699999570846558 1.1699999570846558 1.100000023841858 1.1200000047683716 139000
1.1200000047683716 1.149999976158142 1.100000023841858 1.1200000047683716 51600
1.1699999570846558 1.1699999570846558 1.090000033378601 1.1200000047683716 121700
1.1200000047683716 1.1200000047683716 1.0 1.0499999523162842 178600
1.0499999523162842 1.090000033378601 0.8600000143051147 0.9200000166893005 463700
0.9110000133514404 1.0 0.8999999761581421 0.9599999785423279 156400
0.9610000252723694 1.0499999523162842 0.9559999704360962 0.9900000095367432 132100
1.0399999618530273 1.0399999618530273 0.9330000281333923 0.9700000286102295 87200
0.9800000190734863 0.9800000190734863 0.9200000166893005 0.9700000286102295 88400
0.9900000095367432 0.9900000095367432 0.8999999761581421 0.9399999976158142 71600
0.949999988079071 1.0199999809265137 0.925000011920929 0.9300000071525574 189400
1.0499999523162842 1.059999942779541 0.9760000109672546 1.0299999713897705 201400
1.0199999809265137 1.0199999809265137 0.949999988079071 0.9900000095367432 92600
1.0199999809265137 1.0299999713897705 0.9900000095367432 1.0299999713897705 74000
1.0299999713897705 1.0700000524520874 1.0019999742507935 1.059999942779541 122300
1.0700000524520874 1.1399999856948853 1.0 1.0499999523162842 152100
1.0800000429153442 1.0800000429153442 0.9399999976158142 0.9900000095367432 88300
1.0299999713897705 1.0299999713897705 0.9399999976158142 0.9900000095367432 74700
0.984000027179718 0.9900000095367432 0.9300000071525574 0.9459999799728394 100500
0.9449999928474426 0.9900000095367432 0.9300000071525574 0.9300000071525574 50500
0.949999988079071 0.9679999947547913 0.8519999980926514 0.8999999761581421 128400
0.875 0.9129999876022339 0.8500000238418579 0.8899999856948853 133400
0.8899999856948853 0.9200000166893005 0.8309999704360962 0.8450000286102295 112300
0.8949999809265137 0.8949999809265137 0.8500000238418579 0.8880000114440918 43600
0.8899999856948853 0.9200000166893005 0.8560000061988831 0.8700000047683716 43300
0.8889999985694885 0.8970000147819519 0.8370000123977661 0.8790000081062317 57200
0.8500000238418579 0.8999999761581421 0.8100000023841858 0.8299999833106995 81200
0.8320000171661377 0.8880000114440918 0.7900000214576721 0.8009999990463257 108000
0.8100000023841858 0.8799999952316284 0.800000011920929 0.800000011920929 50000
0.800000011920929 0.8399999737739563 0.800000011920929 0.8190000057220459 45300
0.8100000023841858 0.8100000023841858 0.7599999904632568 0.7749999761581421 113700
0.7799999713897705 0.7889999747276306 0.75 0.7760000228881836 54900
0.7889999747276306 0.800000011920929 0.7300000190734863 0.7689999938011169 137100
0.7889999747276306 0.7889999747276306 0.699999988079071 0.7200000286102295 64400
0.7200000286102295 0.8159999847412109 0.7120000123977661 0.7300000190734863 67900
0.7699999809265137 0.7699999809265137 0.7200000286102295 0.7590000033378601 43400
0.7799999713897705 0.7799999713897705 0.7179999947547913 0.7559999823570251 58200
0.765999972820282 0.7670000195503235 0.7099999785423279 0.7480000257492065 41100
0.7210000157356262 0.7599999904632568 0.6800000071525574 0.6800000071525574 72600
0.699999988079071 0.7490000128746033 0.699999988079071 0.699999988079071 38000
0.6700000166893005 0.7279999852180481 0.6700000166893005 0.7089999914169312 32268
