25.04305887924912 25.134321212768555 24.974367404030943 25.134321212768555 3900
25.14118890403215 25.28151603409285 24.97730827331543 24.97730827331543 1200
25.21969366941516 25.21969366941516 25.113710403442383 25.113710403442383 1300
25.0136166286032 25.0136166286032 24.8566070217088 24.8723087310791 3500
24.67015793154856 24.822261810302734 24.56221499434765 24.822261810302734 7900
24.87623333821986 24.984176271617315 24.84188760417947 24.98025131225586 7800
24.8458133230873 25.003803704502918 24.817355963070202 24.98810386657715 3000
25.366890317506567 25.37081527709961 25.366890317506567 25.37081527709961 800
25.40613940420171 25.415952738115788 25.401233673095703 25.401233673095703 4100
25.51408629442557 25.523899629143077 25.464038848876953 25.464038848876953 700
25.366889745506164 25.366889745506164 25.060720443725586 25.060720443725586 3900
25.131372970010386 25.207914352416992 25.116652033622948 25.207914352416992 400
25.062682171238347 25.622029104558035 25.013615501480963 25.620065689086914 1000
25.62202963159794 25.62202963159794 25.574926376342773 25.574926376342773 3300
25.366888664845437 25.572963067821306 25.366888664845437 25.54058074951172 1500
25.200066088985373 25.200066088985373 25.003803145682138 25.038148880004883 900
24.827166993171666 24.827166993171666 24.63090592060519 24.745718002319336 600
24.778102952661982 24.78791628734651 24.7486629486084 24.7486629486084 1500
24.886047888137995 24.886047888137995 24.817356416701696 24.836000442504883 300
24.87623399113288 24.886047325645148 24.642681121826172 24.642681121826172 4100
24.871325266533265 25.013615802991726 24.871325266533265 25.010671615600586 500
25.631843541054213 25.631843541054213 25.09212138071945 25.13039207458496 5200
25.26875687369935 25.26875687369935 24.993989134852196 25.010671615600586 200
24.59165171454473 24.59165171454473 24.46604365925328 24.53866195678711 900
24.287447287879452 24.31688729173816 24.14025101199032 24.310998916625977 3000
24.34632506582067 24.34632506582067 24.17557716369629 24.17557716369629 600
24.189314827942532 24.25996971130371 24.189314827942532 24.25996971130371 800
24.572028714198087 24.572028714198087 24.562215379443746 24.56810188293457 1100
24.375764559345406 24.375764559345406 24.120623483432844 24.34239959716797 2200
24.503335012757663 24.56908416748047 24.503335012757663 24.56908416748047 2200
24.709411073705315 24.709411073705315 24.63286781311035 24.63286781311035 500
24.630905266764252 24.630905266764252 24.336510858176172 24.33847427368164 900
24.658911889606348 24.658911889606348 24.61947250366211 24.61947250366211 200
24.511018566908987 24.582006454467773 24.501158720176164 24.582006454467773 600
24.500172870502965 24.548484802246094 24.471578751306613 24.548484802246094 1000
24.742720319431054 24.81765365600586 24.742720319431054 24.81765365600586 1100
24.609612271070016 24.747648239135742 24.609612271070016 24.747648239135742 1600
25.0434373121056 25.27809715270996 24.944840724619954 25.27809715270996 1300
25.635015990487176 25.635015990487176 25.161754608154297 25.161754608154297 10400
25.19527660333023 25.31359100341797 25.13217396011975 25.31359100341797 1800
25.313589919767214 25.49007797241211 25.313589919767214 25.49007797241211 700
25.6350154876709 25.6350154876709 25.605435946640192 25.6350154876709 1000
25.48711997165821 25.95052146911621 25.388523388210672 25.95052146911621 2200
25.7829094535587 25.7829094535587 25.585718154907227 25.585718154907227 2300
25.575859560156623 25.635016764591217 25.102596282958984 25.102596282958984 2600
25.01386062624691 25.037522002814235 24.934983729301795 24.95075798034668 600
24.920191976239224 25.264293670654297 24.920191976239224 25.264293670654297 2600
25.436834940569724 25.49796485900879 25.436834940569724 25.49796485900879 1900
25.358944848254094 25.51669863575696 25.358944848254094 25.49993896484375 8600
25.398385424931863 25.572900772094727 25.296830690748425 25.572900772094727 1500
25.75333235419225 25.794742584228516 25.635016067964656 25.794742584228516 1600
25.80262758224168 25.80262758224168 25.75333023071289 25.75333023071289 1300
25.708962743697704 25.723751573548782 25.510784149169922 25.510784149169922 7500
25.602474891275634 25.849952697753906 25.602474891275634 25.849952697753906 9000
25.802630188698952 25.940664291381836 25.590648170679607 25.940664291381836 14700
26.035316177708676 26.04320330306569 25.863758977465626 25.9801025390625 4400
25.733611361462415 25.901224994827466 25.733611361462415 25.781923294067383 1800
25.64487380203207 25.694171153563495 25.615294262769165 25.67938232421875 16100
25.605434159317813 25.950521258294003 25.536417115637253 25.884462356567383 9800
25.83220712288363 25.85192493515215 25.65670448939318 25.67938232421875 9900
25.753330514286045 25.753330514286045 25.398383561535464 25.425004959106445 1300
25.57585524228509 25.699100494384766 25.57585524228509 25.699100494384766 6800
25.750373053868167 25.88347816467285 25.750373053868167 25.88347816467285 2000
25.782909160191732 25.901225442495196 25.782909160191732 25.84009552001953 4000
25.710934407966846 25.848968505859375 25.710934407966846 25.848968505859375 700
25.635013891828706 25.842065024433623 25.595574506242965 25.64093017578125 11800
25.496982526642245 25.595577239990234 25.452614153406206 25.595577239990234 39200
25.487119730914987 25.487119730914987 25.063155742496583 25.11738395690918 8300
25.186402919275036 25.211051596638555 25.033578110703555 25.043437957763672 57300
25.191331500871872 25.25049058228934 24.90540346298147 25.122314453125 28700
24.97441978595159 25.06512924648181 24.845258240017376 24.98427963256836 13200
25.25049083895044 25.25049083895044 24.99906944180437 25.015830993652344 1500
25.053297077669164 25.053297077669164 24.90540313720703 24.90540313720703 8400
24.894556412701487 24.964558875953273 24.837370056989485 24.889625549316406 3700
24.76736856669381 25.02371705558706 24.757508720109694 24.99512481689453 6400
25.29584503173828 25.29584503173828 25.29584503173828 25.29584503173828 400
25.319507235269434 25.329367082018614 25.217952506268983 25.250490188598633 13100
25.023717949524354 25.023717949524354 24.794976270665778 24.801877975463867 3500
24.796948337146745 24.796948337146745 24.644125403514828 24.75159454345703 2800
24.412420693004197 24.412420693004197 24.15607033318728 24.185649871826172 3900
24.081138218127837 24.081138218127837 23.75182723645297 23.825775146484375 4700
23.59407420461728 23.76168784288382 23.4570255279541 23.4570255279541 5500
23.820843127924487 23.820843127924487 23.5349151095177 23.76661491394043 4700
23.170108391850594 23.34758186340332 23.170108391850594 23.34758186340332 1100
23.1701093187298 23.62562370300293 23.12081196602572 23.62562370300293 4100
23.199690244247748 23.199690244247748 23.17011070251465 23.17011070251465 1100
23.19968813909985 23.495476007296674 23.19968813909985 23.48758888244629 4400
23.85042518175092 23.85042518175092 23.722249047803974 23.827747344970703 5500
23.949021032901275 23.949021032901275 23.355470657348633 23.355470657348633 3400
23.59407248039314 23.59407248039314 23.17010849219736 23.213491439819336 2000
23.281522962084786 23.34758186340332 23.281522962084786 23.34758186340332 800
23.663088981478975 23.663088981478975 23.62364959716797 23.62364959716797 300
23.719289561342542 23.732107550125527 23.64337081029072 23.677879333496094 1300
23.947148909565474 24.006546020507812 23.927349243184658 24.006546020507812 2300
24.085744857788086 24.085744857788086 24.085744857788086 24.085744857788086 400
24.22433832669678 24.362934112548828 24.22433832669678 24.362934112548828 7400
24.551025390625 24.640122007533094 24.51142794322154 24.551025390625 6500
24.65002209877447 24.65002209877447 24.224338677591817 24.30353546142578 5800
24.333234241129748 24.422330856323242 24.288685933533 24.422330856323242 500
24.422331032106722 24.422331032106722 24.39263153076172 24.39263153076172 400
24.432229971807573 24.541126251220703 24.432229971807573 24.541126251220703 1500
24.659921470223935 24.758917920209544 24.659921470223935 24.689620971679688 800
24.89751132034233 24.89751132034233 24.560924530029297 24.560924530029297 14200
24.640122618043275 24.748029488496822 24.63022278389706 24.72130012512207 800
24.73911776000352 24.73911776000352 24.610423699324755 24.726247787475586 3700
24.758917918114093 24.854944229125977 24.749018084296345 24.854944229125977 1400
24.798516596815052 24.902463912963867 24.798516596815052 24.902463912963867 1700
24.818315628715425 24.88761257890326 24.794556404622416 24.859893798828125 1700
24.739119346889748 24.739119346889748 24.62032511221242 24.6767520904541 5100
24.60844324652581 24.679720916460045 24.60844324652581 24.662891387939453 1800
24.689620480096348 24.73911776000352 24.679720646474877 24.726247787475586 1800
24.60052436213278 24.60052436213278 24.377782821655273 24.377782821655273 9400
24.36293506984103 24.36293506984103 24.075845541195697 24.105545043945312 6400
24.258985572940826 24.52132643647185 24.258985572940826 24.480737686157227 2100
24.68962109520044 24.731199264526367 24.68962109520044 24.731199264526367 3900
24.828214871103828 24.847025121820998 24.69952080785044 24.70842933654785 12900
24.68962141123858 24.68962141123858 24.056045252971014 24.26591682434082 3800
24.263936543774438 24.33323348940633 24.02634620666504 24.02634620666504 11900
23.96694902826734 23.96694902826734 23.70956089298162 23.729358673095703 2000
24.09564424207762 24.159992218017578 24.09564424207762 24.159992218017578 300
24.353035459063587 24.353035459063587 24.15108299255371 24.15108299255371 3900
24.056044662185553 24.095643997192383 24.056044662185553 24.095643997192383 1400
24.164941394601204 24.164941394601204 23.95506982448301 24.002588272094727 2800
23.798657480213624 23.838254928588867 23.798657480213624 23.838254928588867 600
23.828353881835938 23.828353881835938 23.74915710091543 23.828353881835938 2300
23.917451486196498 23.996648270394488 23.90854106909161 23.976848602294922 4600
23.75905892619553 23.75905892619553 23.610565185546875 23.610565185546875 3200
23.833304818642862 23.996647353723922 23.833304818642862 23.960018157958984 2400
23.957051286027273 24.086734771728516 23.90755211482042 24.086734771728516 900
24.026347419513648 24.03624725341797 24.019417724600647 24.03624725341797 900
24.036247058359148 24.06594467163086 24.036247058359148 24.06594467163086 1900
24.11049230681534 24.11049230681534 23.948139190673828 23.948139190673828 1400
23.838254960624482 23.838254960624482 23.729358673095703 23.729358673095703 500
23.561063588636408 23.58086325553883 23.511566309580513 23.57195472717285 2900
23.55116663137495 23.741238532291447 23.55116663137495 23.720449447631836 1300
23.620463535240674 23.689760483974034 23.59274475574733 23.664020538330078 4100
23.620463537843168 23.620463537843168 23.432370471117444 23.49869728088379 31200
23.501667832718244 23.679861068725586 23.46207038482787 23.679861068725586 1000
24.04614607706505 24.237207387610603 24.04614607706505 24.199588775634766 103900
24.313433151066743 24.313433151066743 24.09267234802246 24.09267234802246 11200
24.11544257936597 24.293635802476576 24.11544257936597 24.273836135864258 28400
24.402531483647234 24.600524383846494 24.402531483647234 24.580724716186523 3100
24.60052507911156 24.60052507911156 24.570825576782227 24.570825576782227 700
24.669820811660042 24.669820811660042 24.531226917366507 24.560924530029297 5900
24.590622968634744 24.640120246401352 24.551023635861362 24.630220413208008 12500
24.867813062405226 24.89553184054468 24.811384201049805 24.811384201049805 5200
24.976708378104266 24.976708378104266 24.67972091898159 24.681699752807617 9000
24.838114158707498 25.016307387139864 24.835144019806933 24.962848663330078 8600
25.03313823152174 25.05689745577517 24.976709365844727 24.976709365844727 12500
24.9371120993921 24.9371120993921 24.70941968931977 24.744070053100586 24100
24.70942004234701 24.739119545354757 24.570826138044847 24.665863037109375 18500
24.669820485097997 24.669820485097997 24.481727425189337 24.51142692565918 6600
24.432229922535278 24.432229922535278 24.30353397654291 24.33818244934082 17000
24.372834194846213 24.52528748381718 24.36788333376519 24.46489906311035 16100
24.531228097218918 24.69952150046966 24.531228097218918 24.67972183227539 10900
24.5723222079182 24.66182090601978 24.5723222079182 24.627016067504883 9400
24.771208235559968 24.880595953012737 24.751319214801025 24.85672950744629 11900
25.039704180040303 25.119258365892065 25.009870649075364 25.059593200683594 8000
25.099368591131196 25.22864532470703 25.099368591131196 25.22864532470703 1500
25.159033806884263 25.159033806884263 25.079479623257235 25.08942413330078 6700
24.8607073180062 24.8607073180062 24.681709921841122 24.79109764099121 9100
24.970094858330256 25.07948067997552 24.880596160888672 24.880596160888672 4000
24.968104319075593 24.99992561340332 24.95020495956133 24.99992561340332 4600
25.139147655743667 25.347976684570312 25.094398307177755 25.347976684570312 4000
25.49714118199162 25.49714118199162 25.44443698246033 25.457365036010742 4500
25.4573648571781 25.546863555908203 25.4573648571781 25.546863555908203 7500
25.62641758672577 25.62641758672577 25.298256325636956 25.30820083618164 8600
25.298255164263864 25.338031307895143 25.258477123911224 25.303226470947266 10000
25.39769923323085 25.541889892615547 25.39769923323085 25.51205825805664 5400
25.656248618067217 25.74574731414245 25.636361494167144 25.71591567993164 5900
25.815357613472372 25.865080166227695 25.765636957438495 25.825302124023438 8300
25.799447223770233 25.865079474274282 25.799447223770233 25.855134963989258 1500
25.93468999093505 26.0410941680433 25.93468999093505 25.98838996887207 9200
25.97446666368088 25.984409277042776 25.959548950195312 25.959548950195312 2000
25.984410262105396 26.09379798044672 25.984410262105396 26.05402183532715 2800
26.233016693311153 26.24296120352874 25.94463348388672 25.94463348388672 8100
26.183295565868505 26.183295565868505 26.044076218780475 26.07390785217285 1000
26.203185213412493 26.203185213412493 26.104735889384642 26.1455078125 3500
26.05402153904857 26.09379768371582 26.024188008007076 26.09379768371582 12200
26.02418734896523 26.02418734896523 25.8253009405014 25.87104606628418 16100
25.755691451776478 25.865079166890382 25.686081777329953 25.8193359375 7900
25.95457864629066 25.984410280971638 25.715916085235655 25.725860595703125 7600
25.914800402244442 25.944633933414107 25.894913278186085 25.941650390625 6000
25.785525037175752 25.8650792219585 25.611498953967548 25.844196319580078 14400
25.85513457961117 25.884968110022722 25.756685256958008 25.756685256958008 3200
25.994353673378296 25.994353673378296 25.745746612548828 25.745746612548828 1000
25.75569109059942 25.796463012695312 25.70597043718382 25.796463012695312 1200
25.825301202973716 25.825301202973716 25.710942180797215 25.755691528320312 3500
25.457363709072677 25.487195342823025 25.347975994064413 25.377809524536133 9000
25.457364062252314 25.457364062252314 25.19881248474121 25.19881248474121 2500
25.32808820068778 25.32808820068778 25.07948112487793 25.07948112487793 3400
25.109313679573283 25.159034334111606 25.059593025034964 25.149091720581055 7200
25.15903481794352 25.15903481794352 24.96015029924411 25.09539222717285 2700
25.01981521599736 25.01981521599736 24.920372009277344 24.920372009277344 8800
25.009870353954955 25.099369049072266 24.98003872006344 25.099369049072266 1400
25.099368540706646 25.099368540706646 24.913410186767578 24.913410186767578 1100
24.900485802031145 25.07948130465127 24.900485802031145 24.98998260498047 4400
25.1809139251709 25.1809139251709 25.1809139251709 25.1809139251709 3000
25.09936973199707 25.3976993560791 25.09936973199707 25.3976993560791 6600
25.41758618375007 25.457364225185476 25.41758618375007 25.437475204467773 11400
25.417586974813066 25.490180195642704 25.38178825378418 25.38178825378418 4700
25.5369178288578 25.5369178288578 25.51702880859375 25.51702880859375 500
25.395709412036084 25.395709412036084 25.26842233478739 25.273395538330078 5700
25.149092925083668 25.208758092731564 25.149092925083668 25.178924560546875 6000
25.11925942843736 25.16898008542737 25.10931491769506 25.12820816040039 2300
25.129203060691566 25.238588881589884 25.129203060691566 25.20975112915039 6900
25.407641069035513 25.407641069035513 25.23958396911621 25.23958396911621 5500
25.338032983875465 25.377811026859217 25.338032983875465 25.36786651611328 2800
25.367866344252928 25.367866344252928 25.293283462524414 25.293283462524414 4300
25.517028634634507 25.60652732849121 25.517028634634507 25.60652732849121 400
25.526974198809643 25.526974198809643 25.3976993560791 25.3976993560791 1400
25.477252839697776 25.477252839697776 25.414602235763766 25.42753028869629 4700
25.407640795763584 25.407640795763584 25.2554933962993 25.354936599731445 7300
25.526973604267994 25.526973604267994 25.27538299560547 25.27538299560547 36900
25.149092482519627 25.149092482519627 24.970095086004385 24.980039596557617 9500
25.00987169930777 25.00987169930777 24.85076332092285 24.85076332092285 6800
24.860706504731823 24.950205199886568 24.781152319785537 24.93528938293457 2200
24.850762359158043 24.850762359158043 24.612099800817294 24.6299991607666 4900
24.809999465942383 24.809999465942383 24.513999938964844 24.666000366210938 21100
24.760000228881836 24.770000457763672 24.760000228881836 24.770000457763672 1500
24.86199951171875 24.86199951171875 24.600000381469727 24.639999389648438 4000
24.510000228881836 24.510000228881836 24.229999542236328 24.329999923706055 10600
24.290000915527344 24.290000915527344 24.040000915527344 24.110000610351562 18400
24.049999237060547 24.09000015258789 23.860000610351562 24.077999114990234 15700
24.049999237060547 24.049999237060547 24.038000106811523 24.040000915527344 2800
23.989999771118164 24.239999771118164 23.989999771118164 24.190000534057617 3600
24.308000564575195 24.459999084472656 24.260000228881836 24.43400001525879 13000
24.68600082397461 24.68600082397461 24.60700035095215 24.60700035095215 4300
24.65999984741211 24.65999984741211 24.4950008392334 24.604000091552734 4800
24.45199966430664 24.46500015258789 24.360000610351562 24.3799991607666 4000
24.524999618530273 24.540000915527344 24.399999618530273 24.437000274658203 6800
24.649999618530273 24.739999771118164 24.649999618530273 24.719999313354492 6300
24.905000686645508 24.920000076293945 24.826000213623047 24.826000213623047 1000
24.65999984741211 24.674999237060547 24.549999237060547 24.56999969482422 3500
24.510000228881836 24.59000015258789 24.35099983215332 24.35099983215332 5100
24.229999542236328 24.229999542236328 24.089000701904297 24.089000701904297 700
23.980199813842773 24.059999465942383 23.979999542236328 24.046199798583984 9258
