9.84000015258789 9.84000015258789 9.84000015258789 9.84000015258789 670200
9.850000381469727 9.859999656677246 9.84000015258789 9.84000015258789 304900
9.800000190734863 9.859999656677246 9.800000190734863 9.850000381469727 202000
9.800000190734863 9.800000190734863 9.800000190734863 9.800000190734863 200
9.800000190734863 9.800000190734863 9.800000190734863 9.800000190734863 0
9.84000015258789 9.859999656677246 9.829999923706055 9.829999923706055 432800
9.829999923706055 9.829999923706055 9.819999694824219 9.829999923706055 101200
9.84000015258789 9.84000015258789 9.829999923706055 9.829999923706055 131900
9.800000190734863 9.84000015258789 9.800000190734863 9.84000015258789 21900
9.8100004196167 10.255999565124512 9.8100004196167 9.829999923706055 3700
9.829999923706055 9.850000381469727 9.829999923706055 9.829999923706055 51800
9.850000381469727 9.850000381469727 9.850000381469727 9.850000381469727 800
9.899999618530273 9.90999984741211 9.850000381469727 9.850000381469727 2200
10.039999961853027 10.039999961853027 9.850000381469727 9.854999542236328 17700
9.84000015258789 9.84000015258789 9.84000015258789 9.84000015258789 100
9.84000015258789 9.84000015258789 9.84000015258789 9.84000015258789 0
9.84000015258789 9.84000015258789 9.84000015258789 9.84000015258789 0
9.84000015258789 9.84000015258789 9.84000015258789 9.84000015258789 0
9.84000015258789 9.84000015258789 9.84000015258789 9.84000015258789 0
9.850000381469727 9.850000381469727 9.829999923706055 9.850000381469727 20100
9.850000381469727 9.850000381469727 9.850000381469727 9.850000381469727 1100
9.850000381469727 9.850000381469727 9.850000381469727 9.850000381469727 16900
9.850000381469727 9.850000381469727 9.850000381469727 9.850000381469727 0
9.850000381469727 9.850000381469727 9.850000381469727 9.850000381469727 0
9.850000381469727 9.850000381469727 9.850000381469727 9.850000381469727 0
9.850000381469727 9.850000381469727 9.850000381469727 9.850000381469727 1000
9.850000381469727 9.850000381469727 9.850000381469727 9.850000381469727 0
9.84000015258789 9.854999542236328 9.84000015258789 9.850000381469727 20500
9.850000381469727 9.850000381469727 9.850000381469727 9.850000381469727 247500
9.819999694824219 9.859999656677246 9.819999694824219 9.859999656677246 1400
9.829999923706055 9.829999923706055 9.829999923706055 9.829999923706055 400
9.829999923706055 9.829999923706055 9.829999923706055 9.829999923706055 5500
9.850000381469727 9.850000381469727 9.850000381469727 9.850000381469727 200
9.850000381469727 9.850000381469727 9.850000381469727 9.850000381469727 200
9.850000381469727 9.850000381469727 9.850000381469727 9.850000381469727 1000
9.859999656677246 9.869999885559082 9.850000381469727 9.850000381469727 1400
9.869999885559082 9.869999885559082 9.869999885559082 9.869999885559082 70100
9.880000114440918 9.880000114440918 9.869999885559082 9.869999885559082 378300
9.859999656677246 9.859999656677246 9.859999656677246 9.859999656677246 700
9.869999885559082 9.890000343322754 9.859999656677246 9.859999656677246 7700
9.859999656677246 9.859999656677246 9.859999656677246 9.859999656677246 0
9.859999656677246 9.859999656677246 9.859999656677246 9.859999656677246 0
9.859999656677246 9.859999656677246 9.859999656677246 9.859999656677246 0
9.859999656677246 9.859999656677246 9.859999656677246 9.859999656677246 800
9.859999656677246 9.859999656677246 9.859999656677246 9.859999656677246 0
9.859999656677246 9.859999656677246 9.859999656677246 9.859999656677246 0
9.869999885559082 9.880000114440918 9.869999885559082 9.880000114440918 1400
9.880000114440918 9.880000114440918 9.880000114440918 9.880000114440918 0
9.880000114440918 9.880000114440918 9.880000114440918 9.880000114440918 0
9.880000114440918 9.880000114440918 9.880000114440918 9.880000114440918 0
9.880000114440918 9.880000114440918 9.880000114440918 9.880000114440918 0
9.869999885559082 9.890000343322754 9.850000381469727 9.880000114440918 56800
9.880000114440918 9.880000114440918 9.880000114440918 9.880000114440918 0
9.880000114440918 9.880000114440918 9.880000114440918 9.880000114440918 0
9.880000114440918 9.880000114440918 9.869999885559082 9.869999885559082 1000
9.869999885559082 9.869999885559082 9.869999885559082 9.869999885559082 0
9.869999885559082 9.869999885559082 9.869999885559082 9.869999885559082 0
9.904999732971191 9.904999732971191 9.904999732971191 9.904999732971191 7400
9.930000305175781 9.930000305175781 9.930000305175781 9.930000305175781 1000
9.890000343322754 9.890000343322754 9.890000343322754 9.890000343322754 100
9.890000343322754 9.890000343322754 9.890000343322754 9.890000343322754 0
9.890000343322754 9.890000343322754 9.890000343322754 9.890000343322754 0
9.890000343322754 9.890000343322754 9.890000343322754 9.890000343322754 0
9.890000343322754 9.890000343322754 9.890000343322754 9.890000343322754 0
9.890000343322754 9.890000343322754 9.890000343322754 9.890000343322754 0
9.890000343322754 9.890000343322754 9.890000343322754 9.890000343322754 0
9.890000343322754 9.890000343322754 9.890000343322754 9.890000343322754 0
9.890000343322754 9.890000343322754 9.890000343322754 9.890000343322754 0
9.890000343322754 9.890000343322754 9.890000343322754 9.890000343322754 0
9.890000343322754 9.890000343322754 9.890000343322754 9.890000343322754 0
9.890000343322754 9.890000343322754 9.890000343322754 9.890000343322754 0
9.890000343322754 9.890000343322754 9.890000343322754 9.890000343322754 0
9.890000343322754 9.890000343322754 9.890000343322754 9.890000343322754 0
9.930000305175781 9.930000305175781 9.930000305175781 9.930000305175781 200
9.960000038146973 9.960000038146973 9.930000305175781 9.930000305175781 2000
9.949999809265137 9.960000038146973 9.949999809265137 9.960000038146973 809900
9.949999809265137 9.949999809265137 9.949999809265137 9.949999809265137 500
10.0 10.0 10.0 10.0 200
9.989999771118164 9.989999771118164 9.949999809265137 9.954999923706055 3200
9.954999923706055 9.954999923706055 9.9399995803833 9.9399995803833 1200
9.9399995803833 9.9399995803833 9.9399995803833 9.9399995803833 0
9.9399995803833 9.9399995803833 9.9399995803833 9.9399995803833 0
9.9399995803833 9.9399995803833 9.9399995803833 9.9399995803833 0
9.9399995803833 9.9399995803833 9.9399995803833 9.9399995803833 0
9.9399995803833 9.9399995803833 9.9399995803833 9.9399995803833 0
9.9399995803833 9.9399995803833 9.9399995803833 9.9399995803833 0
9.9399995803833 9.9399995803833 9.9399995803833 9.9399995803833 0
9.9399995803833 9.9399995803833 9.9399995803833 9.9399995803833 0
9.920000076293945 9.9399995803833 9.880000114440918 9.880000114440918 426400
9.880000114440918 9.880000114440918 9.880000114440918 9.880000114440918 0
9.960000038146973 9.960000038146973 9.960000038146973 9.960000038146973 200
9.960000038146973 9.960000038146973 9.960000038146973 9.960000038146973 0
9.960000038146973 9.960000038146973 9.960000038146973 9.960000038146973 0
9.970000267028809 9.970000267028809 9.920000076293945 9.920000076293945 300
9.920000076293945 9.920000076293945 9.920000076293945 9.920000076293945 0
9.920000076293945 9.920000076293945 9.920000076293945 9.920000076293945 0
9.904999732971191 9.920000076293945 9.904999732971191 9.920000076293945 400
9.880000114440918 9.880000114440918 9.880000114440918 9.880000114440918 208000
9.90999984741211 9.90999984741211 9.899999618530273 9.899999618530273 177200
9.989999771118164 9.989999771118164 9.9399995803833 9.9399995803833 300
9.9399995803833 9.9399995803833 9.9399995803833 9.9399995803833 0
9.9399995803833 9.9399995803833 9.9399995803833 9.9399995803833 0
9.9399995803833 9.9399995803833 9.9399995803833 9.9399995803833 0
9.920000076293945 9.920000076293945 9.920000076293945 9.920000076293945 93500
9.920000076293945 9.920000076293945 9.920000076293945 9.920000076293945 0
9.899999618530273 9.925000190734863 9.899999618530273 9.925000190734863 47100
9.925000190734863 9.925000190734863 9.925000190734863 9.925000190734863 0
9.920000076293945 9.920000076293945 9.920000076293945 9.920000076293945 16700
9.920000076293945 9.920000076293945 9.920000076293945 9.920000076293945 500
9.920000076293945 9.920000076293945 9.920000076293945 9.920000076293945 0
9.920000076293945 9.920000076293945 9.920000076293945 9.920000076293945 0
9.920000076293945 9.920000076293945 9.920000076293945 9.920000076293945 0
9.920000076293945 9.920000076293945 9.920000076293945 9.920000076293945 0
9.890000343322754 9.890000343322754 9.890000343322754 9.890000343322754 100
9.920000076293945 9.920000076293945 9.920000076293945 9.920000076293945 200000
9.920000076293945 9.920000076293945 9.920000076293945 9.920000076293945 50000
9.920000076293945 9.9350004196167 9.890000343322754 9.920000076293945 31800
9.920000076293945 9.920000076293945 9.920000076293945 9.920000076293945 0
9.920000076293945 9.9399995803833 9.920000076293945 9.920000076293945 396200
9.9399995803833 9.9399995803833 9.930000305175781 9.930000305175781 330900
9.930000305175781 9.9399995803833 9.930000305175781 9.930000305175781 34700
9.9399995803833 9.9399995803833 9.930000305175781 9.930000305175781 500900
9.930000305175781 9.930000305175781 9.930000305175781 9.930000305175781 1600
9.930000305175781 9.930000305175781 9.930000305175781 9.930000305175781 1400
9.930000305175781 9.930000305175781 9.930000305175781 9.930000305175781 0
9.930000305175781 9.930000305175781 9.930000305175781 9.930000305175781 0
9.930000305175781 9.930000305175781 9.930000305175781 9.930000305175781 0
9.9399995803833 9.9399995803833 9.9399995803833 9.9399995803833 52300
9.9399995803833 9.9399995803833 9.9399995803833 9.9399995803833 11600
9.9399995803833 9.9399995803833 9.9399995803833 9.9399995803833 0
9.9399995803833 9.9399995803833 9.9399995803833 9.9399995803833 0
9.9399995803833 9.9399995803833 9.9399995803833 9.9399995803833 0
9.9399995803833 9.9399995803833 9.9399995803833 9.9399995803833 0
9.970000267028809 9.989999771118164 9.970000267028809 9.989999771118164 500
9.960000038146973 9.960000038146973 9.960000038146973 9.960000038146973 400000
9.960000038146973 9.960000038146973 9.960000038146973 9.960000038146973 2500
9.960000038146973 9.960000038146973 9.960000038146973 9.960000038146973 0
9.979999542236328 9.979999542236328 9.979999542236328 9.979999542236328 300
9.979999542236328 9.979999542236328 9.979999542236328 9.979999542236328 300
9.979999542236328 9.979999542236328 9.979999542236328 9.979999542236328 7200
9.979999542236328 9.979999542236328 9.979999542236328 9.979999542236328 0
9.979999542236328 9.979999542236328 9.979999542236328 9.979999542236328 0
9.979999542236328 9.979999542236328 9.979999542236328 9.979999542236328 0
9.979999542236328 9.979999542236328 9.979999542236328 9.979999542236328 0
9.979999542236328 9.979999542236328 9.979999542236328 9.979999542236328 0
9.979999542236328 9.979999542236328 9.979999542236328 9.979999542236328 0
9.979999542236328 9.979999542236328 9.979999542236328 9.979999542236328 0
9.979999542236328 9.979999542236328 9.979999542236328 9.979999542236328 0
9.979999542236328 9.979999542236328 9.979999542236328 9.979999542236328 84800
9.979999542236328 9.979999542236328 9.970000267028809 9.970000267028809 506800
9.970000267028809 9.970000267028809 9.970000267028809 9.970000267028809 0
9.970000267028809 9.970000267028809 9.970000267028809 9.970000267028809 0
9.970000267028809 9.970000267028809 9.970000267028809 9.970000267028809 0
9.970000267028809 9.970000267028809 9.970000267028809 9.970000267028809 0
9.970000267028809 9.970000267028809 9.970000267028809 9.970000267028809 0
9.970000267028809 9.970000267028809 9.970000267028809 9.970000267028809 0
9.949999809265137 9.949999809265137 9.9399995803833 9.949999809265137 341300
9.960000038146973 9.960000038146973 9.949999809265137 9.960000038146973 186800
9.960000038146973 9.960000038146973 9.960000038146973 9.960000038146973 0
9.949999809265137 9.960000038146973 9.949999809265137 9.949999809265137 14200
10.0 10.0 10.0 10.0 100
10.0 10.0 10.0 10.0 100
10.0 10.0 10.0 10.0 0
10.0 10.0 10.0 10.0 0
10.0 10.0 10.0 10.0 0
10.0 10.0 10.0 10.0 0
10.0 10.0 10.0 10.0 0
10.0 10.0 10.0 10.0 0
9.970000267028809 9.970000267028809 9.949999809265137 9.949999809265137 5000
9.970000267028809 9.970000267028809 9.970000267028809 9.970000267028809 100
9.970000267028809 9.970000267028809 9.970000267028809 9.970000267028809 0
9.970000267028809 9.970000267028809 9.970000267028809 9.970000267028809 0
9.989999771118164 10.0 9.9399995803833 9.989999771118164 25500
9.989999771118164 9.989999771118164 9.989999771118164 9.989999771118164 0
10.0 10.010000228881836 10.0 10.0 131800
10.0 10.005000114440918 10.0 10.0 69700
10.0 10.005000114440918 10.0 10.0 82000
10.0 10.010000228881836 10.0 10.0 24300
10.0 10.045000076293945 10.0 10.029999732971191 659000
10.020000457763672 10.029999732971191 10.020000457763672 10.029999732971191 54200
10.029999732971191 10.029999732971191 10.029999732971191 10.029999732971191 0
10.029999732971191 10.029999732971191 10.029999732971191 10.029999732971191 0
10.029999732971191 10.029999732971191 10.029999732971191 10.029999732971191 0
10.029999732971191 10.029999732971191 10.029999732971191 10.029999732971191 0
10.050000190734863 10.0600004196167 10.0 10.0 6800
10.0 10.0 10.0 10.0 0
9.979999542236328 9.979999542236328 9.979999542236328 9.979999542236328 220000
9.979999542236328 9.979999542236328 9.979999542236328 9.979999542236328 0
9.979999542236328 9.979999542236328 9.979999542236328 9.979999542236328 0
9.989999771118164 10.010000228881836 9.989999771118164 10.010000228881836 300
10.010000228881836 10.010000228881836 10.010000228881836 10.010000228881836 0
10.010000228881836 10.010000228881836 10.010000228881836 10.010000228881836 0
10.010000228881836 10.010000228881836 10.010000228881836 10.010000228881836 0
10.020000457763672 10.020000457763672 10.020000457763672 10.020000457763672 166000
10.0 10.0 10.0 10.0 100
10.0 10.0 10.0 10.0 0
10.0 10.0 10.0 10.0 0
10.0 10.010000228881836 9.975000381469727 10.0 178300
10.020000457763672 10.020000457763672 10.020000457763672 10.020000457763672 103000
10.029999732971191 10.029999732971191 10.010000228881836 10.020000457763672 210600
10.020000457763672 10.020000457763672 10.020000457763672 10.020000457763672 0
10.020000457763672 10.020000457763672 10.020000457763672 10.020000457763672 0
10.020000457763672 10.020000457763672 10.020000457763672 10.020000457763672 0
10.020000457763672 10.020000457763672 10.020000457763672 10.020000457763672 0
10.09000015258789 10.114999771118164 10.0600004196167 10.100000381469727 849500
10.109999656677246 10.109999656677246 10.109999656677246 10.109999656677246 10100
10.109999656677246 10.109999656677246 10.109999656677246 10.109999656677246 9900
10.09000015258789 10.09000015258789 10.09000015258789 10.09000015258789 312100
10.119999885559082 10.119999885559082 10.09000015258789 10.119999885559082 19900
10.119999885559082 10.119999885559082 10.020000457763672 10.119999885559082 40900
10.069999694824219 10.069999694824219 10.069999694824219 10.069999694824219 186000
10.069999694824219 10.079999923706055 10.069999694824219 10.079999923706055 6800
10.0600004196167 10.0600004196167 10.050000190734863 10.050000190734863 6600
10.050000190734863 10.050000190734863 10.050000190734863 10.050000190734863 0
10.050000190734863 10.050000190734863 10.050000190734863 10.050000190734863 0
10.050000190734863 10.050000190734863 10.050000190734863 10.050000190734863 0
10.050000190734863 10.050000190734863 10.050000190734863 10.050000190734863 100
10.069999694824219 10.069999694824219 10.069999694824219 10.069999694824219 100
10.109999656677246 10.109999656677246 10.109999656677246 10.109999656677246 100
10.109999656677246 10.109999656677246 10.109999656677246 10.109999656677246 400
10.109999656677246 10.109999656677246 10.069999694824219 10.069999694824219 5200
10.069999694824219 10.069999694824219 10.0600004196167 10.0600004196167 10000
10.0600004196167 10.0600004196167 10.0600004196167 10.0600004196167 0
10.050000190734863 10.069999694824219 10.050000190734863 10.0600004196167 126700
10.0600004196167 10.0600004196167 10.0600004196167 10.0600004196167 25000
10.0600004196167 10.0600004196167 10.0600004196167 10.0600004196167 0
10.0600004196167 10.0600004196167 10.0600004196167 10.0600004196167 0
10.100000381469727 10.100000381469727 10.100000381469727 10.100000381469727 900
10.100000381469727 10.100000381469727 10.100000381469727 10.100000381469727 0
10.100000381469727 10.100000381469727 10.100000381469727 10.100000381469727 0
10.100000381469727 10.100000381469727 10.100000381469727 10.100000381469727 0
10.100000381469727 10.100000381469727 10.100000381469727 10.100000381469727 0
10.109999656677246 10.137999534606934 10.109999656677246 10.137999534606934 74200
10.137999534606934 10.137999534606934 10.137999534606934 10.137999534606934 0
10.149999618530273 10.149999618530273 10.109999656677246 10.109999656677246 3000
10.109999656677246 10.109999656677246 10.109999656677246 10.109999656677246 20000
10.109999656677246 10.109999656677246 10.109999656677246 10.109999656677246 0
10.109999656677246 10.109999656677246 10.109999656677246 10.109999656677246 0
10.109999656677246 10.109999656677246 10.109999656677246 10.109999656677246 34000
10.109999656677246 10.109999656677246 10.109999656677246 10.109999656677246 0
10.149999618530273 10.149999618530273 10.140000343322754 10.149999618530273 2400
10.170000076293945 10.199999809265137 10.170000076293945 10.199999809265137 300
10.199999809265137 10.199999809265137 10.199999809265137 10.199999809265137 0
10.199999809265137 10.199999809265137 10.199999809265137 10.199999809265137 0
10.25 10.25 10.25 10.25 100
10.25 10.25 10.25 10.25 0
10.25 10.25 10.25 10.25 0
10.25 10.25 10.25 10.25 0
10.25 10.25 10.25 10.25 100
10.25 10.25 10.25 10.25 0
10.220000267028809 10.220000267028809 10.220000267028809 10.220000267028809 100
10.220000267028809 10.229999542236328 10.210000038146973 10.220000267028809 6000
10.220000267028809 10.220000267028809 10.220000267028809 10.220000267028809 0
10.229999542236328 10.239999771118164 10.229999542236328 10.239999771118164 900
10.229999542236328 10.25 10.229999542236328 10.229999542236328 91800
10.260000228881836 10.260000228881836 10.260000228881836 10.260000228881836 100
10.239999771118164 10.239999771118164 10.239999771118164 10.239999771118164 165100
10.239999771118164 10.239999771118164 10.239999771118164 10.239999771118164 50300
10.239999771118164 10.25 10.239999771118164 10.25 316000
10.25 10.25 10.25 10.25 557000
10.25 10.25 10.25 10.25 27000
10.25 10.25 10.25 10.25 0
10.25 10.25 10.25 10.25 0
10.25 10.25 10.25 10.25 0
10.25 10.25 10.25 10.25 0
10.25 10.25 10.25 10.25 0
10.25 10.25 10.25 10.25 3000
10.25 10.25 10.25 10.25 0
10.25 10.25 10.25 10.25 4400
10.258000373840332 10.258000373840332 10.258000373840332 10.258000373840332 1000
10.258000373840332 10.258000373840332 10.258000373840332 10.258000373840332 0
10.270000457763672 10.270000457763672 10.270000457763672 10.270000457763672 100
10.270000457763672 10.279999732971191 10.270000457763672 10.279999732971191 7500
10.270000457763672 10.270000457763672 10.270000457763672 10.270000457763672 100
10.289999961853027 10.289999961853027 10.270000457763672 10.270000457763672 12100
10.270000457763672 10.270000457763672 10.270000457763672 10.270000457763672 0
10.270000457763672 10.270000457763672 10.270000457763672 10.270000457763672 0
10.270000457763672 10.270000457763672 10.270000457763672 10.270000457763672 0
10.270000457763672 10.270000457763672 10.270000457763672 10.270000457763672 0
10.270000457763672 10.270000457763672 10.270000457763672 10.270000457763672 0
10.300000190734863 10.300000190734863 10.300000190734863 10.300000190734863 100
10.305000305175781 10.319999694824219 10.305000305175781 10.319999694824219 14400
10.319999694824219 10.319999694824219 10.319999694824219 10.319999694824219 142700
10.319999694824219 10.319999694824219 10.319999694824219 10.319999694824219 0
10.319999694824219 10.329999923706055 10.319999694824219 10.329999923706055 7500
10.329999923706055 10.34000015258789 10.319999694824219 10.329999923706055 113500
10.329999923706055 10.34000015258789 10.329999923706055 10.329999923706055 48400
10.329999923706055 10.34000015258789 10.329999923706055 10.329999923706055 700
10.329999923706055 10.34000015258789 10.329999923706055 10.34000015258789 128800
10.329999923706055 10.329999923706055 10.329999923706055 10.329999923706055 100
10.300000190734863 10.34000015258789 10.300000190734863 10.34000015258789 75200
10.329999923706055 10.329999923706055 10.329999923706055 10.329999923706055 75600
10.34000015258789 10.34000015258789 10.34000015258789 10.34000015258789 300
10.34000015258789 10.34000015258789 10.34000015258789 10.34000015258789 0
10.350000381469727 10.350000381469727 10.34000015258789 10.34000015258789 1522300
10.350000381469727 10.359999656677246 10.329999923706055 10.350000381469727 10200
10.369999885559082 10.369999885559082 10.350000381469727 10.350000381469727 75800
10.350000381469727 10.350000381469727 10.350000381469727 10.350000381469727 0
10.399999618530273 10.6850004196167 10.350000381469727 10.350000381469727 38400
10.380000114440918 10.383999824523926 10.380000114440918 10.383999824523926 300
10.390000343322754 10.390000343322754 10.380000114440918 10.380000114440918 472900
10.359999656677246 10.359999656677246 10.359999656677246 10.359999656677246 500
10.380000114440918 10.380000114440918 10.359999656677246 10.369999885559082 1500
10.369999885559082 10.390000343322754 10.359999656677246 10.380000114440918 1536400
10.359999656677246 10.420000076293945 10.359999656677246 10.399999618530273 1000
10.399999618530273 10.399999618530273 10.399999618530273 10.399999618530273 0
10.399999618530273 10.399999618530273 10.375 10.385000228881836 1839000
10.380000114440918 10.381999969482422 10.359999656677246 10.380000114440918 89800
10.380000114440918 10.399999618530273 10.380000114440918 10.390000343322754 610400
10.380000114440918 10.380000114440918 10.369999885559082 10.369999885559082 752200
10.359999656677246 10.390000343322754 10.359999656677246 10.369999885559082 225800
10.369999885559082 10.390000343322754 10.369999885559082 10.380000114440918 2662400
10.40999984741211 10.40999984741211 10.390000343322754 10.399999618530273 325200
10.399999618530273 10.399999618530273 10.399999618530273 10.399999618530273 0
10.399999618530273 10.399999618530273 10.399999618530273 10.399999618530273 100000
10.40999984741211 10.40999984741211 10.399999618530273 10.399999618530273 350400
10.399999618530273 10.399999618530273 10.399999618530273 10.399999618530273 100
10.369999885559082 10.369999885559082 10.279999732971191 10.3100004196167 207600
10.3100004196167 10.550000190734863 10.3100004196167 10.359999656677246 98800
10.479999542236328 10.484000205993652 10.319999694824219 10.319999694824219 8100
10.430000305175781 10.430000305175781 10.380000114440918 10.380000114440918 300
10.380000114440918 10.380000114440918 10.380000114440918 10.380000114440918 0
10.880000114440918 10.880000114440918 10.390000343322754 10.420000076293945 6100
10.420000076293945 10.569999694824219 10.348999977111816 10.380000114440918 21000
10.529999732971191 10.529999732971191 10.359999656677246 10.380000114440918 12800
10.380000114440918 10.380000114440918 10.380000114440918 10.380000114440918 0
10.380000114440918 10.380000114440918 10.380000114440918 10.380000114440918 0
10.380000114440918 10.380000114440918 10.380000114440918 10.380000114440918 0
10.380000114440918 10.380000114440918 10.380000114440918 10.380000114440918 0
10.359999656677246 10.40999984741211 10.359999656677246 10.359999656677246 6300
10.34000015258789 10.34000015258789 10.34000015258789 10.34000015258789 100
10.34000015258789 10.34000015258789 10.34000015258789 10.34000015258789 0
10.350000381469727 10.378000259399414 10.350000381469727 10.378000259399414 1800
10.380000114440918 10.380000114440918 10.380000114440918 10.380000114440918 100
10.380000114440918 10.380000114440918 10.380000114440918 10.380000114440918 189300
10.385000228881836 10.385000228881836 10.385000228881836 10.385000228881836 100
10.369999885559082 10.385000228881836 10.369999885559082 10.385000228881836 200
10.385000228881836 10.385000228881836 10.385000228881836 10.385000228881836 0
10.385000228881836 10.385000228881836 10.385000228881836 10.385000228881836 200
10.385000228881836 10.385000228881836 10.385000228881836 10.385000228881836 100
10.390000343322754 10.390000343322754 10.390000343322754 10.390000343322754 5100
10.390000343322754 10.390000343322754 10.390000343322754 10.390000343322754 21700
10.390000343322754 10.390000343322754 10.380000114440918 10.380000114440918 21500
10.380000114440918 10.380000114440918 10.380000114440918 10.380000114440918 100
10.380000114440918 10.380000114440918 10.380000114440918 10.380000114440918 1000
10.380000114440918 10.380000114440918 10.380000114440918 10.380000114440918 249900
10.380000114440918 10.380000114440918 10.380000114440918 10.380000114440918 0
10.380000114440918 10.380000114440918 10.380000114440918 10.380000114440918 0
10.385000228881836 10.390000343322754 10.385000228881836 10.390000343322754 7900
10.390000343322754 10.390000343322754 10.390000343322754 10.390000343322754 200
10.390000343322754 10.390000343322754 10.390000343322754 10.390000343322754 100
10.390000343322754 10.390000343322754 10.390000343322754 10.390000343322754 0
10.390000343322754 10.390000343322754 10.390000343322754 10.390000343322754 0
10.390000343322754 10.390000343322754 10.390000343322754 10.390000343322754 0
10.390000343322754 10.399999618530273 10.390000343322754 10.399999618530273 1000
10.5 10.5 10.5 10.5 100
10.449999809265137 10.449999809265137 10.449999809265137 10.449999809265137 100
10.390000343322754 10.5 10.390000343322754 10.5 25100
10.5 10.5 10.5 10.5 0
10.529999732971191 10.529999732971191 10.529999732971191 10.529999732971191 500
10.529999732971191 10.529999732971191 10.529999732971191 10.529999732971191 0
10.529999732971191 10.529999732971191 10.529999732971191 10.529999732971191 0
10.979999542236328 10.979999542236328 10.470000267028809 10.479999542236328 2400
10.40999984741211 10.40999984741211 10.40999984741211 10.40999984741211 100
10.40999984741211 10.40999984741211 10.40999984741211 10.40999984741211 0
10.40999984741211 10.40999984741211 10.40999984741211 10.40999984741211 0
10.40999984741211 10.40999984741211 10.40999984741211 10.40999984741211 0
10.40999984741211 10.40999984741211 10.40999984741211 10.40999984741211 0
10.460000038146973 10.460000038146973 10.460000038146973 10.460000038146973 100
10.979999542236328 10.979999542236328 10.979999542236328 10.979999542236328 100
10.539999961853027 10.539999961853027 10.539999961853027 10.539999961853027 2700
10.569999694824219 10.569999694824219 10.569999694824219 10.569999694824219 300
10.569999694824219 10.569999694824219 10.569999694824219 10.569999694824219 0
10.569999694824219 10.569999694824219 10.569999694824219 10.569999694824219 0
10.569999694824219 10.569999694824219 10.569999694824219 10.569999694824219 0
10.5 10.5 10.479999542236328 10.479999542236328 2500
10.479999542236328 10.479999542236328 10.479999542236328 10.479999542236328 0
10.479999542236328 10.479999542236328 10.479999542236328 10.479999542236328 0
10.479999542236328 10.479999542236328 10.479999542236328 10.479999542236328 0
10.479999542236328 10.479999542236328 10.479999542236328 10.479999542236328 0
10.479999542236328 10.479999542236328 10.479999542236328 10.479999542236328 0
10.510000228881836 10.510000228881836 10.510000228881836 10.510000228881836 200
10.579999923706055 10.579999923706055 10.579999923706055 10.579999923706055 100
10.569999694824219 10.569999694824219 10.5600004196167 10.5600004196167 2900
10.529999732971191 10.529999732971191 10.444999694824219 10.460000038146973 22400
10.449999809265137 10.449999809265137 10.449999809265137 10.449999809265137 39000
10.449999809265137 10.449999809265137 10.449999809265137 10.449999809265137 0
10.449999809265137 10.449999809265137 10.449999809265137 10.449999809265137 0
10.449999809265137 10.449999809265137 10.449999809265137 10.449999809265137 0
10.449999809265137 10.449999809265137 10.449999809265137 10.449999809265137 0
10.970000267028809 10.970000267028809 10.970000267028809 10.970000267028809 100
10.970000267028809 10.970000267028809 10.970000267028809 10.970000267028809 0
10.6899995803833 11.050000190734863 10.6899995803833 11.050000190734863 200
11.09000015258789 11.09000015258789 10.5 10.520000457763672 1200
10.520000457763672 10.520000457763672 10.520000457763672 10.520000457763672 0
10.520000457763672 10.520000457763672 10.520000457763672 10.520000457763672 400
10.475000381469727 10.479999542236328 10.470000267028809 10.470000267028809 413400
10.550000190734863 10.550000190734863 10.550000190734863 10.550000190734863 100
10.550000190734863 10.550000190734863 10.550000190734863 10.550000190734863 0
10.550000190734863 10.550000190734863 10.550000190734863 10.550000190734863 0
10.550000190734863 10.550000190734863 10.550000190734863 10.550000190734863 0
10.550000190734863 10.5600004196167 10.550000190734863 10.550000190734863 4700
10.550000190734863 10.550000190734863 10.550000190734863 10.550000190734863 200
10.8100004196167 10.8100004196167 10.5600004196167 10.5600004196167 700
10.579999923706055 10.619999885559082 10.489999771118164 10.489999771118164 2900
10.489999771118164 10.489999771118164 10.489999771118164 10.489999771118164 0
10.489999771118164 10.489999771118164 10.489999771118164 10.489999771118164 0
10.489999771118164 10.489999771118164 10.489999771118164 10.489999771118164 0
10.489999771118164 10.489999771118164 10.489999771118164 10.489999771118164 0
10.489999771118164 10.520000457763672 10.479999542236328 10.479999542236328 1600
10.479999542236328 10.479999542236328 10.479999542236328 10.479999542236328 1800
10.479999542236328 10.489999771118164 10.479999542236328 10.489999771118164 2500
10.489999771118164 10.489999771118164 10.489999771118164 10.489999771118164 0
10.489999771118164 10.494999885559082 10.489999771118164 10.494999885559082 3500
10.729999542236328 10.729999542236328 10.489999771118164 10.5 1900
10.489999771118164 10.5 10.489999771118164 10.5 800
10.479999542236328 10.479999542236328 10.479999542236328 10.479999542236328 100
10.479999542236328 10.5 10.479999542236328 10.5 300
10.5 10.5 10.5 10.5 1200
10.5 10.5 10.5 10.5 0
10.5 10.5 10.5 10.5 0
10.5 10.5 10.5 10.5 0
10.5 10.5 10.5 10.5 0
10.520000457763672 10.520000457763672 10.5 10.510000228881836 14200
10.510000228881836 10.510000228881836 10.510000228881836 10.510000228881836 0
10.510000228881836 10.510000228881836 10.510000228881836 10.510000228881836 0
10.510000228881836 10.510000228881836 10.510000228881836 10.510000228881836 0
10.510000228881836 10.510000228881836 10.510000228881836 10.510000228881836 0
10.510000228881836 10.510000228881836 10.510000228881836 10.510000228881836 0
10.539999961853027 10.539999961853027 10.529999732971191 10.529999732971191 900
10.529999732971191 10.539999961853027 10.520000457763672 10.539999961853027 900
10.539999961853027 10.569999694824219 10.539999961853027 10.569999694824219 1100
10.539999961853027 10.569999694824219 10.539999961853027 10.569999694824219 663600
10.539999961853027 10.5600004196167 10.539999961853027 10.539999961853027 400
10.545000076293945 10.569999694824219 10.539999961853027 10.539999961853027 10700
10.539999961853027 10.550000190734863 10.539999961853027 10.539999961853027 10300
10.569999694824219 10.569999694824219 10.569999694824219 10.569999694824219 100
10.569999694824219 10.569999694824219 10.569999694824219 10.569999694824219 0
10.550000190734863 10.550000190734863 10.550000190734863 10.550000190734863 200
10.550000190734863 10.550000190734863 10.550000190734863 10.550000190734863 100
10.550000190734863 10.550000190734863 10.550000190734863 10.550000190734863 0
10.550000190734863 10.550000190734863 10.550000190734863 10.550000190734863 0
10.550000190734863 10.550000190734863 10.550000190734863 10.550000190734863 0
10.569999694824219 10.569999694824219 10.569999694824219 10.569999694824219 100
10.569999694824219 10.569999694824219 10.569999694824219 10.569999694824219 0
10.569999694824219 10.569999694824219 10.569999694824219 10.569999694824219 1
