9.890000343322754 9.920000076293945 9.880000114440918 9.920000076293945 65000
9.920000076293945 9.920000076293945 9.920000076293945 9.920000076293945 75100
9.960000038146973 9.960000038146973 9.930000305175781 9.930000305175781 300
9.930000305175781 9.930000305175781 9.930000305175781 9.930000305175781 0
9.899999618530273 9.920000076293945 9.899999618530273 9.920000076293945 152000
9.930000305175781 9.9399995803833 9.930000305175781 9.930000305175781 35100
9.890000343322754 9.9399995803833 9.890000343322754 9.930999755859375 237900
9.90999984741211 9.9399995803833 9.899999618530273 9.90999984741211 7200
9.90999984741211 9.90999984741211 9.899999618530273 9.899999618530273 156600
9.90999984741211 9.930000305175781 9.90999984741211 9.930000305175781 5000
9.930000305175781 9.930000305175781 9.930000305175781 9.930000305175781 1400
9.930000305175781 9.930000305175781 9.930000305175781 9.930000305175781 600
9.930000305175781 9.9350004196167 9.920000076293945 9.930000305175781 162700
9.9399995803833 9.9399995803833 9.920000076293945 9.930000305175781 13100
9.9399995803833 9.9399995803833 9.930000305175781 9.930000305175781 60200
9.925000190734863 9.9399995803833 9.925000190734863 9.9399995803833 5500
9.9399995803833 9.979999542236328 9.9399995803833 9.960000038146973 138500
9.979999542236328 9.979999542236328 9.979999542236328 9.979999542236328 100
9.979999542236328 9.979999542236328 9.979999542236328 9.979999542236328 100
9.979999542236328 9.979999542236328 9.949999809265137 9.960000038146973 190500
9.979999542236328 9.979999542236328 9.979999542236328 9.979999542236328 900
9.979999542236328 9.979999542236328 9.960000038146973 9.960000038146973 20100
9.949999809265137 9.970000267028809 9.949999809265137 9.970000267028809 21200
9.970000267028809 9.970000267028809 9.970000267028809 9.970000267028809 100
9.970000267028809 9.979999542236328 9.970000267028809 9.970000267028809 356300
9.979999542236328 9.979999542236328 9.979999542236328 9.979999542236328 10100
9.979999542236328 9.979999542236328 9.979999542236328 9.979999542236328 10000
9.979999542236328 9.989999771118164 9.979999542236328 9.989999771118164 71100
9.98900032043457 9.989999771118164 9.979999542236328 9.979999542236328 1100
9.989999771118164 9.989999771118164 9.989999771118164 9.989999771118164 300
9.989999771118164 9.989999771118164 9.98900032043457 9.98900032043457 11400
9.989999771118164 9.989999771118164 9.989999771118164 9.989999771118164 300
9.979999542236328 9.989999771118164 9.979999542236328 9.979999542236328 1400
9.989999771118164 9.989999771118164 9.979999542236328 9.979999542236328 21500
9.989999771118164 9.989999771118164 9.979999542236328 9.989999771118164 10300
9.989999771118164 9.989999771118164 9.989999771118164 9.989999771118164 13600
9.989999771118164 9.989999771118164 9.98799991607666 9.98900032043457 10600
9.989999771118164 9.989999771118164 9.989999771118164 9.989999771118164 10400
9.989999771118164 9.989999771118164 9.989999771118164 9.989999771118164 0
9.989999771118164 10.010000228881836 9.989999771118164 10.010000228881836 111900
10.010000228881836 10.010000228881836 10.010000228881836 10.010000228881836 100
10.010000228881836 10.010000228881836 10.010000228881836 10.010000228881836 0
9.989999771118164 9.989999771118164 9.989999771118164 9.989999771118164 10000
10.005000114440918 10.005000114440918 9.979999542236328 9.979999542236328 13100
9.989999771118164 9.989999771118164 9.970000267028809 9.979999542236328 158500
9.989999771118164 9.989999771118164 9.960000038146973 9.979999542236328 400
9.979999542236328 9.979999542236328 9.979999542236328 9.979999542236328 100
9.960000038146973 9.979999542236328 9.960000038146973 9.970000267028809 500
9.979999542236328 9.979999542236328 9.979999542236328 9.979999542236328 100
9.979999542236328 9.979999542236328 9.960000038146973 9.979999542236328 1400
9.979999542236328 9.979999542236328 9.979999542236328 9.979999542236328 200
9.979999542236328 9.979999542236328 9.979999542236328 9.979999542236328 300
9.979999542236328 9.979999542236328 9.979999542236328 9.979999542236328 200
9.979999542236328 9.979999542236328 9.9399995803833 9.9399995803833 500
9.979999542236328 9.979999542236328 9.979999542236328 9.979999542236328 300
9.979999542236328 9.979999542236328 9.960000038146973 9.979999542236328 700
9.979999542236328 9.979999542236328 9.979999542236328 9.979999542236328 200
9.979999542236328 9.979999542236328 9.979999542236328 9.979999542236328 500
9.979999542236328 9.979999542236328 9.979999542236328 9.979999542236328 300
9.979999542236328 9.979999542236328 9.979999542236328 9.979999542236328 199900
9.979999542236328 9.979999542236328 9.979999542236328 9.979999542236328 200
9.979999542236328 9.979999542236328 9.979999542236328 9.979999542236328 400
9.979999542236328 9.979999542236328 9.979999542236328 9.979999542236328 400
9.979999542236328 9.989999771118164 9.970000267028809 9.989999771118164 20400
9.989999771118164 9.989999771118164 9.989999771118164 9.989999771118164 6500
10.050000190734863 10.050000190734863 9.979999542236328 9.979999542236328 12100
9.979999542236328 10.0 9.979999542236328 10.0 1800
10.100000381469727 10.100000381469727 9.960000038146973 9.970000267028809 55200
10.100000381469727 10.100000381469727 10.100000381469727 10.100000381469727 200
10.050000190734863 10.050000190734863 10.050000190734863 10.050000190734863 300
9.960000038146973 9.989999771118164 9.949999809265137 9.949999809265137 76700
10.050000190734863 10.050000190734863 9.989999771118164 9.989999771118164 400
9.989999771118164 9.989999771118164 9.989999771118164 9.989999771118164 0
10.041000366210938 10.041000366210938 10.041000366210938 10.041000366210938 100
9.960000038146973 9.960000038146973 9.960000038146973 9.960000038146973 5200
10.0 10.0 9.949999809265137 9.960000038146973 80700
10.0 10.0 9.979999542236328 9.98900032043457 370100
10.0 10.0 10.0 10.0 100
10.0 10.0 9.989999771118164 10.0 2600
10.0 10.0 9.979999542236328 10.0 19000
10.0 10.0 9.989999771118164 9.989999771118164 2200
9.989999771118164 10.0 9.989999771118164 10.0 308300
10.0 10.0 9.989999771118164 9.989999771118164 50300
10.0 10.0 9.989999771118164 9.989999771118164 22300
10.0 10.0 10.0 10.0 700
10.0 10.0 10.0 10.0 100
10.0 10.0 10.0 10.0 100
10.0 10.0 10.0 10.0 100
10.0 10.0 10.0 10.0 0
10.0 10.0 10.0 10.0 0
10.0 10.0 10.0 10.0 0
10.0 10.0 10.0 10.0 0
10.0 10.0 10.0 10.0 0
10.0 10.0 10.0 10.0 0
10.0 10.0 10.0 10.0 0
10.024999618530273 10.024999618530273 10.024999618530273 10.024999618530273 100
10.029999732971191 10.029999732971191 10.029999732971191 10.029999732971191 500
10.050000190734863 10.050000190734863 10.029999732971191 10.029999732971191 600
10.032999992370605 10.032999992370605 10.020000457763672 10.020000457763672 15100
10.050000190734863 10.050000190734863 10.050000190734863 10.050000190734863 100
10.045000076293945 10.045000076293945 10.020000457763672 10.020000457763672 1500
10.050000190734863 10.050000190734863 10.039999961853027 10.039999961853027 53400
10.039999961853027 10.050000190734863 10.039999961853027 10.039999961853027 51500
10.048999786376953 10.048999786376953 10.048999786376953 10.048999786376953 300
10.0600004196167 10.0600004196167 10.03499984741211 10.039999961853027 13400
10.09000015258789 10.09000015258789 10.09000015258789 10.09000015258789 200
10.048999786376953 10.048999786376953 10.039999961853027 10.039999961853027 50100
10.050000190734863 10.050000190734863 10.039999961853027 10.039999961853027 200
10.039999961853027 10.039999961853027 10.039999961853027 10.039999961853027 100
10.039999961853027 10.050000190734863 10.039999961853027 10.050000190734863 700
10.100000381469727 10.100000381469727 10.100000381469727 10.100000381469727 100
10.045000076293945 10.045000076293945 10.045000076293945 10.045000076293945 100
10.100000381469727 10.100000381469727 10.100000381469727 10.100000381469727 100
10.100000381469727 10.100000381469727 10.100000381469727 10.100000381469727 0
10.100000381469727 10.100000381469727 10.100000381469727 10.100000381469727 0
10.100000381469727 10.100000381469727 10.100000381469727 10.100000381469727 0
10.039999961853027 10.043000221252441 10.039999961853027 10.039999961853027 2200
10.039999961853027 10.039999961853027 10.039999961853027 10.039999961853027 0
10.039999961853027 10.050000190734863 10.039999961853027 10.050000190734863 6700
10.050000190734863 10.050000190734863 10.050000190734863 10.050000190734863 0
10.0600004196167 10.0600004196167 10.050000190734863 10.050000190734863 5800
10.050000190734863 10.055000305175781 10.050000190734863 10.055000305175781 1800
10.055000305175781 10.055000305175781 10.055000305175781 10.055000305175781 0
10.079999923706055 10.079999923706055 10.079999923706055 10.079999923706055 1900
10.069999694824219 10.069999694824219 10.0600004196167 10.069999694824219 53800
10.079999923706055 10.079999923706055 10.074999809265137 10.074999809265137 800
10.079999923706055 10.09000015258789 10.079999923706055 10.09000015258789 3300
10.09000015258789 10.09000015258789 10.09000015258789 10.09000015258789 0
10.09000015258789 10.09000015258789 10.09000015258789 10.09000015258789 700
10.149999618530273 10.149999618530273 10.149999618530273 10.149999618530273 300
10.123000144958496 10.140000343322754 10.123000144958496 10.123000144958496 400
10.140000343322754 10.140000343322754 10.100000381469727 10.140000343322754 104900
10.140000343322754 10.140000343322754 10.140000343322754 10.140000343322754 300
10.140000343322754 10.140000343322754 10.140000343322754 10.140000343322754 300
10.140000343322754 10.140000343322754 10.100000381469727 10.140000343322754 400
10.149999618530273 10.149999618530273 10.149999618530273 10.149999618530273 100
10.140000343322754 10.140000343322754 10.140000343322754 10.140000343322754 300
10.140000343322754 10.140000343322754 10.140000343322754 10.140000343322754 0
10.170000076293945 10.170000076293945 10.170000076293945 10.170000076293945 100
10.170000076293945 10.170000076293945 10.170000076293945 10.170000076293945 0
10.140999794006348 10.140999794006348 10.100000381469727 10.100000381469727 25200
10.100000381469727 10.100000381469727 10.100000381469727 10.100000381469727 0
10.100000381469727 10.100000381469727 10.100000381469727 10.100000381469727 0
10.199999809265137 10.199999809265137 10.199999809265137 10.199999809265137 200
10.199999809265137 10.199999809265137 10.199999809265137 10.199999809265137 100
10.11400032043457 10.180000305175781 10.11400032043457 10.180000305175781 500
10.180000305175781 10.180000305175781 10.180000305175781 10.180000305175781 0
10.180000305175781 10.180000305175781 10.180000305175781 10.180000305175781 0
10.180000305175781 10.180000305175781 10.180000305175781 10.180000305175781 0
10.180000305175781 10.180000305175781 10.180000305175781 10.180000305175781 100
10.180000305175781 10.180000305175781 10.180000305175781 10.180000305175781 100
10.180000305175781 10.180000305175781 10.180000305175781 10.180000305175781 0
10.149999618530273 10.149999618530273 10.149999618530273 10.149999618530273 188300
10.180000305175781 10.218000411987305 10.180000305175781 10.20300006866455 518900
10.20300006866455 10.20300006866455 10.20300006866455 10.20300006866455 0
10.199999809265137 10.199999809265137 10.149999618530273 10.149999618530273 77600
10.175000190734863 10.180000305175781 10.164999961853027 10.170000076293945 2300
10.170000076293945 10.170000076293945 10.15999984741211 10.15999984741211 7000
10.170000076293945 10.170000076293945 10.170000076293945 10.170000076293945 100
10.170000076293945 10.170000076293945 10.170000076293945 10.170000076293945 200
10.164999961853027 10.164999961853027 10.15999984741211 10.15999984741211 2100
10.180000305175781 10.180000305175781 10.175000190734863 10.175000190734863 300
10.1899995803833 10.1899995803833 10.1899995803833 10.1899995803833 200
10.1899995803833 10.1899995803833 10.15999984741211 10.15999984741211 1100
10.199999809265137 10.199999809265137 10.199999809265137 10.199999809265137 200
10.199999809265137 10.199999809265137 10.180000305175781 10.180000305175781 2200
10.199999809265137 10.199999809265137 10.149999618530273 10.170000076293945 66600
10.170000076293945 10.170000076293945 10.170000076293945 10.170000076293945 0
10.180000305175781 10.180000305175781 10.175000190734863 10.180000305175781 9500
10.210000038146973 10.210000038146973 10.199999809265137 10.199999809265137 7000
10.210000038146973 10.210000038146973 10.20300006866455 10.20300006866455 300
10.210000038146973 10.210000038146973 10.210000038146973 10.210000038146973 300
10.210000038146973 10.210000038146973 10.210000038146973 10.210000038146973 0
10.20300006866455 10.20300006866455 10.20300006866455 10.20300006866455 100
10.210000038146973 10.210000038146973 10.210000038146973 10.210000038146973 100
10.210000038146973 10.210000038146973 10.180000305175781 10.180000305175781 600
10.210000038146973 10.210000038146973 10.210000038146973 10.210000038146973 100
10.210000038146973 10.210000038146973 10.210000038146973 10.210000038146973 200
10.189000129699707 10.194999694824219 10.189000129699707 10.1899995803833 15000
10.210000038146973 10.220000267028809 10.210000038146973 10.220000267028809 200
10.213000297546387 10.220000267028809 10.1899995803833 10.213000297546387 1500
10.213000297546387 10.213000297546387 10.213000297546387 10.213000297546387 0
10.220000267028809 10.220000267028809 10.220000267028809 10.220000267028809 200
10.220000267028809 10.239999771118164 10.220000267028809 10.239999771118164 200
10.239999771118164 10.239999771118164 10.239999771118164 10.239999771118164 1200
10.229999542236328 10.239999771118164 10.229999542236328 10.239999771118164 800
10.239999771118164 10.239999771118164 10.239999771118164 10.239999771118164 200
10.239999771118164 10.239999771118164 10.239999771118164 10.239999771118164 100
10.239999771118164 10.239999771118164 10.239999771118164 10.239999771118164 200
10.239999771118164 10.239999771118164 10.239999771118164 10.239999771118164 100
10.239999771118164 10.239999771118164 10.239999771118164 10.239999771118164 100
10.229999542236328 10.239999771118164 10.220000267028809 10.220000267028809 400
10.25 10.25 10.25 10.25 200
10.25 10.25 10.25 10.25 400
10.260000228881836 10.260000228881836 10.260000228881836 10.260000228881836 200
10.270000457763672 10.270000457763672 10.270000457763672 10.270000457763672 400
10.270000457763672 10.270000457763672 10.270000457763672 10.270000457763672 300
10.210000038146973 10.210000038146973 10.210000038146973 10.210000038146973 200
10.279999732971191 10.289999961853027 10.220000267028809 10.220000267028809 39900
10.289999961853027 10.289999961853027 10.289999961853027 10.289999961853027 200
10.288999557495117 10.289999961853027 10.288999557495117 10.289999961853027 5600
10.289999961853027 10.289999961853027 10.27299976348877 10.27299976348877 400
10.300000190734863 10.300000190734863 10.300000190734863 10.300000190734863 200
10.300000190734863 10.319999694824219 10.295000076293945 10.295000076293945 20300
10.295000076293945 10.295000076293945 10.295000076293945 10.295000076293945 0
10.300000190734863 10.960000038146973 10.295000076293945 10.295000076293945 25300
10.3100004196167 10.3100004196167 10.295000076293945 10.300000190734863 148600
10.3100004196167 10.3100004196167 10.305000305175781 10.305000305175781 600
10.3100004196167 10.350000381469727 10.300000190734863 10.3100004196167 38900
10.3100004196167 10.3100004196167 10.3100004196167 10.3100004196167 700
10.3100004196167 10.3100004196167 10.289999961853027 10.3100004196167 202800
10.319999694824219 10.319999694824219 10.3100004196167 10.3100004196167 3400
10.319999694824219 10.34000015258789 10.289999961853027 10.34000015258789 354700
10.40999984741211 10.479999542236328 10.329999923706055 10.329999923706055 700
10.699999809265137 10.699999809265137 10.319999694824219 10.670000076293945 9400
10.649999618530273 10.649999618530273 10.649999618530273 10.649999618530273 200
10.649999618530273 10.649999618530273 10.329999923706055 10.329999923706055 4700
10.380000114440918 10.600000381469727 10.300000190734863 10.350000381469727 600
10.489999771118164 10.527999877929688 10.3100004196167 10.3100004196167 4600
10.489999771118164 10.489999771118164 10.489999771118164 10.489999771118164 300
10.489999771118164 10.489999771118164 10.489999771118164 10.489999771118164 0
10.449999809265137 10.470000267028809 10.437999725341797 10.437999725341797 1200
10.449999809265137 10.520000457763672 10.399999618530273 10.449999809265137 3100
10.449999809265137 10.5 10.380000114440918 10.390000343322754 5500
10.4399995803833 10.4399995803833 10.399999618530273 10.399999618530273 4200
10.430000305175781 10.430000305175781 10.430000305175781 10.430000305175781 200
10.430000305175781 10.430000305175781 10.420000076293945 10.425000190734863 900
10.430000305175781 10.430000305175781 10.407999992370605 10.407999992370605 600
10.430000305175781 10.430000305175781 10.430000305175781 10.430000305175781 500
10.430000305175781 10.430000305175781 10.399999618530273 10.399999618530273 300
10.430000305175781 10.430000305175781 10.414999961853027 10.414999961853027 400
10.430000305175781 10.430000305175781 10.430000305175781 10.430000305175781 400
10.430000305175781 10.430000305175781 10.430000305175781 10.430000305175781 200
10.430000305175781 10.430000305175781 10.399999618530273 10.430000305175781 300
10.430000305175781 10.430000305175781 10.430000305175781 10.430000305175781 200
10.430000305175781 10.430000305175781 10.430000305175781 10.430000305175781 200
10.430000305175781 10.430000305175781 10.430000305175781 10.430000305175781 100
10.430000305175781 10.430000305175781 10.430000305175781 10.430000305175781 300
10.430000305175781 10.430000305175781 10.430000305175781 10.430000305175781 0
10.430000305175781 10.430000305175781 10.430000305175781 10.430000305175781 100
10.430000305175781 10.430000305175781 10.430000305175781 10.430000305175781 100
10.430000305175781 10.430000305175781 10.430000305175781 10.430000305175781 300
10.430000305175781 10.449999809265137 10.430000305175781 10.449999809265137 25900
10.470000267028809 10.489999771118164 10.470000267028809 10.489999771118164 6200
10.48900032043457 10.50100040435791 10.48900032043457 10.5 19300
10.5 10.520000457763672 10.5 10.520000457763672 4700
10.520000457763672 11.145000457763672 10.520000457763672 10.5600004196167 7700
10.699999809265137 10.699999809265137 10.600000381469727 10.600000381469727 500
10.664999961853027 10.664999961853027 10.664999961853027 10.664999961853027 300
10.699999809265137 10.699999809265137 10.699999809265137 10.699999809265137 2300
10.699999809265137 10.699999809265137 10.699999809265137 10.699999809265137 200
10.6899995803833 10.6899995803833 10.6899995803833 10.6899995803833 200
10.6899995803833 10.6899995803833 10.6899995803833 10.6899995803833 0
10.680000305175781 10.680000305175781 10.680000305175781 10.680000305175781 100
10.64799976348877 10.64799976348877 10.64799976348877 10.64799976348877 100
10.640000343322754 10.640000343322754 10.640000343322754 10.640000343322754 100
10.640000343322754 10.640000343322754 10.640000343322754 10.640000343322754 200
10.630000114440918 10.630000114440918 10.630000114440918 10.630000114440918 100
10.630000114440918 10.630000114440918 10.630000114440918 10.630000114440918 200
10.739999771118164 10.739999771118164 10.739999771118164 10.739999771118164 300
10.739999771118164 10.739999771118164 10.739999771118164 10.739999771118164 0
10.739999771118164 10.739999771118164 10.739999771118164 10.739999771118164 0
10.720000267028809 10.720000267028809 10.720000267028809 10.720000267028809 200
10.710000038146973 10.710000038146973 10.710000038146973 10.710000038146973 100
10.710000038146973 10.710000038146973 10.710000038146973 10.710000038146973 0
10.699999809265137 10.699999809265137 10.699999809265137 10.699999809265137 200
10.699999809265137 10.699999809265137 10.699999809265137 10.699999809265137 0
10.6899995803833 10.6899995803833 10.6899995803833 10.6899995803833 700
10.699999809265137 10.699999809265137 10.699999809265137 10.699999809265137 200
10.720000267028809 10.720000267028809 10.720000267028809 10.720000267028809 200
10.699999809265137 10.699999809265137 10.699999809265137 10.699999809265137 300
10.699999809265137 10.699999809265137 10.699999809265137 10.699999809265137 200
10.699999809265137 10.699999809265137 10.699999809265137 10.699999809265137 200
10.699999809265137 10.699999809265137 10.529999732971191 10.529999732971191 15700
10.579999923706055 10.579999923706055 10.550000190734863 10.550000190734863 400
10.699999809265137 10.699999809265137 10.699999809265137 10.699999809265137 400
10.699999809265137 10.699999809265137 10.699999809265137 10.699999809265137 0
10.699999809265137 10.699999809265137 10.699999809265137 10.699999809265137 300
10.699999809265137 10.699999809265137 10.699999809265137 10.699999809265137 200
10.699999809265137 10.699999809265137 10.699999809265137 10.699999809265137 300
10.699999809265137 10.699999809265137 10.619999885559082 10.630000114440918 800
10.6899995803833 10.6899995803833 10.6899995803833 10.6899995803833 100
10.699999809265137 10.699999809265137 10.699999809265137 10.699999809265137 200
10.699999809265137 10.699999809265137 10.699999809265137 10.699999809265137 300
10.699999809265137 10.699999809265137 10.699999809265137 10.699999809265137 100
10.59000015258789 10.619999885559082 10.59000015258789 10.614999771118164 27900
10.609999656677246 10.614999771118164 10.609999656677246 10.614999771118164 13500
10.614999771118164 10.614999771118164 10.614999771118164 10.614999771118164 200
10.609999656677246 10.670000076293945 10.609999656677246 10.65999984741211 43700
10.65999984741211 10.65999984741211 10.65999984741211 10.65999984741211 0
10.65999984741211 10.65999984741211 10.65999984741211 10.65999984741211 0
10.65999984741211 10.65999984741211 10.65999984741211 10.65999984741211 0
10.65999984741211 10.65999984741211 10.65999984741211 10.65999984741211 0
10.65999984741211 10.65999984741211 10.65999984741211 10.65999984741211 0
10.699999809265137 10.699999809265137 10.699999809265137 10.699999809265137 12100
10.699999809265137 10.699999809265137 10.699999809265137 10.699999809265137 0
10.699999809265137 10.699999809265137 10.699999809265137 10.699999809265137 3400
10.630000114440918 10.630000114440918 10.630000114440918 10.630000114440918 300
10.65999984741211 10.65999984741211 10.65999984741211 10.65999984741211 400
10.65999984741211 10.65999984741211 10.65999984741211 10.65999984741211 0
10.65999984741211 10.65999984741211 10.65999984741211 10.65999984741211 0
10.65999984741211 10.65999984741211 10.65999984741211 10.65999984741211 0
10.680000305175781 10.680000305175781 10.670000076293945 10.670000076293945 1700
10.699999809265137 10.699999809265137 10.694999694824219 10.699999809265137 1500
10.699999809265137 10.699999809265137 10.699999809265137 10.699999809265137 0
10.699999809265137 10.739999771118164 10.699999809265137 10.725000381469727 8700
10.725000381469727 10.725000381469727 10.725000381469727 10.725000381469727 0
10.725000381469727 10.725000381469727 10.725000381469727 10.725000381469727 0
10.725000381469727 10.725000381469727 10.725000381469727 10.725000381469727 0
10.720000267028809 10.720000267028809 10.720000267028809 10.720000267028809 1400
10.720000267028809 10.720000267028809 10.720000267028809 10.720000267028809 0
10.720000267028809 10.720000267028809 10.720000267028809 10.720000267028809 20100
10.720000267028809 10.720000267028809 10.720000267028809 10.720000267028809 0
10.720000267028809 10.720000267028809 10.720000267028809 10.720000267028809 0
10.720000267028809 10.720000267028809 10.720000267028809 10.720000267028809 2300
10.720000267028809 10.720000267028809 10.720000267028809 10.720000267028809 0
10.720000267028809 10.720000267028809 10.720000267028809 10.720000267028809 0
10.720000267028809 10.720000267028809 10.720000267028809 10.720000267028809 0
10.720000267028809 10.720000267028809 10.720000267028809 10.720000267028809 0
10.720000267028809 10.720000267028809 10.720000267028809 10.720000267028809 0
10.729999542236328 10.729999542236328 10.729999542236328 10.729999542236328 100
10.729999542236328 10.729999542236328 10.729999542236328 10.729999542236328 0
10.729999542236328 10.729999542236328 10.729999542236328 10.729999542236328 0
10.800000190734863 10.800000190734863 10.800000190734863 10.800000190734863 4100
10.800000190734863 10.800000190734863 10.800000190734863 10.800000190734863 0
10.829999923706055 10.920000076293945 10.829999923706055 10.920000076293945 531700
10.920000076293945 10.920000076293945 10.920000076293945 10.920000076293945 200
10.949000358581543 10.949000358581543 10.949000358581543 10.949000358581543 100
10.9399995803833 11.0 10.9399995803833 10.949999809265137 164200
11.050000190734863 11.050000190734863 10.949999809265137 10.949999809265137 400200
10.979999542236328 11.039999961853027 10.979999542236328 11.039999961853027 300
10.890000343322754 11.020000457763672 10.890000343322754 10.949999809265137 27300
11.050000190734863 11.050000190734863 11.050000190734863 11.050000190734863 600
11.039999961853027 11.039999961853027 11.039999961853027 11.039999961853027 100
11.050000190734863 11.050000190734863 10.949999809265137 10.949999809265137 10100
11.050000190734863 11.050000190734863 10.949999809265137 11.020000457763672 12600
11.050000190734863 11.050000190734863 11.050000190734863 11.050000190734863 300
11.149999618530273 12.25 10.960000038146973 11.024999618530273 43500
11.09000015258789 11.289999961853027 11.09000015258789 11.289999961853027 400
11.300000190734863 11.300000190734863 11.300000190734863 11.300000190734863 400
11.289999961853027 11.289999961853027 11.050000190734863 11.270000457763672 7300
11.279999732971191 11.289999961853027 11.069999694824219 11.069999694824219 1400
11.199999809265137 11.199999809265137 11.0600004196167 11.079999923706055 4400
11.140000343322754 11.1899995803833 11.0600004196167 11.069999694824219 6400
11.15999984741211 11.189000129699707 11.100000381469727 11.100000381469727 2400
11.15999984741211 11.15999984741211 11.100000381469727 11.15999984741211 10000
11.170000076293945 11.170000076293945 11.050000190734863 11.050000190734863 2900
11.170000076293945 11.170000076293945 11.0600004196167 11.168999671936035 1600
11.170000076293945 11.170000076293945 11.170000076293945 11.170000076293945 300
11.170000076293945 11.170000076293945 11.100000381469727 11.109999656677246 600
11.170000076293945 11.170000076293945 11.119999885559082 11.170000076293945 27000
11.119999885559082 11.170000076293945 11.119999885559082 11.170000076293945 3100
11.180000305175781 11.180000305175781 11.119999885559082 11.119999885559082 9900
11.170000076293945 11.170000076293945 11.170000076293945 11.170000076293945 400
11.170000076293945 11.170000076293945 11.149999618530273 11.149999618530273 800
11.149999618530273 11.170000076293945 11.149999618530273 11.170000076293945 1900
11.170000076293945 11.170000076293945 11.168999671936035 11.170000076293945 400
11.199999809265137 11.199999809265137 11.199999809265137 11.199999809265137 400
11.069999694824219 11.168999671936035 11.069999694824219 11.168999671936035 600
11.170000076293945 11.170000076293945 11.170000076293945 11.170000076293945 400
11.199999809265137 11.199999809265137 11.069999694824219 11.189000129699707 900
11.1899995803833 11.25 11.15999984741211 11.170000076293945 6300
11.25 11.25 11.220000267028809 11.239999771118164 3300
11.289999961853027 11.289999961853027 11.210000038146973 11.21500015258789 2400
11.218999862670898 11.220000267028809 11.218999862670898 11.220000267028809 200
11.199999809265137 11.199999809265137 11.194999694824219 11.194999694824219 600
11.220000267028809 11.220000267028809 11.199999809265137 11.199999809265137 300
11.220000267028809 11.220000267028809 11.220000267028809 11.220000267028809 200
11.220000267028809 11.220000267028809 11.220000267028809 11.220000267028809 0
11.220000267028809 11.220000267028809 11.220000267028809 11.220000267028809 200
11.25 11.25 11.25 11.25 1500
11.300000190734863 11.300000190734863 11.300000190734863 11.300000190734863 400
11.350000381469727 11.350000381469727 11.350000381469727 11.350000381469727 600
11.350000381469727 11.350000381469727 11.350000381469727 11.350000381469727 200
11.350000381469727 11.350000381469727 11.350000381469727 11.350000381469727 200
11.350000381469727 11.350000381469727 11.270000457763672 11.338000297546387 10700
11.350000381469727 11.350000381469727 11.350000381469727 11.350000381469727 400
11.399999618530273 11.399999618530273 11.399999618530273 11.399999618530273 200
11.399999618530273 11.399999618530273 11.399999618530273 11.399999618530273 100
11.399999618530273 11.399999618530273 11.399999618530273 11.399999618530273 200
11.399999618530273 11.399999618530273 11.399999618530273 11.399999618530273 100
11.399999618530273 11.399999618530273 11.270000457763672 11.270000457763672 200
11.399999618530273 11.399999618530273 11.350000381469727 11.350000381469727 400
11.390000343322754 11.390000343322754 11.3100004196167 11.369999885559082 800
11.399999618530273 11.399999618530273 11.399999618530273 11.399999618530273 100
11.399999618530273 11.399999618530273 11.399999618530273 11.399999618530273 100
11.399999618530273 11.399999618530273 11.399999618530273 11.399999618530273 100
11.399999618530273 11.399999618530273 11.359999656677246 11.359999656677246 10200
11.369999885559082 11.380000114440918 11.369999885559082 11.369999885559082 111000
11.390000343322754 11.390000343322754 11.390000343322754 11.390000343322754 100
11.388999938964844 11.388999938964844 11.388999938964844 11.388999938964844 100
11.399999618530273 11.399999618530273 11.380000114440918 11.380000114440918 400
11.35099983215332 11.35099983215332 11.350000381469727 11.350000381469727 17000
11.350000381469727 11.350000381469727 11.350000381469727 11.350000381469727 200
11.350000381469727 11.350000381469727 11.350000381469727 11.350000381469727 100
11.350000381469727 11.350000381469727 11.350000381469727 11.350000381469727 91300
11.350000381469727 11.350000381469727 11.300000190734863 11.300000190734863 8000
11.321000099182129 11.321000099182129 11.321000099182129 11.321000099182129 500
11.319999694824219 11.34000015258789 11.319999694824219 11.34000015258789 400
11.34000015258789 11.34000015258789 11.319999694824219 11.329999923706055 87600
11.319999694824219 11.319999694824219 11.319999694824219 11.319999694824219 100
11.319999694824219 11.319999694824219 11.319999694824219 11.319999694824219 100
11.319999694824219 11.319999694824219 11.319999694824219 11.319999694824219 100
11.399999618530273 11.399999618530273 11.399999618530273 11.399999618530273 100
11.399999618530273 11.399999618530273 11.399999618530273 11.399999618530273 100
11.399999618530273 11.399999618530273 11.399999618530273 11.399999618530273 200
11.399999618530273 11.399999618530273 11.399999618530273 11.399999618530273 100
11.399999618530273 11.399999618530273 11.399999618530273 11.399999618530273 5200
11.399999618530273 11.439000129699707 11.399999618530273 11.43120002746582 10565
