24.37379817204774 24.37379817204774 24.057693481445312 24.057693481445312 90100
24.1451686224674 24.185922622680664 24.12528742003724 24.185922622680664 302400
23.89666015403007 23.929462432861328 23.89666015403007 23.929462432861328 11000
23.648149483443206 23.758485794067383 23.63820888241902 23.758485794067383 1800
23.648150190786552 23.863855361938477 23.648150190786552 23.863855361938477 4300
23.499042812649087 23.523895263671875 23.499042812649087 23.523895263671875 300
23.409579569378884 23.409579569378884 23.209779739379883 23.209779739379883 300
22.693873166938484 23.031846025692516 22.624290854131917 23.01991844177246 11800
22.683933346719996 22.834033966064453 22.683933346719996 22.834033966064453 3700
22.803218117519894 22.803218117519894 22.65411288913019 22.689897537231445 500
22.87280113760212 22.87280113760212 22.544768866621162 22.574588775634766 1200
22.82210350036621 22.82210350036621 22.82210350036621 22.82210350036621 100
22.614349900883514 22.614349900883514 22.505005184760392 22.529857635498047 32500
22.524887084960938 22.524887084960938 22.524887084960938 22.524887084960938 95100
22.683933048108216 22.743574760928567 22.683933048108216 22.698843002319336 39400
22.657094033423387 22.71375527323174 22.644172957656483 22.669023513793945 2900
22.654113559306648 22.71375527323174 22.654113559306648 22.669023513793945 2400
22.683932810969846 22.703814013694082 22.65411290285934 22.69784927368164 1700
22.713755062730762 22.713755062730762 22.68393325805664 22.68393325805664 900
22.683932587631972 22.71375439142471 22.683932587631972 22.70480728149414 13300
22.664052553800328 22.72369616446139 22.664052553800328 22.69387435913086 3900
22.669023802676712 22.72369616446139 22.664052553800328 22.69387435913086 2300
22.90262214858905 25.178966763211662 22.733635718125516 23.201826095581055 7200
22.902621469686046 22.9622631798535 22.781347274780273 22.781347274780273 34100
23.051728268812987 23.063655853271484 23.051728268812987 23.063655853271484 700
23.230655236146532 23.290296950207598 23.18095222778239 23.25252342224121 15700
23.300236617023717 23.359878328691824 23.230654304081618 23.264450073242188 27000
23.3499380570756 23.359878658489933 23.194868087768555 23.194868087768555 2200
23.41952054124513 23.605405807495117 23.41952054124513 23.605405807495117 1000
23.71773321360622 23.71773321360622 23.62826969501195 23.63821029663086 14600
23.757492974579893 23.876778294267545 23.7475523732746 23.847949981689453 15300
24.056699345193675 24.056699345193675 23.97618293762207 23.97618293762207 6800
24.184929669956087 24.214751474265466 23.991092681884766 23.991092681884766 6700
24.244571018400222 24.486122131347656 24.244571018400222 24.486122131347656 437800
24.4632600442697 24.512961153895546 24.40560531616211 24.40560531616211 2500
24.423498206338703 24.562662833299907 24.393678298261783 24.447355270385742 5300
24.6322480284625 24.6322480284625 23.846957554097454 23.899641036987305 4400
23.976182212068238 24.006002119760428 23.86286163330078 23.86286163330078 6500
24.194869981330484 24.224691785282346 23.91653883237398 24.186918258666992 1354000
24.25451278311356 24.44338042467693 24.21872813354405 24.364850997924805 37000
24.6819478905207 24.691888491765692 24.54874610900879 24.54874610900879 4900
24.363856756708497 24.37379735816652 24.11534740818553 24.125288009643555 2500
24.960279855157633 25.268430919944205 24.960279855157633 25.253520965576172 25400
25.268430500208062 25.41753572933922 25.268430500208062 25.393678665161133 16800
25.3976554814872 25.3976554814872 25.16902732849121 25.16902732849121 10400
25.303221603840072 25.381751027595204 25.149145126342773 25.149145126342773 354600
25.26843071053041 25.278371312018677 25.1531231460231 25.158092498779297 40600
24.821112052540165 25.06365854724235 24.821112052540165 24.98811149597168 5200
25.089503229895953 25.172008514404297 25.0398021193136 25.172008514404297 9100
25.08652173582688 25.2584905421686 25.019921790286922 25.246562957763672 7400
25.56664172205097 25.56664172205097 25.38771657933526 25.522905349731445 621900
25.49010106822805 25.709784004190766 25.45829228049851 25.585529327392578 15900
25.725687619703464 25.725687619703464 25.66505241394043 25.66505241394043 8100
25.467238616251716 25.467238616251716 24.900635714664293 25.22767448425293 65000
25.407595509740265 25.407595509740265 25.208789166569822 25.34795379638672 18100
25.218728531657273 25.87081527709961 25.149144324184633 25.87081527709961 11700
26.004017783217805 26.004017783217805 25.785330241545974 25.873798370361328 3900
25.735628163292343 25.86485408946916 25.735628163292343 25.86187171936035 21200
25.566640269721564 25.576580870859296 25.406600952148438 25.406600952148438 83800
25.218729283267976 25.218729283267976 25.019921047943946 25.125288009643555 5900
25.11932442845557 25.15411558421992 25.029860914782734 25.11435317993164 21100
24.831054228242284 25.28632354736328 22.35590128676986 25.28632354736328 2300
25.308191895965862 25.318132497719436 25.137218475341797 25.137218475341797 43400
25.178966371638932 25.43840980529785 25.178966371638932 25.43840980529785 12000
25.66604553224457 25.695867336990624 25.159086227416992 25.159086227416992 11200
25.69586760959264 25.736623507718516 25.506999969482422 25.506999969482422 2000
25.309999465942383 25.309999465942383 24.84000015258789 25.020000457763672 32600
24.5049991607666 24.694000244140625 24.475000381469727 24.694000244140625 3200
24.600000381469727 24.600000381469727 24.430999755859375 24.430999755859375 1300
24.450000762939453 24.549999237060547 24.450000762939453 24.464000701904297 20100
24.809999465942383 24.829999923706055 24.760000228881836 24.829999923706055 20800
24.540000915527344 24.601999282836914 24.360000610351562 24.601999282836914 4000
24.65999984741211 24.763999938964844 24.65999984741211 24.763999938964844 6400
24.760000228881836 24.889999389648438 24.760000228881836 24.801000595092773 90700
24.8700008392334 24.920000076293945 24.579999923706055 24.579999923706055 49500
24.780000686645508 24.8700008392334 24.760000228881836 24.82699966430664 11300
24.790000915527344 24.809999465942383 24.489999771118164 24.670000076293945 21300
24.631999969482422 24.684999465942383 24.489999771118164 24.684999465942383 161800
24.785999298095703 25.079999923706055 24.760000228881836 24.93000030517578 3700
22.440000534057617 24.687999725341797 22.440000534057617 24.60300064086914 13300
24.718000411987305 25.165000915527344 24.690000534057617 25.165000915527344 7300
25.3799991607666 25.3799991607666 25.107999801635742 25.107999801635742 5200
25.0 25.170000076293945 24.950000762939453 25.170000076293945 202700
25.309999465942383 25.461000442504883 25.295000076293945 25.461000442504883 67900
25.799999237060547 25.829999923706055 25.479999542236328 25.489999771118164 16200
25.420000076293945 26.84000015258789 25.420000076293945 26.583999633789062 13700
26.450000762939453 27.75 25.420000076293945 25.420000076293945 9900
25.260000228881836 25.43600082397461 24.950000762939453 24.95400047302246 10200
24.809999465942383 24.81999969482422 24.719999313354492 24.75200080871582 34300
24.709999084472656 25.04199981689453 24.670000076293945 25.04199981689453 14800
25.235000610351562 25.270000457763672 25.100000381469727 25.20800018310547 13100
25.180999755859375 25.240999221801758 25.180999755859375 25.240999221801758 5500
24.9950008392334 25.239999771118164 24.989999771118164 25.215999603271484 28400
25.270000457763672 25.39299964904785 25.209999084472656 25.39299964904785 40100
25.5 25.5 25.48900032043457 25.48900032043457 10300
25.440000534057617 25.450000762939453 25.25 25.25 15400
25.299999237060547 25.6299991607666 25.299999237060547 25.6200008392334 14000
25.59000015258789 25.850000381469727 25.530000686645508 25.832000732421875 17300
25.920000076293945 26.15999984741211 25.90999984741211 26.052000045776367 467700
25.850000381469727 25.90999984741211 25.690000534057617 25.729999542236328 30100
25.549999237060547 25.670000076293945 25.541000366210938 25.665000915527344 65300
25.549999237060547 25.850000381469727 25.450000762939453 25.84000015258789 338600
25.729999542236328 25.75 25.56999969482422 25.610000610351562 15000
25.780000686645508 25.81999969482422 25.34000015258789 25.400999069213867 10000
25.299999237060547 25.496999740600586 25.299999237060547 25.496999740600586 9300
25.719999313354492 25.756000518798828 25.690000534057617 25.743000030517578 10600
25.6299991607666 25.860000610351562 25.549999237060547 25.736000061035156 9100
25.59000015258789 25.77199935913086 25.579999923706055 25.77199935913086 2200
25.540000915527344 25.719999313354492 25.459999084472656 25.52400016784668 11800
25.389999389648438 25.530000686645508 25.3700008392334 25.52899932861328 369500
25.350000381469727 25.350000381469727 25.040000915527344 25.052000045776367 12700
25.059999465942383 25.170000076293945 24.950000762939453 24.992000579833984 8500
25.100000381469727 25.1299991607666 24.8799991607666 25.093000411987305 8700
24.799999237060547 24.954999923706055 24.719999313354492 24.899999618530273 32600
25.139999389648438 25.200000762939453 24.940000534057617 24.95199966430664 7700
24.93600082397461 25.05900001525879 24.8700008392334 24.90999984741211 15500
24.75 24.799999237060547 24.65999984741211 24.724000930786133 16100
24.600000381469727 24.90999984741211 24.600000381469727 24.895000457763672 5600
25.139999389648438 25.229999542236328 25.138999938964844 25.222000122070312 14100
25.309999465942383 25.309999465942383 25.149999618530273 25.170000076293945 13000
24.881000518798828 24.899999618530273 24.770000457763672 24.775999069213867 16900
24.770000457763672 24.812999725341797 24.729999542236328 24.812999725341797 5100
24.799999237060547 24.829999923706055 24.260000228881836 24.31100082397461 14400
24.030000686645508 24.1200008392334 23.809999465942383 23.889999389648438 123200
23.6200008392334 23.989999771118164 23.6200008392334 23.70800018310547 18000
24.079999923706055 24.079999923706055 23.8799991607666 24.049999237060547 234000
23.65999984741211 23.68000030517578 23.3799991607666 23.670000076293945 12700
23.649999618530273 23.899999618530273 23.610000610351562 23.8700008392334 227200
23.84000015258789 23.84000015258789 23.719999313354492 23.770999908447266 9600
23.809999465942383 23.950000762939453 23.809999465942383 23.937000274658203 16000
23.950000762939453 24.00200080871582 23.90999984741211 24.00200080871582 5600
24.059999465942383 24.15999984741211 23.868000030517578 23.868000030517578 9300
23.889999389648438 24.030000686645508 23.799999237060547 23.902999877929688 6600
23.8700008392334 23.985000610351562 23.791000366210938 23.985000610351562 6900
24.059999465942383 24.06999969482422 24.0 24.025999069213867 18500
24.020000457763672 24.06999969482422 23.959999084472656 24.034000396728516 13300
24.174999237060547 24.236000061035156 24.170000076293945 24.236000061035156 22600
24.33099937438965 24.350000381469727 24.260000228881836 24.32200050354004 79600
24.424999237060547 24.56999969482422 24.3799991607666 24.559999465942383 108100
24.530000686645508 24.559999465942383 24.459999084472656 24.541000366210938 11500
24.3799991607666 24.459999084472656 24.34000015258789 24.367000579833984 9800
24.299999237060547 24.329999923706055 24.23200035095215 24.29599952697754 18100
24.209999084472656 24.309999465942383 24.209999084472656 24.242000579833984 33600
24.200000762939453 24.34000015258789 24.200000762939453 24.31100082397461 30900
24.360000610351562 24.450000762939453 24.260000228881836 24.358999252319336 29100
24.440000534057617 24.489999771118164 24.322999954223633 24.322999954223633 21800
24.329999923706055 24.530000686645508 24.280000686645508 24.496000289916992 16000
24.450000762939453 24.510000228881836 24.260000228881836 24.382999420166016 21500
24.450000762939453 24.479000091552734 24.270000457763672 24.43000030517578 36600
24.469999313354492 24.520000457763672 24.40999984741211 24.499000549316406 24500
24.420000076293945 24.5 24.350000381469727 24.4950008392334 14600
24.43199920654297 24.43199920654297 24.309999465942383 24.3799991607666 14700
24.440000534057617 24.440000534057617 24.350000381469727 24.40399932861328 14000
24.40999984741211 24.510000228881836 24.399999618530273 24.489999771118164 12400
24.329999923706055 24.3700008392334 24.22599983215332 24.22599983215332 301300
24.18000030517578 24.18000030517578 23.975000381469727 23.996000289916992 6400
24.040000915527344 24.29199981689453 24.030000686645508 24.29199981689453 10000
24.459999084472656 24.520000457763672 24.389999389648438 24.47599983215332 18000
24.420000076293945 24.579999923706055 24.229999542236328 24.489999771118164 197700
24.030000686645508 24.18000030517578 24.0 24.124000549316406 31500
24.030000686645508 24.25 23.965999603271484 23.965999603271484 31800
23.844999313354492 24.020000457763672 23.81999969482422 23.871999740600586 111700
24.079999923706055 24.290000915527344 24.079999923706055 24.23900032043457 5500
24.270000457763672 24.270000457763672 24.139999389648438 24.183000564575195 2700
24.104999542236328 24.170000076293945 24.100000381469727 24.117000579833984 7600
24.209999084472656 24.219999313354492 24.020000457763672 24.165000915527344 10700
24.09000015258789 24.09000015258789 23.950000762939453 24.042999267578125 501200
24.104999542236328 24.104999542236328 23.969999313354492 24.066999435424805 53100
24.059999465942383 24.079999923706055 23.979999542236328 24.047000885009766 27900
24.020000457763672 24.020000457763672 23.729999542236328 23.739999771118164 15200
23.797000885009766 23.959999084472656 23.739999771118164 23.89299964904785 23600
23.84000015258789 24.003000259399414 23.809999465942383 24.003000259399414 20000
24.075000762939453 24.100000381469727 23.950000762939453 23.979000091552734 7100
24.010000228881836 24.040000915527344 23.8799991607666 23.92300033569336 119000
23.809999465942383 23.93000030517578 23.719999313354492 23.739999771118164 23600
23.579999923706055 23.59000015258789 23.496999740600586 23.496999740600586 8500
23.450000762939453 23.59000015258789 23.399999618530273 23.549999237060547 25900
23.559999465942383 23.809999465942383 23.559999465942383 23.788000106811523 11700
23.829999923706055 23.829999923706055 23.709999084472656 23.714000701904297 109200
23.68000030517578 23.75 23.56999969482422 23.722999572753906 5500
23.75 23.889999389648438 23.75 23.81800079345703 22500
24.040000915527344 24.280000686645508 24.030000686645508 24.25200080871582 29700
24.250999450683594 24.273000717163086 24.18000030517578 24.202999114990234 8200
24.149999618530273 24.209999084472656 24.1200008392334 24.209999084472656 22900
24.239999771118164 24.239999771118164 24.110000610351562 24.1200008392334 12700
24.18000030517578 24.360000610351562 24.18000030517578 24.31999969482422 15000
24.420000076293945 24.479999542236328 24.360000610351562 24.360000610351562 18700
24.459999084472656 24.606000900268555 24.43000030517578 24.594999313354492 15200
24.791000366210938 24.826000213623047 24.760000228881836 24.790000915527344 17700
24.860000610351562 24.860000610351562 24.700000762939453 24.791000366210938 14900
24.989999771118164 25.094999313354492 24.950000762939453 25.077999114990234 9600
25.1299991607666 25.155000686645508 24.780000686645508 25.034000396728516 20200
24.799999237060547 24.979999542236328 24.799999237060547 24.93000030517578 6700
24.8700008392334 24.940000534057617 24.829999923706055 24.8439998626709 8800
24.790000915527344 24.889999389648438 24.790000915527344 24.88599967956543 14000
24.770000457763672 24.78499984741211 24.690000534057617 24.70800018310547 17100
24.711000442504883 24.760000228881836 24.700000762939453 24.71500015258789 23400
24.79599952697754 24.972999572753906 24.79599952697754 24.972999572753906 2300
24.934999465942383 24.950000762939453 24.8799991607666 24.926000595092773 7800
24.8799991607666 25.059999465942383 24.8799991607666 25.052000045776367 7500
25.100000381469727 25.332000732421875 25.100000381469727 25.332000732421875 8300
25.290000915527344 25.38599967956543 25.290000915527344 25.38599967956543 7600
25.31999969482422 25.3700008392334 25.31999969482422 25.354999542236328 2800
25.110000610351562 25.173999786376953 25.0 25.170000076293945 37800
25.15999984741211 25.299999237060547 25.108999252319336 25.108999252319336 16000
25.139999389648438 25.239999771118164 25.139999389648438 25.229999542236328 20000
25.260000228881836 25.3799991607666 25.260000228881836 25.3799991607666 3900
25.600000381469727 25.600000381469727 25.5 25.5 10500
25.559999465942383 25.670000076293945 25.559999465942383 25.670000076293945 14800
25.670000076293945 25.68000030517578 25.6200008392334 25.652999877929688 5700
25.600000381469727 25.75 25.600000381469727 25.70199966430664 19900
25.719999313354492 25.820999145507812 25.719999313354492 25.820999145507812 24000
25.864999771118164 25.920000076293945 25.864999771118164 25.91200065612793 16000
25.889999389648438 25.920000076293945 25.8700008392334 25.881999969482422 13300
25.940000534057617 25.979999542236328 25.90999984741211 25.93199920654297 10900
25.979999542236328 26.100000381469727 25.979999542236328 26.06999969482422 12600
26.100000381469727 26.184999465942383 26.059999465942383 26.121000289916992 10600
26.06999969482422 26.200000762939453 26.059999465942383 26.10099983215332 10300
26.239999771118164 26.239999771118164 25.850000381469727 25.86400032043457 287000
26.0 26.033000946044922 25.940000534057617 26.014999389648438 358300
26.100000381469727 26.100000381469727 26.05500030517578 26.079999923706055 4300
26.06999969482422 26.079999923706055 25.959999084472656 26.000999450683594 1700
25.790000915527344 25.809999465942383 25.719999313354492 25.760000228881836 5300
25.600000381469727 25.725000381469727 25.600000381469727 25.663999557495117 7000
25.790000915527344 25.825000762939453 25.516000747680664 25.516000747680664 8600
25.639999389648438 25.739999771118164 25.6299991607666 25.739999771118164 11900
25.540000915527344 25.670000076293945 25.459999084472656 25.6299991607666 38300
25.690000534057617 25.719999313354492 25.559999465942383 25.591999053955078 15700
25.790000915527344 25.899999618530273 25.520000457763672 25.584999084472656 29800
25.6200008392334 25.65999984741211 25.549999237060547 25.604000091552734 20400
25.579999923706055 25.649999618530273 25.530000686645508 25.638999938964844 10300
25.510000228881836 25.510000228881836 25.299999237060547 25.34000015258789 22600
25.3700008392334 25.3700008392334 25.139999389648438 25.139999389648438 14300
25.209999084472656 25.209999084472656 24.979999542236328 24.982999801635742 12600
24.93000030517578 25.020000457763672 24.399999618530273 24.989999771118164 23600
25.059999465942383 25.059999465942383 24.8799991607666 25.0 4900
25.040000915527344 25.040000915527344 24.90999984741211 24.927000045776367 3200
24.920000076293945 25.06999969482422 24.920000076293945 25.052000045776367 5400
25.059999465942383 25.059999465942383 24.799999237060547 24.91900062561035 29700
24.989999771118164 25.100000381469727 24.8799991607666 25.038000106811523 3800
25.139999389648438 25.239999771118164 25.1200008392334 25.197999954223633 7600
25.149999618530273 25.3799991607666 25.149999618530273 25.3799991607666 4900
25.489999771118164 25.489999771118164 25.43000030517578 25.450000762939453 12200
25.440000534057617 25.510000228881836 25.34000015258789 25.3799991607666 20500
25.5 25.559999465942383 25.447999954223633 25.510000228881836 25900
25.309999465942383 25.31999969482422 25.277999877929688 25.277999877929688 1100
25.149999618530273 25.18899917602539 25.05299949645996 25.173999786376953 15000
25.18000030517578 25.260000228881836 25.149999618530273 25.18000030517578 14400
25.239999771118164 25.239999771118164 25.170000076293945 25.190000534057617 7600
25.29599952697754 25.29599952697754 25.209999084472656 25.23200035095215 20800
25.334999084472656 25.350000381469727 25.290000915527344 25.30699920654297 1300
25.329999923706055 25.329999923706055 25.15999984741211 25.200000762939453 9100
25.350000381469727 25.489999771118164 25.350000381469727 25.47100067138672 343600
25.40999984741211 25.469999313354492 25.275999069213867 25.275999069213867 27600
25.290000915527344 25.32699966430664 25.229999542236328 25.25 9500
25.125 25.170000076293945 25.108999252319336 25.170000076293945 29500
25.340999603271484 25.340999603271484 25.06999969482422 25.06999969482422 32000
24.875 24.889999389648438 24.649999618530273 24.649999618530273 37200
24.729999542236328 24.729999542236328 24.58099937438965 24.58099937438965 470700
24.56999969482422 24.649999618530273 24.530000686645508 24.649999618530273 14700
24.540000915527344 24.579999923706055 24.360000610351562 24.392000198364258 9200
24.459999084472656 24.5 24.290000915527344 24.43000030517578 21400
24.43000030517578 24.510000228881836 24.43000030517578 24.479000091552734 294600
24.510000228881836 24.510000228881836 24.270000457763672 24.304000854492188 761800
24.139999389648438 24.18000030517578 24.079999923706055 24.18000030517578 18600
24.09000015258789 24.09000015258789 23.989999771118164 24.010000228881836 7900
23.8700008392334 23.93000030517578 23.860000610351562 23.920000076293945 4900
23.940000534057617 23.96500015258789 23.89299964904785 23.96500015258789 4800
23.93000030517578 24.139999389648438 23.93000030517578 24.0939998626709 6700
24.139999389648438 24.274999618530273 24.139999389648438 24.250999450683594 7800
24.270000457763672 24.3799991607666 24.270000457763672 24.323999404907227 2800
24.290000915527344 24.290000915527344 24.170000076293945 24.253000259399414 16500
24.219999313354492 24.2549991607666 24.200000762939453 24.200000762939453 8600
24.239999771118164 24.270000457763672 24.219999313354492 24.260000228881836 9400
24.299999237060547 24.309999465942383 24.260000228881836 24.270000457763672 4400
24.270000457763672 24.299999237060547 24.270000457763672 24.275999069213867 22600
24.25 24.25 24.229999542236328 24.23900032043457 8900
24.25 24.25 24.149999618530273 24.158000946044922 20300
24.15999984741211 24.170000076293945 24.06999969482422 24.06999969482422 54700
23.989999771118164 24.09000015258789 23.989999771118164 24.059999465942383 5807
