17.0 17.0 17.0 17.0 0
20.5 21.489999771118164 18.25 19.68000030517578 2087900
19.469999313354492 19.469999313354492 17.93000030517578 18.0 322300
17.860000610351562 17.860000610351562 16.000999450683594 17.0 426600
16.809999465942383 17.479999542236328 16.329999923706055 16.799999237060547 182000
16.8799991607666 17.74799919128418 16.510000228881836 16.8799991607666 453100
16.8799991607666 18.360000610351562 16.350000381469727 16.75 267000
16.489999771118164 17.108999252319336 16.065000534057617 17.0 121300
17.190000534057617 18.344999313354492 16.799999237060547 17.43000030517578 180800
17.524999618530273 20.18000030517578 17.524999618530273 19.93000030517578 183100
19.889999389648438 20.780000686645508 18.639999389648438 18.969999313354492 105700
18.6299991607666 19.809999465942383 18.020999908447266 18.84000015258789 132300
18.600000381469727 19.743000030517578 18.549999237060547 18.969999313354492 73900
19.510000228881836 19.860000610351562 16.75 17.0 133500
17.0 17.440000534057617 16.579999923706055 17.0 70200
17.15999984741211 19.489999771118164 16.780000686645508 19.1200008392334 34300
19.190000534057617 19.860000610351562 18.454999923706055 19.450000762939453 49800
19.700000762939453 20.40999984741211 19.1200008392334 20.010000228881836 24800
20.360000610351562 20.649999618530273 18.59000015258789 19.3700008392334 31500
19.190000534057617 19.799999237060547 18.600000381469727 19.0 34500
18.709999084472656 18.709999084472656 17.510000228881836 17.75 41600
17.75 18.139999389648438 16.520000457763672 17.75 14900
18.040000915527344 18.084999084472656 17.00200080871582 17.059999465942383 35100
17.440000534057617 17.80500030517578 16.899999618530273 17.229999542236328 32400
17.31999969482422 17.600000381469727 16.399999618530273 16.65999984741211 73000
16.75 17.280000686645508 16.389999389648438 16.93000030517578 74400
17.06999969482422 18.040000915527344 16.729999542236328 17.3799991607666 87400
17.229999542236328 18.184999465942383 16.360000610351562 17.309999465942383 150100
17.170000076293945 18.113000869750977 17.049999237060547 17.399999618530273 74300
17.170000076293945 18.864999771118164 17.149999618530273 18.399999618530273 66400
18.420000076293945 18.520000457763672 17.829999923706055 17.829999923706055 14400
17.90999984741211 19.799999237060547 17.010000228881836 19.350000381469727 27200
19.18000030517578 22.780000686645508 18.729000091552734 22.389999389648438 37900
23.5 24.459999084472656 21.020000457763672 23.969999313354492 148900
24.594999313354492 24.594999313354492 22.510000228881836 23.1200008392334 102900
22.65999984741211 24.56800079345703 21.469999313354492 21.700000762939453 121000
21.690000534057617 22.309999465942383 20.875 21.809999465942383 121900
21.270000457763672 22.420000076293945 20.325000762939453 20.799999237060547 59100
20.690000534057617 21.34000015258789 20.014999389648438 20.68000030517578 61000
21.100000381469727 21.700000762939453 17.6200008392334 19.989999771118164 161000
19.200000762939453 20.6200008392334 19.200000762939453 20.0 78200
20.010000228881836 20.200000762939453 19.295000076293945 19.75 107700
19.424999237060547 19.59000015258789 18.5 19.020000457763672 128100
18.860000610351562 19.229999542236328 17.579999923706055 18.010000228881836 150700
18.229999542236328 18.729999542236328 17.760000228881836 18.229999542236328 94200
18.43000030517578 18.684999465942383 17.739999771118164 18.100000381469727 245000
17.780000686645508 18.989999771118164 17.780000686645508 18.3700008392334 137300
18.219999313354492 20.190000534057617 18.094999313354492 19.780000686645508 105000
19.850000381469727 20.139999389648438 18.510000228881836 19.0 95900
18.700000762939453 20.020000457763672 18.5 19.760000228881836 71000
19.760000228881836 20.489999771118164 18.670000076293945 19.0 105600
19.18000030517578 20.03499984741211 18.510000228881836 18.959999084472656 71300
18.8799991607666 20.094999313354492 17.871000289916992 18.920000076293945 132400
18.799999237060547 19.31999969482422 18.579999923706055 18.889999389648438 58000
18.639999389648438 19.6200008392334 17.260000228881836 19.5 93200
19.719999313354492 22.3799991607666 19.209999084472656 21.770000457763672 110300
21.34000015258789 22.125 20.299999237060547 20.989999771118164 139100
21.190000534057617 23.424999237060547 21.190000534057617 22.0 179800
21.75 22.40999984741211 21.1299991607666 21.559999465942383 128400
21.520000457763672 22.170000076293945 19.389999389648438 19.579999923706055 68300
19.729999542236328 20.969999313354492 19.450000762939453 20.510000228881836 57200
20.450000762939453 21.0 18.989999771118164 19.040000915527344 58600
19.040000915527344 21.014999389648438 19.040000915527344 20.420000076293945 123200
20.420000076293945 22.010000228881836 19.84000015258789 20.579999923706055 139400
20.540000915527344 21.90999984741211 18.3700008392334 19.799999237060547 141900
4.630000114440918 5.260000228881836 4.079999923706055 4.300000190734863 7496800
4.170000076293945 4.639999866485596 3.990000009536743 4.400000095367432 3513000
4.159999847412109 4.400000095367432 4.142000198364258 4.300000190734863 822500
4.199999809265137 4.309999942779541 3.9600000381469727 4.0 1219400
4.150000095367432 4.179999828338623 3.890000104904175 4.130000114440918 276400
4.099999904632568 4.199999809265137 3.9700000286102295 4.039999961853027 321400
4.300000190734863 4.300000190734863 4.050000190734863 4.210000038146973 271400
4.21999979019165 4.440000057220459 4.110000133514404 4.170000076293945 323200
4.199999809265137 4.239999771118164 4.099999904632568 4.179999828338623 171300
4.190000057220459 4.269999980926514 4.164000034332275 4.199999809265137 157800
4.159999847412109 4.329999923706055 4.099999904632568 4.300000190734863 312300
4.329999923706055 4.420000076293945 4.079999923706055 4.150000095367432 199200
4.150000095367432 4.46999979019165 4.150000095367432 4.340000152587891 158400
4.349999904632568 4.380000114440918 4.190000057220459 4.300000190734863 151000
4.289999961853027 4.329999923706055 4.190000057220459 4.199999809265137 66000
4.25 4.25 4.119999885559082 4.199999809265137 123100
4.190000057220459 4.329999923706055 4.175000190734863 4.300000190734863 105300
4.320000171661377 4.369999885559082 4.230000019073486 4.340000152587891 125700
4.360000133514404 4.559999942779541 4.28000020980835 4.489999771118164 203700
4.5 4.829999923706055 4.380000114440918 4.400000095367432 197400
4.400000095367432 4.420000076293945 4.21999979019165 4.360000133514404 202000
4.360000133514404 4.4679999351501465 4.329999923706055 4.400000095367432 206000
4.400000095367432 4.519999980926514 4.28000020980835 4.309999942779541 132800
4.349999904632568 4.369999885559082 4.284999847412109 4.320000171661377 123700
4.409999847412109 4.409999847412109 4.21999979019165 4.28000020980835 264900
4.25 4.289999961853027 4.105000019073486 4.25 234200
4.159999847412109 4.28000020980835 4.110000133514404 4.25 112400
4.25 4.289999961853027 4.210000038146973 4.25 71400
4.139999866485596 4.3429999351501465 4.139999866485596 4.269999980926514 86800
4.360000133514404 4.360000133514404 4.21999979019165 4.25 101800
4.260000228881836 4.454999923706055 4.239999771118164 4.369999885559082 83300
4.360000133514404 4.460000038146973 4.260000228881836 4.360000133514404 139100
4.420000076293945 4.53000020980835 4.309999942779541 4.449999809265137 122500
4.409999847412109 4.639999866485596 4.380000114440918 4.409999847412109 131500
4.360000133514404 4.400000095367432 4.295000076293945 4.340000152587891 91100
4.349999904632568 4.40500020980835 4.179999828338623 4.360000133514404 110800
4.329999923706055 4.369999885559082 4.289999961853027 4.309999942779541 56500
4.289999961853027 4.480000019073486 4.28000020980835 4.329999923706055 124800
4.329999923706055 4.389999866485596 4.295000076293945 4.309999942779541 65100
4.300000190734863 4.409999847412109 4.269999980926514 4.340000152587891 40800
4.309999942779541 4.46999979019165 4.289999961853027 4.320000171661377 93400
4.300000190734863 4.369999885559082 4.269999980926514 4.300000190734863 188400
4.25 4.300000190734863 4.235000133514404 4.269999980926514 64300
4.289999961853027 4.309999942779541 4.199999809265137 4.309999942779541 95200
4.25 4.300000190734863 4.099999904632568 4.25 81500
4.260000228881836 4.260000228881836 4.159999847412109 4.239999771118164 53200
4.289999961853027 4.289999961853027 4.199999809265137 4.25 74700
4.199999809265137 4.289999961853027 4.150000095367432 4.25 171200
4.25 4.25 4.150000095367432 4.199999809265137 65900
4.190000057220459 4.289999961853027 4.184999942779541 4.239999771118164 63000
4.239999771118164 4.260000228881836 4.150000095367432 4.25 73300
4.21999979019165 4.224999904632568 4.190000057220459 4.199999809265137 54900
4.239999771118164 4.239999771118164 4.150000095367432 4.199999809265137 64500
4.199999809265137 4.25 4.132999897003174 4.199999809265137 43200
4.210000038146973 4.329999923706055 4.210000038146973 4.25 28600
4.300000190734863 4.300000190734863 4.179999828338623 4.210000038146973 112000
4.230000019073486 4.300000190734863 3.9000000953674316 3.950000047683716 93200
3.9600000381469727 4.235000133514404 3.9000000953674316 3.950000047683716 79100
3.8499999046325684 4.300000190734863 3.75 4.059999942779541 138300
4.130000114440918 4.300000190734863 3.9600000381469727 3.9800000190734863 105100
3.9000000953674316 4.210000038146973 3.8499999046325684 4.079999923706055 1942300
4.070000171661377 4.199999809265137 3.930000066757202 4.0 64200
3.9700000286102295 4.135000228881836 3.930000066757202 4.070000171661377 125900
4.099999904632568 4.1529998779296875 3.9700000286102295 4.039999961853027 98500
4.079999923706055 4.21999979019165 4.050000190734863 4.170000076293945 50300
4.170000076293945 4.230000019073486 4.099999904632568 4.099999904632568 22700
4.130000114440918 4.269999980926514 4.019999980926514 4.190000057220459 72200
4.150000095367432 4.449999809265137 4.150000095367432 4.360000133514404 46600
4.360000133514404 4.480000019073486 4.239999771118164 4.289999961853027 85100
4.28000020980835 4.360000133514404 4.204999923706055 4.260000228881836 39000
4.329999923706055 4.449999809265137 4.230000019073486 4.360000133514404 187700
4.400000095367432 4.460000038146973 4.110000133514404 4.110000133514404 40300
4.150000095367432 4.295000076293945 4.090000152587891 4.119999885559082 88400
4.099999904632568 4.230000019073486 4.03000020980835 4.21999979019165 51400
4.230000019073486 4.409999847412109 4.090000152587891 4.179999828338623 41900
4.190000057220459 4.429999828338623 4.110000133514404 4.239999771118164 37100
4.269999980926514 4.400000095367432 4.139999866485596 4.369999885559082 31400
4.340000152587891 4.510000228881836 4.329999923706055 4.510000228881836 79700
4.550000190734863 4.565999984741211 4.449999809265137 4.5 50400
4.5 4.519999980926514 4.369999885559082 4.510000228881836 125800
4.5 4.519999980926514 4.340000152587891 4.389999866485596 27500
4.360000133514404 4.429999828338623 4.329999923706055 4.420000076293945 18900
4.449999809265137 4.590000152587891 4.400000095367432 4.5 47800
4.480000019073486 4.5 4.289999961853027 4.429999828338623 35100
4.449999809265137 4.557000160217285 4.304999828338623 4.449999809265137 65100
4.400000095367432 4.480000019073486 4.300000190734863 4.349999904632568 20600
4.309999942779541 4.380000114440918 4.199999809265137 4.269999980926514 29600
4.239999771118164 4.375 4.150000095367432 4.199999809265137 16200
4.210000038146973 4.28000020980835 4.150000095367432 4.28000020980835 24100
4.119999885559082 4.599999904632568 4.059999942779541 4.480000019073486 36800
4.5 4.699999809265137 4.460999965667725 4.650000095367432 39200
4.439000129699707 4.559999942779541 4.439000129699707 4.53000020980835 22500
4.519999980926514 4.993000030517578 4.489999771118164 4.96999979019165 42100
4.900000095367432 5.034999847412109 4.829999923706055 4.889999866485596 33000
4.900000095367432 5.099999904632568 4.739999771118164 4.869999885559082 28900
4.809999942779541 4.889999866485596 4.71999979019165 4.760000228881836 14900
4.744999885559082 4.860000133514404 4.599999904632568 4.789999961853027 34600
4.710000038146973 5.085000038146973 4.559999942779541 4.860000133514404 31500
4.860000133514404 5.019999980926514 4.75 4.940000057220459 18200
5.0 5.429999828338623 4.980000019073486 5.329999923706055 24300
5.150000095367432 5.400000095367432 4.820000171661377 4.940000057220459 20700
4.829999923706055 4.974999904632568 4.730000019073486 4.739999771118164 22700
4.690000057220459 4.84499979019165 4.489999771118164 4.570000171661377 19800
4.619999885559082 4.619999885559082 4.309999942779541 4.320000171661377 23300
4.349999904632568 4.760000228881836 4.330999851226807 4.360000133514404 29500
4.400000095367432 4.639999866485596 4.400000095367432 4.619999885559082 23000
4.71999979019165 5.0 4.570000171661377 4.820000171661377 26000
4.840000152587891 5.550000190734863 4.75 5.25 62800
5.170000076293945 5.539999961853027 5.110000133514404 5.199999809265137 48100
5.199999809265137 5.625 4.840000152587891 5.139999866485596 33600
5.090000152587891 5.320000171661377 5.090000152587891 5.110000133514404 19000
5.090000152587891 5.369999885559082 5.050000190734863 5.190000057220459 22700
5.190000057220459 5.460000038146973 4.900000095367432 5.139999866485596 67800
5.079999923706055 5.210000038146973 4.75 4.789999961853027 60800
4.71999979019165 4.900000095367432 4.599999904632568 4.659999847412109 355400
4.730000019073486 4.989999771118164 4.510000228881836 4.710000038146973 164500
4.699999809265137 5.159999847412109 4.699999809265137 4.820000171661377 85000
4.840000152587891 5.385000228881836 4.840000152587891 5.03000020980835 66200
5.360000133514404 5.360000133514404 5.090000152587891 5.21999979019165 39500
5.289999961853027 5.309999942779541 5.059999942779541 5.079999923706055 39100
5.019999980926514 5.320000171661377 5.010000228881836 5.050000190734863 21100
4.989999771118164 5.150000095367432 4.880000114440918 4.909999847412109 28400
4.929999828338623 5.309999942779541 4.78000020980835 5.110000133514404 38700
5.099999904632568 5.239999771118164 4.980000019073486 5.059999942779541 25800
5.059999942779541 5.210000038146973 4.900000095367432 5.110000133514404 62700
5.150000095367432 5.199999809265137 4.900000095367432 4.949999809265137 77100
4.949999809265137 5.440000057220459 4.940000057220459 5.0 93900
5.050000190734863 5.284999847412109 4.940000057220459 5.0 96900
5.0 5.269999980926514 4.980000019073486 5.150000095367432 72400
5.130000114440918 5.195000171661377 4.849999904632568 5.0 963200
4.940000057220459 4.980000019073486 4.849999904632568 4.869999885559082 36800
4.849999904632568 4.880000114440918 4.815000057220459 4.840000152587891 11700
4.809999942779541 4.840000152587891 4.75 4.829999923706055 15800
4.949999809265137 4.96999979019165 4.789999961853027 4.929999828338623 10300
4.949999809265137 5.010000228881836 4.760000228881836 4.809999942779541 33800
4.724999904632568 4.949999809265137 4.724999904632568 4.920000076293945 9400
4.869999885559082 5.0 4.869999885559082 4.960000038146973 18100
4.953000068664551 5.650000095367432 4.752999782562256 5.590000152587891 52700
5.619999885559082 5.670000076293945 5.25 5.539999961853027 67400
5.53000020980835 5.53000020980835 5.340000152587891 5.409999847412109 31300
5.320000171661377 5.590000152587891 5.309999942779541 5.5 64900
5.599999904632568 5.599999904632568 5.340000152587891 5.400000095367432 65400
5.360000133514404 5.449999809265137 5.289999961853027 5.380000114440918 43600
5.260000228881836 5.480000019073486 5.21999979019165 5.380000114440918 48200
5.269999980926514 5.679999828338623 5.230000019073486 5.269999980926514 78700
5.21999979019165 5.429999828338623 5.210000038146973 5.340000152587891 57700
5.340000152587891 5.409999847412109 5.199999809265137 5.309999942779541 39300
5.28000020980835 5.449999809265137 5.251999855041504 5.369999885559082 32900
5.420000076293945 5.710000038146973 5.349999904632568 5.579999923706055 42800
5.630000114440918 5.639999866485596 5.25 5.320000171661377 12700
5.260000228881836 6.25 5.260000228881836 5.599999904632568 920600
5.710000038146973 6.300000190734863 5.710000038146973 6.110000133514404 1992000
6.170000076293945 6.860000133514404 5.986000061035156 6.71999979019165 134100
6.71999979019165 6.829999923706055 6.440000057220459 6.699999809265137 135600
6.75 7.699999809265137 6.670000076293945 7.090000152587891 203800
7.079999923706055 7.215000152587891 6.769999980926514 6.849999904632568 39300
6.710000038146973 7.019999980926514 6.420000076293945 6.78000020980835 69800
6.670000076293945 6.835000038146973 6.324999809265137 6.639999866485596 40600
6.659999847412109 6.860000133514404 6.260000228881836 6.380000114440918 35700
6.03000020980835 7.09499979019165 5.849999904632568 6.679999828338623 124300
6.599999904632568 6.699999809265137 5.940000057220459 6.400000095367432 45600
6.449999809265137 6.710000038146973 6.26800012588501 6.710000038146973 96300
6.599999904632568 6.942999839782715 6.184999942779541 6.239999771118164 90700
6.309999942779541 6.619999885559082 5.940000057220459 6.28000020980835 48800
6.28000020980835 6.360000133514404 6.138999938964844 6.28000020980835 28700
6.230000019073486 6.389999866485596 6.089000225067139 6.28000020980835 29000
6.090000152587891 6.389999866485596 5.880000114440918 6.230000019073486 23600
6.130000114440918 6.534999847412109 5.980000019073486 6.380000114440918 33300
6.369999885559082 7.019999980926514 6.309999942779541 6.760000228881836 68400
6.800000190734863 6.809999942779541 6.519999980926514 6.579999923706055 11300
6.579999923706055 6.679999828338623 6.360000133514404 6.559999942779541 42900
6.800000190734863 7.039999961853027 6.5 6.590000152587891 90400
6.510000228881836 6.619999885559082 6.309999942779541 6.480000019073486 28200
6.539999961853027 6.630000114440918 6.420000076293945 6.5 53800
6.46999979019165 6.590000152587891 6.449999809265137 6.46999979019165 32100
6.420000076293945 6.579999923706055 6.420000076293945 6.480000019073486 74700
6.400000095367432 6.5 6.300000190734863 6.380000114440918 58400
6.400000095367432 6.400000095367432 5.900000095367432 6.070000171661377 300900
6.090000152587891 6.389999866485596 5.78000020980835 6.179999828338623 68600
6.190000057220459 6.190000057220459 5.5 5.690000057220459 351600
5.409999847412109 6.170000076293945 5.409999847412109 6.010000228881836 61500
6.010000228881836 6.590000152587891 5.900000095367432 6.5 168000
6.349999904632568 6.619999885559082 6.239999771118164 6.550000190734863 26500
6.559999942779541 6.630000114440918 6.159999847412109 6.230000019073486 173500
6.309999942779541 6.510000228881836 5.945000171661377 6.170000076293945 738300
6.105000019073486 6.489999771118164 5.920000076293945 6.210000038146973 97200
6.230000019073486 6.414999961853027 5.730000019073486 6.159999847412109 61500
6.079999923706055 6.46999979019165 6.074999809265137 6.28000020980835 330100
6.25 6.409999847412109 5.769999980926514 5.900000095367432 46300
6.110000133514404 6.304999828338623 5.96999979019165 6.190000057220459 82700
6.039999961853027 6.179999828338623 5.860000133514404 6.099999904632568 54900
6.0 6.300000190734863 6.0 6.170000076293945 21100
6.039999961853027 6.304999828338623 6.039999961853027 6.110000133514404 19900
6.0 6.03000020980835 5.824999809265137 5.96999979019165 38400
6.28000020980835 6.599999904632568 5.9629998207092285 6.230000019073486 691800
6.099999904632568 6.510000228881836 6.099999904632568 6.28000020980835 42600
6.199999809265137 6.449999809265137 6.059999942779541 6.21999979019165 27200
6.199999809265137 6.480000019073486 6.085000038146973 6.389999866485596 46400
6.199999809265137 6.440000057220459 5.96999979019165 6.409999847412109 168400
6.230000019073486 6.900000095367432 6.199999809265137 6.619999885559082 213000
6.570000171661377 7.150000095367432 6.510000228881836 7.099999904632568 94800
7.0 7.0 6.559999942779541 6.71999979019165 54000
6.650000095367432 6.710000038146973 6.295000076293945 6.630000114440918 47500
6.53000020980835 6.760000228881836 6.010000228881836 6.510000228881836 115200
6.5 7.0 6.195000171661377 6.449999809265137 373900
6.340000152587891 7.045000076293945 6.340000152587891 6.75 263900
6.619999885559082 6.710000038146973 6.420000076293945 6.53000020980835 110900
6.480000019073486 6.974999904632568 6.409999847412109 6.739999771118164 34500
6.639999866485596 7.409999847412109 6.460000038146973 7.199999809265137 79100
7.070000171661377 7.440000057220459 6.835000038146973 6.989999771118164 77700
6.849999904632568 6.849999904632568 6.159999847412109 6.400000095367432 50200
6.269999980926514 6.760000228881836 6.269999980926514 6.59499979019165 69500
6.619999885559082 6.789999961853027 6.480000019073486 6.760000228881836 57900
6.739999771118164 6.78000020980835 6.53000020980835 6.75 29591
