2.1008400917053223 2.1008400917053223 1.6706680059432983 1.6706680059432983 87465
1.8387349843978882 2.434973955154419 1.8387349843978882 2.1188480854034424 38984
2.2008800506591797 2.2008800506591797 1.9587839841842651 1.9607839584350586 14994
1.940775990486145 1.940775990486145 1.5526210069656372 1.676671028137207 24990
1.7607040405273438 1.800719976425171 1.7006800174713135 1.7927169799804688 21991
1.8687469959259033 1.8707480430603027 1.7947180271148682 1.7947180271148682 14494
1.808722972869873 1.8267309665679932 1.4005600214004517 1.6266510486602783 57477
1.5606240034103394 1.570628046989441 1.5606240034103394 1.570628046989441 16993
1.5406160354614258 1.698678970336914 1.5406160354614258 1.688675045967102 16993
1.686674952507019 1.686674952507019 1.5186070203781128 1.6206480264663696 2999
1.3225289583206177 1.6506600379943848 1.3225289583206177 1.624650001525879 90964
1.5526210069656372 1.6506600379943848 1.5526210069656372 1.600640058517456 11995
1.5986390113830566 1.600640058517456 1.3985589742660522 1.3985589742660522 14494
1.5986390113830566 1.5986390113830566 1.580631971359253 1.5986390113830566 21491
1.600640058517456 1.6206480264663696 1.600640058517456 1.6206480264663696 6497
1.600640058517456 1.7767109870910645 1.600640058517456 1.7707079648971558 13495
1.712684988975525 1.7306920289993286 1.600640058517456 1.600640058517456 69972
1.7607040405273438 1.7607040405273438 1.4765909910202026 1.4765909910202026 14994
1.460584044456482 1.698678970336914 1.356542944908142 1.6706680059432983 59976
1.6746699810028076 1.6746699810028076 1.600640058517456 1.600640058517456 16493
1.600640058517456 1.6746699810028076 1.5646259784698486 1.5646259784698486 27989
1.438575029373169 1.438575029373169 1.438575029373169 1.438575029373169 4998
1.6206480264663696 1.6206480264663696 1.460584044456482 1.460584044456482 3499
1.460584044456482 1.460584044456482 1.460584044456482 1.460584044456482 500
1.3445379734039307 1.500599980354309 1.3445379734039307 1.4625849723815918 12995
1.3405359983444214 1.3545420169830322 1.126451015472412 1.3405359983444214 15494
1.490596055984497 1.490596055984497 1.490596055984497 1.490596055984497 1499
1.360543966293335 1.4205679893493652 1.360543966293335 1.4205679893493652 1499
1.4205679893493652 1.4205679893493652 1.4205679893493652 1.4205679893493652 0
1.404561996459961 1.404561996459961 1.4005600214004517 1.4005600214004517 5998
1.350540041923523 1.350540041923523 1.350540041923523 1.350540041923523 1499
1.350540041923523 1.4885950088500977 1.350540041923523 1.4005600214004517 18493
1.3985589742660522 1.3985589742660522 1.3985589742660522 1.3985589742660522 3998
1.3985589742660522 1.3985589742660522 1.3985589742660522 1.3985589742660522 0
1.32853102684021 1.4585829973220825 1.32853102684021 1.32853102684021 2499
1.32853102684021 1.32853102684021 1.32853102684021 1.32853102684021 0
1.32853102684021 1.32853102684021 1.32853102684021 1.32853102684021 1000
1.32853102684021 1.32853102684021 1.32853102684021 1.32853102684021 0
1.4465789794921875 1.4465789794921875 1.3065229654312134 1.3065229654312134 2499
1.39055597782135 1.39055597782135 1.39055597782135 1.39055597782135 1000
1.2665070295333862 1.2665070295333862 1.2665070295333862 1.2665070295333862 500
1.270508050918579 1.270508050918579 1.0324130058288574 1.1124449968338013 12495
1.1884750127792358 1.1884750127792358 1.1884750127792358 1.1884750127792358 1000
1.3005199432373047 1.3945579528808594 1.3005199432373047 1.350540041923523 47981
1.350540041923523 1.4005600214004517 1.350540041923523 1.4005600214004517 41983
1.4005600214004517 1.4005600214004517 1.3005199432373047 1.3005199432373047 24490
1.3005199432373047 1.3005199432373047 1.3005199432373047 1.3005199432373047 500
1.350540041923523 1.350540041923523 1.350540041923523 1.350540041923523 1499
1.350540041923523 1.350540041923523 1.350540041923523 1.350540041923523 500
1.350540041923523 1.350540041923523 1.350540041923523 1.350540041923523 500
1.350540041923523 1.350540041923523 1.350540041923523 1.350540041923523 500
1.3105239868164062 1.3105239868164062 1.3105239868164062 1.3105239868164062 1499
1.3085230588912964 1.3105239868164062 1.3005199432373047 1.3005199432373047 14994
1.3005199432373047 1.3005199432373047 1.3005199432373047 1.3005199432373047 500
1.228490948677063 1.228490948677063 1.228490948677063 1.228490948677063 500
1.2304919958114624 1.2304919958114624 1.2004799842834473 1.2004799842834473 11995
1.2024810314178467 1.2024810314178467 1.1344540119171143 1.140455961227417 24990
1.1704679727554321 1.1904759407043457 1.042417049407959 1.1904759407043457 12495
1.2104840278625488 1.2104840278625488 1.2104840278625488 1.2104840278625488 4998
1.1904759407043457 1.1904759407043457 1.1904759407043457 1.1904759407043457 500
1.1904759407043457 1.1904759407043457 1.1904759407043457 1.1904759407043457 0
1.0224089622497559 1.2965190410614014 1.0104039907455444 1.1964789628982544 23990
1.2004799842834473 1.3005199432373047 1.1604640483856201 1.1604640483856201 2999
1.1064430475234985 1.16246497631073 1.1064430475234985 1.16246497631073 2499
1.1604640483856201 1.1964789628982544 1.1604640483856201 1.1964789628982544 2499
1.1964789628982544 1.1964789628982544 1.1964789628982544 1.1964789628982544 500
1.1964789628982544 1.1964789628982544 1.1964789628982544 1.1964789628982544 500
1.1364550590515137 1.1364550590515137 1.0003999471664429 1.0003999471664429 20992
1.0003999471664429 1.0003999471664429 1.0003999471664429 1.0003999471664429 1000
1.0003999471664429 1.0003999471664429 1.0003999471664429 1.0003999471664429 500
1.1204479932785034 1.1204479932785034 1.1204479932785034 1.1204479932785034 500
1.1204479932785034 1.2324930429458618 1.1204479932785034 1.1204479932785034 1499
1.1204479932785034 1.1204479932785034 1.1204479932785034 1.1204479932785034 500
1.1204479932785034 1.1204479932785034 1.1204479932785034 1.1204479932785034 500
1.1204479932785034 1.1204479932785034 1.1204479932785034 1.1204479932785034 500
1.1204479932785034 1.1204479932785034 1.1204479932785034 1.1204479932785034 500
1.1204479932785034 1.1204479932785034 1.1204479932785034 1.1204479932785034 0
1.0604239702224731 1.0604239702224731 1.0604239702224731 1.0604239702224731 500
1.0604239702224731 1.0604239702224731 1.0604239702224731 1.0604239702224731 500
1.0003999471664429 1.0003999471664429 1.0003999471664429 1.0003999471664429 1499
1.0003999471664429 1.0003999471664429 1.0003999471664429 1.0003999471664429 500
1.2925169467926025 1.2925169467926025 1.16246497631073 1.16246497631073 4998
1.16246497631073 1.16246497631073 1.16246497631073 1.16246497631073 500
1.218487024307251 1.218487024307251 1.218487024307251 1.218487024307251 1000
1.2004799842834473 1.2424969673156738 1.2004799842834473 1.2004799842834473 21991
1.2004799842834473 1.2004799842834473 1.2004799842834473 1.2004799842834473 500
1.184473991394043 1.184473991394043 1.184473991394043 1.184473991394043 500
1.250499963760376 1.5206079483032227 1.2104840278625488 1.2104840278625488 18493
1.0044020414352417 1.1004400253295898 1.0003999471664429 1.1004400253295898 7997
1.1464589834213257 1.1464589834213257 1.1464589834213257 1.1464589834213257 5498
1.3005199432373047 1.5746300220489502 1.3005199432373047 1.3665469884872437 18493
1.5846339464187622 1.6086430549621582 1.2024810314178467 1.5306119918823242 78968
1.6046420335769653 1.6046420335769653 1.4525810480117798 1.4585829973220825 13495
1.4585829973220825 1.5926369428634644 1.4025609493255615 1.4025609493255615 22991
1.5046019554138184 1.5306119918823242 1.34653902053833 1.4005600214004517 40984
1.3745499849319458 1.4645860195159912 1.2244900465011597 1.2825130224227905 19492
1.3005199432373047 1.3005199432373047 1.0244100093841553 1.270508050918579 10496
1.1024409532546997 1.456583023071289 1.1024409532546997 1.2004799842834473 8996
1.2004799842834473 1.2004799842834473 1.2004799842834473 1.2004799842834473 500
1.2004799842834473 1.2004799842834473 1.2004799842834473 1.2004799842834473 1499
1.2004799842834473 1.2004799842834473 1.2004799842834473 1.2004799842834473 2499
1.2004799842834473 1.2004799842834473 1.2004799842834473 1.2004799842834473 500
1.2004799842834473 1.2004799842834473 1.2004799842834473 1.2004799842834473 1000
1.2004799842834473 1.2004799842834473 1.2004799842834473 1.2004799842834473 500
1.250499963760376 1.3785510063171387 1.250499963760376 1.3485389947891235 7997
1.4105639457702637 1.9787919521331787 1.4105639457702637 1.906762957572937 225910
1.9007600545883179 1.9167670011520386 1.6206480264663696 1.800719976425171 89464
1.9007600545883179 1.9007600545883179 1.548619031906128 1.548619031906128 52479
1.7847139835357666 1.7887150049209595 1.5206079483032227 1.6506600379943848 34986
1.7486989498138428 1.7486989498138428 1.5606240034103394 1.7066830396652222 9496
1.74269700050354 1.74269700050354 1.548619031906128 1.6666669845581055 13994
1.6806720495224 1.7887150049209595 1.624650001525879 1.7747100591659546 41483
1.6306519508361816 1.7807120084762573 1.600640058517456 1.768707036972046 12995
1.7567030191421509 1.7767109870910645 1.7386950254440308 1.7386950254440308 6497
1.6486589908599854 1.7406959533691406 1.5726289749145508 1.5726289749145508 24490
1.688675045967102 1.688675045967102 1.55862295627594 1.6346540451049805 5998
1.5406160354614258 1.6366549730300903 1.5406160354614258 1.6366549730300903 5998
1.5166070461273193 1.624650001525879 1.5026010274887085 1.5966390371322632 12495
1.5686269998550415 1.5946379899978638 1.500599980354309 1.5946379899978638 12995
1.600640058517456 1.7006800174713135 1.600640058517456 1.7006800174713135 4998
1.7046819925308228 1.7046819925308228 1.668666958808899 1.668666958808899 5498
1.6606639623641968 1.688675045967102 1.570628046989441 1.6606639623641968 18493
1.6446579694747925 1.6446579694747925 1.5326130390167236 1.5326130390167236 6497
1.5386149883270264 1.602640986442566 1.5326130390167236 1.600640058517456 18992
1.5986390113830566 1.5986390113830566 1.4405759572982788 1.5406160354614258 21991
1.3145259618759155 1.500599980354309 1.3145259618759155 1.466586947441101 9496
1.4965989589691162 1.4965989589691162 1.3345340490341187 1.4305720329284668 9996
1.4005600214004517 1.468587040901184 1.3405359983444214 1.468587040901184 2499
1.3405359983444214 1.3405359983444214 1.2845139503479004 1.2845139503479004 5498
1.3105239868164062 1.4065630435943604 1.2805119752883911 1.4065630435943604 6497
1.4065630435943604 1.4065630435943604 1.4065630435943604 1.4065630435943604 500
1.4005600214004517 1.800719976425171 1.4005600214004517 1.7006800174713135 14494
2.0007998943328857 2.0007998943328857 1.6186469793319702 1.766706943511963 10996
2.0828330516815186 2.0828330516815186 1.602640986442566 1.7466989755630493 39484
1.6286510229110718 1.7486989498138428 1.5906360149383545 1.7486989498138428 5998
1.7486989498138428 1.7486989498138428 1.7486989498138428 1.7486989498138428 500
1.7386950254440308 1.9747899770736694 1.7386950254440308 1.8487390279769897 7997
1.6746699810028076 1.8507399559020996 1.6746699810028076 1.800719976425171 5998
1.7386950254440308 1.8947579860687256 1.7146860361099243 1.8407360315322876 7997
1.7827130556106567 1.830731987953186 1.6346540451049805 1.6346540451049805 24990
1.720687985420227 1.7807120084762573 1.6786710023880005 1.7406959533691406 5998
1.676671028137207 1.676671028137207 1.6426570415496826 1.6426570415496826 2499
1.690675973892212 1.7727090120315552 1.6406559944152832 1.7727090120315552 5998
1.734694004058838 1.74269700050354 1.734694004058838 1.74269700050354 3998
1.690675973892212 1.7306920289993286 1.690675973892212 1.7306920289993286 7997
1.7887150049209595 1.7887150049209595 1.7887150049209595 1.7887150049209595 1000
1.800719976425171 1.800719976425171 1.7106839418411255 1.7506999969482422 5998
1.7907160520553589 1.9007600545883179 1.5866349935531616 1.6926770210266113 143942
1.9007600545883179 2.0428171157836914 1.5926369428634644 1.7286909818649292 38984
1.7146860361099243 1.7466989755630493 1.5926369428634644 1.5926369428634644 9996
1.4305720329284668 1.6126450300216675 1.240496039390564 1.4405759572982788 48481
1.5966390371322632 1.5966390371322632 1.4205679893493652 1.5726289749145508 16993
1.4205679893493652 1.5646259784698486 1.382552981376648 1.382552981376648 12995
1.34653902053833 1.6206480264663696 1.34653902053833 1.4505800008773804 13495
1.3525409698486328 1.4005600214004517 1.3405359983444214 1.3405359983444214 17993
1.360543966293335 1.4965989589691162 1.358543038368225 1.4965989589691162 12495
1.4065630435943604 1.6226489543914795 1.380552053451538 1.6226489543914795 12995
1.5966390371322632 1.5966390371322632 1.3005199432373047 1.4945980310440063 14994
1.4885950088500977 1.4885950088500977 1.3325330018997192 1.4005600214004517 13994
1.3965590000152588 1.3985589742660522 1.3225289583206177 1.39055597782135 9496
1.4005600214004517 1.4005600214004517 1.358543038368225 1.358543038368225 4998
1.39055597782135 1.39055597782135 1.3005199432373047 1.3005199432373047 4998
1.316527009010315 1.3745499849319458 1.3005199432373047 1.3745499849319458 6497
1.270508050918579 1.3405359983444214 1.2424969673156738 1.3005199432373047 15994
1.3945579528808594 1.3945579528808594 1.380552053451538 1.3945579528808594 21991
1.4005600214004517 1.5726289749145508 1.4005600214004517 1.5206079483032227 30988
1.470587968826294 1.470587968826294 1.3625450134277344 1.3625450134277344 2499
1.5206079483032227 1.5206079483032227 1.3765510320663452 1.5206079483032227 15994
1.4885950088500977 1.5186070203781128 1.412564992904663 1.5186070203781128 14994
1.500599980354309 1.500599980354309 1.448578953742981 1.448578953742981 1999
1.4505800008773804 1.4505800008773804 1.3545420169830322 1.4305720329284668 6997
1.3625450134277344 1.4005600214004517 1.3545420169830322 1.4005600214004517 4998
1.4065630435943604 1.4065630435943604 1.4065630435943604 1.4065630435943604 2499
1.3845540285110474 1.3845540285110474 1.3845540285110474 1.3845540285110474 2999
1.350540041923523 1.470587968826294 1.3365349769592285 1.470587968826294 5498
1.350540041923523 1.470587968826294 1.3365349769592285 1.470587968826294 500
1.478590965270996 1.478590965270996 1.3225289583206177 1.3225289583206177 32487
1.360543966293335 1.360543966293335 1.3525409698486328 1.3545420169830322 6997
1.3005199432373047 1.4445780515670776 1.2444980144500732 1.324530005455017 15994
1.3985589742660522 1.3985589742660522 1.3985589742660522 1.3985589742660522 2999
1.3225289583206177 1.324530005455017 1.3205280303955078 1.324530005455017 7497
1.4005600214004517 1.4005600214004517 1.4005600214004517 1.4005600214004517 1499
1.360543966293335 1.360543966293335 1.3205280303955078 1.3225289583206177 9996
1.3405359983444214 1.3405359983444214 1.2384949922561646 1.2384949922561646 16993
1.2645059823989868 1.39055597782135 1.2645059823989868 1.39055597782135 5998
1.39055597782135 1.39055597782135 1.39055597782135 1.39055597782135 0
1.39055597782135 1.39055597782135 1.39055597782135 1.39055597782135 0
1.2545020580291748 1.338534951210022 1.2545020580291748 1.2885149717330933 6497
1.2885149717330933 1.2885149717330933 1.2885149717330933 1.2885149717330933 0
1.3185269832611084 1.3185269832611084 1.3185269832611084 1.3185269832611084 1000
1.3305319547653198 1.360543966293335 1.3005199432373047 1.302520990371704 6997
1.302520990371704 1.302520990371704 1.302520990371704 1.302520990371704 0
1.302520990371704 1.302520990371704 1.302520990371704 1.302520990371704 0
1.2244900465011597 1.2825130224227905 1.2244900465011597 1.2565029859542847 7997
1.2565029859542847 1.2565029859542847 1.2565029859542847 1.2565029859542847 0
1.3205280303955078 1.500599980354309 1.3205280303955078 1.4205679893493652 121951
1.4225690364837646 1.6206480264663696 1.34653902053833 1.5206079483032227 107957
1.632652997970581 1.632652997970581 1.4405759572982788 1.4805920124053955 47481
1.600640058517456 1.600640058517456 1.4805920124053955 1.500599980354309 88465
1.470587968826294 1.548619031906128 1.470587968826294 1.544618010520935 26989
1.5626250505447388 1.8067229986190796 1.4405759572982788 1.4405759572982788 159436
1.4405759572982788 1.492596983909607 1.4225690364837646 1.460584044456482 60476
1.4205679893493652 1.4305720329284668 1.4005600214004517 1.4025609493255615 89464
1.4145660400390625 1.5526210069656372 1.4105639457702637 1.4465789794921875 45982
1.4025609493255615 1.492596983909607 1.4025609493255615 1.426571011543274 23990
1.4845939874649048 1.4845939874649048 1.360543966293335 1.39055597782135 41983
1.3405359983444214 1.3705480098724365 1.3065229654312134 1.3525409698486328 7997
1.3405359983444214 1.34653902053833 1.2264909744262695 1.2645059823989868 28489
1.2825130224227905 1.2885149717330933 1.250499963760376 1.272508978843689 10996
1.2685070037841797 1.2965190410614014 1.2204879522323608 1.250499963760376 56477
1.2925169467926025 1.3085230588912964 1.1924769878387451 1.206483006477356 78968
1.272508978843689 1.272508978843689 1.2004799842834473 1.2004799842834473 36485
1.272508978843689 1.272508978843689 1.0624250173568726 1.0724289417266846 122951
1.1244499683380127 1.360543966293335 1.1244499683380127 1.250499963760376 106957
1.382552981376648 1.460584044456482 1.1924769878387451 1.2324930429458618 84466
1.3065229654312134 1.3065229654312134 1.2965190410614014 1.2965190410614014 10996
1.2885149717330933 1.2885149717330933 1.096439003944397 1.096439003944397 182927
1.1904759407043457 1.1904759407043457 1.0224089622497559 1.0364149808883667 120952
1.0404160022735596 1.0404160022735596 0.7963190078735352 0.9483789801597595 104458
0.9803919792175293 1.0164070129394531 0.8703479766845703 0.9783909916877747 28988
0.9083629846572876 0.9603840112686157 0.8323330283164978 0.9123650193214417 36985
0.8803520202636719 0.8803520202636719 0.8323330283164978 0.8623449802398682 10496
0.8423370122909546 0.8803520202636719 0.668267011642456 0.690276026725769 106457
0.7282909750938416 0.854341983795166 0.7242900133132935 0.7603039741516113 111955
0.8363350033760071 0.8363350033760071 0.7262910008430481 0.7322930097579956 64974
0.7322930097579956 0.9463790059089661 0.7322930097579956 0.8223289847373962 108956
0.8983590006828308 1.0784310102462769 0.8303319811820984 0.9963989853858948 88465
0.9823930263519287 1.2204879522323608 0.9383749961853027 1.1044420003890991 84966
1.1864750385284424 1.1924769878387451 1.1324529647827148 1.1884750127792358 19992
1.16246497631073 1.3005199432373047 1.1604640483856201 1.214486002922058 64974
1.2444980144500732 1.2825130224227905 1.0824329853057861 1.1144460439682007 41483
1.118446946144104 1.218487024307251 1.118446946144104 1.218487024307251 16493
1.2484990358352661 1.2484990358352661 1.118446946144104 1.214486002922058 30488
1.2044819593429565 1.2484990358352661 1.2044819593429565 1.2444980144500732 5498
1.2985190153121948 1.2985190153121948 1.2004799842834473 1.2204879522323608 18493
1.272508978843689 1.5526210069656372 1.272508978843689 1.4365750551223755 101459
1.4205679893493652 1.4205679893493652 1.2484990358352661 1.2484990358352661 46481
1.228490948677063 1.316527009010315 1.2244900465011597 1.2244900465011597 8747
1.2164870500564575 1.2805119752883911 1.2164870500564575 1.2204879522323608 7247
1.1804720163345337 1.2004799842834473 1.1804720163345337 1.2004799842834473 1499
1.184473991394043 1.4085630178451538 1.1644660234451294 1.4085630178451538 37235
1.3205280303955078 1.3205280303955078 1.020408034324646 1.152461051940918 26989
1.1444580554962158 1.1564630270004272 1.1324529647827148 1.1364550590515137 7247
1.2244900465011597 1.2244900465011597 1.1364550590515137 1.1644660234451294 1749
1.0484189987182617 1.1204479932785034 1.0484189987182617 1.1124449968338013 3998
1.1884750127792358 1.380552053451538 1.1044420003890991 1.2004799842834473 24990
1.1924769878387451 1.1924769878387451 1.0644259452819824 1.0884350538253784 5498
1.1244499683380127 1.1244499683380127 1.1244499683380127 1.1244499683380127 2249
1.368546962738037 1.368546962738037 1.1244499683380127 1.1444580554962158 4498
1.1204479932785034 1.2044819593429565 1.1164469718933105 1.2044819593429565 6997
1.1124449968338013 1.1644660234451294 1.0404160022735596 1.1164469718933105 9996
1.140455961227417 1.140455961227417 1.1204479932785034 1.1244499683380127 5498
1.0604239702224731 1.108443021774292 1.0604239702224731 1.0804320573806763 3499
1.0604239702224731 1.1164469718933105 1.0604239702224731 1.1164469718933105 6997
1.1244499683380127 1.1244499683380127 1.1204479932785034 1.1204479932785034 1000
1.1604640483856201 1.1604640483856201 1.1604640483856201 1.1604640483856201 5748
1.1604640483856201 1.1604640483856201 1.1604640483856201 1.1604640483856201 0
1.0804320573806763 1.0804320573806763 1.0804320573806763 1.0804320573806763 1000
1.0604239702224731 1.0764310359954834 1.0604239702224731 1.0644259452819824 17743
1.1004400253295898 1.140455961227417 1.1004400253295898 1.140455961227417 1999
1.1484589576721191 1.1484589576721191 1.0804320573806763 1.1124449968338013 4248
1.0764310359954834 1.0764310359954834 1.0764310359954834 1.0764310359954834 750
1.0764310359954834 1.0764310359954834 1.0764310359954834 1.0764310359954834 0
1.0644259452819824 1.0644259452819824 1.0404160022735596 1.0564229488372803 3499
1.020408034324646 1.1204479932785034 1.020408034324646 1.1204479932785034 7997
1.152461051940918 1.2124849557876587 1.140455961227417 1.1804720163345337 19742
1.108443021774292 1.108443021774292 1.096439003944397 1.096439003944397 8996
1.1964789628982544 1.1964789628982544 1.1324529647827148 1.1324529647827148 3499
1.1324529647827148 1.236495018005371 1.0604239702224731 1.0604239702224731 13495
1.052420973777771 1.0604239702224731 1.052420973777771 1.052420973777771 5498
1.0484189987182617 1.0484189987182617 1.0444179773330688 1.0484189987182617 1999
1.0484189987182617 1.0604239702224731 1.0484189987182617 1.0604239702224731 1000
1.0604239702224731 1.0604239702224731 1.0604239702224731 1.0604239702224731 1250
1.0604239702224731 1.2525010108947754 1.0604239702224731 1.2525010108947754 16244
1.2484990358352661 1.2484990358352661 1.0804320573806763 1.0804320573806763 8247
1.240496039390564 1.240496039390564 0.9803919792175293 0.9803919792175293 27989
1.0003999471664429 1.1964789628982544 1.0003999471664429 1.1604640483856201 26989
1.0444179773330688 1.1764709949493408 0.9443780183792114 0.9443780183792114 41234
0.9923970103263855 1.1644660234451294 0.9923970103263855 1.0804320573806763 45232
1.152461051940918 1.1564630270004272 1.0364149808883667 1.1324529647827148 12245
1.1484589576721191 1.1484589576721191 1.1484589576721191 1.1484589576721191 1499
1.0244100093841553 1.0244100093841553 0.9683870077133179 1.020408034324646 33986
1.0244100093841553 1.2605040073394775 1.0044020414352417 1.0404160022735596 25990
1.0404160022735596 1.0404160022735596 1.0404160022735596 1.0404160022735596 0
1.2044819593429565 1.9007600545883179 1.008402943611145 1.2164870500564575 3539334
1.0844340324401855 1.380552053451538 1.0844340324401855 1.3045220375061035 289134
1.2805119752883911 1.32853102684021 1.2044819593429565 1.3085230588912964 63475
1.2565029859542847 1.2765109539031982 1.1924769878387451 1.2084829807281494 50230
1.2164870500564575 1.2164870500564575 1.152461051940918 1.1604640483856201 19992
1.1644660234451294 1.2324930429458618 1.1204479932785034 1.140455961227417 38984
1.1244499683380127 1.140455961227417 1.108443021774292 1.1124449968338013 16993
1.108443021774292 1.1244499683380127 1.0804320573806763 1.108443021774292 40234
1.0844340324401855 1.140455961227417 1.0844340324401855 1.1204479932785034 16743
1.096439003944397 1.1204479932785034 1.0804320573806763 1.0884350538253784 13245
1.0644259452819824 1.0924370288848877 1.0444179773330688 1.0484189987182617 40734
1.0884350538253784 1.0884350538253784 1.0884350538253784 1.0884350538253784 1250
1.0444179773330688 1.0844340324401855 1.0044020414352417 1.020408034324646 21242
1.0564229488372803 1.0644259452819824 0.9723889827728271 1.0003999471664429 55978
1.0003999471664429 1.020408034324646 0.9243699908256531 1.0003999471664429 12245
0.9803919792175293 0.9923970103263855 0.8443379998207092 0.9523810148239136 29738
0.9323729872703552 0.964385986328125 0.9003599882125854 0.9563829898834229 33237
0.9723889827728271 0.9803919792175293 0.8643460273742676 0.9003599882125854 36485
0.9323729872703552 0.9603840112686157 0.9203680157661438 0.9563829898834229 14494
0.9443780183792114 0.9963989853858948 0.9443780183792114 0.9523810148239136 14494
0.888355016708374 0.9483789801597595 0.888355016708374 0.928371012210846 6497
0.9923970103263855 0.9923970103263855 0.928371012210846 0.928371012210846 2249
0.9363750219345093 0.9443780183792114 0.9043620228767395 0.9203680157661438 20242
0.928371012210846 0.928371012210846 0.928371012210846 0.928371012210846 1499
0.876350998878479 0.876350998878479 0.8283309936523438 0.8283309936523438 12995
0.9923970103263855 0.9923970103263855 0.9163669943809509 0.9563829898834229 42233
0.9083629846572876 0.9123650193214417 0.8403360247612 0.8403360247612 96961
0.8723490238189697 0.8723490238189697 0.8403360247612 0.8403360247612 33237
0.8443379998207092 0.8483390212059021 0.7603039741516113 0.7963190078735352 40734
0.8043220043182373 0.8043220043182373 0.800320029258728 0.800320029258728 7247
0.7803120017051697 0.7883149981498718 0.6162459850311279 0.6722689867019653 163435
0.7122849822044373 0.7122849822044373 0.6722689867019653 0.6762710213661194 42733
0.7322930097579956 0.7563030123710632 0.668267011642456 0.7002800107002258 21491
0.7002800107002258 1.0804320573806763 0.6602640151977539 0.928371012210846 247901
0.9923970103263855 1.1804720163345337 0.8083230257034302 0.8563429713249207 293383
0.9403759837150574 0.9403759837150574 0.800320029258728 0.8043220043182373 31487
0.8043220043182373 0.8083230257034302 0.800320029258728 0.800320029258728 10746
0.800320029258728 0.800320029258728 0.6642659902572632 0.708283007144928 101959
0.7523009777069092 0.9243699908256531 0.7523009777069092 0.8243299722671509 123701
0.8403360247612 0.8723490238189697 0.800320029258728 0.8443379998207092 40484
0.8403360247612 0.8403360247612 0.7603039741516113 0.7643060088157654 20242
0.8203279972076416 0.8203279972076416 0.7683069705963135 0.8083230257034302 46981
1.9007600545883179 3.0812320709228516 1.2605040073394775 1.580631971359253 29728604
2.300920009613037 2.3209280967712402 1.600640058517456 2.104841947555542 10138443
1.7607040405273438 1.7607040405273438 1.2004799842834473 1.3365349769592285 2456767
1.0003999471664429 1.0404160022735596 0.7883149981498718 0.9003599882125854 1489904
0.9803919792175293 1.0604239702224731 0.8843539953231812 0.9123650193214417 701219
0.8803520202636719 0.8803520202636719 0.7482990026473999 0.8043220043182373 771941
0.8403360247612 0.8403360247612 0.6242499947547913 0.6842740178108215 1002099
0.7202879786491394 0.784313976764679 0.7002800107002258 0.7122849822044373 578768
0.8083230257034302 0.8403360247612 0.6722689867019653 0.7202879786491394 658986
0.7402960062026978 0.7523009777069092 0.668267011642456 0.7202879786491394 775440
0.696278989315033 0.7643060088157654 0.6882749795913696 0.7282909750938416 579268
0.7683069705963135 0.7803120017051697 0.7122849822044373 0.7523009777069092 607757
0.744297981262207 0.7603039741516113 0.6642659902572632 0.7122849822044373 423081
0.7242900133132935 0.7603039741516113 0.7042819857597351 0.744297981262207 350860
0.7683069705963135 0.8963590264320374 0.7683069705963135 0.8163269758224487 751949
0.8363350033760071 0.8363350033760071 0.6642659902572632 0.7202879786491394 258397
0.7282909750938416 0.8523409962654114 0.7282909750938416 0.7923169732093811 654238
0.800320029258728 0.8643460273742676 0.7563030123710632 0.8283309936523438 261895
0.8323330283164978 0.8963590264320374 0.8123250007629395 0.8563429713249207 431078
0.8403360247612 0.8563429713249207 0.784313976764679 0.8483390212059021 146941
0.8363350033760071 0.876350998878479 0.8163269758224487 0.8683469891548157 383846
1.4805920124053955 1.5206079483032227 1.2324930429458618 1.360543966293335 19640891
1.3005199432373047 1.3845540285110474 1.2044819593429565 1.2324930429458618 2790883
1.4725890159606934 1.4805920124053955 1.3045220375061035 1.3405359983444214 2708666
1.4005600214004517 1.4005600214004517 1.2124849557876587 1.2605040073394775 987105
1.2605040073394775 1.316527009010315 1.2164870500564575 1.2925169467926025 563774
1.3045220375061035 1.3125250339508057 1.2204879522323608 1.2685070037841797 524540
1.236495018005371 1.240496039390564 1.1204479932785034 1.2204879522323608 455818
1.3045220375061035 1.3205280303955078 1.2164870500564575 1.2525010108947754 449070
1.2484990358352661 1.2525010108947754 1.2004799842834473 1.2204879522323608 268643
1.2004799842834473 1.236495018005371 1.1684670448303223 1.2004799842834473 260896
1.1644660234451294 1.228490948677063 1.0804320573806763 1.1884750127792358 1044332
1.3325330018997192 1.3405359983444214 1.1004400253295898 1.2164870500564575 1902739
1.1884750127792358 1.2044819593429565 1.1244499683380127 1.1724690198898315 484306
1.1604640483856201 1.1804720163345337 1.1164469718933105 1.1644660234451294 355858
1.1484589576721191 1.1684670448303223 1.052420973777771 1.108443021774292 419582
1.0604239702224731 1.1324529647827148 1.0404160022735596 1.1284509897232056 267643
1.2084829807281494 1.3005199432373047 1.1804720163345337 1.1804720163345337 1533386
1.3085230588912964 1.448578953742981 1.2444980144500732 1.3925570249557495 1879998
1.492596983909607 1.5166070461273193 1.4005600214004517 1.4805920124053955 705218
1.5126049518585205 1.5286109447479248 1.2845139503479004 1.456583023071289 476060
1.3845540285110474 1.4805920124053955 1.360543966293335 1.4325729608535767 232907
1.5206079483032227 1.5966390371322632 1.4445780515670776 1.5966390371322632 682227
1.600640058517456 1.6406559944152832 1.5206079483032227 1.632652997970581 647741
1.8367350101470947 2.080832004547119 1.6126450300216675 1.7807120084762573 1802779
2.0007998943328857 2.0568230152130127 1.6806720495224 2.040816068649292 1499900
2.0168070793151855 2.3609440326690674 2.0048019886016846 2.2368950843811035 1136795
2.304922103881836 2.4409759044647217 2.252901077270508 2.3609440326690674 1007847
2.364945888519287 2.3929569721221924 2.060823917388916 2.1608641147613525 454818
2.104841947555542 2.1848740577697754 1.764706015586853 1.9007600545883179 833417
1.8887560367584229 2.1008400917053223 1.8247300386428833 2.060823917388916 502799
2.300920009613037 2.3609440326690674 2.1208479404449463 2.292917013168335 915634
2.597038984298706 2.6130449771881104 2.4009599685668945 2.4769909381866455 1102809
2.4529809951782227 2.5090041160583496 2.356942892074585 2.4529809951782227 364854
2.49299693107605 2.6010398864746094 2.480992078781128 2.5090041160583496 194422
2.72108793258667 2.741096019744873 2.521008014678955 2.6450579166412354 508047
2.6850740909576416 2.809123992919922 2.649060010910034 2.741096019744873 480558
2.8011200428009033 2.8011200428009033 2.505002021789551 2.649060010910034 259146
2.5090041160583496 2.6210479736328125 2.4409759044647217 2.6210479736328125 263395
2.617047071456909 2.6450579166412354 2.5290119647979736 2.6010398864746094 221162
2.525010108947754 2.537014961242676 2.240895986557007 2.3209280967712402 534036
2.300920009613037 2.4489800930023193 2.240895986557007 2.388956069946289 314624
2.312925100326538 2.4649860858917236 2.284914016723633 2.3209280967712402 125700
2.3529410362243652 2.4129650592803955 2.2569029331207275 2.296919107437134 140944
2.2248899936676025 2.2889161109924316 2.052820920944214 2.1528611183166504 146441
2.128851890563965 2.3529410362243652 2.0888359546661377 2.2569029331207275 68723
2.280911922454834 2.396959066390991 2.124850034713745 2.3529410362243652 215914
2.316926956176758 2.500999927520752 2.240895986557007 2.3929569721221924 166933
2.4449779987335205 2.472989082336426 2.348939895629883 2.4129650592803955 149690
2.356942892074585 2.4769909381866455 2.3089239597320557 2.4129650592803955 303629
2.6690680980682373 3.42536997795105 2.26090407371521 2.72108793258667 3385145
2.597038984298706 2.6010398864746094 2.3609440326690674 2.4369750022888184 446321
2.4009599685668945 2.4249699115753174 2.300920009613037 2.3929569721221924 260146
2.344938039779663 2.4009599685668945 2.2328929901123047 2.4009599685668945 234906
2.4009599685668945 2.545017957687378 2.4009599685668945 2.4889960289001465 213665
2.4849939346313477 2.5290119647979736 2.3409359455108643 2.3729488849639893 88465
2.6890759468078613 2.8811519145965576 2.513005018234253 2.6530609130859375 1399190
2.6530609130859375 2.6530609130859375 2.521008014678955 2.569027900695801 291883
2.5610239505767822 2.6810719966888428 2.533013105392456 2.6810719966888428 247901
2.6890759468078613 2.7811119556427 2.5930368900299072 2.605041980743408 171931
2.6690680980682373 2.8811519145965576 2.6410560607910156 2.8771510124206543 258147
2.8731489181518555 3.1012399196624756 2.8651459217071533 2.96518611907959 290884
2.9091639518737793 2.9571828842163086 2.785114049911499 2.8011200428009033 137195
2.7891159057617188 2.8611440658569336 2.741096019744873 2.797118902206421 138445
2.7811119556427 3.2012810707092285 2.7691080570220947 3.1332530975341797 517543
3.2012810707092285 3.6414570808410645 3.1892759799957275 3.437375068664551 910886
3.781512975692749 3.9215691089630127 3.5654261112213135 3.8335330486297607 1039584
3.925570011138916 4.001601219177246 3.3053219318389893 3.453381061553955 1178029
3.745497941970825 4.241696834564209 3.65346097946167 4.001601219177246 2462515
4.089635848999023 4.7458977699279785 4.037614822387695 4.537815093994141 2340064
4.757903099060059 5.046018123626709 4.5418171882629395 4.897959232330322 1916483
4.757903099060059 4.793918132781982 3.9735889434814453 4.641857147216797 1542633
4.365746021270752 4.429771900177002 3.96158504486084 3.981592893600464 1047081
4.137654781341553 4.201681137084961 3.473388910293579 3.521409034729004 1069822
3.601440906524658 3.9215691089630127 3.601440906524658 3.741497039794922 759196
3.761504888534546 4.145658016204834 3.761504888534546 4.109643936157227 651489
4.029612064361572 4.1016411781311035 3.821528911590576 3.9215691089630127 641743
3.9855940341949463 4.18567419052124 3.8895559310913086 4.157662868499756 338615
4.241696834564209 6.718687057495117 4.241696834564209 4.949979782104492 3992402
6.5 12.170000076293945 5.900000095367432 6.989999771118164 29886800
6.0 6.139999866485596 5.300000190734863 5.480000019073486 2644900
5.75 5.880000114440918 5.380000114440918 5.619999885559082 1206600
5.619999885559082 5.659999847412109 5.239999771118164 5.440000057220459 1132800
5.21999979019165 5.329999923706055 4.900000095367432 5.25 933500
5.5 5.53000020980835 5.059999942779541 5.179999828338623 516000
5.199999809265137 5.25 4.900000095367432 5.039999961853027 677500
4.980000019073486 4.980000019073486 4.5 4.590000152587891 973900
4.570000171661377 4.590000152587891 4.329999923706055 4.519999980926514 577100
4.579999923706055 4.929999828338623 4.329999923706055 4.909999847412109 705600
4.699999809265137 4.699999809265137 4.329999923706055 4.420000076293945 560800
4.460000038146973 4.460000038146973 4.010000228881836 4.050000190734863 409100
4.650000095367432 4.650000095367432 4.179999828338623 4.300000190734863 2170000
4.210000038146973 4.269999980926514 3.9100000858306885 4.03000020980835 707000
4.0 4.119999885559082 3.930000066757202 4.090000152587891 319500
4.119999885559082 4.139999866485596 3.619999885559082 3.9100000858306885 810500
4.070000171661377 4.210000038146973 3.7899999618530273 3.9000000953674316 542100
3.819999933242798 4.010000228881836 3.7799999713897705 4.010000228881836 295300
3.880000114440918 3.9800000190734863 3.809999942779541 3.9700000286102295 226000
3.9200000762939453 3.9200000762939453 3.549999952316284 3.6700000762939453 321400
3.6600000858306885 3.740000009536743 3.569999933242798 3.680000066757202 269300
3.680000066757202 3.690000057220459 3.5 3.5299999713897705 236200
3.549999952316284 3.5899999141693115 3.2100000381469727 3.359999895095825 494600
3.6500000953674316 3.6600000858306885 3.319999933242798 3.4100000858306885 478200
3.450000047683716 3.5999999046325684 3.299999952316284 3.450000047683716 406700
3.390000104904175 3.4000000953674316 3.009999990463257 3.2200000286102295 236200
3.2200000286102295 3.3299999237060547 3.109999895095825 3.2200000286102295 178100
3.2699999809265137 3.440000057220459 3.2100000381469727 3.390000104904175 131100
3.380000114440918 3.4000000953674316 3.299999952316284 3.4000000953674316 53200
3.4000000953674316 3.4000000953674316 3.119999885559082 3.190000057220459 143600
3.1700000762939453 3.299999952316284 3.0999999046325684 3.259999990463257 69000
3.380000114440918 3.5299999713897705 3.3499999046325684 3.430000066757202 248000
3.7799999713897705 3.930000066757202 3.549999952316284 3.7200000286102295 812700
3.9000000953674316 3.9100000858306885 3.5999999046325684 3.7100000381469727 409700
3.609999895095825 4.0 3.549999952316284 3.930000066757202 593300
3.799999952316284 3.799999952316284 3.509999990463257 3.619999885559082 270900
3.5999999046325684 3.7799999713897705 3.4100000858306885 3.440000057220459 165300
3.390000104904175 3.450000047683716 2.940000057220459 3.009999990463257 267300
3.1600000858306885 3.2300000190734863 3.0199999809265137 3.140000104904175 228700
3.200000047683716 3.549999952316284 3.200000047683716 3.490000009536743 500700
3.5799999237060547 3.5899999141693115 3.2799999713897705 3.3399999141693115 252300
3.299999952316284 3.380000114440918 3.2200000286102295 3.369999885559082 164900
3.3399999141693115 3.549999952316284 3.299999952316284 3.3299999237060547 220800
3.4000000953674316 3.4800000190734863 3.309999942779541 3.430000066757202 353700
3.3399999141693115 3.509999990463257 3.259999990463257 3.319999933242798 229700
3.5299999713897705 3.700000047683716 3.3499999046325684 3.640000104904175 320500
3.700000047683716 3.9000000953674316 3.700000047683716 3.880000114440918 318100
4.179999828338623 4.409999847412109 3.930000066757202 4.409999847412109 687700
4.550000190734863 5.440000057220459 4.550000190734863 4.960000038146973 1417800
5.050000190734863 5.070000171661377 4.590000152587891 4.650000095367432 589300
4.610000133514404 4.639999866485596 4.309999942779541 4.400000095367432 270300
4.5 4.75 4.480000019073486 4.610000133514404 326400
4.659999847412109 4.690000057220459 4.349999904632568 4.409999847412109 144500
4.320000171661377 4.460000038146973 4.110000133514404 4.300000190734863 113900
4.260000228881836 4.400000095367432 4.139999866485596 4.260000228881836 214700
4.300000190734863 4.400000095367432 4.269999980926514 4.360000133514404 120300
4.400000095367432 4.480000019073486 4.300000190734863 4.400000095367432 108800
4.369999885559082 4.440000057220459 4.320000171661377 4.349999904632568 120700
4.389999866485596 4.440000057220459 4.199999809265137 4.340000152587891 91600
4.349999904632568 4.449999809265137 4.239999771118164 4.420000076293945 95300
4.449999809265137 4.849999904632568 4.420000076293945 4.579999923706055 301700
4.699999809265137 4.699999809265137 4.260000228881836 4.599999904632568 267900
4.400000095367432 4.489999771118164 3.809999942779541 4.0 266300
4.070000171661377 4.199999809265137 3.869999885559082 4.050000190734863 58200
3.9700000286102295 3.9700000286102295 3.5999999046325684 3.819999933242798 298300
3.7699999809265137 4.130000114440918 3.609999895095825 4.050000190734863 122300
4.050000190734863 4.050000190734863 3.799999952316284 4.039999961853027 135500
4.159999847412109 4.170000076293945 3.819999933242798 3.950000047683716 141500
3.950000047683716 3.990000009536743 3.5 3.7799999713897705 155700
3.7300000190734863 3.7300000190734863 3.4000000953674316 3.440000057220459 207800
3.4000000953674316 3.4000000953674316 2.7799999713897705 2.890000104904175 366200
2.940000057220459 3.0799999237060547 2.759999990463257 3.009999990463257 252600
3.0 3.069999933242798 2.869999885559082 3.049999952316284 208500
3.049999952316284 3.130000114440918 2.8499999046325684 2.9600000381469727 352100
3.0 3.0 2.700000047683716 2.9800000190734863 287300
2.9800000190734863 3.0299999713897705 2.75 2.9800000190734863 266600
3.0 3.0 2.700000047683716 2.819999933242798 403700
2.7899999618530273 2.869999885559082 2.700000047683716 2.799999952316284 217000
2.8499999046325684 2.8499999046325684 2.7200000286102295 2.8399999141693115 198800
2.8399999141693115 2.8399999141693115 2.450000047683716 2.4800000190734863 972200
2.450000047683716 2.5899999141693115 2.450000047683716 2.569999933242798 261600
2.5999999046325684 2.680000066757202 2.450000047683716 2.5399999618530273 220200
2.5 2.5399999618530273 2.359999895095825 2.5 259000
2.490000009536743 2.619999885559082 2.430000066757202 2.5999999046325684 151700
2.5899999141693115 2.5899999141693115 2.4100000858306885 2.490000009536743 304700
2.549999952316284 2.680000066757202 2.430000066757202 2.5899999141693115 418900
2.5999999046325684 2.5999999046325684 2.380000114440918 2.4200000762939453 328200
2.450000047683716 2.450000047683716 2.2100000381469727 2.319999933242798 359100
2.2899999618530273 2.299999952316284 2.1700000762939453 2.259999990463257 367000
2.259999990463257 2.259999990463257 2.0799999237060547 2.119999885559082 406700
2.109999895095825 2.109999895095825 2.0399999618530273 2.059999942779541 297300
2.0999999046325684 2.119999885559082 1.9700000286102295 2.0399999618530273 452200
2.009999990463257 2.059999942779541 1.940000057220459 2.059999942779541 445500
2.0999999046325684 2.0999999046325684 2.0 2.049999952316284 244100
2.109999895095825 2.109999895095825 1.9500000476837158 1.9800000190734863 334300
1.9600000381469727 1.9800000190734863 1.7899999618530273 1.8600000143051147 516900
1.7799999713897705 1.9600000381469727 1.7599999904632568 1.9500000476837158 391800
1.940000057220459 2.5799999237060547 1.8700000047683716 2.130000114440918 1943500
2.2200000286102295 2.2799999713897705 2.119999885559082 2.1600000858306885 358400
2.2200000286102295 2.2200000286102295 2.109999895095825 2.190000057220459 343000
2.2799999713897705 2.7100000381469727 2.190000057220459 2.490000009536743 1813000
2.5299999713897705 2.740000009536743 2.2899999618530273 2.4100000858306885 854500
2.430000066757202 2.5399999618530273 2.359999895095825 2.5 204400
2.5999999046325684 2.5999999046325684 2.200000047683716 2.2799999713897705 406800
2.3399999141693115 2.3399999141693115 2.1500000953674316 2.25 236700
2.200000047683716 2.25 2.1600000858306885 2.2300000190734863 186800
2.2300000190734863 2.240000009536743 1.9900000095367432 2.0199999809265137 532200
2.4000000953674316 2.630000114440918 2.2200000286102295 2.5799999237060547 1467600
2.630000114440918 2.8299999237060547 2.5999999046325684 2.7300000190734863 1097500
2.7899999618530273 2.7899999618530273 2.490000009536743 2.5899999141693115 607700
2.4600000381469727 2.569999933242798 2.4200000762939453 2.450000047683716 414300
2.4600000381469727 2.5999999046325684 2.299999952316284 2.569999933242798 621700
2.450000047683716 2.7799999713897705 2.4100000858306885 2.680000066757202 492400
2.700000047683716 2.9200000762939453 2.700000047683716 2.880000114440918 436800
3.0999999046325684 4.300000190734863 3.0799999237060547 3.3399999141693115 6606500
3.2300000190734863 3.309999942779541 3.0 3.2300000190734863 988800
3.1600000858306885 3.299999952316284 3.009999990463257 3.0399999618530273 596000
3.109999895095825 3.25 3.009999990463257 3.1700000762939453 530900
3.5 5.289999961853027 3.4200000762939453 4.730000019073486 19709100
4.340000152587891 4.449999809265137 4.0 4.300000190734863 3168500
4.25 4.300000190734863 3.9600000381469727 3.9700000286102295 1012800
3.9100000858306885 3.950000047683716 3.6500000953674316 3.7100000381469727 919900
3.809999942779541 4.289999961853027 3.7799999713897705 3.9600000381469727 1219400
3.950000047683716 4.190000057220459 3.299999952316284 3.390000104904175 1449800
3.5 3.9800000190734863 3.450000047683716 3.9000000953674316 771800
3.8399999141693115 4.090000152587891 3.549999952316284 3.680000066757202 826300
3.7300000190734863 4.170000076293945 3.4600000381469727 3.819999933242798 772500
4.980000019073486 4.989999771118164 4.210000038146973 4.539999961853027 4491300
4.210000038146973 4.570000171661377 4.190000057220459 4.260000228881836 1282500
4.309999942779541 4.349999904632568 3.8399999141693115 3.9600000381469727 948600
4.179999828338623 4.179999828338623 3.9800000190734863 4.090000152587891 564600
4.079999923706055 4.21999979019165 3.9000000953674316 4.139999866485596 1284100
3.9800000190734863 4.230000019073486 3.9600000381469727 4.110000133514404 819000
4.190000057220459 4.230000019073486 3.9000000953674316 4.050000190734863 958600
4.090000152587891 4.099999904632568 3.7899999618530273 3.869999885559082 596200
4.050000190734863 4.090000152587891 3.859999895095825 3.9600000381469727 512700
4.039999961853027 4.050000190734863 3.8399999141693115 3.9100000858306885 415900
3.990000009536743 4.019999980926514 3.869999885559082 4.0 465300
3.950000047683716 3.9700000286102295 3.680000066757202 3.7200000286102295 501600
3.809999942779541 3.8499999046325684 3.680000066757202 3.740000009536743 247100
3.7200000286102295 3.7200000286102295 3.4000000953674316 3.430000066757202 534300
3.240000009536743 3.2899999618530273 2.700000047683716 3.119999885559082 651200
3.049999952316284 3.25 3.0199999809265137 3.130000114440918 315900
3.109999895095825 3.130000114440918 2.950000047683716 2.9800000190734863 248700
2.9700000286102295 3.130000114440918 2.809999942779541 3.009999990463257 520700
3.130000114440918 3.3499999046325684 3.0299999713897705 3.240000009536743 713300
3.25 3.3299999237060547 3.1500000953674316 3.190000057220459 255000
3.1600000858306885 3.2200000286102295 3.0 3.0399999618530273 111800
3.109999895095825 3.109999895095825 2.7300000190734863 2.799999952316284 205400
2.759999990463257 2.940000057220459 2.609999895095825 2.869999885559082 236800
2.869999885559082 2.890000104904175 2.7200000286102295 2.759999990463257 127900
2.869999885559082 2.940000057220459 2.799999952316284 2.9000000953674316 144300
2.9200000762939453 3.0 2.859999895095825 2.9800000190734863 238500
3.0199999809265137 3.0399999618530273 2.869999885559082 2.9600000381469727 387900
2.9100000858306885 3.0799999237060547 2.9000000953674316 3.049999952316284 393200
3.119999885559082 3.1700000762939453 3.0 3.069999933242798 121600
3.0899999141693115 3.240000009536743 3.049999952316284 3.240000009536743 179700
3.119999885559082 3.2300000190734863 3.0299999713897705 3.2100000381469727 380700
3.109999895095825 3.200000047683716 3.0399999618530273 3.059999942779541 80100
3.059999942779541 3.200000047683716 3.0399999618530273 3.049999952316284 253900
3.069999933242798 3.140000104904175 3.0299999713897705 3.059999942779541 308500
3.069999933242798 3.1500000953674316 2.799999952316284 2.8399999141693115 543900
2.8499999046325684 2.950000047683716 2.700000047683716 2.7300000190734863 93700
2.7100000381469727 2.7200000286102295 2.5799999237060547 2.690000057220459 101800
2.6700000762939453 2.740000009536743 2.5899999141693115 2.680000066757202 85100
2.7100000381469727 2.7799999713897705 2.5999999046325684 2.6500000953674316 156600
3.069999933242798 3.119999885559082 2.700000047683716 2.819999933242798 1033500
2.7300000190734863 2.809999942779541 2.690000057220459 2.7699999809265137 153700
2.8499999046325684 2.8499999046325684 2.690000057220459 2.75 82600
2.799999952316284 2.869999885559082 2.700000047683716 2.859999895095825 160300
2.859999895095825 2.950000047683716 2.7799999713897705 2.9200000762939453 134100
2.809999942779541 2.9100000858306885 2.7699999809265137 2.8299999237060547 168700
2.880000114440918 2.880000114440918 2.619999885559082 2.6600000858306885 193700
2.619999885559082 2.740000009536743 2.5999999046325684 2.6700000762939453 292400
2.700000047683716 3.25 2.549999952316284 3.1500000953674316 5160000
3.0199999809265137 3.2899999618530273 2.700000047683716 2.7799999713897705 2958100
2.619999885559082 2.6500000953674316 2.5299999713897705 2.569999933242798 445100
2.569999933242798 2.6500000953674316 2.440000057220459 2.5399999618530273 333500
2.5 2.569999933242798 2.4000000953674316 2.5199999809265137 325600
2.5 2.509999990463257 2.3399999141693115 2.4600000381469727 336800
2.4700000286102295 2.5199999809265137 2.309999942779541 2.369999885559082 210500
2.380000114440918 2.490000009536743 2.3499999046325684 2.4700000286102295 289200
2.509999990463257 2.5899999141693115 2.4600000381469727 2.4800000190734863 93300
2.5199999809265137 2.5999999046325684 2.5199999809265137 2.5399999618530273 71000
2.609999895095825 2.6700000762939453 2.5399999618530273 2.6700000762939453 313000
2.6600000858306885 2.7699999809265137 2.630000114440918 2.690000057220459 494400
2.7200000286102295 2.819999933242798 2.630000114440918 2.700000047683716 304700
2.700000047683716 2.700000047683716 2.569999933242798 2.619999885559082 63900
2.569999933242798 2.680000066757202 2.559999942779541 2.609999895095825 141700
2.609999895095825 2.7100000381469727 2.549999952316284 2.630000114440918 233500
2.630000114440918 2.630000114440918 2.4200000762939453 2.549999952316284 178700
2.640000104904175 2.640000104904175 2.4800000190734863 2.549999952316284 120000
2.5199999809265137 2.5199999809265137 2.2899999618530273 2.369999885559082 535700
2.369999885559082 2.450000047683716 2.299999952316284 2.380000114440918 104500
2.450000047683716 2.490000009536743 2.3499999046325684 2.4200000762939453 137900
2.3399999141693115 2.4200000762939453 2.2799999713897705 2.359999895095825 297500
2.3399999141693115 2.369999885559082 2.200000047683716 2.2799999713897705 422400
2.259999990463257 2.309999942779541 2.049999952316284 2.0999999046325684 252400
2.2200000286102295 2.4200000762939453 2.1700000762939453 2.309999942779541 405500
2.4000000953674316 2.4000000953674316 2.2300000190734863 2.2799999713897705 59900
2.2699999809265137 2.2799999713897705 2.2100000381469727 2.240000009536743 71300
2.2300000190734863 2.2300000190734863 2.0999999046325684 2.1500000953674316 255600
2.180000066757202 2.299999952316284 2.119999885559082 2.2200000286102295 217300
2.2200000286102295 2.319999933242798 2.180000066757202 2.299999952316284 325900
2.2899999618530273 2.3499999046325684 2.25 2.309999942779541 161500
2.3499999046325684 2.490000009536743 2.319999933242798 2.4000000953674316 396200
2.430000066757202 2.549999952316284 2.430000066757202 2.5 365900
2.4200000762939453 2.700000047683716 2.319999933242798 2.359999895095825 971000
2.369999885559082 2.4000000953674316 2.2799999713897705 2.3499999046325684 102400
2.3499999046325684 2.440000057220459 2.3299999237060547 2.390000104904175 171400
2.4000000953674316 2.4200000762939453 2.1500000953674316 2.2100000381469727 606300
2.1600000858306885 2.3299999237060547 2.1500000953674316 2.3299999237060547 466700
2.3399999141693115 2.4800000190734863 2.2699999809265137 2.3499999046325684 493600
2.3499999046325684 2.4800000190734863 2.3499999046325684 2.4100000858306885 147400
2.430000066757202 2.4600000381469727 2.299999952316284 2.299999952316284 165300
2.319999933242798 2.4000000953674316 2.2699999809265137 2.309999942779541 151800
2.3399999141693115 2.4600000381469727 2.309999942779541 2.4100000858306885 210500
2.430000066757202 2.490000009536743 2.319999933242798 2.490000009536743 234900
2.4700000286102295 2.640000104904175 2.4100000858306885 2.609999895095825 305000
2.619999885559082 2.75 2.450000047683716 2.559999942779541 222400
2.5 2.6500000953674316 2.299999952316284 2.380000114440918 365400
2.619999885559082 2.8399999141693115 2.5 2.5299999713897705 1596800
2.5899999141693115 2.5899999141693115 2.4200000762939453 2.4200000762939453 1000900
2.4200000762939453 2.5199999809265137 2.319999933242798 2.359999895095825 240400
2.3399999141693115 2.380000114440918 2.240000009536743 2.299999952316284 171700
2.4800000190734863 2.569999933242798 2.390000104904175 2.4100000858306885 416500
2.4000000953674316 2.8299999237060547 2.380000114440918 2.4700000286102295 1236700
2.4700000286102295 2.5199999809265137 2.359999895095825 2.5 311800
2.4700000286102295 2.4800000190734863 2.2699999809265137 2.369999885559082 381500
2.4100000858306885 2.4100000858306885 2.299999952316284 2.3399999141693115 198600
2.309999942779541 2.390000104904175 2.2899999618530273 2.3499999046325684 331500
2.380000114440918 2.5 2.2799999713897705 2.3499999046325684 511100
2.359999895095825 2.359999895095825 2.2200000286102295 2.25 260400
2.2699999809265137 2.319999933242798 2.200000047683716 2.2200000286102295 324600
2.2100000381469727 2.25 2.109999895095825 2.25 170100
2.190000057220459 2.299999952316284 2.1500000953674316 2.25 251300
2.2200000286102295 2.25 2.0999999046325684 2.200000047683716 146800
2.2300000190734863 2.2300000190734863 2.1500000953674316 2.1700000762939453 86600
2.140000104904175 2.140000104904175 2.0 2.0199999809265137 373100
2.0399999618530273 2.0999999046325684 2.0 2.0299999713897705 435100
2.0299999713897705 2.049999952316284 1.9500000476837158 1.9800000190734863 251200
1.9700000286102295 2.059999942779541 1.8899999856948853 1.899999976158142 409200
1.850000023841858 1.899999976158142 1.7999999523162842 1.8200000524520874 197100
1.7999999523162842 1.840000033378601 1.7300000190734863 1.840000033378601 465900
1.809999942779541 1.850000023841858 1.7799999713897705 1.8200000524520874 266900
1.809999942779541 1.840000033378601 1.7899999618530273 1.8200000524520874 258800
1.809999942779541 2.25 1.7599999904632568 2.069999933242798 3321700
2.0199999809265137 2.130000114440918 1.899999976158142 1.940000057220459 748300
1.9800000190734863 2.3399999141693115 1.9800000190734863 2.0899999141693115 1634800
2.059999942779541 2.130000114440918 2.009999990463257 2.009999990463257 373200
2.059999942779541 2.0999999046325684 2.0199999809265137 2.049999952316284 215700
2.0399999618530273 2.2300000190734863 2.0 2.130000114440918 1283200
2.1600000858306885 2.190000057220459 2.0799999237060547 2.0999999046325684 388900
2.1500000953674316 2.1500000953674316 2.009999990463257 2.0799999237060547 285700
2.0399999618530273 2.130000114440918 2.0199999809265137 2.0799999237060547 199600
2.069999933242798 2.0799999237060547 2.0199999809265137 2.0399999618530273 95000
2.0399999618530273 2.0399999618530273 1.940000057220459 1.9600000381469727 204400
1.9900000095367432 2.009999990463257 1.940000057220459 2.009999990463257 117600
2.0 2.0 1.940000057220459 1.9800000190734863 158200
1.9600000381469727 2.0 1.9199999570846558 1.940000057220459 211300
1.9199999570846558 1.9199999570846558 1.7999999523162842 1.850000023841858 342800
1.8300000429153442 1.8899999856948853 1.7100000381469727 1.7200000286102295 279800
1.7400000095367432 1.75 1.659999966621399 1.6799999475479126 305100
1.75 1.8700000047683716 1.7000000476837158 1.7400000095367432 1780500
1.7100000381469727 1.7400000095367432 1.5800000429153442 1.6200000047683716 539000
1.590000033378601 1.6399999856948853 1.5499999523162842 1.6100000143051147 161600
1.559999942779541 1.559999942779541 1.5099999904632568 1.5299999713897705 163500
1.5 1.5399999618530273 1.4600000381469727 1.5199999809265137 275400
1.5199999809265137 1.5800000429153442 1.4700000286102295 1.5700000524520874 438500
1.5700000524520874 1.600000023841858 1.5499999523162842 1.600000023841858 144500
1.6200000047683716 1.659999966621399 1.600000023841858 1.6200000047683716 122200
1.590000033378601 1.659999966621399 1.5800000429153442 1.6399999856948853 114600
1.6200000047683716 1.649999976158142 1.5399999618530273 1.5800000429153442 248500
1.7100000381469727 1.7100000381469727 1.6299999952316284 1.659999966621399 308800
1.659999966621399 1.7000000476837158 1.6299999952316284 1.649999976158142 76000
1.850000023841858 2.0999999046325684 1.8300000429153442 2.0 14100200
1.9700000286102295 2.0899999141693115 1.8700000047683716 2.0799999237060547 1806100
2.009999990463257 2.049999952316284 1.8799999952316284 1.9900000095367432 584900
1.909999966621399 1.9600000381469727 1.8799999952316284 1.9299999475479126 228900
1.840000033378601 2.009999990463257 1.8300000429153442 1.9600000381469727 417700
1.9700000286102295 1.9700000286102295 1.8600000143051147 1.899999976158142 136500
1.8700000047683716 1.8700000047683716 1.7000000476837158 1.7100000381469727 324400
1.7599999904632568 1.7599999904632568 1.649999976158142 1.659999966621399 145800
1.6299999952316284 1.7999999523162842 1.600000023841858 1.7200000286102295 916900
1.7000000476837158 1.7000000476837158 1.6399999856948853 1.6699999570846558 106000
1.6699999570846558 1.7000000476837158 1.6200000047683716 1.7000000476837158 148500
1.5700000524520874 1.6299999952316284 1.5499999523162842 1.6200000047683716 180700
1.6399999856948853 1.6399999856948853 1.559999942779541 1.6200000047683716 119900
1.590000033378601 1.600000023841858 1.559999942779541 1.600000023841858 175300
1.5700000524520874 1.600000023841858 1.559999942779541 1.590000033378601 126400
1.5800000429153442 1.5800000429153442 1.5 1.5099999904632568 252000
1.5 1.590000033378601 1.4700000286102295 1.5700000524520874 210200
1.5499999523162842 1.5700000524520874 1.4500000476837158 1.4700000286102295 295200
1.4800000190734863 1.4800000190734863 1.440000057220459 1.4500000476837158 115100
1.4500000476837158 1.4700000286102295 1.4299999475479126 1.4600000381469727 87200
1.4500000476837158 1.4500000476837158 1.409999966621399 1.4299999475479126 75400
1.409999966621399 1.4299999475479126 1.3899999856948853 1.409999966621399 88700
1.399999976158142 1.4299999475479126 1.3700000047683716 1.409999966621399 137900
1.3799999952316284 1.4500000476837158 1.3600000143051147 1.4199999570846558 67700
1.409999966621399 1.4199999570846558 1.3799999952316284 1.399999976158142 58900
1.3899999856948853 1.4500000476837158 1.3799999952316284 1.399999976158142 62400
1.409999966621399 1.4700000286102295 1.409999966621399 1.4500000476837158 44800
1.440000057220459 1.4800000190734863 1.4199999570846558 1.4600000381469727 60900
1.4600000381469727 1.5399999618530273 1.4600000381469727 1.5299999713897705 120700
1.559999942779541 1.5700000524520874 1.5199999809265137 1.5499999523162842 59800
1.5199999809265137 1.5499999523162842 1.4800000190734863 1.5099999904632568 89700
1.5099999904632568 1.5299999713897705 1.4800000190734863 1.5299999713897705 75700
1.5199999809265137 1.5299999713897705 1.4700000286102295 1.4700000286102295 79300
1.4800000190734863 1.6799999475479126 1.4700000286102295 1.659999966621399 320900
1.7000000476837158 1.7000000476837158 1.5 1.5 79800
1.5299999713897705 1.5399999618530273 1.4500000476837158 1.5099999904632568 147300
1.5099999904632568 1.690000057220459 1.4800000190734863 1.649999976158142 111300
1.649999976158142 1.6799999475479126 1.5499999523162842 1.6200000047683716 161700
1.600000023841858 1.690000057220459 1.5800000429153442 1.649999976158142 61400
1.590000033378601 1.6299999952316284 1.5800000429153442 1.6200000047683716 109100
1.6200000047683716 1.6399999856948853 1.5399999618530273 1.559999942779541 71300
1.6200000047683716 1.6399999856948853 1.5700000524520874 1.6299999952316284 59900
1.6299999952316284 1.6299999952316284 1.5499999523162842 1.6100000143051147 72900
1.6100000143051147 1.6299999952316284 1.600000023841858 1.600000023841858 77900
1.6200000047683716 1.6699999570846558 1.5800000429153442 1.6100000143051147 214700
1.5800000429153442 1.600000023841858 1.5399999618530273 1.5399999618530273 99800
1.5399999618530273 1.5499999523162842 1.4700000286102295 1.5 103700
1.5 1.5 1.409999966621399 1.4500000476837158 163400
1.4500000476837158 1.4900000095367432 1.4199999570846558 1.4199999570846558 77800
1.409999966621399 1.4199999570846558 1.3700000047683716 1.3799999952316284 168500
1.399999976158142 1.409999966621399 1.309999942779541 1.3899999856948853 120000
1.399999976158142 1.4700000286102295 1.3899999856948853 1.4199999570846558 154700
1.4500000476837158 1.4600000381469727 1.3799999952316284 1.3799999952316284 131500
1.4500000476837158 1.4500000476837158 1.350000023841858 1.3899999856948853 93400
1.409999966621399 1.4700000286102295 1.399999976158142 1.440000057220459 214300
1.4199999570846558 1.4299999475479126 1.350000023841858 1.3899999856948853 94700
1.4199999570846558 1.4199999570846558 1.309999942779541 1.350000023841858 100900
1.3600000143051147 1.3700000047683716 1.1799999475479126 1.2599999904632568 99200
1.2400000095367432 1.309999942779541 1.2400000095367432 1.309999942779541 21300
1.3300000429153442 1.350000023841858 1.2400000095367432 1.3200000524520874 42700
1.340000033378601 1.3600000143051147 1.25 1.25 47200
1.1699999570846558 1.2599999904632568 1.1699999570846558 1.2599999904632568 123800
1.2300000190734863 1.2699999809265137 1.2000000476837158 1.2000000476837158 82900
1.25 1.2999999523162842 1.1299999952316284 1.159999966621399 59900
1.1399999856948853 1.2200000286102295 1.059999942779541 1.059999942779541 214300
1.0700000524520874 1.2000000476837158 1.0299999713897705 1.1299999952316284 120300
1.0700000524520874 1.2899999618530273 1.0700000524520874 1.2200000286102295 113400
1.2699999809265137 1.2999999523162842 1.2000000476837158 1.25 60600
1.2400000095367432 1.2999999523162842 1.2100000381469727 1.2200000286102295 33800
1.25 1.25 1.1399999856948853 1.190000057220459 80000
1.1699999570846558 1.190000057220459 1.090000033378601 1.1399999856948853 225700
1.1100000143051147 1.1299999952316284 0.9599999785423279 1.0 298100
1.0 1.1100000143051147 1.0 1.100000023841858 194500
1.0299999713897705 1.090000033378601 0.9800000190734863 1.0499999523162842 173700
1.0499999523162842 1.090000033378601 0.9399999976158142 0.9399999976158142 495200
0.9599999785423279 0.9800000190734863 0.8500000238418579 0.9700000286102295 180200
0.9399999976158142 0.9900000095367432 0.8999999761581421 0.949999988079071 161300
0.949999988079071 1.0 0.9300000071525574 0.949999988079071 144000
0.9399999976158142 1.0 0.9399999976158142 0.9599999785423279 104800
0.9300000071525574 0.9599999785423279 0.8999999761581421 0.9200000166893005 199000
0.9200000166893005 0.949999988079071 0.8799999952316284 0.8899999856948853 118100
0.9100000262260437 0.9700000286102295 0.8999999761581421 0.949999988079071 132300
0.9399999976158142 0.9700000286102295 0.9100000262260437 0.9599999785423279 165100
0.9599999785423279 1.0 0.9200000166893005 0.9599999785423279 290300
0.9900000095367432 1.190000057220459 0.9300000071525574 1.090000033378601 162300
1.0499999523162842 1.1399999856948853 1.0199999809265137 1.0399999618530273 81400
1.149999976158142 1.149999976158142 1.0199999809265137 1.0299999713897705 117600
1.0199999809265137 1.1100000143051147 1.0 1.0199999809265137 154100
0.9900000095367432 1.0199999809265137 0.9800000190734863 0.9900000095367432 52500
0.9599999785423279 1.0399999618530273 0.8899999856948853 0.9399999976158142 390400
0.9300000071525574 0.9700000286102295 0.8500000238418579 0.8799999952316284 123200
0.8700000047683716 0.9300000071525574 0.8600000143051147 0.8899999856948853 56700
0.8799999952316284 0.9200000166893005 0.8100000023841858 0.8299999833106995 103100
0.800000011920929 0.8299999833106995 0.7799999713897705 0.8299999833106995 118400
0.8500000238418579 0.8799999952316284 0.8500000238418579 0.8799999952316284 163000
0.8600000143051147 0.8700000047683716 0.8500000238418579 0.8600000143051147 76700
0.8500000238418579 0.9200000166893005 0.8500000238418579 0.8999999761581421 90700
0.8999999761581421 0.9100000262260437 0.800000011920929 0.800000011920929 239500
0.7900000214576721 0.8999999761581421 0.6600000262260437 0.8199999928474426 496900
0.7699999809265137 0.8600000143051147 0.7699999809265137 0.8500000238418579 63600
0.8199999928474426 0.8500000238418579 0.7699999809265137 0.7900000214576721 97000
0.8299999833106995 0.9200000166893005 0.800000011920929 0.8500000238418579 142000
0.8600000143051147 0.8899999856948853 0.7900000214576721 0.800000011920929 88400
0.800000011920929 0.8500000238418579 0.7699999809265137 0.8299999833106995 50400
0.800000011920929 0.8700000047683716 0.7699999809265137 0.8199999928474426 42900
0.7799999713897705 0.8399999737739563 0.7799999713897705 0.8299999833106995 56900
0.8100000023841858 0.8100000023841858 0.7799999713897705 0.800000011920929 56200
0.800000011920929 0.8299999833106995 0.7599999904632568 0.7699999809265137 88100
0.800000011920929 0.800000011920929 0.699999988079071 0.7599999904632568 57900
0.7200000286102295 0.7799999713897705 0.7200000286102295 0.7799999713897705 74100
0.7400000095367432 0.800000011920929 0.7200000286102295 0.75 176900
0.7300000190734863 0.800000011920929 0.7300000190734863 0.7900000214576721 68000
0.7799999713897705 0.7799999713897705 0.7200000286102295 0.7400000095367432 132500
0.699999988079071 0.7599999904632568 0.6800000071525574 0.6899999976158142 115700
0.7300000190734863 0.7300000190734863 0.6700000166893005 0.699999988079071 36800
0.7099999785423279 0.7200000286102295 0.699999988079071 0.7099999785423279 65800
0.7099999785423279 0.7200000286102295 0.7099999785423279 0.7200000286102295 32900
0.7400000095367432 0.7400000095367432 0.6499999761581421 0.6700000166893005 97500
0.6000000238418579 0.699999988079071 0.5899999737739563 0.6600000262260437 145600
0.6499999761581421 0.699999988079071 0.6200000047683716 0.6600000262260437 97500
0.5400000214576721 0.6399999856948853 0.5299999713897705 0.6200000047683716 41400
0.6200000047683716 0.6899999976158142 0.6200000047683716 0.6700000166893005 79400
0.699999988079071 0.699999988079071 0.6299999952316284 0.6499999761581421 87900
0.6600000262260437 0.7699999809265137 0.6600000262260437 0.7699999809265137 294800
0.75 0.8199999928474426 0.7300000190734863 0.8199999928474426 126900
0.8199999928474426 0.8899999856948853 0.7599999904632568 0.8700000047683716 153000
0.8199999928474426 0.9900000095367432 0.8199999928474426 0.9200000166893005 433600
0.9300000071525574 0.9399999976158142 0.8199999928474426 0.8199999928474426 85600
0.7099999785423279 0.8100000023841858 0.7099999785423279 0.7900000214576721 67200
0.7900000214576721 0.7900000214576721 0.7300000190734863 0.7300000190734863 75400
0.949999988079071 1.0499999523162842 0.8600000143051147 0.9599999785423279 8439800
0.8999999761581421 1.0499999523162842 0.8899999856948853 1.0399999618530273 734100
1.0099999904632568 1.1299999952316284 0.9599999785423279 1.0499999523162842 523100
1.0499999523162842 1.090000033378601 0.8899999856948853 0.9700000286102295 381100
0.9599999785423279 1.0800000429153442 0.949999988079071 1.0199999809265137 102600
1.059999942779541 1.1100000143051147 1.0199999809265137 1.0800000429153442 177500
1.0499999523162842 1.159999966621399 1.0499999523162842 1.159999966621399 171000
1.159999966621399 1.2100000381469727 1.159999966621399 1.190000057220459 167600
1.190000057220459 1.25 1.1799999475479126 1.2300000190734863 108300
1.3200000524520874 1.3799999952316284 1.2200000286102295 1.25 237800
1.2100000381469727 1.2100000381469727 1.0299999713897705 1.1100000143051147 345200
1.149999976158142 1.190000057220459 1.1299999952316284 1.159999966621399 179300
1.149999976158142 1.149999976158142 1.0399999618530273 1.0700000524520874 163500
1.0399999618530273 1.0800000429153442 1.0299999713897705 1.0700000524520874 57100
1.059999942779541 1.090000033378601 1.0399999618530273 1.090000033378601 57200
1.0399999618530273 1.059999942779541 1.0099999904632568 1.0499999523162842 36000
1.0099999904632568 1.0700000524520874 1.0099999904632568 1.0499999523162842 42500
1.090000033378601 1.090000033378601 0.9700000286102295 1.0399999618530273 86200
1.0499999523162842 1.090000033378601 1.0 1.0499999523162842 163800
1.0399999618530273 1.0399999618530273 1.0 1.0299999713897705 95900
1.0499999523162842 1.059999942779541 1.0 1.059999942779541 74200
1.0399999618530273 1.059999942779541 1.0 1.0299999713897705 65600
1.0199999809265137 1.0399999618530273 0.9800000190734863 0.9800000190734863 289600
1.0 1.0 0.9200000166893005 0.9700000286102295 160100
0.9900000095367432 1.0 0.9599999785423279 0.9700000286102295 56700
1.0 1.0 0.949999988079071 0.949999988079071 84900
0.9399999976158142 0.949999988079071 0.8600000143051147 0.8600000143051147 166200
0.9100000262260437 0.9900000095367432 0.8600000143051147 0.9399999976158142 99900
0.9700000286102295 1.0 0.8700000047683716 0.8700000047683716 108800
0.8799999952316284 0.949999988079071 0.8500000238418579 0.949999988079071 54800
0.9300000071525574 1.0 0.8799999952316284 1.0 63400
0.9900000095367432 0.9900000095367432 0.8500000238418579 0.8999999761581421 84900
0.8799999952316284 0.9800000190734863 0.8799999952316284 0.9599999785423279 98500
0.9399999976158142 1.0399999618530273 0.9200000166893005 0.9900000095367432 140000
0.9800000190734863 1.0399999618530273 0.9800000190734863 1.0399999618530273 48000
1.0 1.0499999523162842 1.0 1.0199999809265137 59600
1.0199999809265137 1.0399999618530273 0.9599999785423279 1.0199999809265137 66900
0.9900000095367432 1.0399999618530273 0.9100000262260437 0.9100000262260437 102400
0.9200000166893005 0.949999988079071 0.8700000047683716 0.9200000166893005 54700
0.8899999856948853 0.949999988079071 0.8600000143051147 0.9100000262260437 35400
0.8799999952316284 0.949999988079071 0.8600000143051147 0.8600000143051147 80100
0.8899999856948853 0.8899999856948853 0.800000011920929 0.8100000023841858 75600
0.8100000023841858 0.8600000143051147 0.7900000214576721 0.8100000023841858 63800
0.7900000214576721 0.800000011920929 0.7099999785423279 0.7300000190734863 117300
0.7099999785423279 0.7900000214576721 0.7099999785423279 0.75 83000
0.7400000095367432 0.800000011920929 0.7400000095367432 0.7799999713897705 41100
0.8299999833106995 0.8899999856948853 0.8100000023841858 0.8600000143051147 49100
0.8299999833106995 0.949999988079071 0.8299999833106995 0.8999999761581421 21400
0.8100000023841858 0.9100000262260437 0.8100000023841858 0.8500000238418579 15400
0.8600000143051147 0.9100000262260437 0.8100000023841858 0.8999999761581421 30600
0.8600000143051147 0.8899999856948853 0.800000011920929 0.8600000143051147 45300
0.8899999856948853 0.9100000262260437 0.699999988079071 0.7099999785423279 224200
0.75 0.75 0.6700000166893005 0.6800000071525574 132500
0.6700000166893005 0.7200000286102295 0.6700000166893005 0.7099999785423279 33700
0.7400000095367432 0.7400000095367432 0.6600000262260437 0.6700000166893005 55100
0.699999988079071 0.7200000286102295 0.6600000262260437 0.6600000262260437 108400
0.6600000262260437 0.6700000166893005 0.6000000238418579 0.6600000262260437 200600
0.699999988079071 0.7799999713897705 0.6800000071525574 0.7200000286102295 370700
0.699999988079071 0.800000011920929 0.6499999761581421 0.7900000214576721 91800
0.8199999928474426 0.9100000262260437 0.7599999904632568 0.7799999713897705 98300
0.8399999737739563 0.8700000047683716 0.699999988079071 0.8100000023841858 117100
0.800000011920929 0.8299999833106995 0.699999988079071 0.7300000190734863 60600
0.8199999928474426 0.8399999737739563 0.75 0.7900000214576721 266600
0.8399999737739563 0.9399999976158142 0.7900000214576721 0.8100000023841858 220400
0.8100000023841858 0.8299999833106995 0.7599999904632568 0.7599999904632568 74800
0.8299999833106995 0.8299999833106995 0.699999988079071 0.7799999713897705 108200
0.7799999713897705 0.9100000262260437 0.7599999904632568 0.8100000023841858 196800
0.8100000023841858 0.8199999928474426 0.800000011920929 0.8199999928474426 46800
0.7900000214576721 0.8399999737739563 0.7699999809265137 0.8299999833106995 35400
0.8100000023841858 0.8299999833106995 0.7900000214576721 0.800000011920929 39600
0.7900000214576721 0.8500000238418579 0.7900000214576721 0.8500000238418579 47200
0.8100000023841858 0.8500000238418579 0.800000011920929 0.8299999833106995 46100
0.8100000023841858 0.8399999737739563 0.800000011920929 0.8299999833106995 12400
0.800000011920929 0.8700000047683716 0.7900000214576721 0.8199999928474426 25400
0.7799999713897705 0.8399999737739563 0.7799999713897705 0.8199999928474426 32400
0.7799999713897705 0.8100000023841858 0.7599999904632568 0.7699999809265137 81100
0.7699999809265137 0.8100000023841858 0.6700000166893005 0.75 124900
0.7300000190734863 0.7599999904632568 0.7099999785423279 0.75 49000
0.7200000286102295 0.7699999809265137 0.6899999976158142 0.7099999785423279 43900
0.6899999976158142 0.800000011920929 0.6899999976158142 0.800000011920929 59300
0.800000011920929 0.8100000023841858 0.7599999904632568 0.8100000023841858 80200
0.7900000214576721 0.8199999928474426 0.7599999904632568 0.8199999928474426 63500
0.8199999928474426 0.8500000238418579 0.800000011920929 0.8299999833106995 50900
0.7900000214576721 0.8500000238418579 0.7599999904632568 0.8299999833106995 59300
0.8799999952316284 0.8799999952316284 0.8199999928474426 0.8199999928474426 65900
0.800000011920929 0.8700000047683716 0.7799999713897705 0.7799999713897705 32600
0.7599999904632568 0.8299999833106995 0.6600000262260437 0.6899999976158142 77900
0.699999988079071 0.7699999809265137 0.699999988079071 0.7400000095367432 105300
0.7099999785423279 0.7799999713897705 0.7099999785423279 0.7699999809265137 70800
0.7799999713897705 0.7900000214576721 0.7099999785423279 0.7699999809265137 39100
0.7099999785423279 0.7699999809265137 0.7099999785423279 0.7200000286102295 50300
0.7599999904632568 0.7900000214576721 0.7400000095367432 0.7599999904632568 28900
0.7799999713897705 0.7799999713897705 0.75 0.7599999904632568 18200
0.7400000095367432 0.7900000214576721 0.7300000190734863 0.7300000190734863 22400
0.7300000190734863 0.7699999809265137 0.7300000190734863 0.7300000190734863 3200
0.7300000190734863 0.7900000214576721 0.7300000190734863 0.7400000095367432 32900
0.7300000190734863 0.7699999809265137 0.7300000190734863 0.7599999904632568 4900
0.75 0.75 0.699999988079071 0.7300000190734863 45100
0.7200000286102295 0.75 0.699999988079071 0.75 28300
0.75 0.75 0.7200000286102295 0.7200000286102295 24400
0.7300000190734863 0.75 0.7300000190734863 0.7300000190734863 12000
0.75 0.7799999713897705 0.7099999785423279 0.7799999713897705 30000
0.7099999785423279 0.7799999713897705 0.7099999785423279 0.7599999904632568 30800
0.7699999809265137 0.7799999713897705 0.7099999785423279 0.7300000190734863 20600
0.7300000190734863 0.7599999904632568 0.7099999785423279 0.7300000190734863 7600
0.7200000286102295 0.7400000095367432 0.6700000166893005 0.7099999785423279 46900
0.699999988079071 0.75 0.699999988079071 0.7200000286102295 23300
0.7200000286102295 0.7400000095367432 0.6700000166893005 0.6700000166893005 85300
0.699999988079071 0.75 0.6899999976158142 0.75 49200
0.75 0.75 0.7099999785423279 0.7400000095367432 66600
0.7599999904632568 0.7699999809265137 0.7300000190734863 0.7300000190734863 60000
0.7200000286102295 0.75 0.699999988079071 0.7300000190734863 49500
0.7099999785423279 0.7599999904632568 0.7099999785423279 0.7599999904632568 75200
0.7300000190734863 0.75 0.7099999785423279 0.7099999785423279 43000
0.6899999976158142 0.7400000095367432 0.6899999976158142 0.7200000286102295 32100
0.75 0.7699999809265137 0.7099999785423279 0.7699999809265137 128900
0.7799999713897705 0.8199999928474426 0.75 0.8199999928474426 74500
0.8999999761581421 0.9100000262260437 0.7300000190734863 0.75 72900
0.7699999809265137 0.7699999809265137 0.7300000190734863 0.7400000095367432 31900
0.7400000095367432 0.7400000095367432 0.7300000190734863 0.7400000095367432 29200
0.7400000095367432 0.7699999809265137 0.7300000190734863 0.7599999904632568 34100
0.7400000095367432 0.75 0.7400000095367432 0.7400000095367432 18500
0.75 0.75 0.7300000190734863 0.7300000190734863 24500
0.7099999785423279 0.7300000190734863 0.7099999785423279 0.7300000190734863 36200
0.7300000190734863 0.75 0.7099999785423279 0.75 43400
0.7599999904632568 0.7699999809265137 0.7599999904632568 0.7599999904632568 108800
0.8299999833106995 0.8299999833106995 0.7799999713897705 0.7900000214576721 42300
0.7900000214576721 0.8299999833106995 0.7900000214576721 0.800000011920929 8100
0.7900000214576721 0.800000011920929 0.75 0.7799999713897705 38900
0.7599999904632568 0.800000011920929 0.75 0.800000011920929 44900
0.8299999833106995 0.8299999833106995 0.75 0.8299999833106995 50700
0.8299999833106995 0.8299999833106995 0.550000011920929 0.550000011920929 188600
0.6200000047683716 0.7200000286102295 0.6200000047683716 0.6899999976158142 341600
0.7200000286102295 0.7200000286102295 0.6200000047683716 0.7099999785423279 66500
0.699999988079071 0.800000011920929 0.699999988079071 0.7799999713897705 127200
0.7599999904632568 0.8500000238418579 0.75 0.8100000023841858 140500
0.8399999737739563 0.8399999737739563 0.7599999904632568 0.7799999713897705 69500
0.7799999713897705 0.800000011920929 0.7300000190734863 0.7799999713897705 29500
0.7799999713897705 0.7900000214576721 0.7200000286102295 0.7400000095367432 35400
0.7400000095367432 0.7900000214576721 0.7300000190734863 0.7699999809265137 90400
0.7699999809265137 0.7799999713897705 0.75 0.7799999713897705 19600
0.7599999904632568 0.7799999713897705 0.7400000095367432 0.7799999713897705 40300
0.7400000095367432 0.7799999713897705 0.7400000095367432 0.7400000095367432 40200
0.75 0.7900000214576721 0.75 0.7799999713897705 9900
0.7799999713897705 0.7799999713897705 0.7300000190734863 0.75 13800
0.7799999713897705 0.7799999713897705 0.7300000190734863 0.7599999904632568 16500
0.7599999904632568 0.7799999713897705 0.7099999785423279 0.7799999713897705 24000
0.7099999785423279 0.7799999713897705 0.7099999785423279 0.7599999904632568 36900
0.7300000190734863 0.7599999904632568 0.7200000286102295 0.7400000095367432 12700
0.7400000095367432 0.7799999713897705 0.7099999785423279 0.7300000190734863 39200
0.7599999904632568 0.7799999713897705 0.7200000286102295 0.75 22300
0.7300000190734863 0.7400000095367432 0.7099999785423279 0.7400000095367432 21300
0.7099999785423279 0.7300000190734863 0.6899999976158142 0.7099999785423279 49400
0.699999988079071 0.75 0.6700000166893005 0.7200000286102295 73300
0.699999988079071 0.75 0.6700000166893005 0.7300000190734863 61400
0.75 0.75 0.6700000166893005 0.7300000190734863 51500
0.7400000095367432 0.7400000095367432 0.6800000071525574 0.7200000286102295 82600
0.7300000190734863 0.7300000190734863 0.6800000071525574 0.7200000286102295 34300
0.7400000095367432 0.7400000095367432 0.699999988079071 0.7300000190734863 30700
0.7400000095367432 0.7400000095367432 0.699999988079071 0.7200000286102295 21100
0.7200000286102295 0.7200000286102295 0.699999988079071 0.7099999785423279 41400
0.7200000286102295 0.7200000286102295 0.6299999952316284 0.699999988079071 97400
0.699999988079071 0.7099999785423279 0.6899999976158142 0.699999988079071 44200
0.7099999785423279 0.7099999785423279 0.6000000238418579 0.6899999976158142 45100
0.6800000071525574 0.6899999976158142 0.6100000143051147 0.6899999976158142 97700
0.6899999976158142 0.6899999976158142 0.6000000238418579 0.6700000166893005 66600
0.6499999761581421 0.6899999976158142 0.6000000238418579 0.6800000071525574 53800
0.6700000166893005 0.6899999976158142 0.6499999761581421 0.6600000262260437 81700
0.6299999952316284 0.6800000071525574 0.6299999952316284 0.6600000262260437 37300
0.6700000166893005 0.6700000166893005 0.6200000047683716 0.6200000047683716 33400
0.6399999856948853 0.7300000190734863 0.6299999952316284 0.6899999976158142 109600
0.6600000262260437 0.7200000286102295 0.6499999761581421 0.6899999976158142 52400
0.6299999952316284 0.7099999785423279 0.6299999952316284 0.6600000262260437 38400
0.6299999952316284 0.6800000071525574 0.6299999952316284 0.6600000262260437 91300
0.6399999856948853 0.6800000071525574 0.6399999856948853 0.6800000071525574 21400
0.6200000047683716 0.6700000166893005 0.6200000047683716 0.6299999952316284 43800
0.6499999761581421 0.6600000262260437 0.6200000047683716 0.6499999761581421 66300
0.6200000047683716 0.6700000166893005 0.5699999928474426 0.6200000047683716 80600
0.6200000047683716 0.6499999761581421 0.6200000047683716 0.6399999856948853 12900
0.6100000143051147 0.6800000071525574 0.5899999737739563 0.6499999761581421 42000
0.6000000238418579 0.6600000262260437 0.6000000238418579 0.6299999952316284 24900
0.6700000166893005 0.6700000166893005 0.5899999737739563 0.6399999856948853 48000
0.6600000262260437 0.6600000262260437 0.6100000143051147 0.6499999761581421 15000
0.6000000238418579 0.6600000262260437 0.5899999737739563 0.6600000262260437 49000
0.6399999856948853 0.6399999856948853 0.5600000023841858 0.6399999856948853 94300
0.6000000238418579 0.6399999856948853 0.5699999928474426 0.6399999856948853 47900
0.6200000047683716 0.6399999856948853 0.6100000143051147 0.6399999856948853 19000
0.6399999856948853 0.6399999856948853 0.6100000143051147 0.6100000143051147 27200
0.6499999761581421 0.6499999761581421 0.6000000238418579 0.6100000143051147 24000
0.6000000238418579 0.6100000143051147 0.5899999737739563 0.6000000238418579 26000
0.5799999833106995 0.6399999856948853 0.5799999833106995 0.6100000143051147 25300
0.5600000023841858 0.6200000047683716 0.550000011920929 0.5899999737739563 66700
0.5899999737739563 0.6000000238418579 0.5799999833106995 0.5799999833106995 45100
0.5799999833106995 0.5899999737739563 0.5400000214576721 0.5600000023841858 65800
0.5699999928474426 0.5699999928474426 0.5600000023841858 0.5699999928474426 43800
0.5799999833106995 0.6100000143051147 0.5699999928474426 0.6000000238418579 61000
0.5699999928474426 0.6100000143051147 0.5699999928474426 0.5899999737739563 47100
0.6000000238418579 0.6000000238418579 0.5600000023841858 0.5899999737739563 60300
0.5600000023841858 0.6299999952316284 0.5600000023841858 0.6200000047683716 96300
0.6000000238418579 0.6200000047683716 0.5799999833106995 0.6000000238418579 25800
0.6100000143051147 0.6100000143051147 0.5799999833106995 0.6000000238418579 53100
0.5699999928474426 0.6000000238418579 0.5400000214576721 0.5600000023841858 130400
0.6100000143051147 0.6100000143051147 0.5299999713897705 0.5699999928474426 73500
0.5400000214576721 0.5799999833106995 0.5400000214576721 0.5699999928474426 69000
0.550000011920929 0.6100000143051147 0.5400000214576721 0.6000000238418579 48900
0.5799999833106995 0.6100000143051147 0.5799999833106995 0.5799999833106995 89100
0.6100000143051147 0.6499999761581421 0.6000000238418579 0.6299999952316284 78300
0.6000000238418579 0.6399999856948853 0.6000000238418579 0.6200000047683716 44000
0.5899999737739563 0.6499999761581421 0.5899999737739563 0.6299999952316284 96000
0.6600000262260437 0.6600000262260437 0.5699999928474426 0.5899999737739563 112500
0.6100000143051147 0.6499999761581421 0.5799999833106995 0.6100000143051147 26400
0.5899999737739563 0.6399999856948853 0.5899999737739563 0.6100000143051147 33400
0.5899999737739563 0.6700000166893005 0.5899999737739563 0.6600000262260437 59900
0.6299999952316284 0.6700000166893005 0.6299999952316284 0.6700000166893005 29500
0.6499999761581421 0.6700000166893005 0.6000000238418579 0.6299999952316284 39900
0.6000000238418579 0.6299999952316284 0.6000000238418579 0.6299999952316284 33100
0.6000000238418579 0.6299999952316284 0.5899999737739563 0.6299999952316284 16800
0.5799999833106995 0.6299999952316284 0.5799999833106995 0.6299999952316284 12600
0.6000000238418579 0.6600000262260437 0.5699999928474426 0.6600000262260437 62700
0.6399999856948853 0.6600000262260437 0.6000000238418579 0.6600000262260437 70200
0.6700000166893005 0.6700000166893005 0.5699999928474426 0.6499999761581421 44100
0.6899999976158142 0.6899999976158142 0.6100000143051147 0.6499999761581421 55700
0.6100000143051147 0.6499999761581421 0.6000000238418579 0.6499999761581421 45300
0.6100000143051147 0.6600000262260437 0.6100000143051147 0.6299999952316284 67400
0.6399999856948853 0.6499999761581421 0.6000000238418579 0.6499999761581421 34100
0.6000000238418579 0.6499999761581421 0.6000000238418579 0.6299999952316284 22000
0.6200000047683716 0.6399999856948853 0.6100000143051147 0.6399999856948853 31900
0.6499999761581421 0.6499999761581421 0.6000000238418579 0.6000000238418579 65800
0.6100000143051147 0.6299999952316284 0.6000000238418579 0.6100000143051147 39100
0.6100000143051147 0.6200000047683716 0.6000000238418579 0.6200000047683716 17300
0.6000000238418579 0.6299999952316284 0.6000000238418579 0.6000000238418579 20100
0.6100000143051147 0.6299999952316284 0.550000011920929 0.6000000238418579 85300
0.5600000023841858 0.5799999833106995 0.550000011920929 0.5600000023841858 34600
0.550000011920929 0.5699999928474426 0.550000011920929 0.5699999928474426 46500
0.5600000023841858 0.5699999928474426 0.550000011920929 0.5699999928474426 35100
0.5699999928474426 0.5799999833106995 0.5600000023841858 0.5799999833106995 24500
0.550000011920929 0.5799999833106995 0.550000011920929 0.5699999928474426 25600
0.5600000023841858 0.5799999833106995 0.5600000023841858 0.5799999833106995 12100
0.5600000023841858 0.5799999833106995 0.5299999713897705 0.5600000023841858 98800
0.5600000023841858 0.5699999928474426 0.550000011920929 0.550000011920929 25500
0.550000011920929 0.5600000023841858 0.5400000214576721 0.5400000214576721 32000
0.5299999713897705 0.5600000023841858 0.5299999713897705 0.5600000023841858 37700
0.5600000023841858 0.6100000143051147 0.5 0.5600000023841858 64700
0.550000011920929 0.5600000023841858 0.5099999904632568 0.5600000023841858 5800
0.5299999713897705 0.5600000023841858 0.5099999904632568 0.5099999904632568 29200
0.5199999809265137 0.5600000023841858 0.5199999809265137 0.5600000023841858 8000
0.5600000023841858 0.5600000023841858 0.5299999713897705 0.550000011920929 80800
0.5299999713897705 0.6100000143051147 0.5299999713897705 0.6000000238418579 76800
0.5699999928474426 0.6000000238418579 0.5699999928474426 0.5899999737739563 68100
0.6100000143051147 0.6700000166893005 0.6000000238418579 0.6200000047683716 129500
0.6100000143051147 0.6299999952316284 0.5899999737739563 0.6299999952316284 45800
0.6000000238418579 0.6200000047683716 0.5299999713897705 0.5799999833106995 46600
0.5899999737739563 0.6000000238418579 0.5400000214576721 0.5699999928474426 41400
0.5699999928474426 0.5799999833106995 0.5699999928474426 0.5699999928474426 5700
0.5799999833106995 0.5799999833106995 0.550000011920929 0.5699999928474426 9100
0.550000011920929 0.5899999737739563 0.5199999809265137 0.550000011920929 46200
0.5799999833106995 0.699999988079071 0.5799999833106995 0.6700000166893005 259400
0.699999988079071 0.8500000238418579 0.699999988079071 0.8100000023841858 274900
0.8199999928474426 0.9300000071525574 0.8100000023841858 0.8999999761581421 209700
0.9399999976158142 0.9399999976158142 0.7300000190734863 0.7699999809265137 168400
0.7799999713897705 0.8700000047683716 0.7799999713897705 0.8299999833106995 43700
0.8299999833106995 0.8799999952316284 0.75 0.8399999737739563 81100
0.8600000143051147 0.9100000262260437 0.8199999928474426 0.8600000143051147 77500
0.9100000262260437 1.0700000524520874 0.8600000143051147 1.0700000524520874 291100
1.149999976158142 1.149999976158142 1.0199999809265137 1.100000023841858 366300
1.059999942779541 1.1299999952316284 0.8899999856948853 1.0499999523162842 263600
1.0800000429153442 1.100000023841858 0.9700000286102295 1.090000033378601 181900
1.059999942779541 1.090000033378601 1.0 1.0099999904632568 126000
1.0199999809265137 1.0499999523162842 0.6800000071525574 0.800000011920929 516600
0.8199999928474426 0.9300000071525574 0.7699999809265137 0.9300000071525574 228800
0.9200000166893005 1.0199999809265137 0.9100000262260437 1.0099999904632568 97600
1.0099999904632568 1.0499999523162842 0.949999988079071 1.0099999904632568 72900
1.0399999618530273 1.0399999618530273 0.9800000190734863 1.0199999809265137 65100
1.0499999523162842 1.0700000524520874 1.0 1.0199999809265137 36600
1.0199999809265137 1.0800000429153442 1.0099999904632568 1.0800000429153442 53900
1.0700000524520874 1.0800000429153442 1.0099999904632568 1.0700000524520874 107400
1.100000023841858 1.2000000476837158 1.0700000524520874 1.190000057220459 484100
1.2799999713897705 1.350000023841858 1.2000000476837158 1.2899999618530273 1219000
1.3200000524520874 1.3899999856948853 1.159999966621399 1.1699999570846558 782600
1.2300000190734863 1.2400000095367432 1.0199999809265137 1.1399999856948853 524900
1.0499999523162842 1.1100000143051147 1.0 1.0399999618530273 316500
1.0499999523162842 1.1100000143051147 0.9100000262260437 0.9800000190734863 210400
0.9599999785423279 0.9700000286102295 0.7900000214576721 0.8700000047683716 330600
0.9399999976158142 0.9399999976158142 0.8600000143051147 0.8700000047683716 92200
0.9100000262260437 0.9100000262260437 0.75 0.800000011920929 185900
0.7799999713897705 0.800000011920929 0.7799999713897705 0.7900000214576721 85600
0.7599999904632568 0.800000011920929 0.7599999904632568 0.7900000214576721 57500
0.7799999713897705 0.8100000023841858 0.7599999904632568 0.7699999809265137 64700
0.7599999904632568 0.8100000023841858 0.7599999904632568 0.7900000214576721 39500
0.7799999713897705 0.8100000023841858 0.7699999809265137 0.7799999713897705 30500
0.7799999713897705 0.8100000023841858 0.7799999713897705 0.7799999713897705 42900
0.7900000214576721 0.800000011920929 0.7599999904632568 0.800000011920929 32400
0.800000011920929 0.8100000023841858 0.7699999809265137 0.7900000214576721 36100
0.7799999713897705 0.8100000023841858 0.7799999713897705 0.8100000023841858 11000
0.8100000023841858 0.8199999928474426 0.7900000214576721 0.8199999928474426 21800
0.8100000023841858 0.8199999928474426 0.7799999713897705 0.7799999713897705 26200
0.7900000214576721 0.8100000023841858 0.7900000214576721 0.7900000214576721 50500
0.7799999713897705 0.7900000214576721 0.7599999904632568 0.7900000214576721 9500
0.7799999713897705 0.7900000214576721 0.7699999809265137 0.7799999713897705 18100
0.7799999713897705 0.8399999737739563 0.7799999713897705 0.8299999833106995 100500
0.8299999833106995 0.8600000143051147 0.8100000023841858 0.8399999737739563 92200
0.8299999833106995 0.8700000047683716 0.7599999904632568 0.7599999904632568 87000
0.7699999809265137 0.7799999713897705 0.7599999904632568 0.7599999904632568 122700
0.7799999713897705 0.7799999713897705 0.7300000190734863 0.7300000190734863 28800
0.7300000190734863 0.75 0.7099999785423279 0.75 21400
0.7300000190734863 0.75 0.7099999785423279 0.7300000190734863 54600
0.7099999785423279 0.8700000047683716 0.699999988079071 0.8500000238418579 143900
0.7200000286102295 0.8600000143051147 0.7099999785423279 0.8500000238418579 153800
0.8600000143051147 0.9100000262260437 0.8600000143051147 0.8999999761581421 157400
0.9300000071525574 1.0499999523162842 0.8600000143051147 1.0299999713897705 470000
1.2300000190734863 1.2699999809265137 0.8999999761581421 0.9200000166893005 3022700
0.8700000047683716 0.8700000047683716 0.75 0.8399999737739563 415700
0.8100000023841858 0.8299999833106995 0.7599999904632568 0.7799999713897705 181200
0.7699999809265137 0.7900000214576721 0.699999988079071 0.7599999904632568 113300
0.7599999904632568 0.800000011920929 0.7400000095367432 0.7400000095367432 56200
0.7699999809265137 0.800000011920929 0.7200000286102295 0.7799999713897705 178700
0.7799999713897705 0.7799999713897705 0.7400000095367432 0.7599999904632568 55300
0.7599999904632568 0.7699999809265137 0.7400000095367432 0.75 48000
0.7599999904632568 0.7900000214576721 0.7400000095367432 0.7900000214576721 81500
0.7900000214576721 0.7900000214576721 0.6499999761581421 0.6499999761581421 515600
0.6899999976158142 0.7400000095367432 0.6899999976158142 0.699999988079071 99100
0.7099999785423279 0.7300000190734863 0.6899999976158142 0.7200000286102295 46800
0.6899999976158142 0.7300000190734863 0.6899999976158142 0.7200000286102295 35100
0.7200000286102295 0.75 0.7099999785423279 0.7200000286102295 57800
0.7099999785423279 0.7200000286102295 0.7099999785423279 0.7099999785423279 72500
0.7099999785423279 0.7200000286102295 0.6899999976158142 0.699999988079071 40300
0.6899999976158142 0.7200000286102295 0.6899999976158142 0.699999988079071 28500
0.7099999785423279 0.7200000286102295 0.6800000071525574 0.6800000071525574 55400
0.6800000071525574 0.7099999785423279 0.6800000071525574 0.6800000071525574 43600
0.6800000071525574 0.699999988079071 0.6700000166893005 0.6899999976158142 19600
0.699999988079071 0.699999988079071 0.6899999976158142 0.6899999976158142 39500
0.699999988079071 0.699999988079071 0.6700000166893005 0.6700000166893005 37000
0.6700000166893005 0.699999988079071 0.6700000166893005 0.699999988079071 26100
0.6700000166893005 0.7200000286102295 0.6600000262260437 0.6899999976158142 67000
0.6700000166893005 0.699999988079071 0.6700000166893005 0.6899999976158142 30400
0.6800000071525574 0.699999988079071 0.6800000071525574 0.6800000071525574 34400
0.699999988079071 0.699999988079071 0.6800000071525574 0.6800000071525574 40200
0.6899999976158142 0.699999988079071 0.6800000071525574 0.6800000071525574 21500
0.6800000071525574 0.6899999976158142 0.6600000262260437 0.6700000166893005 42800
0.6600000262260437 0.6899999976158142 0.6499999761581421 0.6600000262260437 72200
0.6499999761581421 0.6700000166893005 0.6499999761581421 0.6700000166893005 41100
0.6499999761581421 0.6899999976158142 0.6499999761581421 0.6700000166893005 76300
0.6700000166893005 0.6899999976158142 0.6700000166893005 0.6899999976158142 58500
0.6700000166893005 0.6899999976158142 0.6700000166893005 0.6800000071525574 40000
0.6899999976158142 0.6899999976158142 0.6399999856948853 0.6499999761581421 62600
0.6499999761581421 0.6800000071525574 0.6499999761581421 0.6700000166893005 14700
0.6399999856948853 0.6800000071525574 0.6399999856948853 0.6800000071525574 54700
0.6800000071525574 0.6899999976158142 0.6399999856948853 0.6399999856948853 47800
0.6399999856948853 0.6700000166893005 0.6399999856948853 0.6499999761581421 30100
0.6399999856948853 0.6499999761581421 0.6299999952316284 0.6299999952316284 40500
0.6399999856948853 0.6399999856948853 0.6200000047683716 0.6399999856948853 22000
0.6200000047683716 0.6700000166893005 0.6200000047683716 0.6499999761581421 37200
0.6800000071525574 0.6800000071525574 0.6299999952316284 0.6600000262260437 56600
0.6299999952316284 0.6499999761581421 0.6200000047683716 0.6499999761581421 79700
0.6399999856948853 0.6499999761581421 0.6200000047683716 0.6499999761581421 17800
0.6299999952316284 0.6499999761581421 0.6299999952316284 0.6299999952316284 45500
0.6399999856948853 0.6499999761581421 0.6200000047683716 0.6399999856948853 95800
0.6200000047683716 0.6399999856948853 0.6200000047683716 0.6200000047683716 49300
0.6299999952316284 0.6299999952316284 0.6000000238418579 0.6000000238418579 66100
0.9100000262260437 0.9599999785423279 0.7400000095367432 0.8199999928474426 31646300
0.7900000214576721 0.8899999856948853 0.7599999904632568 0.7900000214576721 2256800
0.7900000214576721 0.800000011920929 0.699999988079071 0.75 837100
0.7300000190734863 0.7400000095367432 0.7200000286102295 0.7300000190734863 107700
0.7200000286102295 0.7599999904632568 0.6600000262260437 0.6899999976158142 274800
0.6700000166893005 0.7099999785423279 0.6499999761581421 0.6700000166893005 169500
0.6399999856948853 0.699999988079071 0.6399999856948853 0.6899999976158142 135400
0.6700000166893005 0.699999988079071 0.6600000262260437 0.6800000071525574 157700
0.6700000166893005 0.6899999976158142 0.6499999761581421 0.6899999976158142 62800
0.6899999976158142 0.699999988079071 0.6600000262260437 0.6800000071525574 60400
0.6899999976158142 0.7200000286102295 0.6600000262260437 0.7099999785423279 153900
0.7099999785423279 0.8100000023841858 0.699999988079071 0.7699999809265137 266800
0.800000011920929 0.800000011920929 0.7300000190734863 0.7300000190734863 85200
0.7400000095367432 0.7799999713897705 0.7400000095367432 0.7599999904632568 110700
0.8199999928474426 0.8199999928474426 0.7300000190734863 0.7599999904632568 146600
0.7699999809265137 0.7799999713897705 0.7400000095367432 0.7599999904632568 29900
0.7400000095367432 0.7699999809265137 0.7300000190734863 0.7300000190734863 61600
0.7099999785423279 0.75 0.699999988079071 0.75 190100
0.7400000095367432 0.7599999904632568 0.7099999785423279 0.7599999904632568 87500
0.7400000095367432 0.75 0.7400000095367432 0.75 62600
0.7300000190734863 0.75 0.7099999785423279 0.7300000190734863 81800
0.7400000095367432 0.7400000095367432 0.7099999785423279 0.7099999785423279 83000
0.75 0.75 0.6800000071525574 0.6899999976158142 49400
0.7099999785423279 0.7099999785423279 0.6600000262260437 0.6800000071525574 82200
0.6800000071525574 0.699999988079071 0.6600000262260437 0.6700000166893005 69700
0.6700000166893005 0.699999988079071 0.6600000262260437 0.699999988079071 37000
0.699999988079071 0.699999988079071 0.6399999856948853 0.6899999976158142 64200
0.6899999976158142 0.7099999785423279 0.6399999856948853 0.6600000262260437 123000
0.6499999761581421 0.6800000071525574 0.6499999761581421 0.6600000262260437 61500
0.6800000071525574 0.6899999976158142 0.6499999761581421 0.6600000262260437 71200
0.6600000262260437 0.6800000071525574 0.6499999761581421 0.6700000166893005 26500
0.6499999761581421 0.6700000166893005 0.6499999761581421 0.6700000166893005 14800
0.6700000166893005 0.7099999785423279 0.6499999761581421 0.6600000262260437 47100
0.6399999856948853 0.6800000071525574 0.6299999952316284 0.6600000262260437 46800
0.6800000071525574 0.699999988079071 0.6600000262260437 0.6899999976158142 67600
0.6700000166893005 0.699999988079071 0.6600000262260437 0.6800000071525574 31600
0.6600000262260437 0.699999988079071 0.6600000262260437 0.6800000071525574 44200
0.6899999976158142 0.7400000095367432 0.6800000071525574 0.7300000190734863 115700
0.7300000190734863 0.7300000190734863 0.6700000166893005 0.7200000286102295 54200
0.7099999785423279 0.7300000190734863 0.6800000071525574 0.7300000190734863 20200
0.699999988079071 0.7099999785423279 0.6899999976158142 0.6899999976158142 43300
0.6899999976158142 0.7799999713897705 0.6899999976158142 0.7400000095367432 224900
0.7900000214576721 0.8600000143051147 0.7699999809265137 0.800000011920929 561100
0.8700000047683716 0.9399999976158142 0.8299999833106995 0.8500000238418579 1213300
0.8399999737739563 0.8399999737739563 0.7099999785423279 0.7300000190734863 349000
0.8199999928474426 0.8199999928474426 0.7200000286102295 0.7599999904632568 433200
0.7300000190734863 0.75 0.6600000262260437 0.6600000262260437 273300
0.6600000262260437 0.6600000262260437 0.6399999856948853 0.6399999856948853 98800
0.6402000188827515 0.6669999957084656 0.6402000188827515 0.6600000262260437 26023
