23.40102437691526 23.48670768737793 23.30582049686085 23.48670768737793 277800
23.648554822508668 23.705676426813966 23.58095932006836 23.58095932006836 4000
23.781848610936382 23.81993090616468 23.624763682779115 23.677125930786133 2900
24.93380994460195 24.93380994460195 23.95321273803711 23.95321273803711 2800
23.99128900540892 23.99128900540892 23.919885635375977 23.919885635375977 2800
23.838011933017896 23.93416734044842 23.832301043051906 23.874189376831055 3800
23.953212540395377 24.00176691644278 23.883713993910384 23.958925247192383 2200
24.088394816751432 24.391142767544828 24.088394816751432 24.284513473510742 1700
24.295946268981286 24.295946268981286 24.029375676661896 24.031280517578125 2300
24.372111411414785 24.372111411414785 24.181703567504883 24.181703567504883 2300
24.34354628616911 24.34354628616911 24.172179613784746 24.31879425048828 7400
24.325456508337727 24.4035742659183 24.325456508337727 24.397859573364258 800
24.37500273586507 24.455026626586914 24.37500273586507 24.455026626586914 700
24.52171320218845 24.531240115427657 24.455026626586914 24.455026626586914 2200
24.645559296434705 24.645559296434705 24.39786502314052 24.414060592651367 900
24.399763541746324 24.45025634765625 24.399763541746324 24.45025634765625 1500
24.463602614773205 24.463602614773205 24.397868182092452 24.431211471557617 6300
24.34070537540876 24.39786685458713 24.321653366088867 24.321653366088867 1200
24.29307186899028 24.397866093810016 24.29307186899028 24.323556900024414 600
24.340696552396995 24.397858010855487 24.283536911010742 24.283536911010742 1000
24.521711460223855 24.521711460223855 24.168270817570395 24.320697784423828 580900
24.2921199798584 24.2921199798584 24.2921199798584 24.2921199798584 200
24.312121035575096 24.312121035575096 24.131113359322196 24.243528366088867 800
24.131112377654176 24.131112377654176 24.068236220784428 24.12253761291504 1000
24.21781022740891 24.2454388195947 24.152075801173265 24.195899963378906 1400
24.24544071195591 24.28354654897994 24.17017936706543 24.17017936706543 700
24.131111151824477 24.131111151824477 24.053945541381836 24.053945541381836 600
24.007270551574717 24.244483947753906 24.007270551574717 24.244483947753906 800
24.407385702904048 24.407385702904048 24.296875 24.296875 100
24.429296853563223 24.429296853563223 24.325456619262695 24.325456619262695 700
24.64556121826172 24.64556121826172 24.64556121826172 24.64556121826172 400
24.62650611633238 24.62650611633238 24.602689743041992 24.602689743041992 700
24.41690632494655 24.42643323325053 24.321640876050633 24.324499130249023 2700
24.37880634663133 24.37880634663133 24.329267501831055 24.329267501831055 500
24.312125085695538 24.392148971557617 24.13016523314461 24.392148971557617 800
24.197800406199107 24.197800406199107 23.988213809584785 24.067285537719727 3000
23.79767960612244 23.902473814673098 23.78815269470215 23.78815269470215 800
23.93009968012335 23.934864044189453 23.90723545699454 23.934864044189453 600
23.81674064048342 23.873900309240113 23.72242546081543 23.72242546081543 1100
23.70241948894368 23.732906341552734 23.59095840741477 23.732906341552734 500
23.492826423846058 23.492826423846058 23.149864870569512 23.15843963623047 2700
23.45472001139747 23.45472001139747 23.34516143798828 23.34516143798828 800
23.70241202154227 23.70241202154227 23.59857177734375 23.59857177734375 700
24.07396000396357 24.07396000396357 24.056812286376953 24.056812286376953 200
24.14064253571909 24.14064253571909 23.923433303833008 23.923433303833008 3000
23.921529171776545 23.921529171776545 23.57856760693962 23.583330154418945 1800
23.54046342613554 23.635730743408203 23.54046342613554 23.635730743408203 2000
23.762431938637107 23.894852917831926 23.762431938637107 23.88627815246582 3400
24.04508613633972 24.098657608032227 24.011603966531904 24.098657608032227 1000
24.089083095275438 24.145524709348397 24.089083095275438 24.13882827758789 400
24.06230002444167 24.07856304974684 23.97333235352784 24.02212142944336 400
24.107265647711866 24.107265647711866 23.89776216729991 23.901588439941406 1000
23.999165418293963 24.02116876737064 23.972379684448242 23.972379684448242 1300
24.093872139357142 24.093872139357142 23.992467706173127 24.01447105407715 3000
23.915940515806668 23.915940515806668 23.715047491301792 23.802101135253906 1000
23.07218127325698 23.13149305591291 23.07218127325698 23.116186141967773 700
22.959298907252467 22.959298907252467 22.30400276184082 22.30400276184082 4100
22.50967391252966 22.50967391252966 22.048574447631836 22.048574447631836 200
21.267956448074 22.040919768788793 21.267956448074 21.338747024536133 1400
19.209276758077916 20.76859474182129 19.209276758077916 20.76859474182129 600
20.927397112625798 21.41337013244629 20.927397112625798 21.41337013244629 1800
21.35884633302412 21.35884633302412 20.97045135498047 20.97045135498047 1400
21.068026496671298 21.545387268066406 21.068026496671298 21.545387268066406 600
20.690155029296875 20.690155029296875 20.690155029296875 20.690155029296875 400
20.389775076640028 20.44239044189453 20.389775076640028 20.44239044189453 400
19.132754580187324 19.151887772681512 18.529115676879883 18.529115676879883 3400
18.680255383791412 18.912718257198417 18.223938291760952 18.897411346435547 43500
18.69417377742766 18.69417377742766 17.85149822201226 17.88217544555664 800
17.20823306428224 17.20823306428224 16.049192428588867 16.049192428588867 4000
16.565922767817426 16.994449615478516 16.565922767817426 16.994449615478516 600
15.885257328648002 15.885257328648002 15.338812428449131 15.363737106323242 800
15.338808071751306 16.216955184936523 14.986974519997078 16.216955184936523 28900
15.578478712765795 15.578478712765795 14.514349111367407 14.63897705078125 1900
15.247735719469805 15.440430641174316 15.04162031165185 15.440430641174316 1700
15.43467875178249 15.597653689869793 14.624597549438477 14.624597549438477 2200
14.610217785492704 14.610217785492704 14.265094854669245 14.401226997375488 900
15.319636311350575 15.573686599731445 15.172000906211041 15.573686599731445 5700
15.971536667300605 16.192031634643627 15.749123573303223 15.749123573303223 1600
15.93318877731397 16.711631774902344 15.93318877731397 16.711631774902344 110300
17.668398986951846 19.42277599523924 15.933195937527113 15.993592262268066 4500
16.335838049667593 16.445125579833984 16.28406873240634 16.445125579833984 1300
16.413488957862388 16.633025807953086 16.374182898246943 16.44704246520996 4000
15.952364565050612 15.952364565050612 15.386745702505907 15.445225715637207 18300
15.540133291336378 15.760630107229144 15.433722051311504 15.68393611907959 1500
15.319639351571475 15.319639351571475 14.849888413466484 15.077095031738281 2100
16.05973270926405 16.30323600769043 15.966741068981614 16.30323600769043 10700
16.69197847118116 17.075924249947818 16.356028660944066 16.389623641967773 4900
16.50961177068636 17.123922293238113 16.461617616868395 17.015457153320312 4000
17.459871422749526 17.93980190406147 17.459871422749526 17.850534439086914 4500
18.016588792937178 18.016588792937178 17.114319071347882 17.354284286499023 14400
17.728637406730627 17.728637406730627 17.281342425398 17.44260025024414 10600
16.88395072481937 16.88395072481937 16.57679557800293 16.57679557800293 7900
16.50001394757139 16.50001394757139 16.191897502849777 16.442420959472656 5500
16.78797250301749 17.258304280699996 16.78797250301749 17.211271286010742 4000
16.95114385846027 16.95114385846027 16.700620463581874 16.84939956665039 1100
16.413623085646286 16.615193012194364 16.413623085646286 16.51344871520996 1200
16.667991374322575 16.75437903840523 16.62479754228125 16.686229705810547 3200
16.8743537992341 17.037530218217615 16.778367347339803 16.879152297973633 8200
16.883952529797362 17.1815088812374 16.845557216946116 17.093202590942383 3800
17.5654594041584 17.949405352647734 17.5654594041584 17.881254196166992 3000
18.131778217595926 18.419737687749908 18.00507656334938 18.277677536010742 2200
18.918857532380244 19.44102246447077 18.918857532380244 19.285524368286133 1700
18.60210728581107 18.63282427630625 18.593469619750977 18.593469619750977 2000
18.592508951098466 18.592508951098466 17.7622275493014 17.821739196777344 3700
17.59425116943815 17.78622409207221 17.59425116943815 17.719032287597656 1400
18.275755637603424 18.304550297975997 17.786226272583008 17.786226272583008 600
17.632645562967728 17.651841389594388 17.513622283935547 17.513622283935547 5200
17.781420531512154 17.781420531512154 17.703672409057617 17.703672409057617 300
17.703672409057617 17.703672409057617 17.703672409057617 17.703672409057617 0
18.51571884642451 18.51571884642451 18.11257716892071 18.261354446411133 1000
18.093380260764654 18.093380260764654 17.555858612060547 17.555858612060547 1900
17.286803067754207 17.296412405692625 16.857275009155273 16.857275009155273 1000
16.614162613269745 16.902435363093876 16.268233847246034 16.898591995239258 2600
17.000452071327913 17.238759268110986 17.000452071327913 17.148433685302734 1000
17.78647282775118 18.468719141503062 17.78647282775118 18.42355728149414 13200
18.420679339491233 18.420679339491233 18.031509399414062 18.031509399414062 200
18.420676713774988 18.53118133544922 18.420676713774988 18.53118133544922 1200
18.68012197212707 18.689731308039104 18.562891006469727 18.562891006469727 1000
18.622466476526075 18.622466476526075 18.526376780310105 18.59652328491211 7300
19.347959457283718 19.477682771186796 19.29510901464241 19.351802825927734 1100
19.58337504527989 20.187789916992188 19.58337504527989 20.187789916992188 600
20.178191762097967 20.178191762097967 19.700618743896484 19.700618743896484 2200
19.26628010898175 19.49305534362793 19.218235253964334 19.49305534362793 7300
19.573766522051127 19.73904230467585 19.573766522051127 19.5833740234375 600
19.78421842349968 19.804397488118184 19.73617172241211 19.73617172241211 1100
20.087860582321714 20.477028663991437 20.087860582321714 20.421297073364258 16700
20.443399452328997 20.589458465576172 20.438595699458936 20.589458465576172 2700
21.488866806030273 21.488866806030273 21.488866806030273 21.488866806030273 300
21.753117187165582 21.78290557861328 21.753117187165582 21.78290557861328 1000
21.428331280898504 21.472534599636717 21.120839814303114 21.365873336791992 21200
20.95108273718333 20.95108273718333 20.700862884521484 20.700862884521484 2300
20.20042299656701 20.20042299656701 19.09464454650879 19.09464454650879 7100
20.354411542498248 20.354411542498248 19.22842272513787 19.46613121032715 9900
19.319843579569135 19.80392074584961 19.319843579569135 19.80392074584961 700
20.777858490602593 20.777858490602593 19.98870436827839 20.345748901367188 2200
20.065693974773044 20.142684572265672 19.977153778076172 19.977153778076172 4500
20.11380539957899 20.11380539957899 19.882833687601813 19.89630699157715 700
19.95020926827494 19.95020926827494 19.734636306762695 19.734636306762695 600
19.488260849763872 19.829906463623047 19.488260849763872 19.829906463623047 9800
20.017581240033955 20.017581240033955 19.911720275878906 19.911720275878906 1200
19.497884407358697 19.497884407358697 19.228416442871094 19.228416442871094 600
19.122558433749155 19.493074417114258 19.122558433749155 19.493074417114258 600
19.112932237164724 19.112932237164724 19.00706949058453 19.026317596435547 900
19.74810733639106 19.848195295706912 19.74810733639106 19.76639175415039 1700
19.81547019539099 20.0916748046875 19.796222090885248 20.0916748046875 1700
20.137866744258524 20.137866744258524 19.67784881591797 19.67784881591797 10000
20.01757225829097 20.01757225829097 19.75484275817871 19.75484275817871 1200
19.853966083175738 19.97811508178711 19.853966083175738 19.97811508178711 300
19.690366990008666 19.844350050187558 19.488267321100544 19.50655174255371 9900
19.705917218345395 19.705917218345395 19.397711559583293 19.553741455078125 2000
19.282138641523993 19.282138641523993 19.089509153450553 19.097213745117188 300
19.552783966064453 19.552783966064453 19.552783966064453 19.552783966064453 100
19.840754131562203 19.840754131562203 19.51713752746582 19.51713752746582 800
19.763713698142013 19.763713698142013 19.739635467529297 19.739635467529297 400
20.41864470439116 20.509180068969727 20.409013048110385 20.509180068969727 800
20.29343949648637 20.505332307409795 20.29343949648637 20.44176483154297 1600
20.505330800649347 20.505330800649347 20.388790130615234 20.388790130615234 1700
20.1682340102364 20.192312240600586 20.095034867252398 20.192312240600586 700
20.678693168864132 20.678693168864132 20.61223602294922 20.61223602294922 800
20.553486776593402 20.572750091552734 20.505330326245904 20.572750091552734 400
20.659429851762276 20.871320771110668 20.659429851762276 20.740333557128906 600
20.58237675996843 20.68832129246267 20.469688415527344 20.469688415527344 2800
20.582382631699602 20.621870040893555 20.4475412582525 20.621870040893555 900
20.630539014554707 20.630539014554707 20.434057235717773 20.434057235717773 500
20.9580020904541 20.9580020904541 20.9580020904541 20.9580020904541 300
20.69795604508911 20.766340255737305 20.548668123576004 20.766340255737305 1500
20.322330526478634 20.545780181884766 20.322330526478634 20.545780181884766 800
20.764417973935558 20.842432022094727 20.764417973935558 20.842432022094727 500
20.842429851653698 20.967639566036958 20.830872964521078 20.952228546142578 7800
21.141002756288092 21.361562728881836 21.13137109984135 21.361562728881836 3600
21.49736195874962 21.49736195874962 21.20841965253916 21.279691696166992 1200
21.735258102416992 21.735258102416992 21.735258102416992 21.735258102416992 200
22.134003070910822 22.134003070910822 22.015535354614258 22.015535354614258 300
22.344940086553773 22.382502273923294 22.031917572021484 22.031917572021484 800
22.24190413100438 22.24190413100438 22.16484260559082 22.16484260559082 200
22.32859719135729 22.32859719135729 22.010718189088 22.068513870239258 3500
22.068521775549865 22.068521775549865 22.01650619506836 22.01650619506836 400
22.01071828872208 22.01071828872208 22.008790969848633 22.008790969848633 500
21.8941628340405 21.914391414848822 21.702472686767578 21.702472686767578 4000
21.899937654148083 21.904753194336006 21.70343017578125 21.70343017578125 9300
21.808428937754254 21.808428937754254 21.4905499589722 21.54834747314453 2400
21.288272865596593 21.384600257933485 21.288272865596593 21.359554290771484 2300
21.72366714477539 21.72366714477539 21.72366714477539 21.72366714477539 100
21.76026870223572 21.76026870223572 21.585917073376265 21.7255916595459 800
21.596516778999106 21.596516778999106 21.538721084594727 21.538721084594727 600
21.71210502839451 21.721736110844336 21.57724598930646 21.6639404296875 4100
21.70247694446752 21.7708683013916 21.70247694446752 21.7708683013916 300
21.557975543550313 21.615773049649185 21.471282958984375 21.471282958984375 900
21.577246607522685 21.70632553100586 21.577246607522685 21.70632553100586 1000
21.683207026591727 22.02131462097168 21.683207026591727 22.02131462097168 900
22.02034893502605 22.02034893502605 21.47995376586914 21.47995376586914 600
21.317165967642403 21.426979064941406 21.191941666205064 21.426979064941406 1300
21.047447102984627 21.047447102984627 20.94244956970215 20.94244956970215 300
21.00226286168849 21.17591530289171 20.982967737091606 21.10162925720215 2400
21.282036462955467 21.282036462955467 20.888425827026367 20.888425827026367 700
20.828617241998842 20.94342014280561 20.73214342750296 20.77748680114746 800
21.12575340270996 21.12575340270996 21.12575340270996 21.12575340270996 0
21.224155828424045 21.224155828424045 21.02349090576172 21.02349090576172 500
21.18556551584066 21.23766199527834 21.161447525024414 21.161447525024414 1100
21.11803644148584 21.14697913730652 20.88553619067332 21.11224937438965 1900
21.00419516163393 21.007089614868164 21.00419516163393 21.007089614868164 700
20.558486550909574 20.558486550909574 20.211183468811477 20.213111877441406 700
20.330812454223633 20.330812454223633 20.330812454223633 20.330812454223633 300
19.870635986328125 19.870635986328125 19.870635986328125 19.870635986328125 200
19.767404834466596 19.94684620235929 19.68057860356169 19.937198638916016 3400
20.068405151367188 20.068405151367188 20.068405151367188 20.068405151367188 100
20.50060652417969 20.591291427612305 20.50060652417969 20.591291427612305 10800
20.548844305848693 20.548844305848693 20.423429629314995 20.4610538482666 500
20.7031987628335 20.7031987628335 20.36554320432696 20.509288787841797 1900
20.70416831970215 20.70416831970215 20.70416831970215 20.70416831970215 200
21.061107635498047 21.061107635498047 21.061107635498047 21.061107635498047 200
21.513572487363124 21.525150299072266 21.513572487363124 21.525150299072266 50200
21.696879798662984 21.696879798662984 21.544452667236328 21.544452667236328 2600
21.914353889924516 21.942361890578717 21.914353889924516 21.917251586914062 400
22.13649117757646 22.152910232543945 22.13649117757646 22.152910232543945 600
22.329660648361006 22.329660648361006 22.253360748291016 22.253360748291016 300
22.60973990288595 22.60973990288595 22.319996000057472 22.49384307861328 4800
22.16739959500009 22.233075822927336 22.107518761806915 22.19734001159668 35900
22.17512530278977 22.17512530278977 22.06212615966797 22.06212615966797 200
21.88537689653042 22.291019439697266 20.948536618282883 22.291019439697266 126200
22.357667072695104 22.41658078213526 22.213760375976562 22.213760375976562 8000
22.319995969399606 22.319995969399606 21.91435340070883 21.957815170288086 4200
22.213754756715435 22.31033666756528 22.125865936279297 22.125865936279297 5900
22.155811535689157 22.155811535689157 22.079511642456055 22.079511642456055 300
22.373117280331307 22.374082565307617 22.373117280331307 22.374082565307617 2200
22.5141260324789 22.537303924560547 22.5141260324789 22.537303924560547 1200
22.01093482652598 22.097856521606445 21.933667822637982 22.097856521606445 1200
22.194439693328313 22.194439693328313 21.790729522705078 21.790729522705078 500
21.193857026373234 21.194822311401367 21.193857026373234 21.194822311401367 600
21.189997368058336 21.474913078545317 21.189997368058336 21.472015380859375 4500
21.25277110949071 21.25760121901171 21.25277110949071 21.254703521728516 2400
21.624607698768134 21.77044677734375 21.624607698768134 21.77044677734375 1400
21.846747425922754 22.376012802124023 21.846747425922754 22.376012802124023 3700
22.213756554936694 22.213756554936694 21.939464569091797 21.939464569091797 1700
22.324827128809805 22.559520346517676 22.324827128809805 22.524751663208008 800
22.600092045073698 22.600092045073698 22.31517627643123 22.3257999420166 1700
22.696663333208132 24.010172949638218 22.696663333208132 23.541751861572266 25800
23.691453735940602 24.203334747287364 23.691453735940602 24.116411209106445 4300
24.058468385616624 24.058468385616624 23.845022472395964 23.893314361572266 500
23.586045896536994 23.586045896536994 23.401493072509766 23.401493072509766 500
23.77542801360946 23.94258689880371 23.750304697185516 23.94258689880371 800
24.455666095369 24.658578550684872 24.455666095369 24.643117904663086 1100
24.268208929107807 24.731040377548567 24.268208929107807 24.668235778808594 4800
24.725253727186853 24.79385632357365 24.371606826782227 24.371606826782227 600
24.32039477067107 24.377403259277344 24.069170766392 24.377403259277344 800
24.342614790415617 24.37836465192063 24.263381980547408 24.359039306640625 1700
24.70205975352158 24.90303893773751 24.70205975352158 24.834434509277344 1400
25.219000117698585 25.518535614013672 25.141700575328034 25.518535614013672 2100
25.35427163774554 25.35427163774554 25.228660583496094 25.228660583496094 200
25.17648696899414 25.17648696899414 25.17648696899414 25.17648696899414 300
25.18035668993679 25.18035668993679 24.571622848510742 24.571622848510742 1200
25.02574945893607 25.02574945893607 24.913665771484375 24.913665771484375 600
24.862449596297477 25.00931739807129 24.859550610813667 25.00931739807129 1600
25.27697799734263 25.27697799734263 25.126243591308594 25.126243591308594 1000
25.644151372755324 25.765897750854492 25.63448869851412 25.765897750854492 5200
25.72917938232422 25.72917938232422 25.72917938232422 25.72917938232422 200
25.72144695025029 25.973636627197266 25.692458932004765 25.973636627197266 1700
26.26544782526702 26.26544782526702 26.011324827088036 26.016155242919922 2000
25.981367311603822 26.079923629760742 25.94368417609969 26.079923629760742 700
26.27220229554526 26.27220229554526 25.938846588134766 25.938846588134766 3000
26.073160214111653 26.073160214111653 25.894405364990234 25.894405364990234 1800
26.078959717004818 26.478984832763672 26.078959717004818 26.478984832763672 6100
26.474137680334586 26.474137680334586 26.384918454724616 26.420799255371094 1000
26.601178431088456 26.601178431088456 26.5817823049581 26.597299575805664 500
26.76603479782695 26.76603479782695 26.582744598388672 26.582744598388672 1300
26.31993856793297 26.47025576182551 26.096888680001808 26.33254623413086 1600
26.447952215373743 26.447952215373743 26.442134857177734 26.442134857177734 400
26.673908547502766 26.7776757775676 26.673908547502766 26.76506996154785 600
26.629300205919442 26.767009735107422 26.629300205919442 26.767009735107422 400
26.988121032714844 26.988121032714844 26.988121032714844 26.988121032714844 200
26.727244598081956 26.727244598081956 26.533288921873833 26.551713943481445 400
26.843622581530823 26.87271491897568 26.80677068434657 26.84847068786621 4100
26.775745467419377 26.8795108795166 26.727255141950934 26.8795108795166 11600
26.448921629304394 26.6971850045624 26.446012025533776 26.606996536254883 2000
26.84362020010428 27.19274301620035 26.84362020010428 27.08315658569336 1100
27.871590754371052 28.51164801921152 27.871590754371052 28.463159561157227 7100
28.763795960964387 28.773494023830196 28.618328717409977 28.714336395263672 1200
28.986848623077762 28.986848623077762 28.399160385131836 28.399160385131836 1200
28.45346228254623 28.511648803755705 28.36618157587394 28.454431533813477 35600
28.637722985761073 28.9044132232666 28.637722985761073 28.9044132232666 1900
28.57953643798828 28.773493995681992 28.57953643798828 28.57953643798828 59700
29.180802744553745 29.200198869839316 29.053760528564453 29.053760528564453 1100
28.560145560467635 28.782226232069412 28.49225911239533 28.648395538330078 2200
28.889861938969926 28.920894622802734 28.87822352646018 28.920894622802734 3000
28.95677988599287 29.03533363342285 28.91895873892447 29.03533363342285 700
28.835553642829733 28.88986315396609 28.788034439086914 28.788034439086914 1700
28.88987304019247 29.09352684020996 28.308002133444948 29.09352684020996 9000
29.20019961856575 29.34469761113062 28.725005635182605 29.002363204956055 16000
29.30687382800232 29.30687382800232 28.85107598257878 28.918960571289062 5400
28.366178242762512 28.511645453551438 28.2750186920166 28.2750186920166 3800
28.540746427006425 28.540746427006425 28.133437030046593 28.22265625 3400
28.21102243414537 28.346791629794115 27.706734207854943 27.735828399658203 84000
27.96857384916211 28.366185185841033 27.88129313138221 28.307998657226562 7700
28.366186053732385 28.725006998885604 28.366186053732385 28.666818618774414 7200
28.948055412385617 28.948055412385617 28.443767242421195 28.880170822143555 6400
29.06442781300515 29.34566608021105 28.957752823475595 29.335968017578125 12700
29.636598190184294 29.636598190184294 29.277779150043713 29.613323211669922 4700
30.09240430956864 30.512319564819336 30.09240430956864 30.512319564819336 26400
30.810041579004587 30.86822810760916 30.456070601275826 30.858530044555664 6500
30.804200127432427 30.824575111566574 30.441329247417897 30.556787490844727 7400
30.746951478745242 30.756654115129727 30.261830763052902 30.601415634155273 3300
30.45587446188189 30.73724533314238 30.45587446188189 30.679031372070312 6400
31.067136963421596 31.067136963421596 30.5878362582751 30.63052749633789 2200
30.465581808005695 30.465581808005695 30.339451231081426 30.441326141357422 1700
30.05807890439061 30.242425293317893 30.028972846015378 30.087186813354492 6300
30.425800543939506 30.590741662505067 30.425800543939506 30.56939697265625 600
30.727548689895762 30.949734084471885 30.514096223948222 30.7469539642334 5400
30.475282927552364 30.727545919430575 30.346241380960517 30.638282775878906 4000
31.0671243431735 31.348495185569526 31.0671243431735 31.29998016357422 4100
31.299985408127093 31.299985408127093 30.35885378278417 30.43259048461914 2700
30.436472384244794 30.542227967425134 29.8834332526101 30.27735137939453 1600
31.22237343538781 31.22237343538781 30.86338324693545 31.096240997314453 4900
31.096243027501163 31.096243027501163 30.63052749633789 30.63052749633789 3200
30.78576304654188 31.29028908208425 30.78576304654188 30.853679656982422 2200
30.852706162080082 30.852706162080082 29.9707563419636 30.20264434814453 7200
30.6208193836477 30.973987579345703 30.087187330917494 30.973987579345703 4200
31.33394708770823 31.746302681172835 31.33394708770823 31.523147583007812 12600
31.51343718282164 31.911235970336598 31.51343718282164 31.6841983795166 2500
31.775414892386753 32.3478576293349 31.775414892386753 32.3245735168457 3400
32.56934263959986 32.684932708740234 32.56934263959986 32.684932708740234 800
32.957878312430886 33.05501174926758 32.79566317556368 33.05501174926758 4800
33.297855103934765 33.297855103934765 32.76264287755502 32.922916412353516 2400
33.20071486971515 33.20071486971515 32.49163042148766 32.53533935546875 3200
32.37993828170346 32.70533951096896 32.37993828170346 32.65871810913086 1600
32.57906519841491 32.58877706365681 32.20703887939453 32.20703887939453 1400
32.42364978764689 32.42364978764689 31.95254465182785 32.30805969238281 2700
32.24880253040875 32.24880253040875 31.695133639494188 31.798095703125 4200
31.56885623522681 31.56885623522681 30.76263628855833 30.76457977294922 9100
30.986043941501723 31.477545364580955 30.436260223388672 30.436260223388672 5800
30.35467057042964 31.083182664119953 30.193426204640723 31.021987915039062 4400
31.102611368227894 31.65142250061035 31.102611368227894 31.65142250061035 1800
31.568853093053725 31.568853093053725 31.012269973754883 31.012269973754883 5700
31.083185491959153 31.366819381713867 31.053073522619258 31.366819381713867 1900
31.607708191522587 31.68541421136844 31.4620043093816 31.566911697387695 5400
31.80197369396955 31.957389414115514 31.568848261049077 31.949615478515625 2600
32.05453473173713 32.1876106262207 31.99139834575657 32.1876106262207 6600
32.39449817914293 32.40421374732075 32.10406494140625 32.10406494140625 9100
31.80197626759833 32.004987906356675 31.636844967290497 31.645586013793945 5900
31.753401734533934 31.8689917771011 31.753401734533934 31.866079330444336 1400
31.951658726726357 31.981800079345703 31.76204936625433 31.981800079345703 2000
32.233631645637395 32.233631645637395 31.922477744735524 32.19473648071289 14400
32.27252019988222 32.27252019988222 31.65896256711137 31.781482696533203 1900
32.214189257717244 32.214189257717244 32.00999146356021 32.03041458129883 4500
32.048889303313324 32.15487735541182 31.971102663691372 32.10820388793945 15700
32.191817380417746 32.32503128051758 32.191817380417746 32.32503128051758 3900
32.44755436026558 32.44755436026558 31.941928239177273 32.055694580078125 6900
31.776636488650098 31.786358429466816 31.26031278023869 31.4139461517334 6600
31.25155097732042 31.9224796295166 31.25155097732042 31.9224796295166 11700
31.990543343942498 31.990543343942498 31.779539108276367 31.779539108276367 3400
32.000263395525636 32.33572769165039 31.92247677728114 32.33572769165039 59200
32.57396363733977 32.57396363733977 32.33378982543945 32.33378982543945 3600
32.47672488843781 32.47672488843781 32.24238575635257 32.32114791870117 10800
32.36004530214958 32.37949289058215 32.296843421679895 32.30754089355469 4200
32.55450748314685 32.61285023053361 32.19473648071289 32.19473648071289 6900
32.09264686919439 32.10723163209887 31.990549819615048 32.00513458251953 2800
32.019722626579856 32.74899052051791 32.019722626579856 32.580772399902344 2300
32.63230350959231 32.63230350959231 32.223911625086515 32.47672653198242 2500
32.93373743325483 32.93373743325483 32.22391712004026 32.486454010009766 7500
32.496172095032016 32.75870895385742 32.22391329739734 32.75870895385742 5000
33.09903439238347 33.09903439238347 32.68092057020504 33.021244049072266 11400
33.32267468226135 33.34212226728186 32.57395935058594 32.57395935058594 7800
32.136400465421104 32.349348385132146 32.136400465421104 32.253082275390625 1600
32.2239232583256 32.2239232583256 31.454788208007812 31.454788208007812 5600
31.80483124588522 32.37463113978743 31.80483124588522 32.29295349121094 1900
32.42811376663114 32.848175048828125 32.42811376663114 32.848175048828125 2800
32.525346887150214 32.8452509896868 32.525346887150214 32.78788375854492 12800
32.573972379050446 32.573972379050446 32.52827072143555 32.52827072143555 300
32.30170033382815 32.32114791870117 31.796074254872213 32.32114791870117 1100
32.2822561937645 32.38921606735594 32.15584873322481 32.34059524536133 3500
32.68091302778393 32.83648996925305 32.47574345566268 32.60701370239258 7700
32.719807943806266 32.719807943806266 32.4961626147114 32.6225700378418 1500
32.61286115069956 32.61286115069956 32.10334396362305 32.10334396362305 7300
32.19960664350304 32.55743408203125 32.116953471886 32.55743408203125 1000
32.6906508193096 32.90943343355682 32.6906508193096 32.90359878540039 1300
32.82678010259809 32.848175048828125 32.74899344909775 32.848175048828125 3700
32.84622085800511 33.26725387573242 32.84622085800511 33.26725387573242 1300
33.54632079181225 33.54632079181225 32.904565238077936 33.016387939453125 1700
33.001808943820414 33.001808943820414 32.67120727821677 32.95124816894531 2900
32.86566419559851 33.022212982177734 32.86566419559851 33.022212982177734 400
33.16709677644648 33.19140347510129 33.16709677644648 33.1884880065918 1200
33.41991134599867 33.424774169921875 33.330455415750095 33.424774169921875 900
33.43936057861972 33.43936057861972 33.17001724243164 33.17001724243164 2100
33.32095342870376 33.32095342870376 32.86717987060547 32.86717987060547 1000
33.02006156797318 33.10088348388672 33.02006156797318 33.10088348388672 2800
33.11743411302619 33.14664931381589 32.77662105867722 32.8613395690918 3700
32.90320388549586 33.06874056088548 32.787327469806534 33.02881622314453 2100
32.844786194130826 33.00156021118164 32.844786194130826 33.00156021118164 3000
32.88373683645191 32.88373683645191 32.206976790369055 32.4844970703125 3600
32.4260594725112 32.4260594725112 31.65679168701172 31.65679168701172 1800
32.231314702923704 32.42606660105948 32.231314702923704 32.387115478515625 3600
32.07940661703804 32.37932205200195 32.07940661703804 32.37932205200195 1900
32.37738392744615 32.55266028797949 32.3618049621582 32.3618049621582 7600
32.50299976325672 32.864261627197266 32.47475778133764 32.864261627197266 3500
33.0687448799119 33.0687448799119 32.8253059387207 32.8253059387207 2500
32.87399801004066 32.87399801004066 32.353038744827074 32.450416564941406 900
32.65977274577663 32.65977274577663 32.38711857647269 32.39685821533203 2100
32.29948021713822 32.46502064555701 32.29948021713822 32.462100982666016 13400
32.572119076762995 32.76200108378477 32.572119076762995 32.713314056396484 1700
32.56142929618384 32.562402517379766 32.39686576403811 32.445552825927734 2700
32.66951376082653 32.66951376082653 31.666546247888313 31.997623443603516 3900
31.627592197230587 31.938220576993242 31.599353928994724 31.890506744384766 1800
31.59837754396179 31.74443869025491 31.220559805049604 31.435760498046875 2800
31.85673942990583 32.159812927246094 31.85673942990583 32.159812927246094 3800
32.098430853306446 32.31574630737305 32.07114467463374 32.31574630737305 18400
31.953228921288144 31.953228921288144 31.78853416442871 31.78853416442871 1600
31.895722366392455 31.94932073145475 31.65209478609542 31.72031021118164 8200
31.57413618283547 31.709593059242604 31.364616313161445 31.597522735595703 3200
31.62188930511488 31.622863280202075 31.320763717373943 31.359745025634766 3000
30.891979003579102 30.950449104446893 30.60937010837797 30.81401824951172 3400
30.833515555270733 31.705703010035954 30.833515555270733 31.501056671142578 2100
31.93276023864746 31.93276023864746 31.93276023864746 31.93276023864746 400
31.46206815468625 31.524436017392496 31.424060821533203 31.424060821533203 900
31.66184291695544 31.777809143066406 31.398724676278796 31.777809143066406 2700
31.866493757279216 31.934709194162494 31.861620163941122 31.90742301940918 1700
31.564390743963067 31.70179557800293 31.56341676889358 31.70179557800293 1300
31.827523694900254 32.02242660522461 31.827523694900254 32.02242660522461 400
32.65585118615036 32.65585118615036 32.45120483594866 32.47069549560547 3300
32.45119534949757 32.597373395459854 32.24654905912007 32.248497009277344 5400
32.5778946225348 32.5778946225348 32.02242379323943 32.16859817504883 7900
32.18808096163378 32.46094643235853 32.08088421072005 32.35569763183594 9600
32.11011438340167 32.17735583045894 31.929828643798828 31.929828643798828 2300
32.42684442875946 32.42684442875946 32.207577294843524 32.30210494995117 7200
32.65584569858391 32.76304244995117 32.62953721580453 32.76304244995117 2600
32.70163618540178 32.70163618540178 32.545682178880945 32.623661041259766 1700
32.80787831490889 32.846867742807454 32.73964867520465 32.83029556274414 4000
32.828350949659836 33.12173843383789 32.828350949659836 33.12173843383789 1900
33.13050804909908 33.13050804909908 32.93459045961782 32.978450775146484 4000
32.87708135737325 32.87708135737325 32.8098258972168 32.8098258972168 2400
32.55543410463823 32.828352709199244 32.48720445349798 32.75037384033203 4600
32.25229732810111 32.37998530878383 32.194787354681004 32.31467819213867 1200
32.292258623561565 32.44821263158406 32.02226257324219 32.02226257324219 1800
31.78442676705161 31.80392147901731 31.619697752324075 31.756160736083984 9800
31.83413286164998 32.242536441819055 31.83413286164998 32.23084259033203 700
32.555436514598846 32.555436514598846 32.42872270242802 32.55445861816406 900
32.68115746225452 32.70162634973701 32.58855852058984 32.63827133178711 2100
32.643155816301274 32.925819897347246 32.643155816301274 32.7601203918457 2800
32.54957935118065 32.55250188502075 32.370230216603744 32.40531921386719 7100
32.39947659374796 33.2952370016451 32.39947659374796 33.159751892089844 4500
33.08177821243107 33.08177821243107 32.98820877075195 32.98820877075195 600
33.15000004034571 33.15000004034571 33.04862976074219 33.04862976074219 600
33.052523863698354 33.169488404470606 32.83808577375281 33.1343994140625 4500
33.353721770640334 33.40245670022332 33.266971588134766 33.266971588134766 5600
33.140256586106354 33.15975130087481 33.00867190921505 33.12076187133789 11000
33.38394092264989 33.38394092264989 32.85759468433918 32.86734390258789 3200
32.60416382863927 32.60416382863927 32.55445100629721 32.588565826416016 400
32.55533218383789 32.55533218383789 32.55533218383789 32.55533218383789 200
32.81338297221518 32.81338297221518 32.23277282714844 32.23277282714844 2500
32.15848214982575 32.30607604980469 32.15848214982575 32.30607604980469 1400
32.03141757953527 32.08908596539045 31.83494758605957 31.83494758605957 2700
31.914113881064768 32.16825218595028 31.865237831643 32.122310638427734 2700
32.041201908358445 32.14383496688084 31.894584851349954 32.02165222167969 2100
32.109606763997064 32.109606763997064 31.80659610443536 32.06953048706055 5500
31.56223102991261 31.56223102991261 31.112597794663277 31.503582000732422 8600
31.229899363567018 31.46448806322325 31.229899363567018 31.445919036865234 1300
31.7675027767461 31.875024151970315 31.73329176905841 31.8554744720459 900
32.09984946439725 32.54948105077741 32.09984946439725 32.366695404052734 2000
32.558261173536934 32.578791502955454 32.46442794799805 32.46442794799805 1300
32.55924196668002 33.27669606972801 32.55924196668002 33.13594436645508 2400
33.08707113445421 33.08707113445421 32.57390607098832 32.6374397277832 4300
32.676538773329874 32.823159492196034 32.64721612104455 32.73420715332031 1100
32.86127981205984 32.86127981205984 32.313899993896484 32.313899993896484 28200
32.363752862608635 32.96977798603695 32.363752862608635 32.815338134765625 4900
33.07729465026047 33.07729465026047 32.71465804388784 32.76450729370117 3500
32.861270769782124 33.01473365475626 32.861270769782124 32.925785064697266 3000
32.66676207384921 32.74496078491211 32.34322478793389 32.74496078491211 2200
33.25617399087062 33.2630161920634 33.24346651312404 33.25128936767578 1400
33.2874901167974 33.2874901167974 33.096683502197266 33.096683502197266 5100
33.20039781322139 33.20039781322139 32.85792541503906 32.85792541503906 500
32.88728614812312 32.906856536865234 32.88728614812312 32.906856536865234 500
32.779660515688555 32.9068662135839 32.779660515688555 32.87849044799805 900
33.25911946302555 33.25911946302555 33.13191378955526 33.227806091308594 3000
33.464595869470436 33.52330329656706 33.18963623046875 33.18963623046875 5700
33.102554879705174 33.102554879705174 33.01546796100406 33.07515335083008 1300
32.926430018390434 33.09277273931803 32.926430018390434 33.077117919921875 1200
33.30804140107867 33.404911656150205 33.30804140107867 33.355987548828125 3100
33.42448017605425 33.481231689453125 33.3227163961415 33.481231689453125 7400
33.48416414596377 33.49296951293945 33.48416414596377 33.49296951293945 700
33.55266470889278 33.82664268818158 33.493953542186595 33.758148193359375 4800
33.660293946894406 33.81587160533425 33.5360221862793 33.5360221862793 2900
33.47437965502043 33.47437965502043 32.9117431640625 32.9117431640625 2400
33.08298198893381 33.513519287109375 33.08298198893381 33.513519287109375 4900
33.55266195664079 33.6397488736769 33.42252242715367 33.5957145690918 2000
34.00277471988901 34.405914306640625 34.00277471988901 34.405914306640625 2700
34.34524008629547 34.36481047243767 34.257175214990326 34.303165435791016 1800
34.4430964216656 35.21610997612441 34.4430964216656 35.11923599243164 4400
35.22589374880397 35.22589374880397 34.86287292643366 34.97344207763672 7500
35.69557067269166 35.761131286621094 35.69557067269166 35.761131286621094 1000
36.090924042324346 36.1104965743486 35.77777099609375 35.77777099609375 2900
35.60162485141702 35.74841325398088 35.60162485141702 35.68578338623047 2700
35.58204682495401 35.630976284922006 35.55170809594205 35.5693244934082 3300
35.62120125866696 35.95294510039944 35.62120125866696 35.86585235595703 4200
35.825717683680544 35.84626827964282 35.77580642700195 35.77580642700195 6600
35.674034118652344 35.674034118652344 35.674034118652344 35.674034118652344 200
36.00285077389911 36.00285077389911 35.626086052143215 35.7493896484375 2600
35.44505023941766 35.50376411039849 35.35110356615319 35.49691390991211 2400
35.229757689833455 35.288475296558445 35.18082821743569 35.25324249267578 3500
35.200391726726195 35.200391726726195 34.94399642944336 34.94399642944336 1100
35.347176418952955 35.66620154088833 35.32662582397461 35.32662582397461 1400
35.41567680098386 35.44503745896696 35.141668880327856 35.43524932861328 8100
35.2640007796819 35.27770117820173 35.20039285314798 35.220943450927734 3800
33.59547962557044 33.864593505859375 33.44770945484596 33.864593505859375 1400
34.3392244258349 34.3392244258349 33.605271213883235 33.67475128173828 18500
33.58569802370798 33.58569802370798 32.85174482610408 33.00734329223633 6800
33.429125291423006 33.90864307759522 32.73725128173828 32.73725128173828 3500
32.87130981236951 33.58569031271879 32.87130981236951 33.52012252807617 4400
33.76183786188234 33.76183786188234 33.06702992066348 33.23339080810547 2700
33.898845166084584 33.94679655756353 33.80685838232181 33.906673431396484 3800
34.27169178034117 34.290286242517205 34.158172607421875 34.158172607421875 1300
34.172857486396026 34.3441162109375 34.172857486396026 34.3441162109375 13200
34.00453296743527 34.0554185538433 33.881229400634766 33.881229400634766 1200
33.77162989380365 33.947778951550056 33.77162989380365 33.89884948730469 1800
33.6248550155412 33.712929579813256 33.44870588699708 33.51231384277344 2200
33.78141068147628 33.849912663141325 33.350826263427734 33.350826263427734 1800
33.27253996728779 33.863616943359375 33.223610508069235 33.863616943359375 1100
34.19041462490146 34.20022652953051 33.48383769727632 33.543701171875 5400
33.54271947399086 33.60160213093601 33.25812558078187 33.46715545654297 4000
33.04221936535414 33.04221936535414 32.296391250621355 32.9676399230957 4500
33.64084497892177 33.73996353149414 33.591777982337334 33.73996353149414 6200
33.866551678715865 34.0736198425293 33.866551678715865 34.0736198425293 3100
34.33761733986857 34.415142986864346 34.29836223656094 34.31700897216797 4500
34.66146452320654 34.87147521972656 34.651652618616815 34.87147521972656 2300
34.93623530996044 35.036334684537906 34.7694067625701 34.83613967895508 1600
34.83810365020684 34.99512030564797 34.83810365020684 34.961753845214844 1800
35.16195024659882 35.16195024659882 34.83613967895508 34.83613967895508 2100
34.83810743906247 34.95488819149287 34.79394825471662 34.87441635131836 4400
34.95586674330321 35.32878272021692 34.95586674330321 35.16783905029297 9800
35.50542111429754 35.70169284595726 35.42691092420488 35.49560546875 8600
35.5643107415184 35.711511761493796 34.85086441040039 34.85086441040039 4800
34.83810497271866 35.21004013139228 34.7988498714751 35.03731918334961 5000
35.10306151464509 35.10306151464509 34.76253128051758 34.76253128051758 3400
35.05399642008459 35.05399642008459 34.27872519056658 34.627105712890625 12000
34.72034295832863 34.72034295832863 34.31798753477722 34.61043167114258 5800
34.91661570680897 34.91661570680897 34.475005170026655 34.494632720947266 7800
34.75959625560639 34.8665651008158 34.494633669821006 34.562347412109375 4300
34.34743151756816 34.626136779785156 34.34743151756816 34.626136779785156 3000
34.357238479467696 34.357238479467696 33.85674905367223 33.88618850708008 5000
34.05301734411644 34.05301734411644 33.26498794555664 33.26498794555664 2200
33.326811118973616 33.54271039241232 32.49168014526367 32.49168014526367 1100
32.345461759398425 32.973528396501706 32.10993864227092 32.12956619262695 17400
31.727205858207125 32.9185676574707 31.655565123318244 32.9185676574707 9700
32.590802037321204 32.708567344927566 31.992174826159733 32.51033020019531 9300
32.805710799929244 32.89501369835648 31.894031342382355 32.034366607666016 5300
31.716411003887494 31.716411003887494 31.403358533913927 31.52995491027832 3600
31.432803657258724 31.7959077512082 31.17667028245228 31.791980743408203 4700
31.756654502669917 32.44261932373047 31.756654502669917 32.44261932373047 1900
32.728181247240755 32.728181247240755 32.34054939363332 32.72523880004883 1400
33.052040889139455 33.052040889139455 32.41219692875319 32.44752502441406 3700
32.384714594561366 32.414154046249685 32.11974829864993 32.15213394165039 2400
32.05106065868308 32.22672407791423 31.756654847614215 32.03143310546875 1900
32.04124196272499 32.30620451602709 32.03142631641176 32.12563705444336 2000
32.53093583828436 32.831233978271484 32.53093583828436 32.831233978271484 2600
33.25811962802777 33.25811962802777 32.7880505034009 32.85184097290039 6400
32.81748860695616 32.81748860695616 32.266947740725875 32.3739128112793 2800
32.31602325419453 32.59080148009943 32.10012393751351 32.188446044921875 2500
32.19826169217423 32.345462708806465 32.16881849398973 32.188446044921875 5300
32.60061429781107 32.963714599609375 32.60061429781107 32.963714599609375 2300
32.89502331455102 33.1001261705276 32.71347127384326 33.07853698730469 17000
32.97353005729451 32.97353005729451 32.40434604259098 32.49266815185547 6300
32.630056414652564 32.66833070030987 32.31111526489258 32.31111526489258 3400
32.07068380392237 32.28658311603252 31.795905583834895 31.89305877685547 4700
31.913663947089855 31.913663947089855 31.354291915893555 31.354291915893555 3500
30.63790106245492 30.991189445701504 30.63790106245492 30.961748123168945 5200
31.95291639970539 32.551539734888 31.874406211999723 32.509342193603516 18800
32.40826826749732 32.620244317792874 32.39845636392596 32.6172981262207 3100
32.58098501414725 32.58098501414725 31.788047790527344 31.788047790527344 2200
32.10994066522517 32.83614135628744 32.10994066522517 32.75370788574219 11500
32.61042631428107 32.713468140411074 32.600614411418704 32.67519760131836 3100
32.18843900400421 32.2483024597168 32.119744462554266 32.2483024597168 500
32.12073241678536 32.12956724805788 31.589818954467773 31.589818954467773 2500
31.501495209652155 32.02161592521137 31.501495209652155 31.632999420166016 12300
32.22279175563477 32.29639413215668 32.16587448120117 32.16587448120117 4000
31.820424644323932 32.15801239013672 31.820424644323932 32.15801239013672 400
32.25331535190655 32.25430102421226 31.904541015625 31.904541015625 3300
32.106939137317205 32.106939137317205 31.626515571203946 31.81220054626465 14400
31.82201827574451 32.087284088134766 31.82201827574451 32.087284088134766 3200
32.48026601920922 32.777950286865234 32.47829842248108 32.777950286865234 3900
32.686576088446614 33.00882339477539 32.686576088446614 33.00882339477539 1200
33.050101223089555 33.20729537435569 32.793680208010095 33.194522857666016 11700
33.14932774422135 33.201395981449416 32.86343028444264 32.904693603515625 10100
33.284912757850584 33.284912757850584 32.99017044172194 33.1041374206543 3200
33.079574071621856 33.079574071621856 32.43901062011719 32.43901062011719 7800
32.814313355517875 32.814313355517875 32.421326085660844 32.635501861572266 6400
32.647286956352666 32.93220249162953 32.647286956352666 32.8388671875 3600
32.863437343739676 32.863437343739676 32.42132758170103 32.639434814453125 3400
33.29375263461992 33.47059651883643 33.13852233664248 33.39003372192383 23500
33.649397468613 33.649397468613 32.725882507734724 32.80447769165039 10700
32.77500916197986 32.77500916197986 32.39479446411133 32.39479446411133 5600
32.568696870662485 32.63648715518671 32.28378129071443 32.608978271484375 3100
32.814308472492165 32.814308472492165 32.390866607395836 32.47044372558594 5700
32.7651794312208 32.7651794312208 31.87605053330773 31.910436630249023 19400
31.67465372367074 31.68742249271231 31.487983090144855 31.537105560302734 16700
31.56657683817121 31.58622657255675 31.194221305001946 31.497804641723633 7000
31.418225647857238 31.66482364518325 31.28755846683697 31.34061050415039 14800
31.1321450343789 31.407477378926785 31.1321450343789 31.181310653686523 5200
31.584474758762166 31.584474758762166 31.21081117530328 31.34847640991211 10500
31.377975098231136 31.68280792236328 31.377975098231136 31.68280792236328 1700
31.71230749059756 31.71230749059756 31.43697515346637 31.456642150878906 5800
31.27964615689068 31.545146898293673 31.269812657168476 31.377979278564453 8400
31.66314315852315 32.134157075058084 31.613977538543192 32.084991455078125 2500
32.459638720636825 32.459638720636825 32.2728078483563 32.34164047241211 5200
32.50389562185872 32.50389562185872 31.87554931640625 31.87554931640625 1300
31.515644093784577 31.515644093784577 31.06724739074707 31.06724739074707 1800
30.748648950482455 31.16557956754446 30.41431747680191 31.122312545776367 25300
30.71325462874628 30.72898860612768 30.276658794108815 30.2884578704834 16000
30.286483194679462 30.286483194679462 30.109485837994416 30.20781707763672 6800
30.383834166170853 30.793881520940328 30.084901789747992 30.64736557006836 1500
30.383835635062592 30.383835635062592 29.8616886138916 29.8616886138916 4400
30.257968414714842 30.257968414714842 29.643388767791986 30.118335723876953 1600
30.148818876403123 30.463483354151776 30.09473556762478 30.350400924682617 5400
30.4044829904468 31.181310653686523 30.4044829904468 31.181310653686523 5400
30.82731601153948 30.82731601153948 29.88332068183739 30.170452117919922 7500
30.059335358189525 30.059335358189525 29.745653679319265 29.911836624145508 10800
29.519487457546788 29.792852340445137 29.362155231801612 29.401487350463867 8600
29.63653538377979 29.64932083020512 28.708149904261628 29.087764739990234 4200
29.44476033458311 29.464428087205228 28.402292537851476 28.65995979309082 98800
28.530148588560795 28.943201483746346 28.530148588560795 28.924514770507812 2200
29.380835318803822 29.670955776063305 29.346414406569565 29.505735397338867 5500
29.395587957464436 29.621784945744086 29.228399857848583 29.39853858947754 4100
29.965994529075 30.28070297922597 29.897152700410434 30.202024459838867 35900
29.956159659856095 29.956159659856095 29.21364895457801 29.316911697387695 4000
29.28741285332189 29.434931344068833 29.03662973083264 29.18808364868164 15600
29.395584889306857 29.395584889306857 28.433763364385946 29.061208724975586 24300
29.484099945086406 29.582446218829553 29.159558554793428 29.32871437072754 7300
28.95303238798544 29.218564882315132 28.626523292052333 29.089733123779297 5700
29.071046074789912 29.798805473645647 29.071046074789912 29.6453857421875 30900
29.739797494889334 30.40756694145993 29.739797494889334 30.256113052368164 25700
30.506900985551855 30.82160758972168 30.506900985551855 30.82160758972168 17900
30.81176939324192 30.81176939324192 30.408551366414937 30.62884521484375 24000
30.231527272226113 30.624910468924757 30.149900000988776 30.51673126220703 8900
30.565902397980974 31.122540117843478 30.565902397980974 31.118606567382812 7800
30.91994944595978 30.91994944595978 30.733091723059843 30.825536727905273 5200
30.959287750254056 31.065501123330037 30.95732191278547 31.02812957763672 4500
30.900278680007876 31.244489669799805 30.900278680007876 31.244489669799805 8100
31.047799747215254 31.09697382177194 30.736043805302362 30.84127426147461 3100
30.67113959419117 30.71342761569763 30.333812713623047 30.333812713623047 1600
30.33676569498554 30.33676569498554 29.55839375732538 29.645097732543945 15700
29.302220529889567 29.302220529889567 28.42532212411782 28.553407669067383 18800
28.711051050160112 28.730757096004552 28.336645575475593 28.57311248779297 11700
28.84899061410475 28.94751708178547 28.755387838827392 28.89923858642578 3100
27.66665468687595 27.775036058322215 27.445952989992726 27.558273315429688 6100
27.933665605145855 27.933665605145855 27.686360932859866 27.837108612060547 1800
28.37605646342921 28.474584815725066 28.238117897778224 28.257823944091797 2600
27.853858208610458 28.267675767268628 27.853858208610458 28.20067596435547 2000
28.39378979415668 28.39378979415668 27.972088719941137 28.26373291015625 3100
28.385908096662785 29.004664013998553 28.362261218098773 29.003679275512695 2300
29.16428361206342 29.36133845231235 29.16428361206342 29.272663116455078 900
29.440154044872614 29.617504676108815 28.79972267150879 28.79972267150879 13300
28.504143900088557 28.504143900088557 28.46473180744082 28.470643997192383 700
28.129735864946895 28.61252459198683 28.011503348372518 28.450937271118164 13300
28.745538511679623 28.848994322879527 28.74061293937113 28.840126037597656 2300
28.277527194377925 28.888399535520715 28.277527194377925 28.866724014282227 2500
28.445025547378236 28.701196613651188 28.445025547378236 28.52680206298828 3700
28.760318257905105 29.055901449995947 28.760318257905105 28.981019973754883 3600
28.92781262111193 28.977075854450423 28.807608753177618 28.934709548950195 2700
28.76031753225792 28.76031753225792 28.57212910782112 28.612525939941406 1800
28.72583015455924 28.819431048949575 28.53369903564453 28.53369903564453 1100
28.425321947775327 28.612525631637524 28.424337209228483 28.525819778442383 3300
28.12973720063681 28.239103317260742 27.977020036204074 28.239103317260742 600
28.671640873673574 28.91796080922185 28.60858190274674 28.831254959106445 2500
29.164277991684234 29.164277991684234 28.760313485860763 28.829282760620117 2300
29.282510139347767 29.824415067339398 29.282510139347767 29.765296936035156 10500
29.73574389610192 30.110149383544922 29.73574389610192 30.110149383544922 6200
29.913093924069205 30.135766983032227 29.656920962591396 30.135766983032227 2700
30.277646573347266 30.277646573347266 29.75544950328872 29.873682022094727 4100
30.08059188272981 30.08059188272981 29.982063530438484 30.061870574951172 900
30.149563538858374 30.149563538858374 29.99684448682152 30.047094345092773 2400
30.27370702712676 30.659936904907227 30.228384622299853 30.659936904907227 3900
30.573231122214597 31.008724212646484 30.573231122214597 31.008724212646484 9300
31.085572873665388 32.07085254483414 31.06586870848861 31.281644821166992 70200
31.213664087161945 31.49939424940003 30.95749111592694 31.41071891784668 15700
31.20380727113624 31.20380727113624 31.065868718495175 31.075721740722656 7800
31.184104577250057 31.459983591445788 31.09050367493981 31.34174919128418 60300
31.341748065766225 31.402835680383326 31.174250434460998 31.25307273864746 28600
30.927928859688535 31.272777126953212 30.927928859688535 31.249130249023438 11600
31.616641335781743 31.61762607426237 31.262924776958574 31.39101219177246 33600
31.354545037009316 31.354545037009316 30.930701460746548 31.019412994384766 5700
31.619686066845638 31.74881089817517 31.581246791615396 31.685728073120117 2100
31.78825075063109 32.17168106386503 31.78825075063109 31.847393035888672 3300
32.113513476530976 32.437801361083984 31.995228958329708 32.437801361083984 1200
32.20222802376171 32.598472595214844 32.20222802376171 32.598472595214844 6900
32.65564802033099 32.862640352538634 32.582706253709816 32.7867431640625 3500
32.39936046434419 32.5038455049838 32.32050787375641 32.38359069824219 3100
32.36979773512271 32.66451644897461 32.36979773512271 32.66451644897461 2400
32.22194303703045 32.271230144803575 32.06423406836031 32.157875061035156 13200
31.926241254494812 31.926241254494812 31.4334002255336 31.51225471496582 27900
31.591103966211655 31.708399600284693 31.39396871533817 31.403825759887695 6500
31.295402182732133 31.46296819088061 31.265831047162706 31.413684844970703 8700
31.80302597433719 31.859209060668945 31.65024648271412 31.859209060668945 2500
31.384114305352785 31.384114305352785 30.861702180607676 30.951398849487305 10500
30.73356311407485 30.763132368976773 30.636966705322266 30.636966705322266 3600
30.536428464280377 30.546285510064394 30.2407246109169 30.244667053222656 10300
30.176653677164403 30.191438305293545 29.944032669067383 29.944032669067383 2500
29.767593210801238 29.767593210801238 29.402890091870493 29.60988426208496 6900
29.74788248251015 29.915448494454253 28.584777444314533 29.284610748291016 139200
28.998761182196358 29.12689900025144 28.998761182196358 28.999746322631836 9900
29.126900966592075 29.51131820678711 29.117045801493983 29.51131820678711 4300
29.250113456273912 29.53891944885254 29.250113456273912 29.53891944885254 2900
29.643623938446947 30.053556442260742 29.584356974390346 30.053556442260742 3700
30.423978907586235 30.483247756958008 30.305444976968403 30.483247756958008 4800
29.949839710939685 29.949839710939685 29.268263008977645 29.367042541503906 2700
29.327533614657025 29.386800584095713 29.07762207950761 29.248510360717773 268000
29.194181442260742 29.194181442260742 29.194181442260742 29.194181442260742 1200
28.774363625234578 28.953155517578125 28.621257158861496 28.953155517578125 4900
29.090459421058096 29.331480026245117 29.090459421058096 29.331480026245117 2500
29.009462356567383 29.02032774712704 28.96204803043172 29.009462356567383 3500
29.356174784464834 29.5349648007341 28.811901092529297 28.811901092529297 1800
28.350605673498457 28.350605673498457 28.222191716081067 28.282447814941406 2500
28.082909857842456 28.082909857842456 27.421089543198107 27.663097381591797 10100
27.549505102199365 27.839916429289907 27.392447741486805 27.460603713989258 8500
27.361823291000835 27.380590438842773 27.332188869918024 27.380590438842773 900
27.440848236704994 28.240958815083133 27.440848236704994 28.003889083862305 7200
27.806331344695153 27.806331344695153 27.351948142761348 27.598896026611328 2900
27.460600910761045 27.460600910761045 27.365774154663086 27.365774154663086 900
27.960425605225087 28.112544831116583 27.91498766404568 27.984132766723633 4500
28.66571088621753 29.00156015987758 28.66571088621753 28.971925735473633 3000
28.65583404902948 28.921549095579817 28.65583404902948 28.81585693359375 8900
28.863268080721955 28.863268080721955 28.699296207630923 28.713125228881836 3200
28.369374023336132 28.369374023336132 28.037477493286133 28.037477493286133 2500
28.171815841716988 28.200461133866845 28.00882932939785 28.14712142944336 1600
28.101648401143375 28.19060909818613 27.9929182413534 28.138219833374023 1300
28.101652968211457 28.19555510354208 28.101652968211457 28.145145416259766 2100
27.627196681136688 28.93096145673422 27.627196681136688 28.857816696166992 3800
28.60773733053436 28.61564624768935 28.292421340942383 28.292421340942383 3500
28.942822614681752 29.024864196777344 28.941834707038172 29.024864196777344 11700
29.3965247002753 29.65352211820483 29.327333450317383 29.327333450317383 2000
29.218599351800844 29.218599351800844 28.78368244309235 29.02189826965332 2900
29.14941240071267 29.14941240071267 28.467380855101883 28.59588050842285 6000
28.83310496877888 29.325352583420916 28.709548639959177 29.29767608642578 1300
29.55368585632236 29.55368585632236 29.318433744256218 29.51513671875 3700
29.58432607524734 30.266357501358797 29.58432607524734 30.124019622802734 2400
30.246587852288727 30.49370049506017 30.246587852288727 30.247575759887695 2500
30.543125026952204 30.729943272615238 30.29107093811035 30.29107093811035 9800
30.584635599218956 31.066012407772117 30.584635599218956 31.02153205871582 2000
30.750699209939125 31.110495550228507 30.750699209939125 30.95827293395996 11200
31.353650357808075 31.353650357808075 31.11444664001465 31.11444664001465 4200
31.07688881586801 31.07688881586801 30.17937469482422 30.17937469482422 1800
29.93028419660495 30.053840518921206 29.909526824951172 29.909526824951172 2200
30.27426389092344 30.314790725708008 29.930283519686267 30.314790725708008 6700
30.45416240036318 30.691390317674962 30.375086427925922 30.613304138183594 10100
30.707224528351098 30.993931655834796 30.353290836176118 30.568815231323242 7400
30.31275497333387 30.34142681638407 29.947946548461914 29.947946548461914 6900
30.895067102458146 31.625673966092197 30.895067102458146 31.59601402282715 2200
31.768037321812397 31.80560771442835 31.636548490397495 31.68597984313965 4800
31.685980520609956 31.685980520609956 31.444752346119415 31.45958137512207 8900
31.83427875785332 32.495679105094986 31.72552751529136 31.804616928100586 126800
31.626660821931203 31.685978820444287 31.29744281880305 31.369613647460938 32700
30.99887326453562 31.146181106567383 30.868372534679246 31.146181106567383 2700
31.51790891319263 31.51790891319263 31.260863629899422 31.399272918701172 8600
31.092794212392693 31.427942686213694 31.092794212392693 31.379499435424805 7700
31.616775471860088 31.69586865403644 31.3597282868427 31.683015823364258 15000
31.666205756064837 31.7947302870775 31.57722970049055 31.673126220703125 12600
31.883707082727835 31.913365138291894 31.817466735839844 31.817466735839844 2600
31.423990408797778 31.423990408797778 31.094772393687858 31.181774139404297 1800
31.13233843394089 31.357749458592718 31.13233843394089 31.275691986083984 10600
31.367635028163765 31.992456762282092 30.998870464034656 31.988500595092773 25300
32.14965441840955 32.200073869683884 32.01223322269303 32.018165588378906 17000
31.6365465678232 32.14075236934497 31.6365465678232 32.12394714355469 7400
31.734421394540423 31.734421394540423 31.270748391369434 31.399272918701172 17500
31.339955168137433 31.339955168137433 30.91483876554575 31.046327590942383 3600
30.954385403961098 31.191659295330375 30.885180754689053 30.914840698242188 8700
31.09279385038886 31.269759739990032 30.91483797611006 31.03347396850586 21000
30.94450094062196 31.00382083191589 30.727000329600425 30.736886978149414 10200
30.845633832738383 31.02358782421555 30.62813136701329 30.98404312133789 6500
31.725524238790968 31.99245805077399 31.063133975176676 31.14222526550293 29000
31.191660163194726 31.348854662735103 30.726999015378674 30.90495491027832 17400
30.468961101196683 30.468961101196683 30.025061386922864 30.10415267944336 8300
30.04865194822363 30.04865194822363 29.673044082412666 29.96936798095703 5300
30.137847779253683 30.137847779253683 29.64529590145998 29.771160125732422 7000
29.850442423740756 29.989188891324382 29.8385487892171 29.880172729492188 10200
30.19731438182249 30.404445507068505 30.11505699162012 30.375703811645508 6900
29.830622376194206 29.987207412719727 29.568985087596467 29.987207412719727 32800
30.068475525575657 30.181455612182617 30.033788905601458 30.181455612182617 4400
30.399482819496793 30.399482819496793 30.053607162885445 30.167577743530273 7600
30.078385169912146 30.2666853074424 29.65223312247581 29.665117263793945 3400
29.989188003091922 30.35587562521047 29.92972550307139 30.316234588623047 16400
30.065501546753577 30.196320193970443 29.97928025155514 30.156679153442383 13900
30.39552374662067 30.474807723623808 30.038744904966975 30.2270450592041 8900
30.61355245707599 30.680944684293618 30.395522005377263 30.490663528442383 70400
30.157670754026444 30.38561194360179 30.157670754026444 30.296417236328125 15200
30.886094700668938 31.029795609637862 30.876183967243648 30.970333099365234 14300
31.15862898756897 31.282510303004287 30.931678326958085 30.94852638244629 4500
30.821674401193032 31.356840748553214 30.821674401193032 31.31719970703125 13600
31.388556273307646 31.6382999420166 31.388556273307646 31.6382999420166 14200
31.931651437732157 32.06048529331059 31.60262191373713 31.971290588378906 81500
32.02579786117845 32.19923473565978 32.02579786117845 32.16256332397461 1300
32.17149037182279 32.17149037182279 32.020850238422895 32.05454635620117 14600
32.21905329602616 32.258696227302835 31.568925857543945 31.568925857543945 11700
31.693796882195635 31.693796882195635 31.168541288096517 31.409366607666016 5300
31.34692917024272 31.8820955031706 31.34692917024272 31.8721866607666 43100
32.209139297915996 32.31022762232336 31.908849623370298 32.23094177246094 11500
30.93663888904848 32.27852165495278 30.93663888904848 32.20914840698242 10100
31.981204290483124 32.20121765136719 31.85236664999979 32.20121765136719 9400
32.17940981384837 32.40735096717057 32.11994542493748 32.403385162353516 15600
32.39744738285625 32.683862498921556 32.39744738285625 32.536197662353516 11900
32.36473672226617 32.51636732339276 32.277523040771484 32.277523040771484 9100
32.456906822850414 33.111000061035156 32.446997980395814 33.111000061035156 10900
33.051531719545956 33.76211775074645 32.97224964769849 33.52327346801758 8900
33.90383897858542 34.21304702758789 33.90383897858542 34.21304702758789 13800
34.102052681596405 34.32008503415969 34.01483898445945 34.14070510864258 3600
33.73536215926426 33.804735396409384 33.51435830656511 33.66598892211914 9000
33.77500585375926 33.86419677734375 33.30921086762 33.86419677734375 6800
33.69571637178844 33.72544667645572 33.362724861730754 33.40038299560547 7100
33.57679752107436 33.57679752107436 32.89297014404549 32.926666259765625 3300
33.05659663082162 33.05659663082162 32.80864737478512 32.98716735839844 6600
33.12104939158067 33.39379119873047 33.12104939158067 33.39379119873047 5000
33.35412582963283 33.40371491055273 33.10617664162896 33.2747802734375 7200
33.288669735695166 33.639765922782495 33.288669735695166 33.631832122802734 15300
33.51281526043598 33.660591260521926 33.24899467460445 33.383880615234375 9300
33.23511553095922 33.63183584104657 33.23511553095922 33.552494049072266 10500
33.542575457601565 33.542575457601565 32.669793006496384 32.71739959716797 14800
32.92765565457308 32.92765565457308 32.64003366461654 32.732269287109375 4800
32.907818540419804 32.91773484384648 32.61623154877763 32.87607955932617 3400
32.7193786187292 32.7193786187292 32.53093480234371 32.69160842895508 2200
32.93757020318066 33.09130127701692 32.68962100782386 32.70945739746094 15500
32.61027923268001 32.887981120790194 32.61027923268001 32.70945739746094 6200
32.630113304558655 32.84731475635833 32.630113304558655 32.797725677490234 20500
32.53093704371263 32.91972351074219 32.51903445201661 32.91972351074219 6900
32.92765315967206 33.30453698749326 32.92765315967206 33.30155944824219 3900
32.99608661802075 32.99608661802075 32.49621945877368 32.621185302734375 3400
32.431752395535085 32.47043013572009 32.223475999449334 32.32166290283203 17900
32.20364768146714 32.381176396862 32.035040235191914 32.263153076171875 18900
32.37224727542734 32.37224727542734 31.48954871980739 31.51434326171875 41400
31.310772184085774 31.310772184085774 30.456751169100592 30.744733810424805 34200
30.1191137564311 30.392201287401207 29.890713413735135 30.029739379882812 10900
30.953273295300963 31.02278627827107 30.396173141920414 30.575916290283203 11800
29.99001799262866 30.068467275612033 29.49349452847313 30.01087188720703 131500
29.771546985078874 30.7943860212813 29.730831696630165 30.651386260986328 20000
30.258140994722574 30.258140994722574 29.78147889581588 29.81226348876953 9000
30.476611581857078 30.526263171976552 30.138975465601746 30.177703857421875 8000
30.764594844641458 30.764594844641458 30.714943253504025 30.753671646118164 1200
30.70501212441495 30.794386502474186 30.048608779907227 30.048608779907227 11100
30.202527499602795 30.357442949927478 29.811267921198375 29.825170516967773 4100
29.543145613784056 30.158835532242563 29.41405034870179 30.101238250732422 5400
30.367374081133466 30.55605352219749 30.293889201597644 30.43787956237793 9300
30.51633216865709 30.57591634910615 30.31772391608708 30.449798583984375 8600
30.615635769538542 30.69507944556308 30.466679113753365 30.59478187561035 2000
30.78445644629711 30.850990033450703 30.42695892661943 30.51534080505371 2500
30.794385662020645 31.049598693847656 30.794385662020645 31.049598693847656 5500
31.16181430967672 31.16181430967672 30.75466518750511 31.0545654296875 12500
30.903624188987493 30.903624188987493 30.258142108771555 30.407100677490234 12200
30.08932118377803 30.18167495727539 30.019808201818737 30.18167495727539 5000
30.226363013585047 30.287932197686214 30.15883692663523 30.191606521606445 8800
29.970155950289154 30.615636060892065 29.970155950289154 30.571941375732422 4400
30.718079321785623 30.94672476740411 30.718079321785623 30.802579879760742 3500
31.02028955846492 31.02028955846492 30.592820843730312 30.64849090576172 3000
30.71807994423808 30.966608102194893 30.668375071094466 30.875150680541992 2300
31.006373716783067 31.006373716783067 30.519258751592925 30.65843391418457 3900
30.663402465035634 30.886084612746494 30.663402465035634 30.8463191986084 4800
30.917895918287144 30.917895918287144 30.53913850056396 30.640539169311523 14100
30.52024981067935 30.777723840320455 30.52024981067935 30.712112426757812 4600
30.76778483426714 30.76778483426714 30.52919614861607 30.657438278198242 3100
30.598786629396358 30.617673873901367 30.586856246661135 30.617673873901367 2700
30.81749005555683 30.81749005555683 30.469550272479914 30.613697052001953 15000
30.598784547956022 30.598784547956022 29.873080955452945 29.88302230834961 10300
29.723967094369705 29.83332008982674 29.505262999574995 29.57783317565918 10200
29.535083464021106 30.101729220116045 29.535083464021106 30.02617645263672 8200
29.83332020606765 30.33236365336387 29.83332020606765 30.28961753845215 2400
30.35721591184265 30.459608246549596 30.17728178109785 30.28862190246582 17600
29.899924693223827 29.899924693223827 29.29649798893829 29.66730308532715 7300
29.902907678153056 30.0321414850846 29.554967880249023 29.554967880249023 3000
29.256732091587335 29.256732091587335 28.979373466744782 29.102643966674805 3900
29.694144813526098 29.91284890746921 29.694144813526098 29.783613204956055 6400
29.863143139142874 29.863143139142874 29.540055788670298 29.5947322845459 4400
29.341229769200254 29.53011167471744 29.276613822041547 29.4635066986084 2500
29.962554188860334 29.962554188860334 29.199076034659537 29.499298095703125 5600
29.199073850949446 29.295502890609523 29.172232387101953 29.256732940673828 3100
29.43567439693312 29.505261974854683 29.167263542561983 29.296497344970703 2900
29.34321998865175 29.599700447099405 29.34321998865175 29.573854446411133 12200
29.316380070196537 29.356145483959068 29.27363395690918 29.27363395690918 4200
29.405850749483932 29.952611923217773 29.405850749483932 29.952611923217773 6300
29.75378970113802 30.16535186767578 29.75378970113802 30.16535186767578 16100
30.130557062909674 30.130557062909674 29.7637300505068 29.838287353515625 4300
29.88401752395792 30.21107911979516 29.873080708578538 30.087810516357422 7900
30.218039636958668 30.44966767228043 30.063953399658203 30.063953399658203 4400
30.300550806899846 30.300550806899846 29.649408284307597 29.763731002807617 61700
29.594733919364348 29.664321501188493 29.41579333974832 29.627538681030273 18200
29.714023977480288 29.982434825246948 29.674260460840365 29.94565200805664 6100
30.042081695784507 30.042081695784507 29.714024617927496 29.82337760925293 16300
29.57484903684486 29.654377966813453 29.207026550665578 29.339244842529297 7200
29.271645247486173 29.714025051770015 29.271645247486173 29.619585037231445 8700
30.113658286333752 30.878131866455078 30.081847093129518 30.878131866455078 4900
30.93678496450183 30.93678496450183 30.181259160522814 30.33037567138672 3700
30.638549352767548 31.27378722947907 30.610714321933195 31.23203468322754 5700
31.59289772668085 32.02036453321551 31.59289772668085 31.984577178955078 29800
32.05019100925276 32.05019100925276 31.582956886613797 31.76984977722168 2300
31.673237114622395 31.752918140203697 31.483995866207746 31.530807495117188 16200
31.70610541722403 31.70610541722403 31.53379470666713 31.55769920349121 6800
31.658295614295827 32.050726019026094 31.658295614295827 31.907299041748047 16100
32.00192518023453 32.00192518023453 31.474037170410156 31.474037170410156 7600
31.5636744379806 31.80271749614093 31.454112323919276 31.73797607421875 14600
32.061681228799166 32.061681228799166 31.48897446268018 31.593555450439453 2900
31.65331728490434 31.65331728490434 31.31467246192601 31.414274215698242 18400
31.43419373210614 31.503914391343393 31.37941267134959 31.418258666992188 5200
31.354511592833088 31.354511592833088 31.055708235366843 31.079612731933594 5100
30.65730514641588 30.965073422787164 30.63738441467285 30.63738441467285 5600
30.8963471128421 30.965072305052924 30.727024698629407 30.76387596130371 8500
30.806704170622538 31.304711022653954 30.79574833903507 31.241962432861328 7400
31.00590599504381 31.23797889193483 31.00590599504381 31.2100887298584 7200
31.503913370711995 31.713077241392956 31.44514854558076 31.689172744750977 8700
31.972039366521333 31.972039366521333 31.75690269470215 31.75690269470215 6700
31.912282803210992 31.93220353498721 31.793755778964382 31.889371871948242 1900
31.882397114669725 31.882397114669725 31.464073181152344 31.464073181152344 9300
31.065670114824343 31.075630480524772 30.825629670858625 31.010889053344727 29200
31.562678359973308 31.562678359973308 31.313674926757812 31.313674926757812 24000
31.370495808296635 31.669548393251052 31.370495808296635 31.64861488342285 7300
31.88885339129194 31.98155975341797 31.83901224244205 31.98155975341797 6200
32.38727067237403 32.60657246269232 32.3782964526596 32.38328170776367 12800
32.68632151896629 32.68632151896629 32.516857068186965 32.633487701416016 2700
32.57667085521747 32.57667085521747 32.13507076640828 32.397239685058594 10500
32.59660593976206 32.79597431606429 32.59660593976206 32.633487701416016 2800
32.72619547266729 33.15383605136029 32.72619547266729 33.14685821533203 7800
33.41401444209407 33.41401444209407 33.07508932712574 33.32429885864258 15700
33.06511985343083 33.20468038967135 33.06511985343083 33.18872833251953 3100
33.46385971903589 33.46385971903589 33.07010815431376 33.085060119628906 5200
32.99534344511445 33.296390533447266 32.99534344511445 33.296390533447266 5700
33.19471218688843 33.478810929377985 33.19471218688843 33.31333541870117 7300
33.37414232798435 33.653255805872156 33.37414232798435 33.55955505371094 12800
33.90246599713276 33.90246599713276 33.22661209106445 33.22661209106445 4200
33.50871664663561 33.63332141747257 33.45588282443075 33.46784591674805 3900
33.623353429820405 33.71306902366176 33.543608347870375 33.691139221191406 6700
33.75294239819497 33.75294239819497 33.29838289676041 33.605411529541016 52200
33.32430441984297 33.453894462595855 33.32430441984297 33.44392395019531 5400
33.432951871876774 33.49674868389992 33.40404043587439 33.41699981689453 3200
33.60341353556962 33.75194449037325 33.438934326171875 33.438934326171875 1200
33.45389015407462 33.69512176513672 33.45389015407462 33.69512176513672 16300
33.21460595290611 33.7858429661935 33.197656100912724 33.436920166015625 829000
33.34719579578234 33.397041365584094 33.078025155285026 33.25846862792969 36200
33.33722789193529 33.5814776746022 33.08799621384763 33.2076301574707 9400
33.177720180208 33.262461842065285 33.137846001481 33.19167709350586 11400
33.028180988986996 33.08799415410152 32.958396427704464 33.077030181884766 6900
32.71015875545069 32.76897553724792 32.65931300524838 32.68523406982422 5900
32.76897837601817 32.76897837601817 32.3203606166896 32.322357177734375 6700
32.51974369949787 32.51974369949787 32.044212341308594 32.044212341308594 9500
31.72220503156167 32.27051391693464 31.72220503156167 32.16484069824219 8700
32.25057518841776 32.25057518841776 31.901652386628342 32.03623580932617 6500
32.15088345177632 32.15088345177632 31.811928249313084 31.885700225830078 4100
31.82189765876088 32.180789947509766 31.82189765876088 32.180789947509766 8100
32.08110040551144 32.09605369702075 31.937541961669922 31.937541961669922 2200
32.08109895128559 32.1608511033779 31.820901422790048 32.011314392089844 9200
32.29045145519193 32.41008158046875 32.16882857200287 32.23861312866211 23200
32.15088352200347 32.569590877327975 32.15088352200347 32.5396842956543 5800
32.459931790386236 32.8088545826939 32.459931790386236 32.69919204711914 27800
32.63938010878282 32.768977834802406 32.57956314086914 32.57956314086914 6500
32.92848630344791 33.018209854804994 32.925497166357815 32.94842529296875 13900
32.928482563433946 32.928482563433946 32.04022216796875 32.04022216796875 4300
32.24587960531056 32.255864982657364 31.766684316915708 31.878496170043945 8500
31.617932829101306 31.656867040451186 31.542059958487165 31.586984634399414 5500
31.586986047197747 31.676835403040954 31.49713669135454 31.548051834106445 3600
31.71676753936179 31.71676753936179 31.572010040283203 31.572010040283203 12000
31.676835075691578 31.706785495380753 31.517103312321627 31.606952667236328 4600
31.72675150378046 31.72675150378046 31.337403675944266 31.430248260498047 22700
31.716769023008688 31.97633171081543 31.716769023008688 31.97633171081543 5300
32.03623093887359 32.03623093887359 31.477169794240677 31.662857055664062 28200
31.61693630837302 31.676835243916653 31.507120006415672 31.524091720581055 10500
31.547053422680897 31.656867818825457 31.35737124148167 31.452211380004883 9400
31.507119474550418 31.696801655414898 31.26352882385254 31.26352882385254 12300
30.898142038365965 31.0578737957033 30.889156341552734 30.889156341552734 15500
30.91810678092802 30.978007617464815 30.808292388916016 30.808292388916016 186100
30.748392054704244 31.027923583984375 30.748392054704244 31.027923583984375 5600
30.948058399715297 30.948058399715297 30.55671501159668 30.55671501159668 688000
30.808294147508153 30.978009385744603 30.59864501596768 30.85820960998535 36800
30.938074509313076 31.317438867034834 30.938074509313076 31.141733169555664 7700
31.267521750304677 31.267521750304677 30.898142766811002 30.927093505859375 7600
30.73841135815268 30.73841135815268 30.428929401333182 30.547731399536133 2800
30.42892902121857 30.42892902121857 30.069533511181653 30.130430221557617 23900
30.004641881123856 30.269197253087984 30.004641881123856 30.23725128173828 3400
30.199315320909516 30.349063611091726 30.139416385667197 30.309131622314453 29400
30.179348039652535 30.573686659274955 30.046571465023277 30.474851608276367 7200
30.359045993402493 30.708459927373692 30.359045993402493 30.683502197265625 5300
31.077839940874963 31.20762318841581 30.982999801635742 30.982999801635742 6800
31.121999740600586 31.165000915527344 30.82699966430664 31.01300048828125 6800
30.989999771118164 30.989999771118164 30.360000610351562 30.53700065612793 4000
30.6299991607666 30.6299991607666 30.131000518798828 30.172000885009766 17700
30.514999389648438 30.68899917602539 30.514999389648438 30.643999099731445 9000
30.975000381469727 31.200000762939453 30.959999084472656 30.9950008392334 13800
30.690000534057617 30.690000534057617 30.360000610351562 30.360000610351562 12500
30.450000762939453 30.500999450683594 29.908000946044922 29.96299934387207 22200
30.030000686645508 30.030000686645508 29.618000030517578 29.618000030517578 34500
29.440000534057617 29.719999313354492 29.520000457763672 29.719999313354492 1101
