24.532100677490234 24.532100677490234 24.532100677490234 24.532100677490234 100
24.55169132664036 24.561488714427067 24.492908868580745 24.527198791503906 6501700
24.53210126282967 24.541896783090966 24.48311431821887 24.51250648498535 19800
24.502707500829693 24.532099665682615 24.502707500829693 24.51740264892578 22400
24.532099003378878 24.532099003378878 24.48311206327986 24.507604598999023 12800
24.77212898101522 24.884796142578125 24.728041668346194 24.884796142578125 26100
24.845607353459272 24.982767045147497 24.7966204145273 24.862262725830078 8600
24.855403693786975 24.894591374620454 24.757431688712423 24.807395935058594 7100
24.88479444548196 25.115028381347656 24.826011988819022 25.115028381347656 5200
24.91418884021329 24.91418884021329 24.669259735403735 24.74469757080078 22100
24.903411247033116 24.903411247033116 24.708446402002433 24.74077796936035 16200
24.61047697039728 24.89459375677387 24.61047697039728 24.87108039855957 75900
24.86520285634458 24.90439241158162 24.63007113090487 24.679058074951172 10600
24.698647004204705 24.731957747056644 24.345950407205724 24.38709831237793 13900
24.061835761369533 24.168625991775134 23.88548649938595 23.917818069458008 21500
23.47400398999736 23.47400398999736 23.314311981201172 23.314311981201172 59400
23.335862945396045 23.335862945396045 23.2192772131898 23.287857055664062 42900
23.346641462467627 23.37603362683955 23.24866944988859 23.317249298095703 18700
23.05272791735932 23.356439482780242 23.05272791735932 23.28687858581543 31800
23.17029142366609 23.356438054354314 23.17029142366609 23.29961395263672 39800
23.229074673640643 23.434816086922687 23.229074673640643 23.317249298095703 55900
23.38586015650002 23.434865820201566 23.317251479539355 23.35743522644043 29000
23.45446756754772 23.523076240805352 23.35645437598847 23.395660400390625 8900
23.48387161551428 23.48387161551428 23.366257274192915 23.434865951538086 6700
23.503473550567904 23.53287806927232 23.405460357666016 23.405460357666016 16200
23.42506285074242 23.469168693098023 23.376057190101136 23.390758514404297 15000
23.40546024202165 23.444666266767157 23.35645458053592 23.370176315307617 16400
22.895795578090773 23.376058176536993 22.895795578090773 23.312349319458008 49700
23.35645458053592 23.415261748208025 23.307448919050188 23.370176315307617 20400
23.385859930221404 23.474071619587658 23.376058423686686 23.425064086914062 41700
23.425064642650405 23.483871813807642 23.395661991794917 23.439767837524414 13100
23.5132747879831 23.59168496751894 23.454467620692753 23.50347328186035 6800
23.50347240364285 23.552479932425403 23.43486373279335 23.47896957397461 4900
23.444666983227822 23.53287867215478 23.336852281329055 23.474071502685547 33800
23.49367339723896 23.49367339723896 23.33685302734375 23.33685302734375 18100
23.415261184171314 23.444665702022135 23.346652511965505 23.3858585357666 14200
23.37605857849121 23.405461228843862 23.297648395140413 23.37605857849121 12400
23.474070785810657 23.474070785810657 23.39566060576418 23.4544677734375 33600
23.464270829830372 23.513276494554756 23.346654617267067 23.44466781616211 14600
23.54268110155451 23.606388092041016 23.474072422909792 23.606388092041016 17200
23.797513449570104 23.866122124691 23.719103268082485 23.83671760559082 18300
23.85632019658544 23.983736038208008 23.807314535064336 23.983736038208008 8000
23.934731225595684 23.94453273213677 23.753408028201093 23.773990631103516 16800
23.73870256518164 23.76810708199499 23.679895401000977 23.679895401000977 6500
23.59168496751894 23.59168496751894 23.50347328186035 23.50347328186035 23000
23.84651989199209 24.00628089904785 23.768109707939626 24.00628089904785 8400
23.94453056670036 24.09449005126953 23.94453056670036 24.09449005126953 1400
24.169961744120087 24.395390785945512 24.160160237591214 24.375789642333984 42400
24.44439703273531 24.44439703273531 24.238569145348627 24.28757667541504 5200
24.365986247488568 24.365986247488568 24.218965530395508 24.218965530395508 6800
24.503205979439084 24.601219177246094 24.45420031525871 24.601219177246094 5500
24.52280694044768 24.650222778320312 24.52280694044768 24.650222778320312 18200
24.542411087668043 24.562012230938727 24.463999036800555 24.522808074951172 5100
24.611020239485477 24.65022439623248 24.4345968605084 24.48360252380371 15100
24.346384881233405 24.38558903751378 24.297379218521392 24.316980361938477 10400
24.60121765546043 24.728633496115453 24.60121765546043 24.70707130432129 4100
24.71883264438121 24.77764168265221 24.6306209564209 24.6306209564209 15400
24.80704450826558 24.875653183955443 24.70903131323169 24.846250534057617 12800
24.846251651846526 25.02267503695526 24.846251651846526 24.983469009399414 15600
24.924660132340517 25.07167898672436 24.86585296447621 24.98836898803711 12100
24.787443839085302 24.856052516087885 24.738436305907573 24.807044982910156 24800
24.92465896381535 24.92465896381535 24.816844269913588 24.85114860534668 10800
24.650223044789268 24.650223044789268 24.542410217561155 24.552209854125977 4300
24.35618474171929 24.35618474171929 24.19936438830303 24.218965530395508 4200
24.27777652015574 24.336583690061193 24.21896748080406 24.27287483215332 16400
24.26797420049184 24.33658287465715 24.228768175570995 24.260133743286133 24600
24.44439708884274 24.47968101501465 24.33658239189529 24.47968101501465 15000
24.53261017625072 24.53261017625072 23.9896183013916 23.9896183013916 6600
23.885724304163855 23.944531470866515 23.807314125411597 23.866121292114258 11800
23.679896476723915 23.74850514962576 23.66029346462449 23.709300994873047 3800
23.76810780211282 23.76810780211282 23.66029310664337 23.699499130249023 7600
23.650491600741955 23.709300636150438 23.611287446582402 23.699499130249023 12200
23.709299960741863 23.709299960741863 23.611286773965936 23.649511337280273 2500
23.70930178341074 23.719103289786435 23.601487082724287 23.62598991394043 5300
23.71910250092276 23.72890213752634 23.650491958574783 23.709300994873047 6200
23.768108161725184 23.83671683462703 23.650491958574783 23.709300994873047 20200
23.77790930801423 23.787710813915645 23.699499130249023 23.699499130249023 9600
23.817114747012265 23.817114747012265 23.71910342160301 23.78771209716797 9800
23.68969896922766 23.699500475685515 23.630891799926758 23.630891799926758 13000
23.66029420730141 23.728902882356827 23.57208251953125 23.57208251953125 5400
23.63089123637844 23.63089123637844 23.532878043583544 23.56228256225586 11200
23.552480697631836 23.601486358560482 23.532877685481925 23.552480697631836 15700
23.61128773006374 23.62108923608283 23.503473033299848 23.559341430664062 24100
23.601485999115795 23.601485999115795 23.47407016097415 23.542678833007812 7600
23.614507247924667 23.614507247924667 23.398041607101828 23.511194229125977 9100
23.466917128069785 23.5357924744495 23.34884376519567 23.478723526000977 37200
23.52595305597514 23.575149196143595 23.38820236213351 23.42755889892578 66300
23.545630649696704 23.545630649696704 23.32916314367508 23.388200759887695 32800
23.45707751998459 23.506273659756513 23.378362570322057 23.422639846801758 9200
23.506273983144805 23.506273983144805 23.407881702247327 23.476757049560547 7300
23.457077709054325 23.476756915806686 23.339004345252604 23.42755889892578 16300
23.496433921603323 23.496433921603323 23.33900402318181 23.373441696166992 9200
23.49643405645964 23.49643405645964 23.368522967025186 23.422639846801758 27900
23.506274493505735 23.5948290496061 23.31932765437163 23.53579330444336 34000
23.50627468188709 23.60466884242187 23.476757747425417 23.540712356567383 24800
23.506272262760017 23.506272262760017 23.41771771506348 23.481674194335938 12800
23.319326674648668 23.506273505928515 23.27996826171875 23.27996826171875 36100
23.457076268489256 23.457076268489256 23.289806774791575 23.299646377563477 14100
23.348841174756757 23.437395717909542 23.220930099487305 23.220930099487305 31700
23.35868380973407 23.46691757135381 23.240612321342056 23.294727325439453 16000
23.29964770568985 23.653865918820166 23.22093275574005 23.37836265563965 31300
23.437397777440786 23.486595792800117 23.299647087859448 23.344907760620117 20100
23.466918436802906 23.506274975480874 23.388203482734436 23.407882690429688 11300
23.47478896010951 23.49643496216955 23.319327726136272 23.398042678833008 4900
23.496435371633247 23.54563339087138 23.36852427503918 23.407882690429688 20600
23.437399129819052 23.525953685863204 23.407882195612668 23.442319869995117 3300
23.388201190725866 23.53579148055156 23.36852198495915 23.491514205932617 26700
23.50627389727199 23.565311517649754 23.42755894681409 23.521034240722656 26000
23.63418756509432 23.947078704833984 23.63418756509432 23.947078704833984 16100
23.535793888122416 23.870332913528582 23.388203583199118 23.45707893371582 12100
23.171736146862774 23.339005660257524 22.9454308865971 22.99462890625 10700
23.270128792777435 23.712901557232133 23.270128792777435 23.653865814208984 9300
23.457078424177432 23.476757631529743 23.388203075156852 23.398042678833008 2800
23.66370399417235 23.66370399417235 23.18157468403564 23.20125389099121 7300
23.112699526120686 23.299648240308226 22.463300704956055 22.463300704956055 8400
22.256674740799713 22.256674740799713 21.951652659519667 22.000850677490234 16500
22.03036597443153 22.099241317759542 21.961490631103516 21.961490631103516 5500
22.010688562034616 22.05988469945044 21.981169753557715 22.005767822265625 1500
22.148441388532948 22.22715634203247 21.6958289983763 22.010690689086914 6500
22.11892307651099 22.14844188850686 22.000851581952652 22.032337188720703 6200
22.030365807850718 22.25667291856173 22.030365807850718 22.050045013427734 18700
22.227154699921062 22.335388456753943 22.1779585613856 22.296030044555664 5200
22.305870330517525 22.335389140569976 22.187796967020166 22.266511917114258 16800
22.355066470559166 22.3747456772608 22.23699498377425 22.266511917114258 12500
22.099241560195452 22.168118780991424 22.05004542205356 22.059885025024414 17100
21.489201651371765 22.079564705319598 21.489201651371765 21.931974411010742 8700
21.892618586572418 22.118923856382136 21.892618586572418 21.90245819091797 18200
22.040206482369307 22.069725292170215 21.936893463134766 21.936893463134766 37200
22.020530426131312 22.158283014863592 21.93197773748494 22.153362274169922 20500
22.286191110581104 22.325549523961 22.217315763878734 22.229122161865234 3800
22.27635210214396 22.27635210214396 22.168120215883715 22.18779754638672 7800
22.05988851701565 22.13860347653036 21.91229820251465 21.91229820251465 12600
21.96149142893276 21.96149142893276 21.853257670221133 21.887697219848633 9000
22.00085136394048 22.370811462402344 21.90245720164183 22.370811462402344 22000
21.85325978405766 22.49282091825853 21.85325978405766 22.404266357421875 9400
22.355065209691514 22.44361975814178 22.246833332361895 22.374744415283203 13600
22.355065622116093 22.374744828070842 22.097274780273438 22.097274780273438 23500
22.099242243797146 22.12876105362282 21.98117075791932 22.030366897583008 10500
21.956571935395374 21.97133040144606 21.872936248779297 21.872936248779297 18700
22.00084966901865 22.109081550167797 21.86309710172783 22.051029205322266 4400
22.109080563811954 22.177957782740737 22.04512596130371 22.04512596130371 6800
22.089404008777684 22.09924173511403 21.97133064890525 22.027414321899414 52500
22.43378274166994 22.473141157390835 22.158281338473895 22.251754760742188 32100
22.315709419885113 22.3255490230093 21.991010023636516 22.207475662231445 20300
21.912295460372157 21.922135063669234 21.72534675115255 21.799142837524414 9200
21.7745444567394 21.7745444567394 21.666312566113426 21.72633171081543 8700
21.67615131660416 21.67615131660416 21.49904220491946 21.53839874267578 13700
21.538398961933495 21.59743658423772 21.38096905588059 21.543319702148438 14400
21.630473982484443 21.85826698063315 21.541337263374057 21.69485092163086 7000
21.442298318458942 21.472011190705874 21.25412057232896 21.43239402770996 11000
21.42248630565196 21.472007751464844 21.343253881401353 21.472007751464844 36900
21.363063261525518 21.46210426781849 21.254117965698242 21.254117965698242 16700
21.26402265804634 21.28383123749019 21.125366380039598 21.19469451904297 16800
21.45220260920792 21.491819772203833 21.372970172266395 21.43239402770996 5500
21.372968981435417 21.41159439086914 21.26402367831703 21.41159439086914 2400
21.343255040754954 21.392776489257812 21.30363977100277 21.392776489257812 9200
21.31849647141567 21.45220155638952 21.19469567670472 21.380891799926758 10900
21.303639624052856 21.343254893531775 21.18479003751591 21.224407196044922 3800
21.45220143771852 21.511625289916992 21.363064714895714 21.511625289916992 21400
21.818652507199136 21.818652507199136 21.57600212097168 21.57600212097168 1800
21.36306525174325 21.679994990166385 21.36306525174325 21.62057113647461 7500
21.7889405927006 21.85826873779297 21.699803866424624 21.85826873779297 27900
21.75922842023922 21.927597587610542 21.75922842023922 21.903827667236328 11000
21.927595479278228 21.999895095825195 21.83845875870798 21.999895095825195 12900
22.01673202641488 22.01673202641488 21.818651895969236 21.996923446655273 20400
22.00682668187786 22.03653955009331 21.838457540090427 21.879064559936523 22300
21.80874776327114 21.828556343173513 21.739419622662993 21.76715087890625 13700
21.88797872439288 22.073184967041016 21.788937720580236 22.073184967041016 14300
22.363373480177078 22.38318205893061 22.254428186082688 22.308900833129883 15300
22.353471140863167 22.42279928349851 22.224719145833276 22.276220321655273 24600
22.18510146107711 22.333662033081055 22.04644517908012 22.333662033081055 32000
22.4426063128138 22.581262588500977 22.28414145801415 22.581262588500977 20200
22.630782856074603 22.69515979030782 22.561454721846516 22.693178176879883 3800
22.541650039500123 22.541650039500123 22.27423985636268 22.462417602539062 8300
22.52183984832888 22.59116798958354 22.353470695688927 22.567398071289062 34400
22.54164780579426 22.828864652923233 22.47231966645451 22.821931838989258 51200
23.29435708886401 23.39339809862766 23.234931349575735 23.324068069458008 7700
23.324068937734413 23.383494679234904 23.007139205932617 23.007139205932617 22600
23.056659426529546 23.066563716250986 22.947714128643828 22.952665328979492 4700
22.967522778622595 23.26464391497782 22.898194639409716 23.219085693359375 37900
23.076465646023845 23.086369935543175 22.94771366037267 22.977426528930664 8800
23.060620679529176 23.060620679529176 22.918001174926758 22.918001174926758 700
22.858578326630706 22.858578326630706 22.719922043071872 22.769441604614258 4800
23.00714063515249 23.026949216883178 22.888292922869017 22.965543746948242 14100
22.96752223366919 23.110139846801758 22.858576938033845 23.110139846801758 14900
23.05666074217998 23.185412737805265 23.017043581033604 23.174518585205078 18600
23.15569798707701 23.165602276559532 22.858576858801495 22.94276237487793 20800
22.77934424369268 22.873432159423828 22.670398949335524 22.873432159423828 13300
22.64069064700379 22.700114501383386 22.50203246805105 22.521841049194336 16800
22.66049580119224 22.670400091091707 22.39308753010719 22.56145668029785 11600
22.620880103984064 22.719921112060547 22.521839095907577 22.719921112060547 7100
22.422798728192966 22.511935449102403 22.412894438197455 22.432703018188477 24400
22.670400259244886 22.71001741913661 22.591167828511598 22.63078498840332 30600
22.65059350407311 22.65059350407311 22.531743913785363 22.56343650817871 27000
22.5119363696816 22.521840660082127 22.39308866297576 22.448551177978516 21300
22.462417844263715 22.566410064697266 22.363376824734004 22.566410064697266 2600
22.719920901900824 22.749631881713867 22.57136033568534 22.749631881713867 13400
22.997234330845817 23.026947200840443 22.680304607103782 22.764490127563477 15900
22.67039928714272 22.769440293575006 22.531743011567556 22.61394691467285 6900
22.620881933420357 22.75953822251103 22.432704191761403 22.718931198120117 13900
22.799153762671803 22.858577612476168 22.524810791015625 22.524810791015625 4900
22.601074051405558 22.601074051405558 22.313857173827433 22.365358352661133 24000
22.53174346879901 22.610975897742673 22.363374321162464 22.48915672302246 34600
22.80905920286794 22.80905920286794 22.54164903168613 22.74369239807129 27100
22.610978920557503 22.719924233313503 22.363377310875947 22.541650772094727 29500
23.096274103564625 23.47262954711914 23.01704167687684 23.47262954711914 43800
23.4033017367211 23.492438461315764 23.205221595772038 23.312185287475586 9500
23.32406816601672 23.49243731659691 23.15569901543653 23.425090789794922 19000
23.561766941397988 23.749942779541016 23.47263022267756 23.749942779541016 10100
23.756903915592517 23.925956890952097 23.359132766723633 23.359132766723633 15500
23.637574202303277 24.0353453626658 23.558019970230774 23.75690460205078 34900
23.508296091798563 23.836457518069576 23.448630895219036 23.790714263916016 11500
23.766848554878372 23.766848554878372 23.617684610367906 23.647518157958984 1900
23.43570265464704 23.548073972449156 23.309411291248676 23.515256881713867 12500
23.876237690018193 24.035346159437648 23.766849906021353 23.952808380126953 19400
24.234229340481345 24.293894534075154 24.114897056571426 24.18848419189453 5300
24.343616836061006 24.542503356933594 24.343616836061006 24.542503356933594 57100
24.28395217591474 24.56239293195403 24.244174112170924 24.55145263671875 44800
24.55244911915272 24.55244911915272 24.343618071962116 24.421184539794922 45000
24.25411792437549 24.264062440022904 24.10495398310911 24.229257583618164 31800
24.05523350631599 24.4530046519857 24.05523350631599 24.39134979248047 18400
24.05523461078111 24.393340574304673 24.05523461078111 24.33367347717285 32200
24.164617531372752 24.472891805239925 24.154674913126204 24.20240592956543 35200
24.204397062384032 24.353561002538193 23.953800201416016 23.953800201416016 74800
24.204396206371797 24.37444305419922 24.075119405213762 24.37444305419922 4300
24.41322553223276 24.42317004753432 24.144731205980086 24.3983097076416 37200
24.333671306542644 24.3983097076416 24.204396401067086 24.3983097076416 8600
24.393338040361293 24.51266842878403 24.343615464583213 24.413225173950195 34400
24.313785327632864 24.502725437170593 24.313785327632864 24.403284072875977 9400
24.254117481840034 24.383394286175246 24.1944522857666 24.1944522857666 6300
24.24914600079404 24.403283144341753 24.168597891829037 24.27102279663086 14400
24.303840142928202 24.303840142928202 24.085064595367683 24.244173049926758 6000
24.075121448707424 24.104954996904393 23.707183837890625 23.707183837890625 22500
23.925957125936005 24.124843650684998 23.861320617606683 23.935901641845703 4600
24.254118091340583 24.612113070222268 24.24417357562471 24.542503356933594 23600
24.50272563063102 24.74138832092285 24.50272563063102 24.74138832092285 2700
24.678738390550816 24.731444511704897 24.582278677818273 24.71155548095703 7000
24.41322691701854 24.58227989328949 24.34361720268153 24.48979949951172 34300
24.51266874609767 24.5623913225194 24.373449325561523 24.373449325561523 8000
24.343617924862304 24.363506957183613 24.184509459736866 24.246164321899414 13800
24.582280348552267 24.801055908203125 24.582280348552267 24.801055908203125 11800
24.671778341259856 24.84083131548821 24.671778341259856 24.806026458740234 13200
24.641946730847142 24.761277126542268 24.612113183562137 24.65487289428711 9900
24.820942100719655 24.920385360717773 24.731445253116018 24.920385360717773 1100
24.980052589079563 25.019828755259248 24.90049835999775 24.99496841430664 4400
24.96016342340599 24.96016342340599 24.7513323877377 24.920385360717773 3700
24.980052230589195 25.009883880615234 24.9203851370923 25.009883880615234 20700
25.119272201345733 25.178937399417222 25.0098844242793 25.056623458862305 14000
25.198826889340985 25.42754506671041 25.119272658224556 25.36787986755371 3400
25.65626245146036 25.884982518486236 25.556821088178808 25.83824348449707 52700
25.82531523868114 25.82531523868114 25.676151298109364 25.776588439941406 2000
25.825315075230552 25.914813818351654 25.805427940876616 25.815370559692383 9600
25.815371506397156 25.815371506397156 25.52002716064453 25.52002716064453 4700
25.228660914295077 25.42754554748535 25.228660914295077 25.42754554748535 19200
25.855150165285337 26.123646410676706 25.855150165285337 26.044092178344727 4400
26.21314366824492 26.72030258178711 26.21314366824492 26.72030258178711 16300
26.86946668824641 27.008686113590745 26.640748518974313 26.819744110107422 25500
27.058406222006028 27.058406222006028 26.421972409083722 26.710357666015625 28600
26.724279554068065 26.8992977142334 26.72030212725372 26.8992977142334 4800
27.038519211753393 27.068350861419297 26.75013395350044 26.998741149902344 66700
27.068351416864612 27.17773919247726 26.988797188252438 27.007692337036133 76200
27.008685222538322 27.008685222538322 26.89929745096381 26.96393585205078 15000
26.82968894372462 26.929132204458796 26.72030306396722 26.77996826171875 80900
26.89929700879048 27.0385183239756 26.869465360104066 26.92913055419922 17200
27.40148581283264 27.40148581283264 26.958965301513672 26.958965301513672 8300
27.44623419009695 27.44623419009695 26.958964324686644 27.267236709594727 9400
27.257292882599344 27.36668065605095 27.147905109147743 27.31298065185547 14800
27.436289990664175 27.495955185944204 27.21751634348916 27.403472900390625 20600
27.446235218769544 27.595399159204547 27.43629070317756 27.587444305419922 3000
27.605343735302863 27.64511990103559 27.525789507114997 27.536727905273438 7300
27.486011157158334 27.565565384514066 27.33684721795663 27.50092887878418 17300
27.404335934456338 27.464083227087983 27.225092157229213 27.313718795776367 24200
27.3296516878486 27.449148178100586 27.3296516878486 27.449148178100586 9700
27.323675138361374 27.414294176516993 27.264923095703125 27.264923095703125 6700
27.40433729541419 27.40433729541419 27.175304412841797 27.175304412841797 8800
27.19521808160223 27.444167354885053 27.11555439012502 27.334630966186523 4200
27.155387381089575 27.503916746061908 27.155387381089575 27.364503860473633 42700
27.37446182400783 27.37446182400783 27.275878884383687 27.32965087890625 3800
27.54374676012416 27.643326846831055 27.513872164312442 27.57262420654297 27700
28.011771606777273 28.011771606777273 27.543747653211348 27.648305892944336 6900
27.63834719272979 27.69311633616767 27.56366355113175 27.57362174987793 5600
27.43421002774135 27.543748319252625 27.36450453290046 27.46408462524414 7700
27.523832111283046 27.5736231074654 27.43520736694336 27.43520736694336 14700
27.374462596325078 27.493959086411394 27.32467350006627 27.444168090820312 13900
27.593536248038085 27.593536248038085 27.43420886676363 27.57362174987793 13300
27.67320134633617 27.782737731933594 27.65328494919767 27.782737731933594 4700
27.85244443734378 28.06156281775421 27.84248623834021 27.96198272705078 24000
28.001814728868336 28.13126751357864 28.001814728868336 28.013763427734375 18500
27.912192601306952 28.141225471940146 27.912192601306952 28.091434478759766 15900
28.051604792438756 28.270679473876953 28.0316883943083 28.270679473876953 62400
28.265700785430273 28.34038442799804 28.191015243530273 28.191015243530273 21500
28.191014854837654 28.191014854837654 27.85244369506836 27.85244369506836 19900
27.94206579024116 27.96198218786425 27.86240209908101 27.8823184967041 5600
27.832529067993164 27.93210725624927 27.812612670609063 27.832529067993164 9700
27.91219363136519 28.021730021739938 27.882319034354484 27.96198272705078 7600
27.812612854402104 28.00181483213695 27.812612854402104 27.916175842285156 26000
28.13624632391789 28.13624632391789 27.922151694049294 27.942066192626953 43400
28.121309554019874 28.210931443940055 28.081478658128802 28.161142349243164 12700
28.121309280395508 28.181056573316877 28.111351081686582 28.121309280395508 10600
28.041645205220814 28.16114168875581 28.041645205220814 28.12031364440918 28600
27.80265596975592 27.85244506656631 27.772781372070312 27.772781372070312 4700
27.63337025413589 27.88231953570468 27.63337025413589 27.752866744995117 20300
27.932108426658214 27.961983023986164 27.722991943359375 27.722991943359375 12600
27.862401627452066 27.87235982609505 27.713032446471694 27.812612533569336 12600
27.648306195728438 27.693117141723633 27.583580750993804 27.693117141723633 4000
27.563663276971663 27.69311606071999 27.533788681030273 27.533788681030273 13700
27.75784360940367 27.772779957819736 27.543747085223128 27.563663482666016 8200
27.44416669396758 27.553704979360404 27.434208495356216 27.51885223388672 3700
27.623411315180817 27.663244110844573 27.583580418849294 27.643327713012695 29700
27.559681886043652 27.613453882483107 27.474042892456055 27.474042892456055 12400
27.51387297696579 27.573622170353993 27.35454559326172 27.35454559326172 6700
27.374461450597106 27.40333889729871 27.225092268740102 27.27488136291504 32700
27.14542817644671 27.254966461207985 27.105595382230916 27.215133666992188 52000
27.304757034057452 27.474042619982395 27.235051539735228 27.4342098236084 8100
27.444168158889312 27.5039173537468 27.394379062507014 27.454126358032227 9900
27.533789755814556 27.703075340759483 27.533789755814556 27.693117141723633 73100
27.444166740019547 27.464083137275694 27.357532501220703 27.357532501220703 5000
27.404335700319752 27.51387208598655 27.245008321775163 27.503915786743164 32800
27.2350503189451 27.59353597358087 27.2350503189451 27.533788681030273 14500
27.752865642711317 27.872360229492188 27.752865642711317 27.872360229492188 28900
27.77278057911413 27.991857157222373 27.77278057911413 27.937088012695312 25400
28.151185317463536 28.151185317463536 28.031688826172083 28.051605224609375 11600
28.131268714249074 28.131268714249074 27.842486637007376 28.021730422973633 28600
28.056583238445246 28.071521486866896 27.932108597814466 28.031688690185547 13900
27.76282140336397 27.792695999145508 27.673201414683703 27.792695999145508 4200
27.51387228373601 27.61345237087513 27.444166792538283 27.533788681030273 10400
27.703075834578158 27.762823130526016 27.543748445829003 27.596525192260742 4700
27.802655205922125 27.942066192626953 27.74290791152466 27.942066192626953 34500
27.74290739875977 27.85244378657521 27.583580017089844 27.583580017089844 41600
27.812612735200656 27.812612735200656 27.729961395263672 27.729961395263672 5500
27.96198269694944 27.97194089594229 27.89227720333175 27.95700454711914 2200
27.66921656496735 27.66921656496735 27.47404119101649 27.503915786743164 28500
27.51586475169369 27.593536042269594 27.424252362843536 27.543746948242188 9500
27.264924575560652 27.48400115966797 27.205177279591517 27.48400115966797 9900
27.649999618530273 27.649999618530273 27.1200008392334 27.1200008392334 5000
26.670000076293945 26.799999237060547 26.559999465942383 26.56999969482422 3900
26.75 26.899999618530273 26.59000015258789 26.639999389648438 26100
26.56999969482422 26.75 26.56999969482422 26.75 13600
26.34000015258789 26.399999618530273 26.239999771118164 26.290000915527344 3500
26.34000015258789 26.40999984741211 26.261999130249023 26.40999984741211 4000
26.34000015258789 26.639999389648438 26.34000015258789 26.530000686645508 13400
26.829999923706055 26.84000015258789 26.489999771118164 26.639999389648438 18100
26.739999771118164 26.850000381469727 26.6299991607666 26.816999435424805 49900
26.729999542236328 26.729999542236328 26.280000686645508 26.309999465942383 62600
26.479999542236328 26.770000457763672 26.479999542236328 26.731000900268555 45500
26.479999542236328 26.65999984741211 26.3799991607666 26.625 27600
26.8700008392334 27.139999389648438 26.84000015258789 27.110000610351562 19100
26.8799991607666 27.25 26.84000015258789 27.25 12200
27.479999542236328 27.56999969482422 27.290000915527344 27.3700008392334 13100
27.489999771118164 27.56999969482422 27.34000015258789 27.56999969482422 9600
27.709999084472656 27.739999771118164 27.299999237060547 27.520000457763672 16200
27.25 27.25 27.049999237060547 27.1200008392334 8700
27.360000610351562 27.479999542236328 27.350000381469727 27.459999084472656 2500
27.239999771118164 27.440000534057617 27.219999313354492 27.329999923706055 2000
27.030000686645508 27.145000457763672 26.899999618530273 26.899999618530273 3300
26.889999389648438 27.010000228881836 26.670000076293945 26.729999542236328 10700
26.729999542236328 26.729999542236328 26.280000686645508 26.350000381469727 5900
26.440000534057617 26.565000534057617 26.239999771118164 26.510000228881836 5340
