25.299999237060547 25.860000610351562 24.68000030517578 25.1200008392334 4273500
24.709999084472656 25.0 21.139999389648438 23.190000534057617 5118100
23.0 23.09000015258789 20.899999618530273 21.0 5339400
21.0 21.270000457763672 18.510000228881836 19.280000686645508 6340700
18.799999237060547 20.25 17.584999084472656 19.149999618530273 3407200
20.0 24.649999618530273 19.110000610351562 24.639999389648438 3845300
23.0 23.010000228881836 20.1200008392334 20.25 3954800
20.260000228881836 21.010000228881836 19.760000228881836 20.3799991607666 1375900
20.459999084472656 22.96500015258789 20.450000762939453 21.139999389648438 1864600
21.989999771118164 24.0 21.670000076293945 23.34000015258789 2113000
22.989999771118164 23.155000686645508 20.049999237060547 20.06999969482422 907400
20.549999237060547 21.549999237060547 20.190000534057617 20.43000030517578 386000
20.579999923706055 21.760000228881836 20.299999237060547 21.0 481300
21.34000015258789 22.639999389648438 21.010000228881836 22.209999084472656 460200
22.06999969482422 22.639999389648438 21.621999740600586 22.270000457763672 774000
22.110000610351562 22.18000030517578 19.010000228881836 19.309999465942383 1963900
20.0 20.520000457763672 18.850000381469727 19.010000228881836 1023500
19.049999237060547 19.15999984741211 17.100000381469727 17.760000228881836 1837000
17.809999465942383 18.959999084472656 17.510000228881836 17.610000610351562 819700
17.969999313354492 20.5 17.90999984741211 20.280000686645508 1969100
20.399999618530273 20.5 18.0 18.0 1314100
18.399999618530273 18.469999313354492 17.610000610351562 17.770000457763672 1018400
17.670000076293945 18.079999923706055 17.420000076293945 17.68000030517578 642500
17.75 18.610000610351562 17.389999389648438 17.43000030517578 1264700
17.950000762939453 20.59000015258789 17.68000030517578 20.270000457763672 1101500
19.75 20.670000076293945 19.260000228881836 20.350000381469727 505600
20.360000610351562 20.899999618530273 19.719999313354492 19.959999084472656 543900
20.25 20.799999237060547 19.959999084472656 20.719999313354492 561600
21.0 21.0 19.93400001525879 20.200000762939453 547400
19.989999771118164 20.200000762939453 19.3799991607666 19.389999389648438 486000
19.299999237060547 19.93000030517578 18.969999313354492 19.850000381469727 192000
19.399999618530273 19.860000610351562 18.8799991607666 19.780000686645508 282100
19.520000457763672 19.729999542236328 18.364999771118164 18.68000030517578 186900
18.5 18.610000610351562 17.579999923706055 18.0 567300
18.020000457763672 18.510000228881836 17.40999984741211 17.40999984741211 523600
17.860000610351562 17.860000610351562 16.3700008392334 16.479999542236328 896100
16.079999923706055 17.209999084472656 15.699999809265137 16.940000534057617 743000
16.8799991607666 17.5 16.40999984741211 16.8799991607666 1196300
17.030000686645508 17.790000915527344 16.920000076293945 16.950000762939453 473200
17.729999542236328 18.149999618530273 16.010000228881836 17.450000762939453 1563000
18.100000381469727 19.3700008392334 17.809999465942383 18.959999084472656 1118200
19.18000030517578 21.66699981689453 19.18000030517578 21.5 1071200
20.0 22.790000915527344 19.670000076293945 22.6200008392334 1357300
22.790000915527344 25.329999923706055 22.790000915527344 24.489999771118164 1610600
24.649999618530273 24.84000015258789 22.399999618530273 23.43000030517578 819200
23.15999984741211 23.15999984741211 21.010000228881836 21.520000457763672 646900
22.020000457763672 23.788000106811523 22.020000457763672 23.059999465942383 536600
23.260000228881836 26.649999618530273 23.260000228881836 26.0 1104600
26.010000228881836 26.190000534057617 24.219999313354492 24.56999969482422 833800
25.719999313354492 25.719999313354492 23.65999984741211 23.860000610351562 541200
24.290000915527344 26.049999237060547 24.1200008392334 25.950000762939453 749600
25.540000915527344 26.350000381469727 24.844999313354492 25.290000915527344 415100
25.110000610351562 25.110000610351562 22.0 22.110000610351562 931600
22.59000015258789 26.0 22.5 25.43000030517578 1034800
25.049999237060547 25.260000228881836 23.010000228881836 23.309999465942383 637600
23.809999465942383 25.239999771118164 23.790000915527344 24.709999084472656 532600
24.450000762939453 25.43000030517578 24.299999237060547 24.43000030517578 613900
24.489999771118164 24.889999389648438 22.549999237060547 22.81999969482422 794600
22.940000534057617 23.209999084472656 21.809999465942383 22.020000457763672 725400
22.18000030517578 22.65999984741211 21.5 21.93000030517578 528400
21.940000534057617 23.0 21.709999084472656 22.469999313354492 703300
21.989999771118164 22.309999465942383 20.510000228881836 20.90999984741211 1024600
20.989999771118164 21.68000030517578 20.520000457763672 21.649999618530273 861400
21.510000228881836 21.579999923706055 20.079999923706055 21.010000228881836 834400
21.139999389648438 21.299999237060547 19.940000534057617 20.25 543300
19.899999618530273 21.690000534057617 19.8700008392334 21.469999313354492 1130700
21.889999389648438 23.790000915527344 21.729999542236328 23.34000015258789 1399300
23.40999984741211 23.78499984741211 23.06999969482422 23.59000015258789 1069300
24.0 25.1200008392334 23.270000457763672 23.950000762939453 1820400
23.520000457763672 23.910999298095703 22.479999542236328 22.520000457763672 722400
22.579999923706055 23.719999313354492 22.579999923706055 23.5 819800
23.479999542236328 25.0 23.170000076293945 24.5 856400
24.860000610351562 25.75 24.010000228881836 24.479999542236328 672900
24.100000381469727 25.100000381469727 23.899999618530273 25.049999237060547 377900
23.790000915527344 24.5 21.350000381469727 22.8799991607666 2004400
23.059999465942383 23.458999633789062 20.290000915527344 20.3700008392334 1080300
20.0 20.059999465942383 18.020000457763672 18.649999618530273 3602900
19.549999237060547 21.209999084472656 19.549999237060547 20.350000381469727 1702700
20.25 21.579999923706055 20.010000228881836 20.959999084472656 1778000
21.049999237060547 21.049999237060547 19.90999984741211 20.139999389648438 626500
20.579999923706055 20.809999465942383 19.493000030517578 19.639999389648438 308700
19.639999389648438 20.719999313354492 19.469999313354492 20.690000534057617 591500
20.479999542236328 20.610000610351562 19.670000076293945 19.799999237060547 638000
19.139999389648438 20.700000762939453 19.010000228881836 20.600000381469727 468300
20.59000015258789 20.59000015258789 19.639999389648438 20.1299991607666 432300
19.90999984741211 20.889999389648438 19.90999984741211 20.760000228881836 478000
20.540000915527344 20.600000381469727 19.90999984741211 20.520000457763672 328700
19.690000534057617 20.139999389648438 19.299999237060547 19.809999465942383 1706900
18.729999542236328 19.899999618530273 18.360000610351562 18.459999084472656 1848600
17.329999923706055 21.399999618530273 15.880000114440918 19.34000015258789 5935400
19.389999389648438 20.440000534057617 18.68000030517578 19.959999084472656 545400
20.280000686645508 21.18000030517578 20.089000701904297 20.5 535800
19.969999313354492 20.469999313354492 19.68000030517578 19.8799991607666 331400
20.510000228881836 21.280000686645508 20.1299991607666 21.1200008392334 337000
21.1299991607666 21.1299991607666 19.93000030517578 20.280000686645508 248300
20.290000915527344 21.0 19.3799991607666 19.459999084472656 716400
19.479999542236328 20.549999237060547 19.450000762939453 20.40999984741211 190300
20.450000762939453 20.450000762939453 19.079999923706055 19.559999465942383 301500
19.790000915527344 20.200000762939453 19.170000076293945 19.799999237060547 531700
20.100000381469727 20.280000686645508 19.81999969482422 20.049999237060547 253600
19.829999923706055 19.885000228881836 18.110000610351562 18.350000381469727 886500
18.5 18.700000762939453 17.020000457763672 17.360000610351562 1038400
17.489999771118164 17.920000076293945 17.139999389648438 17.170000076293945 777700
17.079999923706055 17.100000381469727 15.890000343322754 15.979999542236328 2298200
16.0 16.0 14.770000457763672 15.0 1922500
13.5 14.100000381469727 11.729999542236328 12.149999618530273 6838300
11.819999694824219 11.899999618530273 9.725000381469727 10.40999984741211 5317900
10.380000114440918 11.329999923706055 9.890000343322754 10.460000038146973 3199700
10.520000457763672 10.960000038146973 10.258000373840332 10.539999961853027 1120100
10.960000038146973 11.699999809265137 10.930000305175781 11.149999618530273 3754000
11.0 11.149999618530273 10.449999809265137 10.489999771118164 2318900
10.619999885559082 10.640000343322754 9.890000343322754 10.029999732971191 1600000
10.050000190734863 10.199999809265137 9.460000038146973 9.510000228881836 2039900
9.930000305175781 10.119999885559082 9.680000305175781 9.800000190734863 2710600
9.850000381469727 10.654999732971191 9.770000457763672 10.430000305175781 2396500
10.619999885559082 12.229999542236328 10.579999923706055 11.989999771118164 3618200
12.130000114440918 13.399999618530273 12.119999885559082 12.930000305175781 3352600
12.739999771118164 13.399999618530273 12.039999961853027 12.210000038146973 2207200
12.529999732971191 13.260000228881836 12.279999732971191 12.630000114440918 1859500
12.300000190734863 13.109999656677246 11.875 12.670000076293945 1704600
12.489999771118164 12.619999885559082 12.149999618530273 12.399999618530273 881500
12.649999618530273 12.829000473022461 11.630000114440918 11.899999618530273 1148800
11.319999694824219 11.399999618530273 10.029999732971191 10.210000038146973 4482200
10.390000343322754 10.630000114440918 9.930000305175781 9.960000038146973 3120000
10.0 10.760000228881836 9.680000305175781 10.25 2061800
10.25 11.024999618530273 10.059000015258789 10.399999618530273 1723500
10.619999885559082 10.779999732971191 10.149999618530273 10.270000457763672 4375800
9.84000015258789 10.0600004196167 9.569999694824219 9.59000015258789 2073600
9.880000114440918 9.949999809265137 9.449999809265137 9.619999885559082 1727100
9.699999809265137 9.930000305175781 9.4399995803833 9.729999542236328 1788800
9.850000381469727 9.850000381469727 9.468999862670898 9.470000267028809 902200
9.420000076293945 9.710000038146973 9.3100004196167 9.630000114440918 1378000
9.59000015258789 9.600000381469727 9.029999732971191 9.380000114440918 2660500
9.359999656677246 9.65999984741211 9.020000457763672 9.149999618530273 2066800
9.199999809265137 9.300000190734863 8.869999885559082 8.899999618530273 1704900
9.010000228881836 9.220000267028809 8.725000381469727 9.069999694824219 2322700
9.100000381469727 9.154999732971191 8.569999694824219 8.710000038146973 1457400
8.670000076293945 8.685999870300293 8.319999694824219 8.489999771118164 930700
8.40999984741211 8.729999542236328 8.319999694824219 8.539999961853027 495200
8.319999694824219 8.5 8.199999809265137 8.3100004196167 541500
8.59000015258789 8.8100004196167 8.529999732971191 8.75 1030700
8.760000228881836 8.791000366210938 8.550000190734863 8.600000381469727 463500
8.779999732971191 8.949999809265137 8.600000381469727 8.619999885559082 1127200
8.609999656677246 8.654999732971191 8.369999885559082 8.479999542236328 818100
8.609999656677246 9.65999984741211 8.510000228881836 9.0 6778400
9.0 9.020000457763672 8.460000038146973 8.600000381469727 1985000
8.680000305175781 8.829999923706055 8.449999809265137 8.470000267028809 745100
8.470000267028809 8.475000381469727 8.130000114440918 8.15999984741211 966300
8.1899995803833 8.40999984741211 8.145000457763672 8.390000343322754 2435800
8.470000267028809 8.510000228881836 8.229999542236328 8.350000381469727 1904900
8.279999732971191 8.364999771118164 8.128999710083008 8.210000038146973 2004700
8.119999885559082 8.25 7.539999961853027 7.559999942779541 1928000
7.730000019073486 8.069999694824219 7.630000114440918 8.010000228881836 14752900
8.0 8.055000305175781 7.360000133514404 7.360000133514404 1666400
7.349999904632568 7.380000114440918 7.0 7.010000228881836 2329000
7.0 7.34499979019165 6.929999828338623 7.289999961853027 1783500
7.190000057220459 7.28000020980835 6.480000019073486 6.480000019073486 3470800
6.650000095367432 7.03000020980835 6.599999904632568 6.760000228881836 2220600
6.619999885559082 6.730000019073486 6.329999923706055 6.579999923706055 2768500
6.650000095367432 6.684999942779541 6.385000228881836 6.53000020980835 1414600
6.599999904632568 6.800000190734863 6.119999885559082 6.119999885559082 2874500
6.099999904632568 6.099999904632568 5.730000019073486 5.800000190734863 2547000
5.820000171661377 6.324999809265137 5.760000228881836 6.179999828338623 3328300
6.119999885559082 6.309999942779541 6.079999923706055 6.190000057220459 1982500
6.199999809265137 6.559999942779541 6.039999961853027 6.139999866485596 2333400
6.400000095367432 6.699999809265137 6.369999885559082 6.639999866485596 1636800
6.610000133514404 6.889999866485596 6.480000019073486 6.659999847412109 2594300
6.739999771118164 6.789999961853027 6.21999979019165 6.25 1233600
6.260000228881836 6.550000190734863 6.190000057220459 6.349999904632568 869100
6.340000152587891 6.394999980926514 5.619999885559082 5.650000095367432 2185600
5.869999885559082 5.880000114440918 5.210000038146973 5.21999979019165 1884200
5.25 5.465000152587891 5.215000152587891 5.260000228881836 1416100
5.349999904632568 5.5 5.010000228881836 5.400000095367432 2602800
5.5 5.730000019073486 4.880000114440918 4.989999771118164 3894400
5.010000228881836 5.684999942779541 4.929999828338623 5.389999866485596 3142400
5.010000228881836 5.440000057220459 5.010000228881836 5.289999961853027 1771300
5.269999980926514 5.570000171661377 5.179999828338623 5.429999828338623 2456200
5.360000133514404 5.829999923706055 5.360000133514404 5.829999923706055 2275800
5.829999923706055 6.269999980926514 5.829999923706055 5.96999979019165 5140500
6.070000171661377 6.28000020980835 5.920000076293945 6.079999923706055 3893400
5.829999923706055 6.110000133514404 5.449999809265137 5.820000171661377 4754100
5.699999809265137 6.485000133514404 5.619999885559082 6.449999809265137 3927400
6.599999904632568 7.039999961853027 6.599999904632568 6.96999979019165 2737700
6.989999771118164 7.409999847412109 6.760000228881836 7.21999979019165 2854400
7.130000114440918 7.389999866485596 6.849999904632568 6.909999847412109 2658100
6.960000038146973 7.289999961853027 6.670000076293945 6.809999942779541 1445300
6.849999904632568 6.880000114440918 6.340000152587891 6.400000095367432 1768800
6.199999809265137 6.690000057220459 6.150000095367432 6.449999809265137 1809000
6.320000171661377 6.349999904632568 6.079999923706055 6.269999980926514 2205900
6.550000190734863 6.559999942779541 6.039999961853027 6.079999923706055 2011800
5.880000114440918 6.539999961853027 5.840000152587891 6.53000020980835 12546200
6.400000095367432 6.400000095367432 5.284999847412109 5.369999885559082 5490500
5.619999885559082 6.21999979019165 5.610000133514404 6.139999866485596 2318000
5.960000038146973 6.269999980926514 5.840000152587891 6.070000171661377 1354300
6.070000171661377 6.400000095367432 5.880000114440918 6.400000095367432 835000
6.409999847412109 6.440000057220459 6.125 6.190000057220459 702600
6.199999809265137 6.23799991607666 5.920000076293945 6.0 923500
5.949999809265137 6.03000020980835 5.465000152587891 5.510000228881836 1017000
5.5 6.230000019073486 5.5 6.090000152587891 2345000
5.989999771118164 6.445000171661377 5.989999771118164 6.25 1826400
6.25 6.349999904632568 5.679999828338623 5.769999980926514 2218600
5.820000171661377 5.859000205993652 5.474999904632568 5.699999809265137 1299000
5.480000019073486 5.599999904632568 4.829999923706055 4.900000095367432 3458000
5.099999904632568 5.380000114440918 4.885000228881836 4.920000076293945 1972100
5.039999961853027 5.539000034332275 5.039999961853027 5.440000057220459 2222000
5.460000038146973 5.590000152587891 5.164999961853027 5.579999923706055 2515500
5.579999923706055 6.09499979019165 5.5279998779296875 5.900000095367432 4270300
6.119999885559082 6.164000034332275 5.75 5.789999961853027 1632000
5.699999809265137 5.849999904632568 5.320000171661377 5.389999866485596 1810900
5.389999866485596 5.53000020980835 5.230000019073486 5.460000038146973 1455300
5.21999979019165 5.369999885559082 5.019999980926514 5.03000020980835 1114100
5.070000171661377 5.480000019073486 5.070000171661377 5.28000020980835 2158000
5.659999847412109 5.789999961853027 5.46999979019165 5.510000228881836 1583600
5.400000095367432 5.519999980926514 5.210000038146973 5.210000038146973 1689100
5.019999980926514 5.739999771118164 5.010000228881836 5.739999771118164 2243500
5.559999942779541 5.724999904632568 5.409999847412109 5.570000171661377 1916800
5.690000057220459 5.690000057220459 5.105000019073486 5.170000076293945 1693900
5.199999809265137 5.329999923706055 4.599999904632568 4.610000133514404 1418100
4.690000057220459 5.0 4.489999771118164 4.960000038146973 1600700
5.019999980926514 5.559999942779541 4.980000019073486 5.550000190734863 948300
5.480000019073486 5.670000076293945 5.400000095367432 5.650000095367432 778000
5.679999828338623 5.679999828338623 5.210000038146973 5.300000190734863 732900
5.159999847412109 5.449999809265137 5.130000114440918 5.309999942779541 899500
5.309999942779541 5.570000171661377 5.25 5.519999980926514 800700
5.449999809265137 5.889999866485596 5.429999828338623 5.860000133514404 1450400
5.809999942779541 6.050000190734863 5.690000057220459 6.039999961853027 1682100
6.050000190734863 6.380000114440918 5.949999809265137 6.260000228881836 1945000
6.039999961853027 6.699999809265137 6.039999961853027 6.510000228881836 2089900
6.449999809265137 6.650000095367432 6.0 6.059999942779541 1447700
6.039999961853027 6.130000114440918 5.789999961853027 5.800000190734863 1091800
5.949999809265137 6.5 5.940000057220459 6.5 1004500
6.400000095367432 6.429999828338623 6.170000076293945 6.28000020980835 906000
6.239999771118164 6.400000095367432 5.860000133514404 5.929999828338623 861800
5.840000152587891 5.889999866485596 5.550000190734863 5.699999809265137 563500
5.440000057220459 5.53000020980835 5.235000133514404 5.300000190734863 1162900
5.420000076293945 5.468999862670898 4.974999904632568 4.989999771118164 1259800
4.650000095367432 5.25 4.650000095367432 5.190000057220459 1596600
5.139999866485596 5.510000228881836 5.139999866485596 5.489999771118164 1053000
5.320000171661377 5.590000152587891 5.195000171661377 5.400000095367432 831900
5.409999847412109 5.579999923706055 5.244999885559082 5.300000190734863 605200
5.28000020980835 5.360000133514404 5.139999866485596 5.139999866485596 897200
5.170000076293945 5.170000076293945 4.059999942779541 4.349999904632568 1983200
4.510000228881836 4.710000038146973 3.8299999237060547 3.890000104904175 2479100
3.859999895095825 4.300000190734863 3.619999885559082 3.640000104904175 3154300
3.7200000286102295 3.7300000190734863 3.369999885559082 3.450000047683716 2068500
3.609999895095825 3.984999895095825 3.559999942779541 3.9700000286102295 2230400
3.6700000762939453 3.7799999713897705 3.4200000762939453 3.619999885559082 1566300
3.700000047683716 3.700000047683716 2.4189999103546143 2.4600000381469727 3927800
2.359999895095825 2.4100000858306885 2.069999933242798 2.200000047683716 4327000
2.0999999046325684 2.390000104904175 1.75 1.9900000095367432 7437200
2.5999999046325684 2.950000047683716 2.369999885559082 2.950000047683716 9312800
2.694999933242798 3.1500000953674316 2.6500000953674316 2.809999942779541 4831100
2.880000114440918 3.9700000286102295 2.8550000190734863 3.799999952316284 7598000
3.5 3.819999933242798 3.5 3.609999895095825 3201200
3.880000114440918 4.519999980926514 3.630000114440918 3.700000047683716 4233700
3.6500000953674316 3.940000057220459 3.450000047683716 3.7699999809265137 1922600
3.700000047683716 3.884999990463257 3.5 3.640000104904175 1403100
3.380000114440918 3.5 3.190000057220459 3.240000009536743 1265700
3.390000104904175 3.4609999656677246 3.059999942779541 3.190000057220459 2302300
3.369999885559082 3.5899999141693115 3.305000066757202 3.4100000858306885 2008000
3.3399999141693115 3.450000047683716 3.180000066757202 3.2200000286102295 1181400
3.180000066757202 3.180000066757202 2.950000047683716 2.9600000381469727 1418800
3.259999990463257 3.4830000400543213 3.0899999141693115 3.1500000953674316 1449400
3.3399999141693115 3.5850000381469727 3.3399999141693115 3.569999933242798 4146600
3.5199999809265137 3.559999942779541 3.140000104904175 3.1600000858306885 1647200
3.0999999046325684 3.200000047683716 3.049999952316284 3.0799999237060547 1162900
3.109999895095825 3.1700000762939453 2.9200000762939453 2.9700000286102295 1304100
2.950000047683716 3.059999942779541 2.9200000762939453 2.940000057220459 1708200
2.9200000762939453 3.069999933242798 2.9000000953674316 3.009999990463257 1006500
3.0399999618530273 3.1419999599456787 2.940000057220459 2.940000057220459 1172200
2.9800000190734863 3.069999933242798 2.950000047683716 3.0399999618530273 757700
3.0399999618530273 3.069999933242798 2.950000047683716 2.9800000190734863 658200
2.9000000953674316 3.0299999713897705 2.6500000953674316 2.950000047683716 1214900
2.8499999046325684 3.0799999237060547 2.8399999141693115 3.0199999809265137 832100
2.990000009536743 3.0 2.7950000762939453 2.880000114440918 1488900
2.819999933242798 2.9110000133514404 2.5899999141693115 2.630000114440918 1348900
2.630000114440918 2.8299999237060547 2.5899999141693115 2.7699999809265137 1293800
2.619999885559082 2.6500000953674316 2.4600000381469727 2.559999942779541 1635100
2.5799999237060547 2.5799999237060547 2.430000066757202 2.5199999809265137 486600
2.5899999141693115 2.640000104904175 2.3499999046325684 2.3499999046325684 1544300
2.369999885559082 2.5 2.2899999618530273 2.4600000381469727 913300
2.6500000953674316 2.7100000381469727 2.444999933242798 2.4800000190734863 918600
2.4100000858306885 2.7160000801086426 2.390000104904175 2.6700000762939453 1258900
2.559999942779541 2.7750000953674316 2.559999942779541 2.740000009536743 1270200
2.6600000858306885 2.740000009536743 2.509999990463257 2.690000057220459 1801100
2.5999999046325684 2.619999885559082 2.3299999237060547 2.440000057220459 1640800
2.4200000762939453 2.440000057220459 2.2300000190734863 2.240000009536743 1670600
2.1700000762939453 2.200000047683716 2.0 2.0199999809265137 1385500
2.109999895095825 2.200000047683716 1.9600000381469727 2.0999999046325684 1212600
2.0799999237060547 2.180000066757202 1.9500000476837158 1.9900000095367432 1389300
2.0 2.2249999046325684 1.9299999475479126 2.130000114440918 1259200
2.2200000286102295 2.609999895095825 2.2200000286102295 2.5399999618530273 2049500
2.4200000762939453 2.700000047683716 2.4200000762939453 2.5899999141693115 1854500
2.7100000381469727 2.9179999828338623 2.640000104904175 2.7200000286102295 1367300
2.5899999141693115 2.8350000381469727 2.5199999809265137 2.559999942779541 1521400
2.609999895095825 2.7799999713897705 2.5999999046325684 2.640000104904175 1738600
2.680000066757202 2.7699999809265137 2.5199999809265137 2.5899999141693115 1661900
2.559999942779541 2.640000104904175 2.440000057220459 2.4700000286102295 1323500
2.380000114440918 2.4149999618530273 2.2200000286102295 2.25 1233100
2.2699999809265137 2.444999933242798 2.2699999809265137 2.4200000762939453 1194000
2.4100000858306885 2.609999895095825 2.4000000953674316 2.5899999141693115 804300
2.5899999141693115 2.680000066757202 2.559999942779541 2.680000066757202 907900
2.759999990463257 2.7699999809265137 2.4100000858306885 2.559999942779541 7859000
2.4600000381469727 2.5950000286102295 2.4100000858306885 2.450000047683716 2476900
2.4200000762939453 2.819999933242798 2.4100000858306885 2.690000057220459 2067500
2.619999885559082 2.934999942779541 2.549999952316284 2.890000104904175 1568900
3.0199999809265137 3.1600000858306885 2.940000057220459 2.9700000286102295 2071900
3.25 3.4200000762939453 3.059999942779541 3.1700000762939453 3266000
3.25 3.3499999046325684 2.950000047683716 3.1600000858306885 1588400
3.0299999713897705 3.180000066757202 2.930000066757202 3.0299999713897705 1655900
2.950000047683716 3.2699999809265137 2.950000047683716 3.119999885559082 958600
2.9200000762939453 3.1500000953674316 2.9200000762939453 3.0299999713897705 1461400
3.140000104904175 3.2100000381469727 2.930000066757202 2.9600000381469727 1358000
2.7899999618530273 2.9100000858306885 2.2799999713897705 2.4200000762939453 3401100
2.3299999237060547 2.380000114440918 2.0799999237060547 2.180000066757202 2768300
2.255000114440918 2.369999885559082 2.009999990463257 2.25 8887800
2.319999933242798 2.509999990463257 2.2300000190734863 2.4600000381469727 1630200
2.2699999809265137 2.450000047683716 2.2699999809265137 2.299999952316284 1107400
2.309999942779541 2.4800000190734863 2.2799999713897705 2.4600000381469727 1112700
2.5799999237060547 2.634999990463257 2.424999952316284 2.5299999713897705 1201800
2.609999895095825 2.7699999809265137 2.4700000286102295 2.7699999809265137 1654400
2.740000009536743 2.8499999046325684 2.6600000858306885 2.759999990463257 797900
2.640000104904175 2.7300000190734863 2.609999895095825 2.700000047683716 539500
2.5999999046325684 2.619999885559082 2.4800000190734863 2.619999885559082 870200
2.5799999237060547 2.7249999046325684 2.509999990463257 2.569999933242798 531900
2.4800000190734863 2.6549999713897705 2.450000047683716 2.559999942779541 1509300
2.5 2.5350000858306885 2.365000009536743 2.390000104904175 911400
2.440000057220459 2.4600000381469727 2.259999990463257 2.390000104904175 1613900
2.369999885559082 2.440000057220459 2.2850000858306885 2.380000114440918 1005500
2.309999942779541 2.319999933242798 2.140000104904175 2.1500000953674316 1029600
2.200000047683716 2.2899999618530273 2.1500000953674316 2.2100000381469727 598900
2.130000114440918 2.2100000381469727 2.049999952316284 2.0899999141693115 805200
2.0999999046325684 2.0999999046325684 1.9700000286102295 2.0399999618530273 806500
2.059999942779541 2.109999895095825 1.9600000381469727 2.109999895095825 982600
2.1600000858306885 2.2799999713897705 2.0 2.009999990463257 1185400
2.0199999809265137 2.2100000381469727 1.9600000381469727 2.190000057220459 1915800
2.1500000953674316 2.2799999713897705 2.130000114440918 2.1700000762939453 845200
2.1700000762939453 2.309999942779541 2.1700000762939453 2.2699999809265137 809200
2.200000047683716 2.244999885559082 2.059999942779541 2.059999942779541 931800
2.119999885559082 2.1600000858306885 1.9800000190734863 2.009999990463257 1242800
2.009999990463257 2.0299999713897705 1.899999976158142 1.9800000190734863 911800
2.0 2.0299999713897705 1.9199999570846558 2.0 672600
1.9800000190734863 1.9900000095367432 1.809999942779541 1.8200000524520874 1325900
1.809999942779541 1.8799999952316284 1.7599999904632568 1.809999942779541 854100
1.809999942779541 1.8200000524520874 1.6799999475479126 1.7000000476837158 1131600
1.7100000381469727 1.75 1.649999976158142 1.7400000095367432 1241100
1.75 1.850000023841858 1.7100000381469727 1.840000033378601 850500
1.8799999952316284 1.9800000190734863 1.8700000047683716 1.8799999952316284 908500
1.8700000047683716 1.8799999952316284 1.7699999809265137 1.8600000143051147 1349900
1.850000023841858 1.8899999856948853 1.7999999523162842 1.8300000429153442 533700
1.7999999523162842 1.8200000524520874 1.7000000476837158 1.75 867500
1.75 1.8200000524520874 1.7100000381469727 1.7999999523162842 541000
1.840000033378601 1.9199999570846558 1.7300000190734863 1.7699999809265137 998200
1.7799999713897705 1.809999942779541 1.7100000381469727 1.7699999809265137 467800
1.75 1.7699999809265137 1.690000057220459 1.7200000286102295 434700
1.690000057220459 1.7000000476837158 1.6200000047683716 1.6699999570846558 654800
1.6699999570846558 1.690000057220459 1.5299999713897705 1.5399999618530273 1392000
1.5800000429153442 1.600000023841858 1.5199999809265137 1.5399999618530273 923100
1.5299999713897705 1.5299999713897705 1.4299999475479126 1.440000057220459 1082900
1.440000057220459 1.4700000286102295 1.3799999952316284 1.399999976158142 671900
1.4199999570846558 1.4800000190734863 1.3600000143051147 1.409999966621399 628500
1.3799999952316284 1.4500000476837158 1.3799999952316284 1.409999966621399 605100
1.4199999570846558 1.4800000190734863 1.3600000143051147 1.3899999856948853 1411800
1.5199999809265137 1.5499999523162842 1.3700000047683716 1.3799999952316284 1850500
1.3799999952316284 1.409000039100647 1.3250000476837158 1.3799999952316284 1016100
1.3600000143051147 1.399999976158142 1.2699999809265137 1.2999999523162842 1110800
1.2599999904632568 1.3200000524520874 1.2599999904632568 1.3200000524520874 1027100
1.2799999713897705 1.2999999523162842 1.2400000095367432 1.2899999618530273 523700
1.2699999809265137 1.2949999570846558 1.2200000286102295 1.2699999809265137 395300
1.2400000095367432 1.2599999904632568 1.2000000476837158 1.2300000190734863 1052400
1.2100000381469727 1.2300000190734863 1.190000057220459 1.2000000476837158 418900
1.1799999475479126 1.2300000190734863 1.1699999570846558 1.2000000476837158 575500
1.2400000095367432 1.2549999952316284 1.1950000524520874 1.2400000095367432 621300
1.2400000095367432 1.2999999523162842 1.2300000190734863 1.2999999523162842 311100
1.2699999809265137 1.2799999713897705 1.1699999570846558 1.1799999475479126 1247800
1.2000000476837158 1.2000000476837158 1.100000023841858 1.100000023841858 1312600
1.1299999952316284 1.1399999856948853 1.0700000524520874 1.090000033378601 1285600
1.0700000524520874 1.0800000429153442 1.0 1.0099999904632568 1726400
1.0299999713897705 1.0499999523162842 1.0099999904632568 1.0499999523162842 392900
1.0499999523162842 1.0700000524520874 1.0299999713897705 1.0399999618530273 471600
1.0299999713897705 1.059999942779541 1.0199999809265137 1.0199999809265137 475800
1.0299999713897705 1.0399999618530273 1.0 1.0099999904632568 752500
0.9800000190734863 1.0199999809265137 0.9800000190734863 1.0099999904632568 739300
1.0199999809265137 1.0399999618530273 0.9810000061988831 1.0 208800
1.0199999809265137 1.0299999713897705 0.984000027179718 1.0 365600
1.0 1.0199999809265137 0.949999988079071 0.9610000252723694 388600
0.9599999785423279 0.9610000252723694 0.8930000066757202 0.9139999747276306 377700
0.9200000166893005 0.9380000233650208 0.8999999761581421 0.9300000071525574 312900
0.9300000071525574 0.9300000071525574 0.8600000143051147 0.8999999761581421 692100
0.8999999761581421 0.9629999995231628 0.8999999761581421 0.9300000071525574 1167900
0.9300000071525574 1.0199999809265137 0.925000011920929 1.0 1307800
0.9800000190734863 1.0099999904632568 0.9599999785423279 0.9800000190734863 191000
0.9700000286102295 1.0 0.9229999780654907 0.9399999976158142 437000
0.9300000071525574 0.9800000190734863 0.9100000262260437 0.925000011920929 469000
0.8999999761581421 0.9290000200271606 0.8450000286102295 0.8799999952316284 295300
0.8999999761581421 0.9200000166893005 0.8820000290870667 0.9010000228881836 126500
0.8769999742507935 1.0199999809265137 0.8579999804496765 0.9750000238418579 864300
0.996999979019165 1.0199999809265137 0.9470000267028809 0.9729999899864197 488900
1.0099999904632568 1.0199999809265137 0.9599999785423279 0.9980000257492065 320500
1.0099999904632568 1.0399999618530273 0.9599999785423279 1.0299999713897705 773600
1.0299999713897705 1.0299999713897705 0.9700000286102295 0.9900000095367432 347300
1.0 1.0099999904632568 0.9599999785423279 0.9800000190734863 67800
0.9599999785423279 1.0099999904632568 0.949999988079071 0.9599999785423279 144700
0.8999999761581421 0.8999999761581421 0.7699999809265137 0.8299999833106995 905700
0.8399999737739563 0.8600000143051147 0.8100000023841858 0.8299999833106995 308200
0.859000027179718 0.8880000114440918 0.8299999833106995 0.8600000143051147 461000
0.8500000238418579 0.8820000290870667 0.8299999833106995 0.8399999737739563 197400
0.8399999737739563 0.9200000166893005 0.8299999833106995 0.9020000100135803 798700
0.9179999828338623 0.9900000095367432 0.871999979019165 0.8939999938011169 315000
0.925000011920929 0.9599999785423279 0.8510000109672546 0.8600000143051147 303400
0.8679999709129333 0.9399999976158142 0.8370000123977661 0.902999997138977 467600
0.8799999952316284 0.9139999747276306 0.8399999737739563 0.8790000081062317 501200
0.9399999976158142 0.9570000171661377 0.9110000133514404 0.9570000171661377 373100
0.9700000286102295 0.9700000286102295 0.8999999761581421 0.9200000166893005 328400
0.8999999761581421 0.9649999737739563 0.8809999823570251 0.9100000262260437 284900
0.8600000143051147 0.8999999761581421 0.8230000138282776 0.8579999804496765 396000
0.9399999976158142 0.9900000095367432 0.8880000114440918 0.949999988079071 492700
0.9860000014305115 1.100000023841858 0.9599999785423279 0.9900000095367432 758700
1.090000033378601 1.090000033378601 0.9800000190734863 0.984000027179718 460500
1.0800000429153442 1.1399999856948853 1.0399999618530273 1.090000033378601 2075700
1.0800000429153442 1.090000033378601 0.9700000286102295 1.0099999904632568 812400
1.0 1.1200000047683716 0.9599999785423279 1.090000033378601 652000
1.0399999618530273 1.1050000190734863 1.0099999904632568 1.0499999523162842 711500
1.0499999523162842 1.0800000429153442 1.0099999904632568 1.0199999809265137 365300
1.0199999809265137 1.0750000476837158 0.9900000095367432 1.0399999618530273 337900
1.0299999713897705 1.090000033378601 1.0199999809265137 1.0700000524520874 517000
1.0499999523162842 1.0800000429153442 1.0299999713897705 1.059999942779541 268900
1.0399999618530273 1.059999942779541 1.0 1.0399999618530273 757000
1.0700000524520874 1.1100000143051147 1.034999966621399 1.100000023841858 1200500
1.1299999952316284 1.2799999713897705 1.121999979019165 1.190000057220459 1509400
1.1699999570846558 1.1799999475479126 1.100000023841858 1.100000023841858 362400
1.100000023841858 1.25 1.100000023841858 1.2300000190734863 538800
1.25 1.4800000190734863 1.2400000095367432 1.3700000047683716 2293700
1.4800000190734863 1.5399999618530273 1.3420000076293945 1.5299999713897705 1123700
1.4199999570846558 1.6799999475479126 1.3990000486373901 1.6100000143051147 1896100
1.7000000476837158 1.937000036239624 1.690000057220459 1.8700000047683716 2208400
1.899999976158142 1.899999976158142 1.7000000476837158 1.840000033378601 1493700
1.75 1.850000023841858 1.649999976158142 1.7599999904632568 1221400
1.7999999523162842 1.9299999475479126 1.7899999618530273 1.850000023841858 1284300
1.850000023841858 2.0199999809265137 1.75 1.8799999952316284 1244100
1.840000033378601 1.9800000190734863 1.7200000286102295 1.8200000524520874 1518900
1.899999976158142 1.9299999475479126 1.7999999523162842 1.8799999952316284 5398600
1.899999976158142 2.109999895095825 1.6799999475479126 1.7599999904632568 1008700
1.7200000286102295 1.7899999618530273 1.6799999475479126 1.7300000190734863 405100
1.7300000190734863 1.8300000429153442 1.690000057220459 1.8200000524520874 527000
1.7999999523162842 1.8450000286102295 1.75 1.8300000429153442 485100
1.809999942779541 1.8200000524520874 1.7699999809265137 1.7899999618530273 332900
1.8300000429153442 1.8389999866485596 1.7100000381469727 1.7599999904632568 420100
1.7100000381469727 1.8250000476837158 1.6100000143051147 1.7699999809265137 811000
1.7999999523162842 1.909999966621399 1.75 1.8799999952316284 479900
1.8200000524520874 1.909999966621399 1.7300000190734863 1.909999966621399 1201100
1.9299999475479126 2.0799999237060547 1.9199999570846558 2.009999990463257 1070900
2.130000114440918 2.240000009536743 1.9600000381469727 2.240000009536743 1097700
2.1700000762939453 2.390000104904175 2.0799999237060547 2.3299999237060547 1003900
2.2899999618530273 2.3299999237060547 2.0999999046325684 2.2100000381469727 1180600
2.2699999809265137 2.619999885559082 2.259999990463257 2.5799999237060547 1188000
2.559999942779541 2.5799999237060547 2.4549999237060547 2.5799999237060547 561700
2.5199999809265137 2.7690000534057617 2.5 2.75 719700
2.700000047683716 2.700000047683716 2.51200008392334 2.5999999046325684 792600
2.5899999141693115 2.6489999294281006 2.4700000286102295 2.4800000190734863 453900
2.4200000762939453 2.443000078201294 2.2100000381469727 2.2100000381469727 726000
2.240000009536743 2.3550000190734863 2.191999912261963 2.240000009536743 614300
2.259999990463257 2.3889999389648438 2.259999990463257 2.2699999809265137 291700
2.309999942779541 2.444999933242798 2.255000114440918 2.4100000858306885 408600
2.450000047683716 2.5899999141693115 2.430000066757202 2.549999952316284 426300
2.503000020980835 2.549999952316284 2.390000104904175 2.4000000953674316 146100
2.4200000762939453 2.450000047683716 2.359999895095825 2.380000114440918 138400
2.4600000381469727 2.549999952316284 2.381999969482422 2.549999952316284 274800
2.549999952316284 2.9000000953674316 2.549999952316284 2.890000104904175 1288300
2.7300000190734863 2.7690000534057617 2.5999999046325684 2.75 626000
2.700000047683716 2.799999952316284 2.565000057220459 2.7899999618530273 637600
2.799999952316284 2.8450000286102295 2.700000047683716 2.8299999237060547 705000
2.799999952316284 3.119999885559082 2.799999952316284 2.880000114440918 1148900
2.8299999237060547 3.015000104904175 2.740000009536743 2.759999990463257 657000
2.690000057220459 2.759999990463257 2.609999895095825 2.6600000858306885 519600
2.7200000286102295 2.7899999618530273 2.621000051498413 2.7699999809265137 621800
2.759999990463257 2.825000047683716 2.7100000381469727 2.7899999618530273 217900
2.940000057220459 3.0999999046325684 2.9000000953674316 2.930000066757202 729400
2.819999933242798 2.8499999046325684 2.619999885559082 2.630000114440918 653800
2.759999990463257 2.799999952316284 2.680000066757202 2.700000047683716 422600
2.6600000858306885 2.680000066757202 2.5850000381469727 2.6500000953674316 517300
2.5999999046325684 2.7699999809265137 2.559999942779541 2.7300000190734863 615100
2.680000066757202 2.7799999713897705 2.619999885559082 2.700000047683716 327600
2.640000104904175 2.6649999618530273 2.4049999713897705 2.5399999618530273 682600
2.390000104904175 2.4800000190734863 2.190000057220459 2.25 861100
2.309999942779541 2.380000114440918 2.2750000953674316 2.319999933242798 478100
2.359999895095825 2.384999990463257 2.180000066757202 2.2100000381469727 469600
2.119999885559082 2.194999933242798 2.0299999713897705 2.1700000762939453 608900
2.2100000381469727 2.2100000381469727 2.0999999046325684 2.0999999046325684 215000
2.0899999141693115 2.119999885559082 2.0299999713897705 2.069999933242798 702900
2.1600000858306885 2.240000009536743 1.75 1.8700000047683716 1637100
1.7000000476837158 1.809999942779541 1.2300000190734863 1.559999942779541 2056600
1.659999966621399 1.7599999904632568 1.5700000524520874 1.7300000190734863 1086600
1.7100000381469727 1.840000033378601 1.6779999732971191 1.7699999809265137 1183100
1.7699999809265137 1.7799999713897705 1.6799999475479126 1.7200000286102295 605400
1.690000057220459 1.809999942779541 1.659999966621399 1.7799999713897705 304100
1.7400000095367432 1.8179999589920044 1.690000057220459 1.690000057220459 529100
1.6799999475479126 1.75 1.6399999856948853 1.7200000286102295 817600
1.6699999570846558 1.7999999523162842 1.6699999570846558 1.7699999809265137 651000
1.7999999523162842 1.815000057220459 1.75 1.7899999618530273 158000
1.7599999904632568 1.8899999856948853 1.7350000143051147 1.8799999952316284 573800
1.8200000524520874 1.899999976158142 1.75 1.8899999856948853 411500
1.8300000429153442 1.909999966621399 1.8049999475479126 1.840000033378601 905500
1.8200000524520874 1.8300000429153442 1.7699999809265137 1.7999999523162842 238800
1.840000033378601 1.968999981880188 1.812000036239624 1.9500000476837158 273600
1.9600000381469727 2.009999990463257 1.909999966621399 1.9199999570846558 320000
1.9700000286102295 2.069999933242798 1.9539999961853027 2.0399999618530273 545000
1.8799999952316284 1.9700000286102295 1.8300000429153442 1.940000057220459 447200
1.940000057220459 1.9850000143051147 1.850000023841858 1.909999966621399 462100
1.9199999570846558 1.9500000476837158 1.8600000143051147 1.8600000143051147 236600
1.8600000143051147 1.940000057220459 1.8300000429153442 1.8600000143051147 381100
1.850000023841858 1.9700000286102295 1.850000023841858 1.909999966621399 683200
1.9199999570846558 1.9700000286102295 1.8799999952316284 1.8899999856948853 328100
1.8899999856948853 1.9199999570846558 1.7649999856948853 1.7899999618530273 530500
1.7699999809265137 1.8300000429153442 1.75 1.75 253500
1.7599999904632568 1.809999942779541 1.690000057220459 1.7200000286102295 249800
1.7100000381469727 1.7300000190734863 1.649999976158142 1.7100000381469727 291600
1.7100000381469727 1.840000033378601 1.690000057220459 1.8200000524520874 335300
1.8200000524520874 1.9490000009536743 1.8200000524520874 1.899999976158142 447300
1.8700000047683716 1.9199999570846558 1.8049999475479126 1.9199999570846558 544300
1.909999966621399 1.909999966621399 1.7799999713897705 1.8200000524520874 379700
1.8300000429153442 1.850000023841858 1.7400000095367432 1.7899999618530273 419900
1.8300000429153442 1.9199999570846558 1.7899999618530273 1.909999966621399 214400
1.8899999856948853 1.9900000095367432 1.8899999856948853 1.9800000190734863 346300
1.9500000476837158 2.130000114440918 1.909999966621399 2.0799999237060547 444600
2.059999942779541 2.190000057220459 2.0299999713897705 2.130000114440918 353800
2.069999933242798 2.069999933242798 1.909999966621399 1.9500000476837158 365900
1.9600000381469727 2.049999952316284 1.9600000381469727 2.0299999713897705 254800
2.0 2.0199999809265137 1.8300000429153442 1.840000033378601 311400
1.8799999952316284 1.9500000476837158 1.8799999952316284 1.8899999856948853 236000
1.8899999856948853 2.009999990463257 1.8899999856948853 2.009999990463257 204500
2.009999990463257 2.009999990463257 1.9450000524520874 1.9700000286102295 217800
1.9500000476837158 1.9900000095367432 1.9299999475479126 1.940000057220459 108600
1.9500000476837158 1.9600000381469727 1.8700000047683716 1.9600000381469727 187600
1.9199999570846558 1.9950000047683716 1.8300000429153442 1.9700000286102295 1305400
1.9700000286102295 1.9900000095367432 1.899999976158142 1.9900000095367432 371000
1.9900000095367432 2.140000104904175 1.9700000286102295 2.0799999237060547 1237800
2.0899999141693115 2.1700000762939453 2.0799999237060547 2.130000114440918 360500
2.0799999237060547 2.0889999866485596 1.9800000190734863 2.009999990463257 304400
2.009999990463257 2.059999942779541 1.9600000381469727 1.9800000190734863 313300
1.9600000381469727 1.9800000190734863 1.9199999570846558 1.9199999570846558 105500
1.9299999475479126 1.9299999475479126 1.7999999523162842 1.7999999523162842 143700
1.8300000429153442 1.9299999475479126 1.8300000429153442 1.909999966621399 108100
1.8799999952316284 1.9199999570846558 1.840000033378601 1.840000033378601 108900
1.8300000429153442 1.850000023841858 1.75 1.8300000429153442 215000
1.840000033378601 1.899999976158142 1.8300000429153442 1.8700000047683716 200400
1.8700000047683716 1.8799999952316284 1.809999942779541 1.850000023841858 212700
1.8300000429153442 1.909999966621399 1.7799999713897705 1.7999999523162842 366900
1.7899999618530273 1.899999976158142 1.7699999809265137 1.850000023841858 187000
1.8300000429153442 1.8600000143051147 1.7649999856948853 1.8600000143051147 317100
1.8200000524520874 1.8700000047683716 1.7699999809265137 1.7699999809265137 180300
1.7799999713897705 1.9700000286102295 1.7799999713897705 1.940000057220459 576800
1.9199999570846558 2.049999952316284 1.9199999570846558 2.009999990463257 606400
1.9800000190734863 2.049999952316284 1.8700000047683716 1.9800000190734863 828600
1.9600000381469727 2.0350000858306885 1.9249999523162842 2.009999990463257 164000
2.0299999713897705 2.134999990463257 2.005000114440918 2.0999999046325684 477500
2.0799999237060547 2.0899999141693115 1.8849999904632568 1.9299999475479126 338100
1.9299999475479126 2.069999933242798 1.9199999570846558 2.059999942779541 390600
2.0399999618530273 2.115000009536743 2.002000093460083 2.0799999237060547 512200
1.9600000381469727 1.9600000381469727 1.840000033378601 1.8799999952316284 476700
1.9199999570846558 1.9700000286102295 1.8899999856948853 1.9600000381469727 284200
1.9800000190734863 1.9800000190734863 1.940000057220459 1.9800000190734863 154900
2.0199999809265137 2.0199999809265137 1.9149999618530273 2.0199999809265137 553300
1.9900000095367432 2.059999942779541 1.9900000095367432 2.059999942779541 311600
2.069999933242798 2.1050000190734863 2.015000104904175 2.069999933242798 951100
2.059999942779541 2.0899999141693115 1.940000057220459 2.0799999237060547 1272600
2.0199999809265137 2.0199999809265137 1.8700000047683716 1.8899999856948853 725900
1.909999966621399 1.940000057220459 1.8700000047683716 1.909999966621399 313100
1.909999966621399 1.909999966621399 1.8300000429153442 1.8700000047683716 175100
1.850000023841858 1.850000023841858 1.784999966621399 1.7899999618530273 349900
1.7799999713897705 1.819000005722046 1.7400000095367432 1.7799999713897705 394900
1.8200000524520874 1.8229999542236328 1.7549999952316284 1.7899999618530273 266000
1.7799999713897705 1.8200000524520874 1.7549999952316284 1.809999942779541 211900
1.8600000143051147 1.9500000476837158 1.840000033378601 1.8799999952316284 339000
1.909999966621399 1.9199999570846558 1.8680000305175781 1.8899999856948853 181100
1.8899999856948853 1.940000057220459 1.8899999856948853 1.909999966621399 29900
1.899999976158142 1.899999976158142 1.7999999523162842 1.8200000524520874 358000
1.7899999618530273 1.7899999618530273 1.7100000381469727 1.7300000190734863 366600
1.7999999523162842 1.7999999523162842 1.7000000476837158 1.7300000190734863 246000
1.7200000286102295 1.774999976158142 1.690000057220459 1.7100000381469727 236400
1.7200000286102295 1.7400000095367432 1.6299999952316284 1.6699999570846558 345800
1.7200000286102295 1.7200000286102295 1.649999976158142 1.7000000476837158 272200
1.7200000286102295 1.7799999713897705 1.7200000286102295 1.7599999904632568 316600
1.7599999904632568 1.7799999713897705 1.7300000190734863 1.7699999809265137 201500
1.7300000190734863 1.7400000095367432 1.6699999570846558 1.690000057220459 206900
1.6699999570846558 1.6699999570846558 1.5299999713897705 1.5700000524520874 420700
1.5299999713897705 1.590000033378601 1.4900000095367432 1.5 481900
1.5399999618530273 1.6299999952316284 1.5299999713897705 1.5499999523162842 426400
1.5700000524520874 1.6100000143051147 1.5 1.5099999904632568 201200
1.5099999904632568 1.5700000524520874 1.4700000286102295 1.5299999713897705 373100
1.6100000143051147 1.6799999475479126 1.565000057220459 1.590000033378601 354300
1.559999942779541 1.6100000143051147 1.5149999856948853 1.5399999618530273 645000
1.5299999713897705 1.590000033378601 1.4900000095367432 1.4900000095367432 166200
1.5399999618530273 1.6200000047683716 1.5099999904632568 1.5700000524520874 1096700
1.5800000429153442 1.6299999952316284 1.5800000429153442 1.600000023841858 631800
1.5800000429153442 1.715000033378601 1.559999942779541 1.6799999475479126 418500
1.649999976158142 1.6799999475479126 1.600000023841858 1.6100000143051147 200200
1.6100000143051147 1.6399999856948853 1.5800000429153442 1.6299999952316284 112600
1.6299999952316284 1.63100004196167 1.5700000524520874 1.5700000524520874 106900
1.559999942779541 1.5800000429153442 1.4850000143051147 1.5099999904632568 243500
1.4900000095367432 1.4900000095367432 1.409999966621399 1.4600000381469727 360400
1.4800000190734863 1.4800000190734863 1.4199999570846558 1.440000057220459 143700
1.4700000286102295 1.5499999523162842 1.4600000381469727 1.5299999713897705 229200
1.4700000286102295 1.5099999904632568 1.4600000381469727 1.4900000095367432 28400
1.4700000286102295 1.5299999713897705 1.4600000381469727 1.5099999904632568 160200
1.5399999618530273 1.5800000429153442 1.5399999618530273 1.5499999523162842 184900
1.5099999904632568 1.5399999618530273 1.4800000190734863 1.5399999618530273 88700
1.5700000524520874 1.590000033378601 1.5149999856948853 1.5299999713897705 139800
1.4900000095367432 1.5800000429153442 1.4800000190734863 1.5700000524520874 215800
1.5399999618530273 1.590000033378601 1.5149999856948853 1.5299999713897705 362300
1.5800000429153442 1.7000000476837158 1.559999942779541 1.5800000429153442 460100
1.5700000524520874 1.5700000524520874 1.4800000190734863 1.5399999618530273 302600
1.7799999713897705 1.840000033378601 1.4800000190734863 1.5199999809265137 804000
1.5199999809265137 1.5800000429153442 1.434999942779541 1.5099999904632568 389600
1.5099999904632568 1.6200000047683716 1.4900000095367432 1.5499999523162842 712600
1.5499999523162842 1.6699999570846558 1.5299999713897705 1.649999976158142 803200
1.659999966621399 1.75 1.6299999952316284 1.7400000095367432 654300
1.7400000095367432 1.850000023841858 1.7050000429153442 1.840000033378601 851600
1.809999942779541 1.909999966621399 1.7999999523162842 1.899999976158142 289900
1.8600000143051147 1.8700000047683716 1.7200000286102295 1.7400000095367432 286000
1.75 1.7899999618530273 1.7400000095367432 1.7699999809265137 196400
1.7300000190734863 1.7599999904632568 1.6299999952316284 1.75 275600
1.7300000190734863 1.7350000143051147 1.6749999523162842 1.7200000286102295 148900
1.7599999904632568 1.7599999904632568 1.6699999570846558 1.7100000381469727 294100
1.6799999475479126 1.6950000524520874 1.5499999523162842 1.5800000429153442 350500
1.6200000047683716 1.6200000047683716 1.5199999809265137 1.5299999713897705 246300
1.5399999618530273 1.600000023841858 1.5399999618530273 1.5499999523162842 278300
1.5499999523162842 1.6050000190734863 1.5 1.559999942779541 1486400
1.559999942779541 1.5800000429153442 1.5299999713897705 1.5499999523162842 176500
1.5700000524520874 1.5800000429153442 1.5299999713897705 1.5399999618530273 159500
1.5199999809265137 1.559999942779541 1.5 1.5 215800
1.4800000190734863 1.4900000095367432 1.399999976158142 1.399999976158142 202600
1.4900000095367432 1.5049999952316284 1.4299999475479126 1.4500000476837158 88300
1.4500000476837158 1.465000033378601 1.4299999475479126 1.4600000381469727 34800
1.4500000476837158 1.5399999618530273 1.4500000476837158 1.5199999809265137 259500
1.5299999713897705 1.5299999713897705 1.4800000190734863 1.5099999904632568 93400
1.4900000095367432 1.5 1.4500000476837158 1.4500000476837158 82700
1.4900000095367432 1.565000057220459 1.4800000190734863 1.5499999523162842 186700
1.5199999809265137 1.5299999713897705 1.4500000476837158 1.4600000381469727 259800
1.440000057220459 1.4700000286102295 1.4299999475479126 1.4299999475479126 60800
1.4299999475479126 1.4600000381469727 1.4199999570846558 1.440000057220459 66300
1.4299999475479126 1.465000033378601 1.4199999570846558 1.4500000476837158 199300
1.4600000381469727 1.5 1.4500000476837158 1.4900000095367432 81700
1.4600000381469727 1.5700000524520874 1.4600000381469727 1.5299999713897705 112300
1.559999942779541 1.6299999952316284 1.5399999618530273 1.559999942779541 167100
1.559999942779541 1.6100000143051147 1.559999942779541 1.5700000524520874 65100
1.5399999618530273 1.5399999618530273 1.4900000095367432 1.4900000095367432 79200
1.5 1.5099999904632568 1.475000023841858 1.5099999904632568 24300
1.5 1.659999966621399 1.5 1.5700000524520874 207600
1.559999942779541 1.75 1.5399999618530273 1.7400000095367432 437500
1.7100000381469727 1.75 1.649999976158142 1.6799999475479126 173700
1.659999966621399 1.659999966621399 1.5800000429153442 1.649999976158142 106100
1.6200000047683716 1.6399999856948853 1.600000023841858 1.6399999856948853 61400
1.5800000429153442 1.600000023841858 1.5700000524520874 1.5950000286102295 22274
