20.700000762939453 23.31999969482422 20.0 20.482999801635742 138900
20.299999237060547 20.299999237060547 19.110000610351562 19.280000686645508 159400
19.170000076293945 19.170000076293945 18.459999084472656 18.559999465942383 116700
18.65999984741211 19.09000015258789 18.469999313354492 19.020999908447266 181700
19.06999969482422 19.118999481201172 18.600000381469727 18.64900016784668 138400
19.100000381469727 19.573999404907227 19.020000457763672 19.06599998474121 115700
19.139999389648438 19.25 18.924999237060547 19.25 48900
19.229999542236328 19.229999542236328 18.8700008392334 18.940000534057617 46300
18.959999084472656 19.290000915527344 18.75 19.219999313354492 62800
19.110000610351562 19.34000015258789 18.889999389648438 19.295000076293945 48800
18.920000076293945 19.059999465942383 18.6200008392334 18.71500015258789 64900
18.649999618530273 18.649999618530273 18.25 18.45400047302246 43800
18.450000762939453 18.450000762939453 17.229999542236328 17.280000686645508 133700
17.450000762939453 17.469999313354492 17.08799934387207 17.13800048828125 43300
17.649999618530273 17.649999618530273 17.209999084472656 17.479999542236328 31700
17.399999618530273 17.510000228881836 17.139999389648438 17.3799991607666 31300
17.290000915527344 17.399999618530273 17.1200008392334 17.360000610351562 27900
17.479999542236328 17.479999542236328 17.2549991607666 17.40999984741211 14200
17.520000457763672 17.790000915527344 17.520000457763672 17.739999771118164 21600
17.799999237060547 17.799999237060547 17.350000381469727 17.579999923706055 15100
17.690000534057617 17.850000381469727 17.489999771118164 17.770000457763672 29700
17.719999313354492 17.719999313354492 17.059999465942383 17.170000076293945 87600
17.100000381469727 17.100000381469727 16.235000610351562 16.360000610351562 68300
16.299999237060547 16.34000015258789 16.0 16.06999969482422 42500
16.200000762939453 16.225000381469727 15.789999961853027 15.9399995803833 49100
15.9399995803833 15.9399995803833 15.310999870300293 15.4399995803833 85700
15.40999984741211 15.789999961853027 15.050000190734863 15.4399995803833 59100
15.539999961853027 15.550000190734863 15.0600004196167 15.270000457763672 33300
14.960000038146973 14.960000038146973 14.220000267028809 14.644000053405762 191300
14.649999618530273 14.649999618530273 14.050000190734863 14.579999923706055 62400
14.630000114440918 14.829999923706055 14.399999618530273 14.784000396728516 33400
14.819999694824219 14.869999885559082 14.699999809265137 14.765000343322754 36800
14.800000190734863 14.920000076293945 14.609999656677246 14.819999694824219 21100
14.829999923706055 15.010000228881836 14.550000190734863 14.609999656677246 11100
14.680000305175781 14.680000305175781 14.039999961853027 14.170000076293945 34700
13.920000076293945 14.020000457763672 13.65999984741211 13.979999542236328 38100
14.100000381469727 14.260000228881836 13.899999618530273 14.149999618530273 20400
14.279999732971191 14.729999542236328 14.279999732971191 14.720000267028809 27100
14.75 14.979999542236328 14.640000343322754 14.904999732971191 21600
15.100000381469727 15.479999542236328 15.100000381469727 15.399999618530273 49300
15.630000114440918 15.630000114440918 15.25 15.479999542236328 25500
15.600000381469727 15.970000267028809 15.539999961853027 15.630000114440918 28400
15.609999656677246 15.609999656677246 14.935999870300293 15.079999923706055 28800
15.079999923706055 15.079999923706055 14.550000190734863 14.550000190734863 27400
14.59000015258789 14.729999542236328 14.305000305175781 14.579999923706055 19900
14.520000457763672 14.729999542236328 14.279999732971191 14.729999542236328 19800
14.84000015258789 15.029999732971191 14.84000015258789 14.979999542236328 21100
15.09000015258789 15.09000015258789 14.670000076293945 14.739999771118164 26700
14.890000343322754 15.529999732971191 14.890000343322754 15.369999885559082 28600
15.4399995803833 15.4399995803833 14.880000114440918 15.069999694824219 37000
15.09000015258789 15.09000015258789 14.661999702453613 14.829999923706055 18300
14.670000076293945 14.8100004196167 14.53499984741211 14.649999618530273 32000
14.649999618530273 14.649999618530273 14.385000228881836 14.477999687194824 22700
14.510000228881836 14.630000114440918 14.34000015258789 14.449999809265137 10700
14.380000114440918 14.380000114440918 14.0 14.07800006866455 27100
14.079999923706055 14.100000381469727 13.989999771118164 14.036999702453613 10900
14.0 14.039999961853027 13.850000381469727 13.970000267028809 74900
14.020000457763672 14.59000015258789 13.989999771118164 14.133999824523926 81200
14.25 14.59000015258789 14.239999771118164 14.503999710083008 91100
14.600000381469727 15.199999809265137 14.600000381469727 15.164999961853027 43200
15.260000228881836 15.260000228881836 14.550999641418457 14.569999694824219 91100
14.850000381469727 14.850000381469727 14.239999771118164 14.270000457763672 62900
14.270000457763672 14.539999961853027 14.15999984741211 14.34000015258789 31600
14.40999984741211 14.550000190734863 14.300000190734863 14.470000267028809 35800
14.680000305175781 15.369999885559082 14.640000343322754 15.369999885559082 33600
15.510000228881836 15.510000228881836 15.25 15.4399995803833 62400
15.359999656677246 16.190000534057617 15.25 16.170000076293945 119200
16.540000915527344 16.639999389648438 16.100000381469727 16.440000534057617 70700
16.440000534057617 16.440000534057617 15.40999984741211 15.59000015258789 78000
15.630000114440918 15.779999732971191 15.5 15.75 44100
15.75 15.805000305175781 15.510000228881836 15.550000190734863 28200
15.5 15.5 14.90999984741211 14.90999984741211 44400
15.010000228881836 15.25 14.789999961853027 15.1899995803833 61500
15.270000457763672 15.270000457763672 15.029999732971191 15.229999542236328 29000
15.359999656677246 15.59000015258789 15.25 15.34000015258789 27600
15.34000015258789 16.15999984741211 15.135000228881836 15.920000076293945 79700
15.819999694824219 15.890000343322754 15.574000358581543 15.710000038146973 39400
15.949999809265137 15.949999809265137 15.029999732971191 15.079999923706055 57600
15.15999984741211 15.199999809265137 14.770000457763672 14.788000106811523 71200
14.920000076293945 14.960000038146973 14.649999618530273 14.829999923706055 36500
14.829999923706055 14.829999923706055 13.859999656677246 14.020000457763672 128000
14.079999923706055 14.8100004196167 13.800000190734863 14.770000457763672 113400
14.90999984741211 16.5 14.90999984741211 16.25 130900
16.459999084472656 16.790000915527344 16.3799991607666 16.559999465942383 108500
16.56999969482422 16.979999542236328 16.475000381469727 16.84000015258789 135900
16.770000457763672 16.770000457763672 16.020000457763672 16.594999313354492 78500
16.649999618530273 16.81999969482422 16.402000427246094 16.510000228881836 76300
16.6200008392334 17.059999465942383 16.5 17.059999465942383 52700
17.09000015258789 17.110000610351562 16.6200008392334 16.989999771118164 47400
16.989999771118164 17.639999389648438 16.8700008392334 17.594999313354492 100700
18.350000381469727 18.514999389648438 17.43000030517578 17.56999969482422 159500
17.600000381469727 17.68000030517578 17.020000457763672 17.21299934387207 76600
17.209999084472656 17.639999389648438 17.18000030517578 17.547000885009766 50200
17.81999969482422 17.969999313354492 17.5 17.729999542236328 85700
17.959999084472656 17.959999084472656 17.15999984741211 17.5 89400
17.43000030517578 17.549999237060547 17.19099998474121 17.43000030517578 48800
17.270000457763672 17.270000457763672 16.711000442504883 16.8799991607666 78400
16.709999084472656 16.732999801635742 16.399999618530273 16.496000289916992 61100
16.5 16.81999969482422 16.5 16.530000686645508 34900
16.59000015258789 16.600000381469727 16.31999969482422 16.40999984741211 37200
16.399999618530273 16.93899917602539 16.399999618530273 16.760000228881836 61300
16.809999465942383 17.09000015258789 16.780000686645508 16.91900062561035 29200
17.100000381469727 17.209999084472656 16.97800064086914 17.170000076293945 25300
17.15999984741211 17.239999771118164 16.910999298095703 17.03700065612793 17200
17.200000762939453 17.200000762939453 16.8700008392334 16.979999542236328 34700
16.81999969482422 16.979999542236328 15.989999771118164 16.049999237060547 65000
16.15399932861328 16.709999084472656 16.15399932861328 16.540000915527344 36900
16.3700008392334 16.649999618530273 16.334999084472656 16.639999389648438 20400
16.65999984741211 16.889999389648438 16.520000457763672 16.67300033569336 34100
16.950000762939453 17.145000457763672 16.950000762939453 16.979999542236328 30100
17.09000015258789 17.579999923706055 17.079999923706055 17.579999923706055 47600
17.579999923706055 17.579999923706055 16.959999084472656 17.059999465942383 37500
16.709999084472656 17.1299991607666 16.639999389648438 17.1299991607666 29000
17.059999465942383 17.524999618530273 17.059999465942383 17.459999084472656 26500
17.190000534057617 17.459999084472656 17.049999237060547 17.110000610351562 50400
17.219999313354492 17.219999313354492 16.760000228881836 16.854999542236328 25200
16.860000610351562 16.860000610351562 16.5 16.579999923706055 33200
16.530000686645508 16.770000457763672 16.398000717163086 16.594999313354492 17700
16.610000610351562 17.25 16.530000686645508 17.15999984741211 25100
16.969999313354492 17.040000915527344 16.700000762939453 16.829999923706055 33500
16.899999618530273 16.899999618530273 16.125999450683594 16.200000762939453 50100
16.440000534057617 16.55500030517578 16.20199966430664 16.290000915527344 54600
16.5 17.1200008392334 16.450000762939453 17.100000381469727 126800
17.0 17.030000686645508 16.799999237060547 16.959999084472656 185100
16.899999618530273 17.0 16.117000579833984 16.549999237060547 80400
16.520000457763672 16.86199951171875 16.469999313354492 16.62299919128418 22900
16.700000762939453 17.09000015258789 16.610000610351562 16.8700008392334 107500
17.040000915527344 17.475000381469727 17.0 17.200000762939453 147100
17.0 17.219999313354492 16.51099967956543 17.15999984741211 101500
17.06999969482422 17.329999923706055 16.920000076293945 17.1200008392334 37300
17.579999923706055 18.100000381469727 17.25 17.299999237060547 83700
17.260000228881836 17.969999313354492 17.149999618530273 17.937999725341797 77500
17.90999984741211 17.979999542236328 17.3700008392334 17.774999618530273 74700
17.670000076293945 17.670000076293945 17.030000686645508 17.100000381469727 92500
17.0 17.280000686645508 16.739999771118164 16.959999084472656 68300
16.860000610351562 16.959999084472656 16.610000610351562 16.760000228881836 73000
16.829999923706055 17.540000915527344 16.684999465942383 17.5 61300
17.65999984741211 18.600000381469727 17.65999984741211 18.5310001373291 188700
18.899999618530273 18.899999618530273 18.25 18.68000030517578 149300
18.700000762939453 19.09000015258789 18.461999893188477 19.0 133900
18.84000015258789 18.940000534057617 18.44499969482422 18.450000762939453 113300
18.489999771118164 18.969999313354492 18.100000381469727 18.940000534057617 65700
19.110000610351562 19.16900062561035 18.899999618530273 19.100000381469727 88800
19.0 19.100000381469727 18.579999923706055 18.8700008392334 51700
18.889999389648438 19.579999923706055 18.770000457763672 19.329999923706055 114300
19.770000457763672 19.770000457763672 18.739999771118164 19.1299991607666 81200
19.479999542236328 19.670000076293945 19.30900001525879 19.469999313354492 85300
20.0 20.709999084472656 19.979999542236328 20.690000534057617 265500
20.690000534057617 20.809999465942383 20.06999969482422 20.3700008392334 147400
20.049999237060547 20.209999084472656 19.75 20.09000015258789 143300
20.209999084472656 20.270000457763672 19.75 20.200000762939453 100800
20.309999465942383 20.940000534057617 20.309999465942383 20.8700008392334 120400
20.8700008392334 21.200000762939453 20.701000213623047 20.93000030517578 300700
20.940000534057617 21.969999313354492 20.790000915527344 21.8700008392334 367200
22.3799991607666 23.0 22.149999618530273 22.739999771118164 366500
22.84000015258789 23.549999237060547 22.709999084472656 22.84000015258789 254400
23.1299991607666 23.1299991607666 22.15999984741211 23.030000686645508 159800
23.229999542236328 23.299999237060547 22.149999618530273 22.209999084472656 183400
22.260000228881836 22.969999313354492 22.200000762939453 22.299999237060547 232900
21.889999389648438 22.100000381469727 21.3700008392334 21.75 189600
21.989999771118164 23.288999557495117 21.989999771118164 22.799999237060547 273800
23.559999465942383 24.670000076293945 23.18000030517578 24.540000915527344 1296100
24.469999313354492 24.559999465942383 23.65999984741211 23.829999923706055 1415000
24.079999923706055 24.450000762939453 22.75 23.6200008392334 577300
23.770000457763672 25.329999923706055 23.770000457763672 24.75 634500
25.149999618530273 25.149999618530273 23.510000228881836 23.65999984741211 591100
23.219999313354492 23.729999542236328 22.40999984741211 22.684999465942383 288400
22.270000457763672 23.030000686645508 21.8799991607666 21.959999084472656 272100
21.510000228881836 22.1200008392334 20.860000610351562 21.889999389648438 305500
21.8799991607666 22.790000915527344 21.729999542236328 22.600000381469727 169400
22.56999969482422 23.360000610351562 22.3700008392334 22.979999542236328 129400
22.760000228881836 22.860000610351562 21.704999923706055 22.34000015258789 148900
22.459999084472656 23.1299991607666 22.295000076293945 22.81999969482422 103600
22.889999389648438 22.889999389648438 21.989999771118164 22.3799991607666 117400
22.149999618530273 22.149999618530273 21.25 21.760000228881836 165400
21.75 22.079999923706055 21.5 21.899999618530273 75100
21.65999984741211 21.96500015258789 21.0 21.0 92700
21.0 21.860000610351562 20.979999542236328 21.59000015258789 93800
21.829999923706055 22.05500030517578 21.28499984741211 21.600000381469727 112300
21.65999984741211 22.559999465942383 21.3700008392334 22.40999984741211 108000
22.399999618530273 22.399999618530273 21.649999618530273 22.020000457763672 121200
21.969999313354492 22.67959976196289 21.344999313354492 22.3700008392334 76999
