24.63755956158131 24.63755956158131 24.445077896118164 24.445077896118164 300
24.83003917357779 24.83003917357779 24.396958183546793 24.435453414916992 4600
24.387338638305664 24.387338638305664 24.387338638305664 24.387338638305664 1100
24.387338638305664 24.387338638305664 24.387338638305664 24.387338638305664 0
24.387338638305664 24.387338638305664 24.387338638305664 24.387338638305664 0
24.156358725843667 24.352689743041992 24.071665906700133 24.352689743041992 500
24.31034075316504 24.31034075316504 23.85801124572754 23.85801124572754 5200
23.85801124572754 23.85801124572754 23.85801124572754 23.85801124572754 0
23.85801124572754 23.85801124572754 23.85801124572754 23.85801124572754 0
24.637555143195144 24.77229118347168 24.637555143195144 24.77229118347168 500
25.012899341112448 25.012899341112448 24.90318489074707 24.90318489074707 300
24.90318489074707 24.90318489074707 24.90318489074707 24.90318489074707 0
25.253496906710666 25.2631211731488 25.1091365814209 25.1091365814209 3200
25.24387550354004 25.27274830612932 25.195756001532576 25.24387550354004 14200
25.41710651140325 25.41710651140325 25.234249114990234 25.234249114990234 1500
25.224626337113268 25.411333084106445 25.19575537088796 25.411333084106445 3700
25.022525787353516 25.022525787353516 25.022525787353516 25.022525787353516 1200
24.935903273905023 25.375722885131836 24.878159511340908 25.375722885131836 7100
25.619210202621037 25.619210202621037 25.397855758666992 25.397855758666992 1100
25.417106699369633 25.446941375732422 25.417106699369633 25.446941375732422 400
25.50372568324081 25.612478256225586 25.50372568324081 25.612478256225586 200
25.78282110599755 25.980113983154297 25.76357257270392 25.980113983154297 2200
26.06191961005835 26.06191961005835 25.873289108276367 25.873289108276367 1200
26.004175749326762 26.112926483154297 25.97049173127033 26.112926483154297 5000
26.16778118928442 26.16778118928442 25.66733036435548 25.746248245239258 2900
25.55184228422281 25.60958788389231 25.55184228422281 25.594188690185547 3700
25.594188690185547 25.594188690185547 25.594188690185547 25.594188690185547 0
25.879060318891824 26.17740708052938 25.67021942138672 25.67021942138672 21000
25.67021942138672 25.67021942138672 25.67021942138672 25.67021942138672 0
25.715451804970456 26.00898551940918 25.715451804970456 26.00898551940918 400
25.840566842505535 25.930070877075195 25.840566842505535 25.930070877075195 1000
25.930070877075195 25.930070877075195 25.930070877075195 25.930070877075195 0
26.206281485926908 26.28327379421695 26.1677862496026 26.269800186157227 9200
26.269800186157227 26.269800186157227 26.269800186157227 26.269800186157227 0
26.49500486141171 26.534461975097656 26.49500486141171 26.534461975097656 400
26.543117590751294 26.543117590751294 26.493072509765625 26.493072509765625 800
26.5334937297651 26.5334937297651 26.475749969482422 26.475749969482422 500
26.47575394963721 26.523873451166505 26.215904235839844 26.215904235839844 900
26.725978449144232 26.725978449144232 26.663421630859375 26.663421630859375 300
26.629735731867083 26.735600826768756 26.6201114654541 26.6201114654541 200
26.583541607951144 26.639361622292938 26.58065414428711 26.58065414428711 400
26.58065414428711 26.58065414428711 26.58065414428711 26.58065414428711 0
26.58065414428711 26.58065414428711 26.58065414428711 26.58065414428711 200
26.9377070515958 26.9377070515958 26.78949737548828 26.78949737548828 500
26.793344497680664 26.793344497680664 26.793344497680664 26.793344497680664 1200
26.947330474853516 26.947330474853516 26.947330474853516 26.947330474853516 700
27.0839969086533 27.118642807006836 27.0532003506011 27.118642807006836 3700
27.23605079540605 27.314006805419922 27.207179830785673 27.314006805419922 4800
27.67394640182425 27.71051788330078 27.649886651399466 27.71051788330078 1900
27.89048628937299 27.89048628937299 27.816381454467773 27.816381454467773 700
27.87123680114746 27.87123680114746 27.87123680114746 27.87123680114746 500
27.957858246117983 27.999242782592773 27.890490204928145 27.999242782592773 2300
28.058909530328183 28.136863708496094 28.025225512870364 28.136863708496094 12600
28.313946720211394 28.6450138092041 28.28507391800039 28.6450138092041 4100
28.410190540435707 28.410190540435707 27.313047804602423 27.492055892944336 16600
27.49590126569032 27.49590126569032 26.600864624412104 27.156171798706055 2700
26.571989890250286 26.629733648569644 26.29096794128418 26.29096794128418 1100
26.648985474301245 26.917495727539062 26.648985474301245 26.917495727539062 900
27.14943578197267 27.14943578197267 26.502700805664062 26.502700805664062 6200
26.49499809719012 26.697102172916267 26.466125299668807 26.493072509765625 1100
27.024323989327613 27.024323989327613 26.988714383852695 27.005075454711914 5300
27.005075454711914 27.005075454711914 27.005075454711914 27.005075454711914 0
27.207179211002284 27.207179211002284 27.002185821533203 27.002185821533203 500
26.543121657502116 26.851090869016947 26.543121657502116 26.73560333251953 4300
26.39875315175143 26.540225982666016 26.39875315175143 26.540225982666016 500
25.917559423990202 26.27557373046875 25.917559423990202 26.27557373046875 2100
26.33139107429982 26.543119430541992 26.33139107429982 26.543119430541992 3000
26.069049994241844 26.069049994241844 25.857601165771484 25.857601165771484 800
25.857601165771484 25.857601165771484 25.857601165771484 25.857601165771484 0
25.933878256106663 26.423397064208984 25.933878256106663 26.423397064208984 1500
26.851118087768555 26.851118087768555 26.851118087768555 26.851118087768555 500
26.831810422913996 26.91870555695861 26.822154998779297 26.822154998779297 1100
27.053881866365355 27.14560564077258 27.033606026499 27.036502838134766 2000
27.246984601268824 27.246984601268824 27.210294723510742 27.210294723510742 3200
26.822158832407823 27.073194371038444 26.744917269874104 26.935123443603516 29400
26.935123443603516 26.935123443603516 26.935123443603516 26.935123443603516 0
27.43043498089742 27.43043498089742 27.091537475585938 27.091537475585938 9400
27.391812628789616 27.565604741616948 27.333880082929955 27.512502670288086 1238700
27.681465445026962 27.70077629187023 27.584913052394338 27.67084503173828 47500
27.864920753360884 28.04836831276926 27.81664362595017 27.97209358215332 70800
28.22215794102152 28.51181513611552 28.16422723863625 28.356365203857422 17900
28.328369591449952 28.415266577562335 28.241472605337574 28.331266403198242 39400
28.38630058763449 28.38630058763449 28.058023490477034 28.145885467529297 25400
27.778024774713543 28.08699103502965 27.778024774713543 28.041610717773438 21100
28.193193811448676 28.29939979335761 28.09567642211914 28.09567642211914 28800
28.202849994332006 28.24629848598657 27.594572952752074 27.625469207763672 24400
27.749054985563504 27.99043507608676 27.704641505620042 27.755813598632812 17300
27.942160539398316 27.942160539398316 27.71043586730957 27.71043586730957 17200
27.76836892538202 27.845610489283025 27.498022530936424 27.776092529296875 16200
27.884229708217955 27.909334182739258 27.739402009437224 27.909334182739258 49300
27.642846732876805 27.662157581802926 27.034569724375284 27.315536499023438 17500
27.43043790909717 27.43043790909717 27.275954772755206 27.28561019897461 11800
26.754569609522566 26.754569609522566 26.314292907714844 26.314292907714844 34100
26.310431618564603 26.72560569655687 26.310431618564603 26.617467880249023 31700
26.5711220580267 26.63870819190244 26.06905100411542 26.314292907714844 35800
26.67732932742062 26.79898621580377 26.445604639505458 26.64739990234375 20700
27.08284508688775 27.353191447918068 27.08284508688775 27.228639602661133 12200
27.59457237543774 28.193195821089578 27.59457237543774 27.884227752685547 12300
28.405611519799873 28.59871634512241 28.317749542495918 28.458715438842773 306000
28.47319545980355 28.56009244033716 28.31871234809578 28.506988525390625 28900
29.564236367923282 29.564236367923282 28.581335067749023 28.581335067749023 38000
28.424919055096627 28.429745846453837 28.067675722394906 28.324504852294922 41800
28.59388570359414 28.671127259981997 28.52436775036988 28.608367919921875 16600
28.560092531129925 28.617058247812658 28.33802328754204 28.35733413696289 17400
28.579408848592596 28.730995178222656 28.458718778996836 28.730995178222656 13700
28.917338253365767 28.994579815807196 28.830441265421143 28.92313003540039 26600
28.86905630268648 28.97043549115638 28.762850323063457 28.891263961791992 32100
28.898030683446713 28.95596140145922 28.65665054321289 28.65665054321289 31200
28.564922199632186 28.838165405863624 28.564922199632186 28.801475524902344 8900
28.80147321937524 31.707689820252888 28.66147232055664 28.66147232055664 20900
28.811130547663566 28.980095890790608 28.675958273161935 28.82368278503418 16800
29.052507803216425 29.231128554317344 28.917335542013994 29.192508697509766 28200
29.245613321059277 29.245613321059277 29.149060914323535 29.197336196899414 31700
29.39044317482249 29.429063035410547 29.313201612062258 29.36147689819336 20700
29.37112974182348 29.37112974182348 28.965611112583947 29.244646072387695 23600
29.540098109592964 29.62216830714703 29.477340604998606 29.564237594604492 22500
29.371130304905066 29.448371862356083 29.303544172333424 29.435819625854492 14700
29.51595877041296 29.63182203042561 29.419406360666432 29.440649032592773 47200
29.554583585711434 29.78630828857422 29.554583585711434 29.78630828857422 21700
29.786306485594338 29.805617336726733 29.670443220384087 29.77471923828125 21400
29.651131127450437 29.911822082067566 29.651131127450437 29.853891372680664 35700
29.88285654096138 29.88285654096138 29.39044092545734 29.54685401916504 21600
29.361477989221083 29.573891834308665 29.313202701296145 29.506305694580078 20800
29.3614761806108 29.467684017404487 29.226303909479977 29.41940689086914 16000
30.641586666565477 30.641586666565477 29.450400247465833 29.460084915161133 52900
29.62471792185116 29.77966889679328 29.547242434380106 29.737056732177734 14300
29.799037448412353 29.81840678156212 29.68766655354308 29.782573699951172 14700
29.944306797176914 30.07020378112793 29.944306797176914 30.07020378112793 12300
30.12830685657195 30.152517597928433 29.895880414659597 30.11184310913086 63200
29.740930735441108 29.968515791892184 29.45039811427232 29.895883560180664 20600
29.83777597518995 29.91525146506174 29.72156366396295 29.857145309448242 32300
29.983041726383863 29.983041726383863 29.857144750385093 29.86198616027832 16300
29.87651423297115 29.95108413696289 29.837775564987133 29.95108413696289 24600
30.205782996822354 30.205782996822354 30.0217780336048 30.04308319091797 15900
30.13799498602793 30.15736247304215 29.837775847790382 29.910409927368164 49600
30.021781872200403 30.11862669928495 30.012097204775802 30.10894203186035 23800
30.050835302113093 30.321998596191406 30.050835302113093 30.321998596191406 32300
30.399473479416518 30.399473479416518 29.682824742421023 29.963674545288086 21400
29.847459868676477 30.137994333536117 29.847459868676477 30.089570999145508 19700
30.041150427827997 30.583478859408274 30.02178109348121 30.341367721557617 26000
30.54473856132345 30.922431302290452 30.51568456311015 30.89337730407715 27700
31.04833023233259 31.2226505279541 30.859482013968485 31.2226505279541 24100
30.92243718673575 31.160672998207872 30.912752518821687 30.96117401123047 31100
30.99022351292305 31.06770084498017 30.815903210117053 31.019275665283203 29900
30.970855504414203 31.07738499338734 30.961170837492887 30.990224838256836 23700
31.019278790716026 31.067703975292204 30.786854159771135 30.835275650024414 57100
30.72874263922682 30.77716597110148 30.5060008540871 30.641582489013672 41200
30.883693862152214 30.96601260343887 30.75779689256006 30.95148468017578 20800
31.48412915748675 31.48412915748675 31.116122906370546 31.309812545776367 28400
31.36791556347138 31.36791556347138 31.227490673026672 31.2517032623291 59900
31.145176194498678 31.23911543290358 31.125806860419832 31.202316284179688 54000
31.28075721797105 31.28075721797105 30.815904292271778 31.207155227661133 72000
31.183914197786116 31.193597017457726 30.999907375121634 31.030899047851562 67100
30.602847124643585 30.602847124643585 29.975294382725583 30.087635040283203 42700
30.31231351489488 30.825589788642702 30.27357669362485 30.547645568847656 26100
30.4091561463627 30.476946964068674 29.818406272666902 30.040178298950195 64700
30.292944013378783 30.64158277027026 30.2057838623656 30.600908279418945 35700
30.91274605672943 31.232332642440042 30.91274605672943 31.193593978881836 47800
31.300130688402632 31.3098172036914 31.125810356436276 31.177139282226562 31100
31.29044884874924 31.522873502444778 31.26139299629485 31.49672508239746 26600
31.70687548005571 31.755296967603133 31.600345990857758 31.703968048095703 27500
31.91993097171191 31.978038973740325 31.84245732999674 31.948015213012695 38400
31.890875288511978 32.074878399754354 31.861823137874318 31.907337188720703 274400
32.07488277596971 32.07488277596971 31.706876503275115 31.868606567382812 108400
32.065199419911885 32.142673062328434 31.924774517813965 32.07101058959961 76800
32.07488197630831 32.29762377611957 32.06519915645683 32.277286529541016 81600
32.423520990323745 32.452573142758496 32.22014853463544 32.24726486206055 36300
32.07488266903901 32.16204282687565 31.881193018921742 32.14267349243164 102200
31.939298805506105 32.13298844218035 31.852138653718825 32.06229019165039 28100
32.21046032260377 32.30730698281746 32.065195873766754 32.07487869262695 60000
31.823080700902537 31.95866231356556 31.677812576293945 31.677812576293945 44700
31.33886613844517 31.715591008196345 30.990225510361956 31.590660095214844 48700
31.522869248978047 32.010966866795556 31.37760478360008 32.0070915222168 41600
31.842457818404142 31.91024864131573 30.96117157906937 31.087068557739258 90300
31.266231380449653 31.319496124936222 30.820747785037156 30.990224838256836 49900
31.48412783826967 31.860852674928186 31.45507568658902 31.755294799804688 57200
31.726245473323996 31.735931988756352 31.445399329280093 31.49091339111328 58100
31.38728509447956 31.76497784632158 30.815902709960938 30.815902709960938 74300
30.912753075133264 30.912753075133264 29.895886938956878 30.231935501098633 58100
30.62221730080556 30.89241267844053 29.837775890035825 30.832368850708008 39500
30.85464620407795 31.21296967929728 30.486636213831503 30.564111709594727 42100
31.03864623674914 31.387286856272 30.999907569174894 31.1645450592041 34300
31.47444600805768 31.52286749382095 31.290442884428234 31.329177856445312 43700
31.619715131713924 31.98772139028596 31.619715131713924 31.833738327026367 26900
31.59065901050333 31.789191909137095 31.537394266690498 31.77466583251953 49300
31.82308594643845 32.074879883699495 31.716556463408686 32.04389190673828 40500
32.13783633182009 32.220153238618096 31.919934073779228 31.972230911254883 163100
31.78434441434476 32.12329847130395 31.726236421299408 32.05550765991211 33700
31.832772332691196 31.929619007353388 31.474448872248317 31.51512336730957 37900
31.50350115722058 31.58582175460317 31.300128681076803 31.46185874938965 41400
31.571291620653664 31.832772098836315 31.52287013083974 31.68750762939453 44300
31.726238901676346 31.735925415102276 31.358232666584602 31.426023483276367 169200
31.59066089194271 31.677821051161725 31.242020255066652 31.281726837158203 47000
31.093458625893515 31.491346045614307 30.909071185949493 31.46320343017578 50800
31.57868735293523 31.937755584716797 31.539868165174653 31.937755584716797 22300
31.908641941861745 32.02509579911633 31.733959304979184 31.944547653198242 39400
31.850409246148292 31.98627267990746 31.792180473679682 31.863025665283203 41900
32.00568848431603 32.3356441883606 32.00568848431603 32.187164306640625 43100
32.41328171471749 32.57146453857422 32.41328171471749 32.57146453857422 21900
32.995554033615846 33.105214720959644 32.92082913408055 33.080955505371094 64700
33.00526264561503 33.19935491365142 32.99555969811416 33.037288665771484 72000
33.063490399086206 33.11201253907214 32.947036522719564 33.00041198730469 37600
33.20904987950692 33.237192489560606 33.12170857471918 33.219722747802734 59000
33.179947940831504 33.4371223449707 33.179947940831504 33.4371223449707 54000
33.403147148973126 33.51960472060592 33.31580952325118 33.51863479614258 38100
33.597239596958076 33.77483572884004 33.55842410818767 33.7234001159668 48000
33.71369420735537 33.83985101327878 33.50989532470703 33.50989532470703 63400
33.801035056379625 34.024239827593554 33.78162546296954 33.96601104736328 59200
34.07276417048224 34.12031638172127 33.98542284547154 34.08149719238281 49700
33.97571179529709 33.97571179529709 33.71369155621357 33.80491256713867 65600
33.80104016079043 33.86411857239786 33.48078737416357 33.604034423828125 57900
33.568125410636085 33.98056911188324 33.568125410636085 33.97183609008789 59600
33.98542225436602 34.09217317218924 33.6360569603997 33.721458435058594 58200
33.79133552517935 34.25715475911953 33.79133552517935 34.16011047363281 48900
34.23774494292504 34.33479292979404 34.18922280049162 34.25521469116211 39300
34.276560112092604 34.276560112092604 34.09217451169975 34.17951583862305 36000
34.18922301887839 34.354202746608436 34.16011047363281 34.16011047363281 67600
34.325082306615215 34.325082306615215 34.08149799607505 34.259090423583984 45700
34.07276131927743 34.130986396411195 33.96601040853041 33.997066497802734 33300
34.17951528570394 34.17951528570394 33.944664001464844 33.944664001464844 48100
33.77191946374997 33.77191946374997 33.383738694098554 33.718544006347656 40300
33.86896820120042 33.89808074153447 33.65546636674651 33.72922134399414 62200
33.78162668761902 33.89808055029983 33.54871526025585 33.86605453491211 206700
34.043646414354754 34.257144519007326 34.043646414354754 34.189212799072266 35000
34.20862669245648 34.20862669245648 33.73310089111328 33.73310089111328 33500
33.257575767234606 33.548712248803966 33.141121915007105 33.485633850097656 51300
33.18964326772642 33.286687525309965 32.597663671263874 32.651039123535156 60300
32.81117046805853 33.10230698706669 32.772351278323654 32.98779296875 32500
33.2478697833953 33.587532103670696 33.22846389263788 33.53803634643555 30400
33.40314822680422 33.47108366344966 33.189650075925286 33.380828857421875 45500
33.441961160930276 33.47107740033062 33.10230255126953 33.10230255126953 58500
32.685003836781014 33.092594146728516 32.61707211845643 33.092594146728516 43600
33.2090550580534 33.64575794808982 33.2090550580534 33.54871368408203 33700
33.74280591409898 33.818500736185165 33.53901073848181 33.54871368408203 42500
33.76221586955944 34.04364942100365 33.76221586955944 33.96601104736328 30500
34.0533556426356 34.0533556426356 33.87867298714175 33.90196228027344 35400
34.014528947845804 34.063051074333266 33.95630387686123 33.985416412353516 98400
34.092175361810796 34.140697499755504 34.00483403270959 34.0533561706543 38900
34.21832533561555 34.27655411070321 34.16980320737638 34.189212799072266 36400
34.39300920439157 34.40271585159157 34.06305353761462 34.130985260009766 56500
34.16980743408203 34.276558350613634 34.15039783998523 34.16980743408203 45300
34.00483146495161 34.140694921738266 33.83985176599527 33.99512481689453 34200
34.17951064754969 34.4017454799243 34.17951064754969 34.370689392089844 25200
34.393006380315086 34.393006380315086 34.266849593083776 34.3464241027832 36900
34.43182771619055 34.43182771619055 34.1795104239405 34.3823356628418 838300
34.451250417958356 34.451250417958356 34.26686477661133 34.26686477661133 32800
34.46127182985232 34.54876180605288 34.31545396675062 34.506961822509766 36200
34.558484885698526 34.60708960905537 34.480718069988114 34.59737014770508 36900
34.57792605109992 34.684858662934204 34.50793554909686 34.65861129760742 22800
34.6848637713689 34.6848637713689 34.51960324465725 34.540992736816406 77900
34.568208650723406 34.57987126288409 34.17936344056615 34.35434341430664 50400
34.34462258192869 34.50015991812279 34.21338575271024 34.44377517700195 31400
34.17936158464627 34.23768947549351 34.02382425068951 34.06562423706055 56300
34.18907843850544 34.49918150750293 34.11131163160854 34.46613311767578 33400
34.50016254985076 34.73346671778743 34.42530674774042 34.66444778442383 43700
34.704309023344884 34.78013270212135 34.67514321742828 34.68680953979492 49600
34.9473257772095 35.03481575177801 34.91621682978207 34.97162628173828 41100
35.015376649188504 35.13202872425919 35.015376649188504 35.093143463134766 43200
35.209805412907734 35.238967509707 35.11259224307142 35.229248046875 31800
35.27785070927637 35.35561753228265 35.258408076449044 35.31187438964844 48900
35.316727651067346 35.316727651067346 35.25645661599893 35.28950500488281 35400
35.307014549223965 35.40422400986162 35.28271032991294 35.39450454711914 71300
35.51115387885666 35.62780967251015 35.47032546356882 35.588924407958984 36200
35.647247322902906 35.647247322902906 35.287567909412346 35.48490524291992 17600
35.52087646760072 35.61808591908419 35.41880543105221 35.566566467285156 46600
35.09315000540623 35.31187685878055 34.96483158641581 35.19522476196289 55500
35.49170724286436 35.62780565344056 35.3847783398654 35.620025634765625 47300
35.637524345613166 35.77848062944257 35.627804884932914 35.7629280090332 33800
35.6958547696089 35.79306421652462 35.5791989833468 35.599613189697266 55200
35.73472934997031 35.739590933858196 35.540310494078575 35.56266784667969 33700
35.43338472118841 35.50143207551369 35.28756684288986 35.409080505371094 28000
35.51115361087435 35.52087678109024 35.195221036613376 35.207855224609375 44000
34.811232928416004 34.85983764834925 34.58764825008115 34.773319244384766 41900
34.84039100257505 35.47226341377693 34.84039100257505 35.38185501098633 47200
35.52087508974136 35.705574523716585 35.52087508974136 35.69974136352539 51800
35.705575302950535 35.77362265949503 35.59864268315124 35.734737396240234 33500
35.92915745671716 36.13329951187631 35.861110104997444 36.1041374206543 2151800
36.055532893156595 36.087613418654925 35.95151871448332 36.05747604370117 151000
35.987487209589666 35.987487209589666 35.64530357444857 35.90583038330078 74600
35.89026730282194 36.03608515565578 35.81250050073205 35.90970993041992 104700
36.0166538724771 36.27912386526882 36.0166538724771 36.162471771240234 39300
36.026374906274626 36.269402250927115 36.00693227370606 36.11386489868164 59900
36.34716818734618 36.37924871571784 36.065255584425 36.09442138671875 91000
36.17218409194282 36.298559332031864 35.94859941074064 36.259674072265625 77200
36.249953729158875 36.35591105323456 36.20620688591102 36.240230560302734 114200
36.37632468777383 36.49298046240493 36.37632468777383 36.48325729370117 51200
36.522145982943535 36.54645019868383 36.434655997902226 36.473541259765625 41900
36.47354047865732 36.53186837020328 36.40549312600499 36.43854522705078 34400
36.492983697387814 36.522145789479545 36.31800372823209 36.35786056518555 67200
36.541587338835754 36.541587338835754 36.36660737485869 36.488121032714844 51300
36.492981055069684 36.54255734969654 36.36660581798476 36.52117156982422 39700
36.59018883140466 36.629074088479804 36.50367043231825 36.56977462768555 56400
36.50270569295041 36.60186200457022 36.33744888188697 36.594085693359375 55400
36.40548693479623 36.40548693479623 36.03608443443185 36.258697509765625 55400
36.18190498797939 36.34230018490929 35.92915452367984 35.96123504638672 47700
35.73473864931007 36.17899334140217 35.73473864931007 36.0010986328125 47700
36.113866233235875 36.37147463475872 36.07498096666179 36.333560943603516 48700
36.47353950809521 36.78364259620291 36.47353950809521 36.71559524536133 36800
36.78461711026535 36.804059741816616 36.72143133895082 36.755455017089844 42000
36.76517291119457 36.95862393482434 36.75739660056617 36.89154815673828 42000
36.891549922565815 36.891549922565815 36.658242051033334 36.6932373046875 36500
36.765176602303875 37.11416499844685 36.765176602303875 37.02570343017578 47700
37.13457107543945 37.21525631463439 37.07138160600836 37.13457107543945 58300
37.16374286927531 37.16374286927531 36.9984860470263 37.05195236206055 67000
37.134576943887495 37.20262429994987 37.017924863252404 37.0956916809082 63700
37.18318302914078 37.251230387693276 37.095693038387154 37.212345123291016 47800
37.14428937734667 37.36690245957336 37.14428937734667 37.2803840637207 64000
37.270674527167834 37.28039398951001 36.89155245467092 36.94501876831055 66900
36.910992942569365 36.96931712983902 36.736012964154696 36.89641189575195 62200
36.97903961573493 37.05097327314364 36.73601228446691 36.7710075378418 47100
36.94987075732319 36.979036556308245 36.56102928444647 36.58435821533203 98200
36.804061424233446 36.813780886301984 36.38119251234412 36.528953552246094 53600
36.706847489662046 36.72629012169299 36.33744860598282 36.39091491699219 66600
36.44438266334629 36.68254842557532 36.308284233769534 36.63880157470703 73100
36.63880353695114 36.745736168908294 36.422995122144 36.646583557128906 38000
36.638795991971875 36.638795991971875 36.33744450029851 36.39382553100586 53400
35.82222894787584 35.943742619623464 35.45185848036288 35.82028579711914 69300
36.03608976785457 36.03608976785457 35.71529564218507 35.84166717529297 93000
36.026372751530054 36.31217164575789 35.90971696309591 36.15274429321289 51700
36.308283165034986 36.82253207285813 36.308283165034986 36.666019439697266 65700
36.5276258608153 36.7030523251322 36.50813361836174 36.65432357788086 41100
36.54712040415524 36.62411160659355 36.36681993843255 36.43114471435547 43600
36.089065116301896 36.089065116301896 35.52380487137443 35.586177825927734 64200
35.679732027061696 35.796681758331886 35.543290054285656 35.55985641479492 54900
35.72846602927628 35.81617927007688 35.1437135691159 35.202186584472656 111600
35.319136069181724 35.65536702287607 34.987775387707764 35.50430679321289 37600
35.38735743598753 35.43608618306739 34.79285705542407 34.960487365722656 225900
35.094974959499424 35.51404884581219 35.06573845693592 35.31328582763672 47200
35.01700878260705 35.475067138671875 34.90005905769689 35.475067138671875 48400
35.804475376943465 36.11147351172347 35.804475376943465 35.85515594482422 74700
35.93312520964682 35.952617451954715 35.640749010558494 35.670963287353516 41900
35.65049218171312 35.84540714296994 35.397096783655925 35.42146301269531 44300
35.55303151773788 35.62125249875616 35.37565696709037 35.45557403564453 32100
35.5920182130091 35.70896794235326 35.387355257215596 35.6465950012207 53200
36.00134199173732 36.33270263671875 35.97210549057458 36.33270263671875 38700
36.54711446341265 36.604613412823774 36.459401239989866 36.52762222290039 58000
36.4009266291707 36.7030507979823 36.4009266291707 36.664066314697266 85800
36.79077072640862 36.98568946056523 36.78102646269532 36.943782806396484 57800
36.966196068652984 37.13187457099897 36.966196068652984 37.05098342895508 43200
37.05390692701205 37.21958541870117 36.98276005295553 37.21958541870117 89600
37.313142705942845 37.45348461226592 37.198141085018015 37.34627914428711 63700
37.48272790902811 37.565567161021 37.341411922693766 37.502220153808594 60100
37.6873847681448 37.735143176630885 37.47492565482124 37.492469787597656 86000
37.51195936155105 37.51195936155105 37.08313751220703 37.08313751220703 52600
37.20009024815102 37.424249169968014 37.17085374433358 37.41450119018555 47600
37.32679072745763 37.58018617187256 37.32679072745763 37.52170944213867 63900
37.63865728087334 37.63865728087334 37.464208590519554 37.60942077636719 35500
37.71662418321063 37.83259985819717 37.67763970082855 37.823829650878906 76500
37.77510537251454 37.998286563518725 37.63184127237717 37.97002410888672 101900
38.028491546854546 38.28578317498155 38.028491546854546 38.281883239746094 392400
38.525530102719344 38.57426256250208 38.213661692486355 38.31112289428711 43400
38.5547730489847 38.61324605643603 38.4719300921537 38.593753814697266 64500
38.63274139588605 38.66197790195601 38.37544973272771 38.51091766357422 68400
38.38421573969942 38.56451618218187 38.077221306270786 38.17760467529297 86400
38.35010750701836 38.35010750701836 38.1941732862484 38.250701904296875 125800
38.340361911264736 38.61811984853096 38.26921504339436 38.54502487182617 49400
38.710710034378735 38.710710034378735 38.42612997661166 38.525535583496094 40700
38.56451611358065 38.895876777321334 38.52553163131355 38.82765579223633 51300
38.74969113793114 38.74969113793114 38.41346016483086 38.51091766357422 220400
38.7399433715434 38.7399433715434 38.40176060226233 38.49629592895508 62500
38.62299660450448 38.69121759624418 38.44757013495519 38.476806640625 60400
38.63273996768398 38.719479145952185 38.07722406629994 38.10646057128906 75300
38.01874439261252 38.20879281361098 37.78971892500228 38.12594985961914 49500
37.95052514509663 38.36959905289023 37.862811915145286 38.340362548828125 57600
37.814081441119505 38.03823663680408 37.51196099891043 37.599674224853516 42500
37.99926295093046 38.164941454260635 37.69616468010648 38.09184646606445 38700
37.88231051157743 37.90180275681018 37.11725754557868 37.170860290527344 75200
37.628915545470704 37.75561326978044 36.61534118652344 36.61534118652344 75700
36.72254670193215 37.45348910648054 36.65432570826219 37.317047119140625 70100
37.365773042492364 37.365773042492364 36.450634024265625 36.858985900878906 60500
36.99543294700401 37.26832065619615 36.683564466012044 37.1513671875 108800
37.6971349834247 38.11620890843075 37.6971349834247 38.03434371948242 81400
38.11621112950502 38.164939880371094 37.901800164375814 38.164939880371094 70800
38.12595209864678 38.12595209864678 37.74586266985799 37.78776931762695 59800
38.03823762685801 38.11620659317671 37.82285263283228 38.082096099853516 102800
38.07134601421129 38.07134601421129 37.778114318847656 37.778114318847656 54600
37.41645622513652 37.58262320481232 37.002021273403436 37.308937072753906 50800
37.34803452861879 38.03224424572779 37.181871282460754 38.013671875 43800
38.21795788296022 38.21795788296022 37.39690694418507 37.52397537231445 96600
37.2698495968339 37.57285410930521 37.045038474191244 37.230751037597656 64000
36.765484659057456 36.81044837201984 36.47616428891042 36.751800537109375 90800
37.12322180481139 37.543521881103516 36.917960017406244 37.543521881103516 136900
37.5337557471923 37.8856315612793 37.475107913856064 37.8856315612793 74800
37.99314711769819 38.19841265056553 37.99314711769819 38.111419677734375 72700
38.2179626404211 38.70668340937095 38.2179626404211 38.6861572265625 88100
38.73600217471589 38.798557616423764 38.54540140764053 38.582542419433594 126300
38.657808010533614 38.75555439122461 38.56983813223331 38.6871337890625 66200
38.814198672815195 38.83863620026321 38.55028903667803 38.56201934814453 46100
38.60893316241993 38.66758098548439 38.472091970579015 38.55028533935547 38900
38.52096873536487 38.639237573984296 38.159316430304344 38.36457824707031 69600
38.43299983434534 38.511196944811665 37.97653557436068 38.25999450683594 77800
38.09089220641931 38.09089220641931 37.289390563964844 37.289390563964844 80800
37.279610730149095 37.51908280555886 37.128108521226565 37.29916000366211 44600
37.282551482781614 37.406685475526736 36.898415464081005 36.986385345458984 51300
36.683377340845084 36.93751421222781 36.14578527565699 36.917964935302734 68100
36.83977290252288 37.2698495968339 36.65406033911647 37.230751037597656 56000
37.426233295861586 37.53375244987746 37.17209643570711 37.3187141418457 44800
37.42623206513658 37.47510338936131 36.59833908081055 36.59833908081055 44900
36.42924564594313 36.64428397202215 36.21420731986412 36.585636138916016 59600
36.204433174189134 36.21420594834831 35.842777143363286 35.91120147705078 82800
36.096917504999126 36.31195584372362 35.53977610797995 35.595489501953125 72900
35.842775646416996 36.223980938283766 35.17127684047717 35.23676300048828 92400
35.207442509777024 35.46157565363282 34.66985044222732 34.68939971923828 134900
34.0931541207556 34.84578438095323 33.21345544555247 34.79690933227539 117300
34.35707143372709 34.669852426517444 33.92211024910791 34.15180587768555 70800
34.778348699553305 34.96308434528998 33.88789641373319 34.0833854675293 75400
34.581877703536996 34.74315270043026 33.77157645796212 33.91721725463867 255400
33.926987158264915 34.79690933227539 33.5565390474745 34.79690933227539 137200
34.76759462602989 35.53488607136242 34.76759462602989 35.51045227050781 99000
35.647290387280584 35.751875099714226 35.241651296202285 35.73427963256836 95300
35.77435873360453 35.97962428997644 35.61503752312306 35.88187789916992 79000
35.51044797960725 35.619920939535106 35.060822100219625 35.07059860229492 111600
34.972852514463334 35.4175901464974 34.751952783819895 35.1487922668457 105500
35.246540082509924 35.305184183266775 34.98556115675496 35.03150177001953 68900
35.002178764004036 35.40292959902178 34.88292929940595 35.37360382080078 94300
35.80172439322429 36.07736434816707 35.80172439322429 36.04804229736328 84300
35.520221043100726 36.08615821839014 35.19766358755663 35.36383056640625 64400
35.402927461026344 35.45766393887581 34.44503537001779 34.54277801513672 63500
34.40593996257282 34.61609002454871 34.1322538196887 34.386390686035156 96000
34.96307993067908 35.08819082127107 34.7969129509082 35.08037185668945 62700
34.84578648508091 35.139018151640876 34.65029746449328 35.051048278808594 76500
34.79691690005485 34.79691690005485 34.12248358814901 34.17526626586914 152900
34.23977377159658 34.28864882839758 33.74225716311218 33.89767074584961 67500
33.692406853104025 34.07360840933157 33.44804649873836 33.643531799316406 168500
33.87812183453759 33.87812183453759 32.881131069057766 32.96910095214844 70400
31.981886547700896 33.682632641717184 31.942787993468865 33.61421203613281 71800
33.72172983160774 34.3570682619214 33.61421067614144 34.30819320678711 76400
33.88789195351445 34.307215154345144 33.699248714143756 34.14202880859375 87300
34.14202871523097 34.18992313546875 33.38939838285125 33.565338134765625 187200
33.746161625065 34.39615724137193 33.70217482864697 34.26909255981445 49700
34.41571382479856 34.41571382479856 33.79992837328449 33.97586441040039 56900
33.633758735105324 33.73150138454972 33.22323513306715 33.565338134765625 67200
33.47736984331983 33.545790446897925 32.32398862779866 32.372859954833984 100500
32.33376801540891 32.99842483395188 31.95256268177613 32.13827896118164 52600
32.98865068560087 33.358121962505635 32.87331255855984 33.193912506103516 126600
32.63677420002505 32.9495552115543 32.460834414959386 32.89091110229492 57500
33.203691135386926 33.203691135386926 32.39241284719689 32.4412841796875 202500
32.524364191475506 32.82639173573664 32.15782366517928 32.19691848754883 67900
32.53902954476647 33.108878137766204 32.52827613678236 32.9984245300293 73300
33.44805109639259 33.9465446472168 33.05707298420777 33.9465446472168 82300
33.79992730447807 34.386390686035156 33.75105224881227 34.386390686035156 65400
34.24955178633841 34.95819539751547 34.24955178633841 34.93376159667969 79300
34.92398445346544 34.95330650538846 34.405941650060434 34.74315643310547 47600
34.86533526244458 35.14879418213355 34.86533526244458 35.04127502441406 60600
34.777367700047115 34.806689749638736 34.36684036254883 34.36684036254883 62000
34.524575950121594 34.954662773982065 34.407009442140236 34.91547393798828 60900
34.994829402582646 35.072224173980416 34.642137366929056 34.97523498535156 54300
34.97523671568407 35.313230152196205 34.80868602960656 35.30833435058594 73200
35.74919484264101 35.984320356454774 35.582644177874656 35.925537109375 64400
35.83736954332766 35.83736954332766 35.396504512464006 35.54345703125 35300
35.59244515193097 35.59244515193097 34.906655515115276 34.96543502807617 122300
35.07222478239144 35.161376953125 34.82730016863353 35.161376953125 43400
35.17117494216115 35.416099548339844 35.17117494216115 35.416099548339844 38400
35.33772327125522 35.35731768899104 34.83611664152692 34.89685821533203 64300
34.49518301804611 34.651934627329005 34.181679799480335 34.41680908203125 80000
34.348230285576776 34.808686032946234 34.25025819456498 34.59315490722656 53400
34.51477707073003 34.74990635079009 34.416808717435984 34.45305633544922 81400
34.19147343720867 34.220863191381525 33.877970268523015 33.87992858886719 42900
34.1816744605218 34.31883163006461 33.51547929081164 33.61834716796875 59300
33.58406392948846 34.12290110304179 33.58406392948846 34.055301666259766 85300
34.08370850150418 34.16208243075027 33.58406022070562 33.62324905395508 88100
33.48609152111371 33.64284311520292 33.30974551060674 33.57426452636719 51600
33.45670574871605 34.176781017228706 33.45670574871605 34.113101959228516 50500
34.3384319623795 34.46579381486684 34.16796463125169 34.28944778442383 88000
34.583353045049904 34.583353045049904 33.5938592976444 33.62324905395508 59800
33.525285215974236 33.525285215974236 32.67294479582844 32.69253921508789 69600
32.53578254605534 33.12360382080078 32.26146819352579 33.12360382080078 52200
32.692537538788834 32.736625914175306 31.957763671875 31.957763671875 40200
32.271265587499755 32.742503292420636 32.21346523264531 32.388832092285156 46800
32.70233532047444 33.29995197317328 32.33102802318107 33.10401153564453 339800
32.93745731066669 32.96685080234685 31.928369211292747 32.036136627197266 177300
32.016546276478415 32.24873433533973 31.543350241505696 32.17329788208008 74000
32.25167171715289 32.393728443238686 32.07532943148931 32.261470794677734 54200
32.3496473466109 33.209821079681525 31.952870620250152 33.15299987792969 72600
32.80030268535071 32.80030268535071 31.693242423232387 32.065528869628906 60300
31.722638940907963 31.859796134955683 31.219072095704284 31.4973087310791 66500
31.007457050258814 31.122082342447875 30.370653401058707 30.507810592651367 48500
30.968270350862646 30.968270350862646 30.210962703653117 30.488218307495117 88400
30.360855768391144 30.86246240829362 29.890600944952496 29.988571166992188 51400
29.704459336309508 30.145324425312957 29.488926330922638 30.00816535949707 56200
30.409842443034027 30.98394433093172 30.331464768879055 30.889894485473633 45300
30.70374902343373 31.017252222847304 30.533281705468262 30.59598159790039 88200
31.222991353521024 31.350351333618164 30.831110466949553 31.350351333618164 57600
30.88989287923193 30.919282636885207 29.95917860193039 30.066946029663086 2643300
29.998367661618246 30.37065225415088 29.711314861819595 30.047351837158203 93300
30.35105675980292 30.35105675980292 29.371358334745683 30.057147979736328 107200
30.272681896321856 30.635171146993812 30.17471167706242 30.537200927734375 148900
30.341261074632204 30.419636877826665 29.856311376312274 30.409841537475586 48000
30.253089387602284 30.82131445280809 30.253089387602284 30.693954467773438 40200
30.782125464524785 31.418929085177485 30.782125464524785 31.340553283691406 60300
31.5658891739982 32.21249008178711 31.5658891739982 32.21249008178711 41400
31.996954296929307 32.0753319743294 31.645241383515106 31.88918685913086 48100
32.03614081322273 32.05573523115229 31.303325279120216 31.526697158813477 29300
31.526695990937583 32.34964282722833 31.467912739326476 32.33984375 141600
31.92837714344285 32.036144586120656 31.709904776815755 31.771625518798828 26400
32.16350190407206 32.24187583669244 31.77162102921118 31.83040428161621 63600
31.582536636332414 32.17329539553575 31.582536636332414 32.14390563964844 38300
32.0263455073753 32.080229228714195 31.70304691659541 31.771625518798828 47100
31.568239838859768 31.74803894590836 31.027854919433594 31.027854919433594 36000
30.438344331728437 30.496312789009266 29.9765625 29.9765625 76800
29.220028609858723 29.34775675238979 28.744491551729503 28.79754638671875 102100
29.03334810623533 29.03334810623533 28.491983059860264 28.709117889404297 136200
29.08247501350465 29.5619418191729 28.797544463807856 29.23967742919922 77400
28.49296636024507 28.49296636024507 27.9938487605963 28.12943458557129 52700
28.257161431909278 28.66785241551064 28.090133630760278 28.47331428527832 62500
28.807369240390724 29.092299784067443 28.807369240390724 29.01369857788086 238100
28.6108696584029 29.339895300345336 28.6108696584029 29.068721771240234 39900
29.20037586203459 29.48530641147533 29.077561357758537 29.35757827758789 92500
29.77023379277236 30.46782112121582 29.77023379277236 30.46782112121582 64700
30.311601331612525 30.457996382362385 30.16324232826233 30.222192764282227 43200
30.340095647156865 30.526774226592938 29.42635726928711 29.42635726928711 39500
29.495131181869603 29.573732388007805 29.248518328135507 29.514781951904297 34300
29.023523322168394 29.544255598908375 28.885969808878134 29.347753524780273 196300
29.092298508856448 29.563905725303847 29.043171585892868 29.504955291748047 52100
29.131599407718003 29.72110939025879 28.989134136087205 29.72110939025879 44800
29.789887732077315 30.035516756087187 29.602227172725776 29.85866355895996 36900
29.956912353463785 30.309636733775278 29.956912353463785 30.20254135131836 34800
30.064990341513063 30.310619344509085 29.917613314515567 30.192716598510742 66300
29.97656313119519 30.09446400075711 29.809535337648683 29.878311157226562 43400
30.03060182971002 30.03060182971002 29.337928130090692 29.49513053894043 75900
28.994049333324437 29.51379967260426 28.974398562243746 29.401792526245117 106200
28.964572900762796 29.361510602008412 28.72876927204296 29.259328842163086 73700
29.691633234120633 29.841958064152845 29.544256206991097 29.80953598022461 59500
30.08464307716435 30.153418902656774 29.532468772495594 29.6326847076416 66000
29.937263469787347 30.507122705748486 29.927438084374142 30.497299194335938 41200
30.51694614938099 30.851001736171423 30.42851956028937 30.738994598388672 48200
30.733104648002378 31.145761489868164 30.561163204057856 31.145761489868164 123100
31.1555818103853 31.235166866607482 30.634849523897355 30.841176986694336 28900
30.860827780275507 30.860827780275507 30.53659757134618 30.723276138305664 38200
30.654499683502134 30.654499683502134 30.271317172507995 30.37939453125 29400
30.664325356323666 31.263660753058183 30.664325356323666 31.182111740112305 58700
31.19488329757301 31.77456789302276 31.05733165594106 31.695964813232422 50500
31.750002238685585 32.08405781858887 31.725441588222704 32.06932067871094 56600
31.833521462682146 32.19115574507865 31.794219921231615 31.98875617980957 64900
31.774569823265352 32.147926978947886 31.637018173277408 31.754919052124023 37200
31.980897896982757 32.37881946104205 31.980897896982757 32.30513000488281 25700
32.30512617151059 32.43285054916244 32.16757453526952 32.42302703857422 31300
32.020196274938314 32.403376911488806 32.020196274938314 32.354251861572266 58600
32.472150141715225 32.64703935331398 32.24125830271713 32.2756462097168 27300
32.167575838008226 32.167575838008226 31.897382435877287 31.99072265625 40900
32.629356379388355 32.81603682336635 32.557634628345085 32.806209564208984 51500
33.02236621722875 33.19921941237261 32.678483338670624 32.7177848815918 40300
32.93394018452109 33.317120864571066 32.847477538211834 33.29747009277344 46200
33.18939270379705 33.513624816278906 33.18939270379705 33.47432327270508 60300
33.35642111064574 33.6511751801416 33.257185279128095 33.435020446777344 59900
33.12061057328074 33.3662395518687 33.014500923427164 33.159912109375 108700
33.14026517433547 33.28764407773442 33.07148935221628 33.218868255615234 44100
32.992887483985854 32.992887483985854 32.66865542062046 32.72760772705078 35500
32.3149493599221 32.3149493599221 31.892467196821794 31.93864631652832 69600
31.88264972166489 32.04869369118931 31.774572345808135 31.804046630859375 26300
31.813868194046744 32.03001915905071 31.75589786275864 31.951419830322266 27300
32.030017286187174 32.432848660868636 31.980892240104215 32.393550872802734 29200
32.30512749950989 32.32477826949513 31.18505797235862 31.2243595123291 40300
30.998381309180235 31.15558373071517 30.855917903039675 30.92960548400879 48800
31.086804070539944 31.116280223691696 30.50711950989204 30.693798065185547 35100
30.772399910388827 30.89914418579361 30.300792694091797 30.300792694091797 54800
30.114116017540635 30.359745025634766 29.82427371302953 30.359745025634766 67500
30.65450034869455 30.75275045077324 29.878311799069003 29.98638916015625 51200
30.035514860816953 30.145556176885474 29.780060467086017 29.829187393188477 81300
29.93726407577806 30.615200691006578 29.93726407577806 30.546424865722656 45200
30.359743755263228 30.880477905273438 30.300793320507523 30.880477905273438 46500
31.057330754278336 31.440511387128804 31.057330754278336 31.36878776550293 48200
31.538762424919586 31.666490555672542 31.43068693812928 31.57806396484375 34400
30.811702102165057 30.909952202143472 30.153416312706792 30.232017517089844 50700
30.33027204752056 30.34992094477207 29.956914889731454 30.204509735107422 64900
30.055165604969996 30.240860325673207 29.72111000376793 29.811500549316406 30500
29.48530451587093 29.652332305908203 29.34775287960511 29.652332305908203 39600
29.38705442826943 29.829187393188477 29.38705442826943 29.829187393188477 67000
29.485303869603985 29.485303869603985 29.111946759350833 29.30845069885254 47200
29.475479764062463 29.670017885529262 28.876144409179688 28.876144409179688 23900
28.78771911708806 28.78771911708806 28.47331428527832 28.47331428527832 56300
28.276809667018803 28.276809667018803 27.84450212504202 28.217857360839844 58300
28.096472593212336 28.362930641848585 27.79054032384712 27.873437881469727 128000
28.145820850275793 28.353064767366277 27.612904693772713 27.77080535888672 44600
27.889229702045462 28.550439393369274 27.889229702045462 28.422143936157227 47500
28.037261407775123 28.037261407775123 27.71849920432892 27.958311080932617 72800
27.948441329672445 28.254373602959294 27.593163926936604 27.65237808227539 768100
27.928704597478934 28.52576845691457 27.790541993142245 28.313589096069336 70200
28.846503313298395 29.330074310302734 28.846503313298395 29.330074310302734 81700
28.915583269379216 29.412972385973898 28.797158723389412 29.27086067199707 50300
29.112961326129412 29.29553360739501 28.915584564208984 28.915584564208984 134700
28.619519806170395 28.619519806170395 27.912914122479414 28.02739143371582 52600
28.126081148294585 28.165557253421888 27.494478524852095 27.672117233276367 86900
27.524084063337074 27.810280182092885 27.297102103007905 27.4510555267334 51100
27.474738221451368 27.56355756838708 27.356311798095703 27.356311798095703 40400
26.744447940788756 28.135948567534804 26.64575956593158 27.987916946411133 76200
28.283982176162187 28.283982176162187 27.297102122891143 27.385921478271484 53500
27.918835802483795 28.15568677405107 27.918835802483795 28.076736450195312 50300
28.649128462879272 28.747814961791587 28.11621233359609 28.313589096069336 78000
28.185292780631176 28.296811080979722 27.855675216100256 28.05699920654297 39600
27.997786474340398 28.382669072630623 27.711590370353353 27.79054069519043 335000
27.701722106293513 28.412276931692666 27.603033726952045 28.372800827026367 184400
28.589913412584128 28.836633416814546 28.435959994417 28.79715919494629 26700
28.85637182929944 29.399156974779782 28.85637182929944 29.3892879486084 40400
29.03401198694686 29.586664303897606 29.03401198694686 29.122831344604492 123000
29.172171042674616 29.48205241876618 29.073482670371746 29.162302017211914 39800
29.122829526694506 29.853120513374172 29.1080269287837 29.813644409179688 65200
29.685351075744542 29.774170428577605 29.537319448464196 29.576793670654297 152400
29.862989513372998 29.96167789144887 29.468237883393776 29.53731918334961 47400
29.51758085740529 29.774169885092213 28.708339552874968 28.75768280029297 38800
28.353061563779463 28.658995714904485 28.2642422143979 28.402406692504883 67300
28.876108727622107 29.04387840118221 28.402406784272713 28.955059051513672 36800
29.043880354317498 29.29060036836053 28.876110669475267 29.231388092041016 42300
29.369548010221262 29.78403767118035 29.21756915805512 29.527448654174805 39300
29.310337268560204 29.349811490446044 28.935321807861328 28.935321807861328 28600
30.099841615625568 30.849870681762695 30.099841615625568 30.849870681762695 51500
30.879475909145743 31.224882401112218 30.830130780061815 31.126195907592773 71800
31.027508287255063 31.20514699163422 30.790657308857604 30.83013153076172 187900
31.37291739561912 31.37291739561912 30.859739322725904 31.136064529418945 61300
30.96336069869989 30.96336069869989 30.731443291122837 30.78078842163086 38100
30.405772120427727 30.689007326526493 30.33570448406045 30.66236114501953 29300
30.958426987179667 30.958426987179667 30.573542500250078 30.83013153076172 36200
30.721575406304666 30.84000184159911 30.642625076883146 30.775854110717773 48200
30.938689701120584 31.215014908264088 30.830132294128894 31.17652702331543 52300
31.25448980027557 31.4913407753438 31.1854085011712 31.441997528076172 45900
31.412390715692887 31.490354703479703 31.363047468008407 31.48147201538086 21400
31.215015397016973 31.36304891153233 30.86960888267935 30.938690185546875 43600
30.958427610883227 31.017639886094447 30.716641173423948 30.851842880249023 61000
30.879475902422836 31.94530433786478 30.78078752660067 31.866355895996094 238700
32.0538681520135 32.172292720832075 31.755832171479444 32.03413009643555 50000
31.520948471051607 32.043995561034 31.520948471051607 31.93543815612793 43900
31.69858651777243 31.69858651777243 31.210081941485587 31.328508377075195 47800
31.254489690114568 31.311729287309678 30.72157358634622 30.88934326171875 37300
30.860725790690214 31.07685238497477 30.810394321120068 30.948558807373047 210300
31.05711274289681 31.33837339068558 30.968293392824123 31.264358520507812 108000
31.126195055215614 31.333438944720218 30.99789960543492 31.007768630981445 78000
31.076850611128034 31.560421579600778 31.05711255960077 31.509103775024414 57000
32.50680026199124 32.52661589315428 31.659699982135827 31.8528995513916 70400
31.7835498781541 32.136259077100895 31.496228867017155 31.62502670288086 137900
31.2683506096003 31.2683506096003 30.73135946283916 30.872047424316406 87300
30.62435731321267 30.668941539105607 30.319203013996077 30.51537322998047 43800
30.495559984434248 30.555004990017817 30.057643215069263 30.168609619140625 76500
30.119068736024005 30.3667584491323 30.029900288127216 30.257776260375977 91300
30.446021844018595 30.80269566796575 30.446021844018595 30.663990020751953 58600
30.396481779369996 30.396481779369996 29.73366348978473 30.238950729370117 39100
30.119070060127946 30.356851968398647 30.034856461035723 30.317222595214844 42800
30.356850633841262 30.375676049810995 30.138884366606078 30.257776260375977 81700
30.27759025903381 30.351897929488008 29.91101053875692 29.930824279785156 60000
30.128978251571496 30.56491270036532 30.128978251571496 30.475744247436523 46200
30.25777891557345 30.42620612113337 30.064579335028288 30.37666893005371 176000
30.60454092351517 30.78287782266848 30.09925367248833 30.396482467651367 52600
30.54509781448947 30.72343472470154 30.28750026526344 30.537172317504883 130900
30.396484281128892 30.396484281128892 30.064579056853503 30.109163284301758 46400
30.396484607877063 30.85223281360481 30.079442049158157 30.74721336364746 63100
30.921586056625408 31.270334387725875 30.822511672973633 30.822511672973633 112400
30.812602888066355 31.11973762512207 30.777926476933743 31.11973762512207 74200
31.20890437793797 31.506131282791205 31.179180931563618 31.496225357055664 68800
31.605210256197097 31.745898224203124 31.258444244335635 31.65970230102539 56600
31.39714985081666 31.823174587473915 31.39714985081666 31.813268661499023 54500
31.862805663641144 31.991605377231775 31.73400595005051 31.833084106445312 67800
31.951974776036835 31.961880702158748 31.307981863921707 31.338695526123047 42800
31.1296460202265 31.1296460202265 30.86214065246478 30.932485580444336 37500
31.02065951230945 31.58539176260846 30.92653810050047 31.560623168945312 53100
31.674559068498617 32.16003066772227 31.674559068498617 32.03123474121094 36100
31.833087819648615 32.03223059086938 31.833087819648615 31.94207191467285 34600
31.56557961081413 32.03123750990607 31.40111326823179 31.970800399780273 32600
32.17985124470281 32.308650970458984 31.922255572636036 32.308650970458984 49000
32.20956866410122 32.55138167797873 32.18083732253226 32.392860412597656 55100
32.19966786987243 32.254159917854025 31.981699677946054 32.01142501831055 48900
32.08077570637007 32.486986722756534 32.06096007393104 32.42753982543945 178400
32.397814299426074 33.2270774395348 32.30864585409175 33.041805267333984 50400
33.24987086286611 33.56195856344617 33.18051804051499 33.38857650756836 44700
33.012088775634766 33.32913134557675 32.922920316623234 33.012088775634766 48000
32.734674267569225 32.9080563154964 32.64550581728593 32.75448989868164 34600
32.724767111802045 33.309315047101045 32.60587709531027 33.180519104003906 52700
33.17060786046445 33.25977631356161 32.873380943289014 32.94273376464844 34500
33.25977303364036 33.25977303364036 32.586056738777245 32.68513488769531 32300
32.48698519223039 32.668292740309845 32.40574223689153 32.5860595703125 28200
32.69504546228075 33.09135055541992 32.69504546228075 33.09135055541992 39600
33.021998571241554 33.3330960741652 32.78025011501948 33.10125732421875 49700
32.9011185764364 33.23005122533566 32.89319308047237 33.210235595703125 41300
32.84366140745053 33.1131472126733 32.72476760970432 32.76340866088867 33200
32.61578284916032 32.61578284916032 32.338371552333705 32.60587692260742 27200
32.28883257484803 32.293787427573164 31.872711873177447 31.902437210083008 72300
31.9321608617663 32.04907044940818 31.753823946417985 31.82516098022461 38900
32.229384060418944 32.26901532133739 31.773635898191966 32.16994094848633 39600
31.724101458577696 31.813269913642266 31.581431174585298 31.78354835510254 46900
32.04411424600822 32.19966487788396 31.82317543029785 31.82317543029785 36200
31.79345428146732 32.07086557302582 31.751842587733545 31.78354835510254 73100
31.773636812298953 31.823174000149635 31.545762724629675 31.674560546875 108700
31.555670264192127 32.05104780753467 31.506131187052073 32.00151062011719 48400
32.09068250103936 32.467171968675444 32.06096094129946 32.43745040893555 115500
32.477076548067785 32.724766280812524 32.338370902441994 32.37800216674805 58300
32.407724331144465 32.407724331144465 31.87073316192775 31.92225456237793 31500
31.96188241808191 32.110497774006284 31.842992401009706 32.08077621459961 41400
32.11049643715146 32.23929615496058 31.42687225341797 31.42687225341797 22100
31.06029272848921 31.357519650595776 30.713526726216422 30.812602996826172 30500
30.44601937920177 31.057318171601203 30.396482191985136 30.723432540893555 47400
31.198997222079157 31.426871313265785 30.9909387622277 31.327796936035156 55000
30.90177201007481 31.14946174621582 30.6540822739338 31.14946174621582 55700
30.990941446850723 31.753824422114224 30.90969848517233 31.7340087890625 28800
31.634931456955027 31.759766532053455 31.26834983853058 31.347610473632812 135500
31.38724269608648 31.67456179847432 31.38724269608648 31.644840240478516 40500
31.96187973022461 31.97079922085292 31.69437626944668 31.96187973022461 58200
31.942069068576735 32.268027330397636 31.416964273833724 31.504152297973633 59000
31.637340792419373 32.04486090778057 31.359034880803023 31.557825088500977 49900
31.38885299157822 31.726795196533203 31.23976128840487 31.726795196533203 60700
31.85600750040241 31.975280104619543 31.657219194772566 31.726795196533203 49900
31.746675102239486 31.746675102239486 31.49918169562548 31.716856002807617 50900
31.99516096051614 32.23370997141817 31.94546435579719 32.18401336669922 63500
32.44243621826172 32.47225342114663 32.2675028142051 32.44243621826172 41300
32.442437283680185 32.90959369945971 32.442437283680185 32.869834899902344 108800
32.820137532744496 32.94935173249605 32.70086492845492 32.884742736816406 52800
32.92947378303402 32.9791703877088 32.512013962228544 32.60246276855469 33100
32.46231434068541 32.52195253571743 32.2675015451647 32.392738342285156 50700
32.23370866996779 32.502074874544206 32.20389146666188 32.47821807861328 46200
32.29334670151593 32.66110610961914 32.29334670151593 32.66110610961914 56600
32.66110865466829 32.77044346355567 32.5517738457809 32.611412048339844 58900
32.68098498302821 32.797277381700546 32.45237758212341 32.52195358276367 40700
32.521956888447875 32.86387272754712 32.521956888447875 32.830078125 60600
32.740621708396205 32.949353516715526 32.47722628850689 32.70086669921875 53000
32.75056355864119 32.919532775878906 32.638248547578094 32.919532775878906 31700
33.11832376842261 33.11832376842261 32.85989913845118 32.97917175292969 43200
32.80522946074091 32.989107272070775 32.75056205964074 32.9493522644043 57700
32.72073992693552 32.96922672635007 32.67104332537415 32.762489318847656 34000
32.770442962646484 32.83306136815262 32.611411549861515 32.770442962646484 20200
32.76049941588233 32.84995481722285 32.61140960805327 32.718753814697266 64100
32.591534171595605 32.591534171595605 32.13431930541992 32.13431930541992 32300
32.36292315921451 32.47225416951477 32.124374155814444 32.20389175415039 39500
32.333101455896724 32.77044065395058 32.27545385249117 32.74061965942383 61500
32.690922377207286 33.12826156616211 32.690922377207286 33.12826156616211 37800
33.078562937789584 33.30518354552645 33.078562937789584 33.16801834106445 51200
33.07856186173467 33.07856186173467 32.5696636516397 32.74061965942383 45900
32.76050160935701 33.000044027399966 32.54183578491211 32.54183578491211 50200
32.462318683010125 32.49213588871087 32.2933494618952 32.38280487060547 60000
32.56171014776935 33.01892876307248 32.56171014776935 32.93941116333008 119200
32.92947311192938 32.97916971559134 32.79032110503278 32.94438171386719 39000
32.75056405695153 32.86983667044045 32.75056405695153 32.760501861572266 80300
32.97917097751996 33.04874698363055 32.66110815198358 32.919532775878906 68100
32.699869653037254 32.81218845534028 32.62134924400058 32.78733825683594 35300
32.90462467402506 32.90462467402506 32.57165324091414 32.760501861572266 76800
32.803240623930584 32.99905063546167 32.74062221794263 32.98910903930664 28200
32.86983462599839 32.92450202703227 32.69092382108891 32.725711822509766 32600
32.84995377547969 33.207775369494506 32.780377775710996 33.12826156616211 23600
33.1083822201666 33.57553482055664 33.09346982738588 33.57553482055664 29200
33.595416505076244 33.635175305314675 33.37675068698062 33.45626449584961 77500
33.47614288330078 33.59541548880015 33.35687027780141 33.47614288330078 48200
33.34693042841615 33.42644803065143 33.018929798215524 33.068626403808594 54600
32.87977315605104 32.87977315605104 32.60146537902454 32.71080017089844 54700
33.25747555420815 33.436386370494205 33.12826513591891 33.35687255859375 62300
33.43638314539171 34.002932745115054 33.43638314539171 33.94329833984375 34600
34.13214743965362 34.236511442006034 33.81010723838924 33.93335723876953 57600
33.72462841550285 33.8041422189619 33.48309921831887 33.57553482055664 155800
33.53578062860907 34.09238864115526 33.47713583208283 33.93335723876953 50000
34.201726032456136 34.51978886132507 34.112270624861246 34.48003005981445 26300
34.38063303245424 34.5158114259465 34.29117763478615 34.330936431884766 36400
34.32099916133533 34.48997217449166 34.30111976028117 34.4700927734375 28500
34.49699240734559 34.52688840067745 34.16816688984286 34.19805908203125 29000
34.19806145167503 34.42425611136611 34.118347666601316 34.39236831665039 23300
34.407313108606694 34.596640468119496 34.31763272808578 34.3973503112793 35800
34.55677957412329 34.855712890625 34.477061995779714 34.855712890625 30700
35.045039253978025 35.19450782481306 34.945396074183776 35.164615631103516 48900
35.15464933279106 35.43863657888901 34.99521796307192 35.294151306152344 53600
35.184543241676735 35.91095316087388 35.184543241676735 35.75251770019531 41000
36.01159191001663 36.01159191001663 35.59308601852663 35.62297821044922 51400
35.32404686280258 35.4635488344323 35.18454489117286 35.353939056396484 56500
35.3041178166794 35.334010010569635 35.03507666823624 35.13471984863281 40000
35.13471918552856 35.234366165188156 34.96532502182266 35.22439956665039 65700
34.925465934724805 35.064967903925385 34.855714950124515 34.92048263549805 35700
34.94539491186537 35.104826274919525 34.776000751620636 34.80589294433594 57300
34.95536016620327 35.40375824426646 34.91550137668638 35.334007263183594 60400
35.137709062438034 35.38682079836444 35.13471756255745 35.27422332763672 23700
35.304115394547175 35.46354675292969 35.24432720972495 35.46354675292969 31500
35.772447851275814 35.96177140773476 35.75351435528685 35.822269439697266 227000
35.832230596616384 35.87208938598633 35.75251681901985 35.87208938598633 17200
35.64290934040319 35.872091692300096 35.64290934040319 35.73258972167969 29800
35.47351172159429 35.543262707585484 35.23436656995124 35.513370513916016 71900
35.483477565888414 35.780419100428254 35.41372658138009 35.44361877441406 676000
35.44361798589831 35.72262191772461 35.44361798589831 35.72262191772461 59900
35.822268555997816 36.01159210778634 35.71265878348845 35.94184112548828 66200
36.31052443379939 36.41017140658806 36.140134382217276 36.25074005126953 29800
36.42013440686182 36.65928334174799 36.380275617523566 36.569602966308594 57300
36.65928476214843 36.7987867290941 36.469957406027724 36.54967498779297 57800
36.55963885537697 36.853592695313644 36.53970945935214 36.748966217041016 47000
36.768895135519806 37.272098124322625 36.71906974553305 37.157508850097656 48200
37.32690399600315 37.39665498245036 37.08775884279667 37.19736862182617 41300
37.00804053597816 37.1316005098877 36.70910719972739 36.77885818481445 380600
36.928326980120836 36.980140368870494 36.748966217041016 36.748966217041016 36200
36.818715123774986 36.90142040209386 36.77885633397575 36.85857391357422 46200
36.88846814356075 37.207330877286 36.87850154498855 37.097721099853516 47500
36.87849971806555 36.93330460406681 36.64931737712546 36.828678131103516 90300
37.13757984484656 37.13757984484656 36.519783774178855 36.589534759521484 63500
36.86853652627481 36.94925000504354 36.749959858186344 36.917362213134766 28700
36.97814701603714 36.998076411224666 36.84860784788994 36.95821762084961 101200
36.88846761671112 37.047898981296704 36.813733333061464 36.998077392578125 46500
36.72903730877016 36.72903730877016 36.230813804964036 36.340423583984375 62400
36.14113093833217 36.34739618455133 36.0923052511789 36.16106033325195 25700
36.31052465488952 36.51479809949258 36.04646682739258 36.04646682739258 34100
36.240774532005204 36.45003128051758 36.240774532005204 36.45003128051758 50700
36.230812072753906 36.2816295601191 35.931878744991096 36.230812072753906 49800
36.23081066229807 36.23081066229807 35.87208916249023 35.901981353759766 28900
36.14113368546925 36.44505032909608 35.85216313888249 35.96177291870117 44300
35.762481252905395 35.96177140773476 35.70269686725706 35.822269439697266 44100
35.692731631192395 36.15109634399414 35.692731631192395 36.15109634399414 36800
36.04148420134711 36.054438498187544 35.772446871014886 35.78240966796875 55800
35.79237413044822 35.94682599899605 35.54326238243181 35.55821228027344 32000
35.662837467825184 35.7076757562967 35.20447278033562 35.21443557739258 50200
34.99521477438376 35.30212288895747 34.96033928422122 35.248313903808594 49800
35.37386863056095 35.722623561390705 35.272229850228996 35.67280197143555 36100
35.86212901709304 35.86212901709304 35.46255279906611 35.54326248168945 37400
35.62596750975536 36.03251882342755 35.59308761762069 35.921913146972656 23700
36.280633943124265 36.280633943124265 35.47849383000746 35.5034065246582 28800
35.61301616941784 35.822269119604286 35.3449709325732 35.69272994995117 34500
35.82226975748357 36.008605616770545 35.77244816862014 35.95180892944336 69500
35.862128170981755 36.51978302001953 35.862128170981755 36.51978302001953 44400
36.54967649410196 36.72903725932218 36.45900021185027 36.689178466796875 42500
36.75892847101255 36.87850104425005 36.64533509660846 36.64931869506836 46800
36.86853714573053 36.93828812813097 36.649317600390006 36.79878616333008 42600
36.69914453681522 36.69914453681522 36.52974657159482 36.589534759521484 31400
36.549674455128454 36.61942543758475 36.240774532005204 36.45003128051758 50400
36.18098884801145 36.34042020234787 36.09130847362576 36.28063201904297 31200
36.29059600830078 36.41017237884021 36.18099003702148 36.29059600830078 46700
36.4998516600367 36.4998516600367 36.2696696244042 36.4400634765625 43900
36.28063540629479 36.4201373792205 36.1491044316586 36.16604232788086 31000
36.1809892805957 36.33045403892999 36.08433380705931 36.22084426879883 30200
36.4500326979278 36.49985428717062 36.27764703425564 36.43010330200195 55000
36.280635126980954 36.280635126980954 35.86212921142578 35.86212921142578 55100
35.88205480642433 35.97173518849239 35.72262343843041 35.86212921142578 70000
35.772447246788204 35.80233943910725 35.5133689095449 35.7664680480957 39100
35.86710600602582 35.92191089099988 35.3639030456543 35.3639030456543 60400
35.134718794975235 35.134718794975235 34.716212888487824 34.761051177978516 50700
34.82582180723654 34.955360975594225 34.63649445321912 34.70624923706055 56000
34.59664021682348 34.80589316947115 34.551798126316946 34.7760009765625 42500
34.599998474121094 34.599998474121094 34.25 34.33000183105469 46900
34.439998626708984 34.505001068115234 34.099998474121094 34.40999984741211 46400
34.369998931884766 34.86000061035156 34.349998474121094 34.70000076293945 94700
34.97999954223633 35.0 34.560001373291016 34.65999984741211 61600
34.630001068115234 34.7869987487793 34.43000030517578 34.65999984741211 49800
34.459999084472656 34.57500076293945 33.88999938964844 34.06999969482422 183500
34.150001525878906 34.439998626708984 34.029998779296875 34.40999984741211 39400
34.36000061035156 34.470001220703125 34.119998931884766 34.41999816894531 40200
34.189998626708984 35.06999969482422 34.16999816894531 34.939998626708984 68100
34.70000076293945 35.150001525878906 34.63999938964844 35.06999969482422 59000
35.132999420166016 35.529998779296875 35.11000061035156 35.31999969482422 41800
35.439998626708984 35.560001373291016 35.220001220703125 35.560001373291016 27500
35.599998474121094 35.6150016784668 35.11000061035156 35.29999923706055 68000
35.5 35.5 34.90700149536133 35.029998779296875 43700
35.189998626708984 35.58000183105469 35.189998626708984 35.45000076293945 45000
35.16999816894531 35.59000015258789 35.165000915527344 35.41999816894531 43800
35.25 35.25 34.7400016784668 34.83000183105469 49300
34.93000030517578 34.970001220703125 34.391998291015625 34.439998626708984 46800
34.43000030517578 34.44200134277344 33.9900016784668 34.0099983215332 51400
33.900001525878906 34.32899856567383 33.70869827270508 34.13570022583008 37401
