9.899999618530273 9.899999618530273 9.850000381469727 9.850000381469727 37600
9.859999656677246 9.890000343322754 9.829999923706055 9.829999923706055 126400
9.829999923706055 9.850000381469727 9.829999923706055 9.84000015258789 399400
9.859999656677246 9.890000343322754 9.859999656677246 9.869999885559082 420300
9.859999656677246 9.880000114440918 9.859999656677246 9.869999885559082 606300
9.880000114440918 9.880000114440918 9.869999885559082 9.880000114440918 55400
9.869999885559082 9.869999885559082 9.859999656677246 9.869999885559082 302800
9.875 9.875 9.869999885559082 9.869999885559082 408900
9.875 9.899999618530273 9.869999885559082 9.869999885559082 233900
9.869999885559082 9.890000343322754 9.850000381469727 9.890000343322754 538700
9.869999885559082 9.899999618530273 9.859999656677246 9.899999618530273 22800
9.890000343322754 9.899999618530273 9.859999656677246 9.899999618530273 177400
9.869999885559082 9.880000114440918 9.829999923706055 9.869999885559082 64500
9.869999885559082 9.890000343322754 9.869999885559082 9.890000343322754 40000
9.890000343322754 9.890000343322754 9.890000343322754 9.890000343322754 400
9.869999885559082 9.90999984741211 9.869999885559082 9.899999618530273 123600
9.880000114440918 9.90999984741211 9.869999885559082 9.899999618530273 59000
9.880000114440918 9.880000114440918 9.880000114440918 9.880000114440918 4200
9.899999618530273 9.899999618530273 9.899999618530273 9.899999618530273 5200
9.90999984741211 9.920000076293945 9.90999984741211 9.920000076293945 60100
9.890000343322754 9.920000076293945 9.890000343322754 9.920000076293945 250500
9.899999618530273 9.90999984741211 9.890000343322754 9.90999984741211 501300
9.920000076293945 9.920000076293945 9.899999618530273 9.899999618530273 12000
9.880000114440918 9.90999984741211 9.880000114440918 9.899999618530273 173700
9.90999984741211 9.920000076293945 9.899999618530273 9.90999984741211 50700
9.90999984741211 9.90999984741211 9.90999984741211 9.90999984741211 0
9.90999984741211 9.90999984741211 9.90999984741211 9.90999984741211 0
9.90999984741211 9.90999984741211 9.90999984741211 9.90999984741211 0
9.925000190734863 9.925000190734863 9.925000190734863 9.925000190734863 500
9.920000076293945 9.930000305175781 9.920000076293945 9.920000076293945 33300
9.920000076293945 9.930000305175781 9.914999961853027 9.920000076293945 273500
9.930000305175781 9.930000305175781 9.920000076293945 9.920000076293945 1000
9.920000076293945 9.930000305175781 9.90999984741211 9.914999961853027 1200
9.914999961853027 9.914999961853027 9.914999961853027 9.914999961853027 0
9.930000305175781 9.930000305175781 9.890000343322754 9.930000305175781 12200
9.90999984741211 9.930000305175781 9.90999984741211 9.920000076293945 5800
9.930000305175781 9.930000305175781 9.920000076293945 9.930000305175781 800
9.930000305175781 9.930000305175781 9.91100025177002 9.91100025177002 3900
9.90999984741211 9.930000305175781 9.90999984741211 9.90999984741211 9900
9.930000305175781 9.930000305175781 9.920000076293945 9.930000305175781 10900
9.930000305175781 9.9399995803833 9.920000076293945 9.9399995803833 266000
9.9399995803833 9.9399995803833 9.930000305175781 9.930000305175781 200
9.9399995803833 9.9399995803833 9.92300033569336 9.930000305175781 500
9.930000305175781 9.930000305175781 9.930000305175781 9.930000305175781 3200
9.930000305175781 9.930000305175781 9.902999877929688 9.920000076293945 7400
9.9399995803833 9.9399995803833 9.90999984741211 9.920000076293945 5200
9.9399995803833 9.9399995803833 9.899999618530273 9.920000076293945 15900
9.930000305175781 9.949999809265137 9.899999618530273 9.920000076293945 231500
9.930000305175781 9.9399995803833 9.899999618530273 9.920000076293945 90300
9.90999984741211 9.920000076293945 9.899999618530273 9.920000076293945 3100
9.90999984741211 9.920000076293945 9.899999618530273 9.899999618530273 3000
9.920000076293945 9.920000076293945 9.890000343322754 9.899999618530273 19900
9.899999618530273 9.90999984741211 9.869999885559082 9.880000114440918 116900
9.899999618530273 9.920000076293945 9.890000343322754 9.890000343322754 401500
9.890000343322754 9.899999618530273 9.880000114440918 9.899999618530273 80500
9.899999618530273 9.90999984741211 9.899999618530273 9.90999984741211 6200
9.880000114440918 9.920000076293945 9.880000114440918 9.920000076293945 68700
9.90999984741211 9.920000076293945 9.90999984741211 9.920000076293945 13100
9.90999984741211 9.90999984741211 9.90999984741211 9.90999984741211 4700
9.90999984741211 9.920000076293945 9.899999618530273 9.899999618530273 27100
9.899999618530273 9.899999618530273 9.899999618530273 9.899999618530273 0
9.920000076293945 9.920000076293945 9.920000076293945 9.920000076293945 200
9.920000076293945 9.920000076293945 9.920000076293945 9.920000076293945 0
9.920000076293945 9.920000076293945 9.920000076293945 9.920000076293945 0
9.920000076293945 9.925000190734863 9.920000076293945 9.925000190734863 31900
9.920000076293945 9.920000076293945 9.914999961853027 9.920000076293945 38300
9.920000076293945 9.930000305175781 9.914999961853027 9.920000076293945 22600
9.920000076293945 9.930000305175781 9.914999961853027 9.930000305175781 1900
9.930000305175781 9.930000305175781 9.930000305175781 9.930000305175781 0
9.930000305175781 9.930000305175781 9.930000305175781 9.930000305175781 0
9.90999984741211 9.90999984741211 9.90999984741211 9.90999984741211 300
9.930000305175781 9.949999809265137 9.930000305175781 9.930000305175781 48300
9.920000076293945 9.9399995803833 9.90999984741211 9.920000076293945 35800
9.942999839782715 9.942999839782715 9.930000305175781 9.930000305175781 200
9.9350004196167 9.960000038146973 9.9350004196167 9.960000038146973 1700
9.960000038146973 9.960000038146973 9.960000038146973 9.960000038146973 0
9.9399995803833 9.9399995803833 9.9399995803833 9.9399995803833 1600
9.90999984741211 9.9399995803833 9.90999984741211 9.90999984741211 206500
9.9399995803833 9.9399995803833 9.920000076293945 9.9399995803833 26200
9.9399995803833 9.9399995803833 9.9399995803833 9.9399995803833 0
9.90999984741211 9.930000305175781 9.890000343322754 9.930000305175781 72500
9.930000305175781 9.9399995803833 9.90999984741211 9.930000305175781 700300
9.9399995803833 9.9399995803833 9.920000076293945 9.920000076293945 2900
9.9399995803833 9.970000267028809 9.9399995803833 9.970000267028809 74200
9.9399995803833 9.970000267028809 9.9399995803833 9.970000267028809 353100
9.9399995803833 9.9399995803833 9.9399995803833 9.9399995803833 78600
9.9399995803833 9.9399995803833 9.9399995803833 9.9399995803833 0
9.9399995803833 9.9399995803833 9.9399995803833 9.9399995803833 0
9.949999809265137 9.960000038146973 9.9399995803833 9.9399995803833 162000
9.960000038146973 9.960000038146973 9.960000038146973 9.960000038146973 220400
9.970000267028809 9.979999542236328 9.960000038146973 9.960000038146973 23300
9.960000038146973 9.960000038146973 9.960000038146973 9.960000038146973 600
9.960000038146973 9.960000038146973 9.960000038146973 9.960000038146973 0
9.979999542236328 9.979999542236328 9.949999809265137 9.949999809265137 1100
9.970000267028809 9.970000267028809 9.970000267028809 9.970000267028809 900
9.970000267028809 9.970000267028809 9.970000267028809 9.970000267028809 0
9.970000267028809 9.975000381469727 9.960000038146973 9.960000038146973 3700
9.960000038146973 9.960000038146973 9.960000038146973 9.960000038146973 0
9.979999542236328 9.979999542236328 9.979999542236328 9.979999542236328 5700
9.960000038146973 9.970000267028809 9.960000038146973 9.970000267028809 125700
9.970000267028809 9.970000267028809 9.970000267028809 9.970000267028809 2800
9.970000267028809 9.975000381469727 9.970000267028809 9.975000381469727 700400
9.979999542236328 9.989999771118164 9.960000038146973 9.960000038146973 54500
9.979999542236328 9.989999771118164 9.960000038146973 9.960000038146973 763700
9.960000038146973 9.960000038146973 9.960000038146973 9.960000038146973 91100
9.979999542236328 9.989999771118164 9.970000267028809 9.979999542236328 32600
9.989999771118164 9.989999771118164 9.979999542236328 9.979999542236328 2200
9.979999542236328 9.984999656677246 9.979999542236328 9.984999656677246 900
9.989999771118164 10.005000114440918 9.979999542236328 10.005000114440918 233200
9.989999771118164 9.989999771118164 9.989999771118164 9.989999771118164 7400
9.989999771118164 9.989999771118164 9.984999656677246 9.984999656677246 5000
10.0 10.0 9.979999542236328 9.989999771118164 2700
9.989999771118164 9.989999771118164 9.989999771118164 9.989999771118164 0
9.960000038146973 9.984999656677246 9.960000038146973 9.984999656677246 800
9.989999771118164 9.989999771118164 9.989999771118164 9.989999771118164 28100
9.979999542236328 9.989999771118164 9.970000267028809 9.989999771118164 19800
9.986000061035156 9.989999771118164 9.970000267028809 9.970000267028809 1300
9.989999771118164 9.989999771118164 9.989999771118164 9.989999771118164 400
9.989999771118164 9.989999771118164 9.989999771118164 9.989999771118164 0
9.984999656677246 9.984999656677246 9.984999656677246 9.984999656677246 100
9.989999771118164 10.0 9.989999771118164 9.989999771118164 254700
10.010000228881836 10.010000228881836 9.979999542236328 9.979999542236328 29600
9.979999542236328 9.989999771118164 9.979999542236328 9.989999771118164 519100
9.989999771118164 9.989999771118164 9.989999771118164 9.989999771118164 0
10.005000114440918 10.015000343322754 10.0 10.0 132900
10.0 10.010000228881836 9.989999771118164 10.010000228881836 101100
10.020000457763672 10.020000457763672 10.0 10.020000457763672 121600
10.020000457763672 10.020000457763672 10.020000457763672 10.020000457763672 0
10.0 10.010000228881836 10.0 10.010000228881836 1500
10.010000228881836 10.010000228881836 10.010000228881836 10.010000228881836 500
10.020000457763672 10.020000457763672 10.020000457763672 10.020000457763672 800
10.020000457763672 10.020000457763672 10.020000457763672 10.020000457763672 100100
10.020000457763672 10.020000457763672 10.020000457763672 10.020000457763672 101600
10.100000381469727 10.100000381469727 10.020000457763672 10.029999732971191 59400
10.956999778747559 10.956999778747559 10.010000228881836 10.020000457763672 253200
10.107999801635742 10.505000114440918 10.010000228881836 10.010000228881836 71500
10.039999961853027 10.039999961853027 10.010000228881836 10.010000228881836 1200
10.050000190734863 10.050000190734863 10.020000457763672 10.029999732971191 700
10.029999732971191 10.029999732971191 10.029999732971191 10.029999732971191 0
10.020000457763672 10.020000457763672 10.020000457763672 10.020000457763672 300
10.039999961853027 10.039999961853027 10.039999961853027 10.039999961853027 200
10.039999961853027 10.039999961853027 10.039999961853027 10.039999961853027 0
10.039999961853027 10.039999961853027 10.039999961853027 10.039999961853027 100
10.029999732971191 10.029999732971191 10.029999732971191 10.029999732971191 400
10.029999732971191 10.029999732971191 10.020000457763672 10.029999732971191 900
10.039999961853027 10.039999961853027 10.029999732971191 10.029999732971191 17400
10.029999732971191 10.029999732971191 10.029999732971191 10.029999732971191 0
10.050000190734863 10.050000190734863 10.029999732971191 10.029999732971191 400
10.029999732971191 10.029999732971191 10.029999732971191 10.029999732971191 2600
10.029999732971191 10.029999732971191 10.029999732971191 10.029999732971191 3900
10.029999732971191 10.029999732971191 10.029999732971191 10.029999732971191 0
10.029999732971191 10.029999732971191 10.029999732971191 10.029999732971191 0
10.029999732971191 10.029999732971191 10.029999732971191 10.029999732971191 0
10.020000457763672 10.020000457763672 10.020000457763672 10.020000457763672 500
10.020000457763672 10.020000457763672 10.020000457763672 10.020000457763672 0
10.010000228881836 10.010000228881836 10.010000228881836 10.010000228881836 200
10.020000457763672 10.020000457763672 10.020000457763672 10.020000457763672 200
10.020000457763672 10.020000457763672 10.020000457763672 10.020000457763672 0
10.5 10.5 10.020000457763672 10.020000457763672 200
10.020000457763672 10.020000457763672 10.020000457763672 10.020000457763672 300
10.020000457763672 10.020000457763672 10.020000457763672 10.020000457763672 0
10.020000457763672 10.029999732971191 10.020000457763672 10.029999732971191 500
10.029999732971191 10.029999732971191 10.029999732971191 10.029999732971191 9300
10.039999961853027 10.050000190734863 10.020000457763672 10.029999732971191 7100
10.029999732971191 10.039999961853027 10.024999618530273 10.039999961853027 156400
10.029999732971191 10.029999732971191 10.020000457763672 10.020000457763672 52500
10.039999961853027 10.039999961853027 10.029999732971191 10.029999732971191 9900
10.029999732971191 10.029999732971191 10.029999732971191 10.029999732971191 0
10.029999732971191 10.039999961853027 10.029999732971191 10.039999961853027 31400
10.039999961853027 10.039999961853027 10.039999961853027 10.039999961853027 23600
10.039999961853027 10.039999961853027 10.039999961853027 10.039999961853027 1000
10.039999961853027 10.039999961853027 10.039999961853027 10.039999961853027 500
10.039999961853027 10.039999961853027 10.039999961853027 10.039999961853027 0
10.050000190734863 10.050000190734863 10.050000190734863 10.050000190734863 11100
10.050000190734863 10.050000190734863 10.050000190734863 10.050000190734863 3000
10.050000190734863 10.0600004196167 10.050000190734863 10.0600004196167 1300
10.0600004196167 10.0600004196167 10.0600004196167 10.0600004196167 88500
10.0600004196167 10.0600004196167 10.0600004196167 10.0600004196167 0
10.0600004196167 10.0600004196167 10.0600004196167 10.0600004196167 0
10.0600004196167 10.069999694824219 10.0600004196167 10.0600004196167 34500
10.039999961853027 10.050000190734863 10.039999961853027 10.050000190734863 3100
10.0600004196167 10.0600004196167 10.0600004196167 10.0600004196167 300
10.069999694824219 10.069999694824219 10.050000190734863 10.050000190734863 600
10.0600004196167 10.069999694824219 10.0600004196167 10.069999694824219 13700
10.069999694824219 10.069999694824219 10.069999694824219 10.069999694824219 100
10.069999694824219 10.069999694824219 10.069999694824219 10.069999694824219 0
10.069999694824219 10.069999694824219 10.069999694824219 10.069999694824219 0
10.069999694824219 10.069999694824219 10.069999694824219 10.069999694824219 0
10.069999694824219 10.069999694824219 10.069999694824219 10.069999694824219 0
10.050000190734863 10.0600004196167 10.050000190734863 10.0600004196167 120200
10.0600004196167 10.0649995803833 10.0600004196167 10.0649995803833 20800
10.0649995803833 10.0649995803833 10.0649995803833 10.0649995803833 0
10.069999694824219 10.069999694824219 10.069999694824219 10.069999694824219 5200
10.069999694824219 10.069999694824219 10.069999694824219 10.069999694824219 0
10.069999694824219 10.069999694824219 10.069999694824219 10.069999694824219 0
10.069999694824219 10.069999694824219 10.069999694824219 10.069999694824219 0
10.079999923706055 10.079999923706055 10.079999923706055 10.079999923706055 100
10.079000473022461 10.079999923706055 10.079000473022461 10.079999923706055 4400
10.079999923706055 10.079999923706055 10.079999923706055 10.079999923706055 900
10.079999923706055 10.079999923706055 10.079999923706055 10.079999923706055 137700
10.079999923706055 10.079999923706055 10.079999923706055 10.079999923706055 0
10.180000305175781 10.180000305175781 10.109999656677246 10.109999656677246 1400
10.109999656677246 10.109999656677246 10.109999656677246 10.109999656677246 300
10.09000015258789 10.09000015258789 10.09000015258789 10.09000015258789 5000
10.09000015258789 10.09000015258789 10.09000015258789 10.09000015258789 0
10.09000015258789 10.09000015258789 10.09000015258789 10.09000015258789 0
10.09000015258789 10.09000015258789 10.09000015258789 10.09000015258789 0
10.119999885559082 10.119999885559082 10.119999885559082 10.119999885559082 800
10.119999885559082 10.119999885559082 10.119999885559082 10.119999885559082 0
10.1899995803833 10.229999542236328 10.100000381469727 10.100000381469727 3700
10.140000343322754 10.140000343322754 10.100000381469727 10.100000381469727 3100
10.15999984741211 10.15999984741211 10.140000343322754 10.140000343322754 300
10.140000343322754 10.140000343322754 10.100000381469727 10.100000381469727 12600
10.100000381469727 10.100000381469727 10.100000381469727 10.100000381469727 0
10.100000381469727 10.100000381469727 10.100000381469727 10.100000381469727 100
10.100000381469727 10.100000381469727 10.100000381469727 10.100000381469727 0
10.119999885559082 10.119999885559082 10.119999885559082 10.119999885559082 1300
10.100000381469727 10.100000381469727 10.079999923706055 10.09000015258789 24400
10.09000015258789 10.09000015258789 10.0600004196167 10.09000015258789 4300
10.09000015258789 10.09000015258789 10.09000015258789 10.09000015258789 0
10.0600004196167 10.0600004196167 10.0600004196167 10.0600004196167 7400
10.0600004196167 10.0600004196167 10.0600004196167 10.0600004196167 0
10.0600004196167 10.0600004196167 10.0600004196167 10.0600004196167 0
10.0600004196167 10.0600004196167 10.0600004196167 10.0600004196167 0
10.25 10.25 10.210000038146973 10.210000038146973 800
10.100000381469727 10.109000205993652 10.100000381469727 10.109000205993652 700
10.109000205993652 10.109000205993652 10.109000205993652 10.109000205993652 0
10.0600004196167 10.0600004196167 10.0600004196167 10.0600004196167 100
10.0600004196167 10.0600004196167 10.0600004196167 10.0600004196167 0
10.135000228881836 10.135000228881836 10.079999923706055 10.079999923706055 2800
10.079999923706055 10.079999923706055 10.079999923706055 10.079999923706055 0
10.140000343322754 10.170000076293945 10.0600004196167 10.09000015258789 2500
10.09000015258789 10.09000015258789 10.050000190734863 10.050000190734863 105800
10.050000190734863 10.050000190734863 10.050000190734863 10.050000190734863 520100
10.079999923706055 10.079999923706055 10.050000190734863 10.050000190734863 180800
10.050000190734863 10.050000190734863 10.050000190734863 10.050000190734863 0
10.050000190734863 10.050000190734863 10.050000190734863 10.050000190734863 0
10.050000190734863 10.050000190734863 10.050000190734863 10.050000190734863 0
10.050000190734863 10.050000190734863 10.050000190734863 10.050000190734863 0
10.050000190734863 10.050000190734863 10.050000190734863 10.050000190734863 0
10.050000190734863 10.050000190734863 10.050000190734863 10.050000190734863 0
10.050000190734863 10.050000190734863 10.050000190734863 10.050000190734863 0
10.100000381469727 10.100000381469727 10.100000381469727 10.100000381469727 100
10.100000381469727 10.100000381469727 10.100000381469727 10.100000381469727 0
10.100000381469727 10.100000381469727 10.100000381469727 10.100000381469727 0
10.100000381469727 10.100000381469727 10.100000381469727 10.100000381469727 0
10.100000381469727 10.100000381469727 10.100000381469727 10.100000381469727 0
10.100000381469727 10.100000381469727 10.100000381469727 10.100000381469727 0
10.074999809265137 10.09000015258789 10.074999809265137 10.09000015258789 21700
10.09000015258789 10.09000015258789 10.09000015258789 10.09000015258789 0
10.09000015258789 10.09000015258789 10.09000015258789 10.09000015258789 46100
10.09000015258789 10.09000015258789 10.09000015258789 10.09000015258789 0
10.0600004196167 10.0600004196167 10.0600004196167 10.0600004196167 300
10.050000190734863 10.09000015258789 10.039999961853027 10.09000015258789 5200
10.09000015258789 10.149999618530273 10.09000015258789 10.09000015258789 1700
10.09000015258789 10.09000015258789 10.09000015258789 10.09000015258789 0
10.09000015258789 10.09000015258789 10.09000015258789 10.09000015258789 0
10.09000015258789 10.09000015258789 10.09000015258789 10.09000015258789 0
10.109999656677246 10.109999656677246 10.109999656677246 10.109999656677246 1000
10.119999885559082 10.119999885559082 10.104999542236328 10.104999542236328 600
10.104999542236328 10.104999542236328 10.104999542236328 10.104999542236328 100
10.069999694824219 10.104999542236328 10.069999694824219 10.104999542236328 2100
10.104999542236328 10.104999542236328 10.104999542236328 10.104999542236328 0
10.104999542236328 10.104999542236328 10.104999542236328 10.104999542236328 0
10.109999656677246 10.109999656677246 10.109999656677246 10.109999656677246 500
10.109999656677246 10.109999656677246 10.069999694824219 10.09000015258789 7300
10.09000015258789 10.09000015258789 10.09000015258789 10.09000015258789 0
10.109999656677246 10.109999656677246 10.109999656677246 10.109999656677246 800
10.109999656677246 10.109999656677246 10.109999656677246 10.109999656677246 0
10.109999656677246 10.109999656677246 10.109999656677246 10.109999656677246 0
10.100000381469727 10.100000381469727 10.100000381469727 10.100000381469727 100
10.09000015258789 10.100000381469727 10.09000015258789 10.100000381469727 300
10.100000381469727 10.100000381469727 10.100000381469727 10.100000381469727 0
10.100000381469727 10.100000381469727 10.100000381469727 10.100000381469727 0
10.100000381469727 10.100000381469727 10.100000381469727 10.100000381469727 0
10.100000381469727 10.100000381469727 10.100000381469727 10.100000381469727 0
10.09000015258789 10.09000015258789 10.09000015258789 10.09000015258789 400
10.109999656677246 10.109999656677246 10.109999656677246 10.109999656677246 23800
10.100000381469727 10.100000381469727 10.100000381469727 10.100000381469727 200
10.100000381469727 10.100000381469727 10.100000381469727 10.100000381469727 0
10.109999656677246 10.109999656677246 10.109999656677246 10.109999656677246 300
10.104999542236328 10.109999656677246 10.104999542236328 10.109999656677246 200
10.109999656677246 10.109999656677246 10.109999656677246 10.109999656677246 0
10.100000381469727 10.100000381469727 10.095000267028809 10.095000267028809 441200
10.140000343322754 10.140000343322754 10.109999656677246 10.140000343322754 106400
10.170000076293945 10.170000076293945 10.140000343322754 10.140000343322754 1200
10.130000114440918 10.130000114440918 10.130000114440918 10.130000114440918 2400
10.130000114440918 10.140000343322754 10.130000114440918 10.140000343322754 225200
10.119999885559082 10.140000343322754 10.119999885559082 10.140000343322754 2000
10.140000343322754 10.140000343322754 10.140000343322754 10.140000343322754 0
10.09000015258789 10.149999618530273 10.09000015258789 10.149999618530273 103700
10.130999565124512 10.130999565124512 10.130999565124512 10.130999565124512 673900
10.130999565124512 10.15999984741211 10.130000114440918 10.15999984741211 364100
10.15999984741211 10.170000076293945 10.15999984741211 10.170000076293945 3900
10.170000076293945 10.170000076293945 10.170000076293945 10.170000076293945 0
10.170000076293945 10.170000076293945 10.170000076293945 10.170000076293945 0
10.130000114440918 10.170000076293945 10.119999885559082 10.170000076293945 26000
10.199999809265137 10.199999809265137 10.180000305175781 10.180000305175781 700
10.180000305175781 10.180000305175781 10.180000305175781 10.180000305175781 1700
10.119999885559082 10.180000305175781 10.119999885559082 10.180000305175781 3400
10.199999809265137 10.199999809265137 10.170000076293945 10.180000305175781 1800
10.199999809265137 10.199999809265137 10.180000305175781 10.180000305175781 300
10.180000305175781 10.180000305175781 10.180000305175781 10.180000305175781 0
10.180000305175781 10.180000305175781 10.180000305175781 10.180000305175781 2000
10.1899995803833 10.1899995803833 10.149999618530273 10.1899995803833 121600
10.199999809265137 10.199999809265137 10.175999641418457 10.175999641418457 700
10.170000076293945 10.1899995803833 10.170000076293945 10.1899995803833 5600
10.180000305175781 10.300000190734863 10.180000305175781 10.279999732971191 79800
10.699999809265137 11.729999542236328 10.220000267028809 10.220000267028809 48700
10.199999809265137 10.300000190734863 10.199999809265137 10.300000190734863 77000
10.25 10.279999732971191 10.199999809265137 10.229999542236328 213900
10.199999809265137 10.25 10.199999809265137 10.199999809265137 13100
9.829999923706055 9.829999923706055 8.949999809265137 9.220000267028809 32900
9.100000381469727 9.149999618530273 9.079999923706055 9.109999656677246 3500
9.100000381469727 10.470000267028809 8.899999618530273 10.329999923706055 12600
10.220000267028809 10.3100004196167 9.15999984741211 9.600000381469727 3200
10.0 12.210000038146973 9.550000190734863 10.0 18300
9.899999618530273 10.095000267028809 9.899999618530273 10.095000267028809 2700
10.0 11.399999618530273 10.0 11.399999618530273 3900
11.5 11.5 10.399999618530273 10.423999786376953 19100
10.3100004196167 10.40999984741211 10.0 10.039999961853027 14700
10.010000228881836 10.069999694824219 9.989999771118164 10.010000228881836 2200
10.300000190734863 10.300000190734863 9.579999923706055 9.949999809265137 3700
10.0 10.0 9.960000038146973 9.984000205993652 1000
9.989999771118164 10.0 9.600000381469727 9.600000381469727 900
9.661999702453613 9.989999771118164 9.5 9.989999771118164 9600
10.489999771118164 10.489999771118164 10.130000114440918 10.4399995803833 1900
10.470000267028809 10.470000267028809 10.199999809265137 10.350000381469727 3600
10.399999618530273 10.399999618530273 10.199999809265137 10.199999809265137 2500
10.380000114440918 10.380000114440918 10.229999542236328 10.229999542236328 6800
10.199999809265137 10.399999618530273 10.199999809265137 10.25 2900
10.25 10.25 9.970000267028809 10.100000381469727 1800
10.460000038146973 10.479999542236328 10.220000267028809 10.220000267028809 900
10.279999732971191 10.279999732971191 10.25 10.25 1400
10.25 10.300000190734863 10.199999809265137 10.300000190734863 1800
10.770000457763672 10.770000457763672 10.399999618530273 10.460000038146973 3900
10.0 10.0 10.0 10.0 100
10.0 10.0 10.0 10.0 0
10.5 10.5 10.199999809265137 10.420000076293945 1200
10.399999618530273 10.399999618530273 10.0 10.010000228881836 2900
10.5 10.890000343322754 10.3100004196167 10.40999984741211 1630600
11.0 11.0 9.359000205993652 10.619999885559082 160300
10.010000228881836 10.15999984741211 9.510000228881836 10.15999984741211 3700
10.649999618530273 10.75 10.15999984741211 10.15999984741211 6200
10.050000190734863 13.0 9.5 10.720000267028809 54300
10.770000457763672 14.0 6.949999809265137 10.75 194200
10.899999618530273 12.779999732971191 8.0 11.149999618530273 157200
10.699999809265137 12.789999961853027 9.600000381469727 11.529999732971191 89500
10.800000190734863 12.699999809265137 10.520000457763672 11.899999618530273 175900
11.899999618530273 21.0 11.510000228881836 15.25 165600
14.84000015258789 15.300000190734863 13.210000038146973 14.800000190734863 46400
15.199999809265137 15.199999809265137 11.701000213623047 12.319999694824219 60100
10.479999542236328 12.800000190734863 10.260000228881836 11.699999809265137 24300
11.539999961853027 12.109999656677246 9.3100004196167 10.199999809265137 138000
10.0 10.381999969482422 9.0 9.079999923706055 40400
9.0 9.274999618530273 8.501999855041504 8.989999771118164 19600
8.96500015258789 10.0 8.562000274658203 9.0 61500
9.0 9.0 8.510000228881836 8.895999908447266 2600
8.819999694824219 9.03499984741211 8.819999694824219 9.03499984741211 2700
8.970000267028809 9.680000305175781 8.75 8.75 10700
8.6899995803833 8.774999618530273 8.550000190734863 8.550000190734863 4600
8.739999771118164 9.305000305175781 8.5 8.5 3700
8.539999961853027 9.350000381469727 7.130000114440918 7.25 48900
7.510000228881836 8.229999542236328 6.920000076293945 7.900000095367432 15100
8.404000282287598 9.680000305175781 8.048999786376953 8.550000190734863 25100
9.300000190734863 9.526000022888184 6.949999809265137 7.800000190734863 48600
7.679999828338623 7.690000057220459 6.289999961853027 6.579999923706055 49200
6.829999923706055 8.199999809265137 6.480000019073486 6.639999866485596 31200
7.179999828338623 9.395000457763672 6.199999809265137 6.300000190734863 236600
6.179999828338623 6.901000022888184 6.0 6.199999809265137 61700
6.360000133514404 9.0 6.297999858856201 6.440000057220459 396300
6.210000038146973 7.119999885559082 5.909999847412109 6.989999771118164 55400
6.840000152587891 7.480000019073486 6.590000152587891 7.059999942779541 62400
7.409999847412109 7.739999771118164 6.849999904632568 7.199999809265137 17900
7.199999809265137 7.739999771118164 6.829999923706055 7.085000038146973 14900
7.090000152587891 7.349999904632568 6.710000038146973 6.809999942779541 11000
7.1020002365112305 7.1020002365112305 6.5 6.789999961853027 12400
6.710000038146973 7.150000095367432 6.53000020980835 6.849999904632568 2800
6.880000114440918 6.880000114440918 6.400000095367432 6.409999847412109 8600
6.5 7.199999809265137 6.099999904632568 6.139999866485596 88800
6.980000019073486 6.980000019073486 6.300000190734863 6.420000076293945 15200
6.639999866485596 6.96999979019165 6.329999923706055 6.329999923706055 13600
6.409999847412109 6.679999828338623 6.360000133514404 6.360000133514404 7300
6.389999866485596 6.879000186920166 6.389999866485596 6.409999847412109 4000
6.789999961853027 6.789999961853027 6.146999835968018 6.300000190734863 3300
6.400000095367432 6.980000019073486 6.309999942779541 6.880000114440918 21100
6.639999866485596 6.639999866485596 5.400000095367432 5.860000133514404 13500
6.019999980926514 6.295000076293945 5.179999828338623 5.199999809265137 13200
5.360000133514404 5.535999774932861 5.179999828338623 5.179999828338623 7000
5.179999828338623 5.61899995803833 5.099999904632568 5.099999904632568 8500
5.300000190734863 5.300000190734863 5.099999904632568 5.099999904632568 2700
5.199999809265137 5.199999809265137 4.900000095367432 5.0 7100
4.909999847412109 5.360000133514404 4.75 4.78000020980835 6500
4.920000076293945 5.409999847412109 4.735000133514404 4.760000228881836 2700
4.599999904632568 5.639999866485596 4.599999904632568 5.260000228881836 15200
5.28000020980835 5.639999866485596 4.739999771118164 5.110000133514404 13100
5.590000152587891 5.900000095367432 5.300000190734863 5.474999904632568 3100
5.460000038146973 5.849999904632568 5.044000148773193 5.110000133514404 20000
5.050000190734863 5.800000190734863 4.650000095367432 5.0 23300
4.940000057220459 5.110000133514404 4.940000057220459 5.090000152587891 3000
4.980000019073486 4.980000019073486 4.980000019073486 4.980000019073486 900
4.78000020980835 5.440000057220459 4.599999904632568 4.599999904632568 18100
4.960000038146973 5.179999828338623 4.71999979019165 4.71999979019165 9600
5.0 5.0 5.0 5.0 1000
5.0 5.0 5.0 5.0 400
5.099999904632568 5.260000228881836 5.099999904632568 5.260000228881836 600
4.809999942779541 4.989999771118164 4.710000038146973 4.989999771118164 2000
4.760000228881836 4.889999866485596 4.309999942779541 4.460000038146973 6800
4.809999942779541 4.849999904632568 4.570000171661377 4.849999904632568 4200
5.019999980926514 5.019999980926514 4.650000095367432 4.650000095367432 2700
4.599999904632568 7.159999847412109 4.599999904632568 7.090000152587891 63700
6.829999923706055 7.190000057220459 5.704999923706055 7.179999828338623 57700
7.650000095367432 7.980000019073486 6.699999809265137 7.619999885559082 29500
7.949999809265137 7.949999809265137 7.179999828338623 7.800000190734863 16100
7.760000228881836 8.739999771118164 7.514999866485596 8.739999771118164 10600
8.699999809265137 13.300000190734863 8.020000457763672 12.0 145500
12.960000038146973 12.960000038146973 10.552000045776367 11.739999771118164 41100
11.5600004196167 12.170000076293945 10.663999557495117 11.239999771118164 29200
11.229999542236328 18.299999237060547 11.097999572753906 12.680000305175781 116400
11.4399995803833 11.75 9.90999984741211 10.050000190734863 61200
10.0 10.869999885559082 10.0 10.75 27300
11.375 11.699999809265137 10.430000305175781 11.494999885559082 27700
11.949999809265137 11.949999809265137 10.90999984741211 10.90999984741211 40600
10.880000114440918 12.0 10.600000381469727 12.0 29100
12.449999809265137 12.449999809265137 10.109999656677246 11.609999656677246 34000
11.460000038146973 11.968999862670898 10.729999542236328 11.859999656677246 22900
11.859999656677246 11.989999771118164 11.260000228881836 11.260000228881836 20500
10.960000038146973 11.729999542236328 10.529999732971191 10.529999732971191 36000
10.960000038146973 11.199999809265137 10.100000381469727 10.100000381469727 96400
10.579999923706055 11.390000343322754 10.079999923706055 10.1899995803833 41200
10.050000190734863 10.680000305175781 10.010000228881836 10.010000228881836 22100
10.5 10.989999771118164 9.800000190734863 9.819999694824219 19600
9.880000114440918 10.34000015258789 8.3100004196167 9.329999923706055 561900
8.75 8.75 6.519999980926514 6.659999847412109 48300
6.659999847412109 6.699999809265137 6.369999885559082 6.505000114440918 13800
6.53000020980835 6.684999942779541 6.010000228881836 6.059999942779541 24100
6.5 6.514999866485596 6.010000228881836 6.150000095367432 26400
6.099999904632568 7.409999847412109 6.0 6.510000228881836 54200
6.510000228881836 7.0 6.059999942779541 6.239999771118164 31100
6.28000020980835 6.510000228881836 5.599999904632568 5.769999980926514 100800
5.769999980926514 6.010000228881836 5.675000190734863 5.789999961853027 50700
5.800000190734863 5.9720001220703125 5.449999809265137 5.699999809265137 24800
5.945000171661377 6.125 5.510000228881836 5.869999885559082 33700
5.730000019073486 5.75 5.340000152587891 5.5 26600
5.650000095367432 5.714000225067139 5.400000095367432 5.519999980926514 4900
5.659999847412109 5.675000190734863 4.96999979019165 5.039999961853027 18300
4.940000057220459 5.199999809265137 4.940000057220459 5.159999847412109 32500
5.215000152587891 5.329999923706055 4.949999809265137 4.980000019073486 8100
5.269999980926514 5.301000118255615 4.715000152587891 4.980000019073486 8300
5.119999885559082 5.119999885559082 4.836999893188477 5.090000152587891 8800
5.230000019073486 5.315000057220459 4.840000152587891 4.869999885559082 14400
4.920000076293945 5.199999809265137 4.920000076293945 5.119999885559082 15100
5.210000038146973 5.210000038146973 4.914999961853027 5.090000152587891 33200
5.090000152587891 5.239999771118164 4.869999885559082 5.190000057220459 5700
5.289999961853027 5.289999961853027 5.039999961853027 5.25 4500
5.300000190734863 5.590000152587891 5.150000095367432 5.170000076293945 11300
5.300000190734863 5.46999979019165 5.050000190734863 5.46999979019165 4600
5.53000020980835 5.53000020980835 5.269999980926514 5.440000057220459 18000
5.53000020980835 5.739999771118164 5.375 5.53000020980835 16000
5.690000057220459 5.690000057220459 5.239999771118164 5.400000095367432 7100
5.510000228881836 5.676000118255615 5.206999778747559 5.449999809265137 17900
5.460000038146973 5.610000133514404 5.119999885559082 5.349999904632568 5200
5.460000038146973 5.460000038146973 5.110000133514404 5.150000095367432 7800
5.210000038146973 5.340000152587891 5.0370001792907715 5.21999979019165 4400
5.289999961853027 5.420000076293945 5.199999809265137 5.260000228881836 8100
5.389999866485596 5.480000019073486 5.199999809265137 5.199999809265137 3800
5.289999961853027 5.429999828338623 5.199999809265137 5.429999828338623 5500
5.309999942779541 5.329999923706055 4.840000152587891 4.980000019073486 20100
4.989999771118164 5.119999885559082 4.699999809265137 4.929999828338623 24200
5.25 5.375 4.75 4.920000076293945 41300
4.78000020980835 4.809999942779541 4.559999942779541 4.710000038146973 6700
4.639999866485596 4.880000114440918 4.400000095367432 4.489999771118164 18500
4.519999980926514 4.519999980926514 4.289999961853027 4.309999942779541 3200
4.468999862670898 4.900000095367432 4.189000129699707 4.389999866485596 18100
4.409999847412109 5.130000114440918 4.400000095367432 4.400000095367432 53600
4.300000190734863 4.579999923706055 4.210000038146973 4.210000038146973 12700
4.340000152587891 4.460000038146973 4.099999904632568 4.400000095367432 12600
4.244999885559082 4.440000057220459 4.1020002365112305 4.21999979019165 7600
4.329999923706055 4.480000019073486 4.329999923706055 4.480000019073486 1300
4.859000205993652 4.900000095367432 4.304999828338623 4.480000019073486 4900
4.519999980926514 4.599999904632568 4.199999809265137 4.230000019073486 108600
4.110000133514404 4.230000019073486 4.010000228881836 4.119999885559082 11300
4.099999904632568 4.264999866485596 3.5999999046325684 3.609999895095825 32100
3.7200000286102295 3.990000009536743 3.7200000286102295 3.7899999618530273 65700
3.9719998836517334 4.0 3.7899999618530273 3.7899999618530273 48200
3.859999895095825 3.859999895095825 3.5999999046325684 3.7899999618530273 73200
3.7200000286102295 3.869999885559082 3.7200000286102295 3.7799999713897705 21400
3.7699999809265137 3.799999952316284 3.700000047683716 3.7799999713897705 79800
3.75 3.869999885559082 3.75 3.7899999618530273 7100
3.700000047683716 3.7699999809265137 3.700000047683716 3.740000009536743 17900
3.7899999618530273 3.799999952316284 3.619999885559082 3.619999885559082 115000
3.6500000953674316 3.869999885559082 3.6500000953674316 3.6600000858306885 20800
3.6500000953674316 3.765000104904175 3.6500000953674316 3.700000047683716 62200
3.740000009536743 3.799999952316284 3.6700000762939453 3.799999952316284 2700
3.880000114440918 3.940000057220459 3.640000104904175 3.809999942779541 5900
3.809999942779541 4.0 3.75 3.869999885559082 14500
3.9000000953674316 4.300000190734863 3.8350000381469727 4.070000171661377 31600
4.0 4.300000190734863 3.9800000190734863 4.090000152587891 35400
3.9700000286102295 4.0 3.950000047683716 3.9700000286102295 8500
3.869999885559082 3.869999885559082 3.7699999809265137 3.819999933242798 5400
3.640000104904175 3.7699999809265137 3.640000104904175 3.7699999809265137 1900
3.7200000286102295 3.8399999141693115 3.6500000953674316 3.799999952316284 7800
3.799999952316284 3.8299999237060547 3.799999952316284 3.799999952316284 2500
3.8310000896453857 3.8310000896453857 3.7699999809265137 3.7699999809265137 2400
3.7100000381469727 3.890000104904175 3.7100000381469727 3.740000009536743 8900
3.75 3.75 3.2300000190734863 3.240000009536743 15800
3.484999895095825 3.509999990463257 3.049999952316284 3.109999895095825 24500
3.0799999237060547 3.299999952316284 3.049999952316284 3.069999933242798 16300
3.119999885559082 3.1500000953674316 3.069999933242798 3.069999933242798 2700
3.119999885559082 3.200000047683716 3.059999942779541 3.059999942779541 7100
3.2699999809265137 3.2699999809265137 3.0 3.0 8800
3.0799999237060547 3.365999937057495 2.75 2.859999895095825 24500
2.8499999046325684 3.0299999713897705 2.8499999046325684 2.990000009536743 24600
3.0799999237060547 3.424999952316284 3.010999917984009 3.119999885559082 24900
3.119999885559082 3.490000009536743 3.119999885559082 3.4100000858306885 8000
3.3299999237060547 3.559999942779541 3.265000104904175 3.380000114440918 10500
3.430000066757202 3.430000066757202 3.3099000453948975 3.4200000762939453 3875
