96.125 96.125 96.125 96.125 8
91.75 91.75 91.75 91.75 104
91.75 91.75 91.75 91.75 0
91.75 91.75 91.75 91.75 0
91.75 91.75 91.75 91.75 0
91.75 91.75 91.75 91.75 0
87.5 87.5 87.5 87.5 560
87.5 87.5 87.5 87.5 0
87.5 87.5 87.5 87.5 0
87.5 87.5 87.5 87.5 0
87.5 87.5 87.5 87.5 0
87.5 87.5 87.5 87.5 0
87.5 87.5 87.5 87.5 0
87.5 87.5 87.5 87.5 0
87.5 87.5 87.5 87.5 0
87.5 87.5 87.5 87.5 0
80.0 80.0 80.0 80.0 104
80.0 80.0 80.0 80.0 0
80.0 80.0 80.0 80.0 0
80.0 80.0 80.0 80.0 0
80.0 80.0 80.0 80.0 0
80.0 80.0 80.0 80.0 0
80.0 80.0 80.0 80.0 0
80.0 80.0 80.0 80.0 0
80.0 80.0 80.0 80.0 0
80.0 80.0 80.0 80.0 0
86.25 86.25 86.25 86.25 8
86.25 86.25 86.25 86.25 0
86.25 86.25 86.25 86.25 0
86.25 86.25 86.25 86.25 0
86.25 86.25 86.25 86.25 0
86.25 86.25 86.25 86.25 0
86.25 86.25 86.25 86.25 0
86.25 86.25 86.25 86.25 0
86.25 86.25 86.25 86.25 0
86.25 86.25 86.25 86.25 0
86.25 86.25 86.25 86.25 0
86.25 86.25 86.25 86.25 0
86.25 86.25 86.25 86.25 0
86.25 86.25 86.25 86.25 0
86.25 86.25 86.25 86.25 0
86.25 86.25 86.25 86.25 0
86.25 86.25 86.25 86.25 0
86.25 86.25 86.25 86.25 0
86.25 86.25 86.25 86.25 0
86.25 86.25 86.25 86.25 0
86.25 86.25 86.25 86.25 0
86.25 86.25 86.25 86.25 0
86.25 86.25 86.25 86.25 0
86.25 86.25 86.25 86.25 0
86.25 86.25 86.25 86.25 0
86.25 86.25 86.25 86.25 0
86.25 86.25 86.25 86.25 0
86.25 86.25 86.25 86.25 0
86.25 86.25 86.25 86.25 0
86.25 86.25 86.25 86.25 0
72.5 72.5 72.5 72.5 8
72.5 72.5 72.5 72.5 0
72.5 72.5 72.5 72.5 0
77.5 77.5 77.5 77.5 8
77.5 77.5 77.5 77.5 0
77.5 77.5 77.5 77.5 0
77.5 77.5 77.5 77.5 0
77.5 77.5 77.5 77.5 0
77.5 77.5 77.5 77.5 0
77.5 77.5 77.5 77.5 0
77.5 77.5 77.5 77.5 0
77.5 77.5 77.5 77.5 0
77.5 77.5 77.5 77.5 0
77.5 77.5 77.5 77.5 0
77.5 77.5 77.5 77.5 0
77.5 77.5 77.5 77.5 0
77.5 77.5 77.5 77.5 0
77.5 77.5 77.5 77.5 0
77.5 77.5 77.5 77.5 0
77.5 77.5 77.5 77.5 0
77.5 77.5 77.5 77.5 0
77.5 77.5 77.5 77.5 0
77.5 77.5 77.5 77.5 0
77.5 77.5 77.5 77.5 0
77.5 77.5 77.5 77.5 0
77.5 77.5 77.5 77.5 0
77.5 77.5 77.5 77.5 0
77.5 77.5 77.5 77.5 0
77.5 77.5 77.5 77.5 0
77.5 77.5 77.5 77.5 0
77.5 77.5 77.5 77.5 0
77.5 77.5 77.5 77.5 0
77.5 77.5 77.5 77.5 0
77.5 77.5 77.5 77.5 0
77.5 77.5 77.5 77.5 0
77.5 77.5 77.5 77.5 0
77.5 77.5 77.5 77.5 0
77.5 77.5 77.5 77.5 0
77.5 77.5 77.5 77.5 0
77.5 77.5 77.5 77.5 0
77.5 77.5 77.5 77.5 0
77.5 77.5 77.5 77.5 0
77.5 77.5 77.5 77.5 0
77.5 77.5 77.5 77.5 0
77.5 77.5 77.5 77.5 0
77.5 77.5 77.5 77.5 0
77.5 77.5 77.5 77.5 0
77.5 77.5 77.5 77.5 0
77.5 77.5 77.5 77.5 0
77.5 77.5 77.5 77.5 0
77.5 77.5 77.5 77.5 0
77.5 77.5 77.5 77.5 0
77.5 77.5 77.5 77.5 0
77.5 77.5 77.5 77.5 0
77.5 77.5 77.5 77.5 0
77.5 77.5 77.5 77.5 0
77.5 77.5 77.5 77.5 0
77.5 77.5 77.5 77.5 0
77.5 77.5 77.5 77.5 0
77.5 77.5 77.5 77.5 0
77.5 77.5 77.5 77.5 0
77.5 77.5 77.5 77.5 0
77.5 77.5 77.5 77.5 0
77.5 77.5 77.5 77.5 0
77.5 77.5 77.5 77.5 0
77.5 77.5 77.5 77.5 0
77.5 77.5 77.5 77.5 0
77.5 77.5 77.5 77.5 0
77.5 77.5 77.5 77.5 0
77.5 77.5 77.5 77.5 0
77.5 77.5 77.5 77.5 0
77.5 77.5 77.5 77.5 0
77.5 77.5 77.5 77.5 0
77.5 77.5 77.5 77.5 0
77.5 77.5 77.5 77.5 0
77.5 77.5 77.5 77.5 0
78.125 78.125 78.125 78.125 80
78.125 78.125 78.125 78.125 0
78.125 78.125 78.125 78.125 0
78.125 78.125 78.125 78.125 0
78.125 78.125 78.125 78.125 0
78.125 78.125 78.125 78.125 0
78.125 78.125 78.125 78.125 0
78.125 78.125 78.125 78.125 0
78.125 78.125 78.125 78.125 0
78.125 78.125 78.125 78.125 0
78.125 78.125 78.125 78.125 0
78.125 78.125 78.125 78.125 0
78.125 78.125 78.125 78.125 0
78.125 78.125 78.125 78.125 0
78.125 78.125 78.125 78.125 0
78.125 78.125 78.125 78.125 0
78.125 78.125 78.125 78.125 0
78.125 78.125 78.125 78.125 0
78.125 78.125 78.125 78.125 0
78.125 78.125 78.125 78.125 0
78.125 78.125 78.125 78.125 0
78.125 78.125 78.125 78.125 0
78.125 78.125 78.125 78.125 0
78.125 78.125 78.125 78.125 0
78.125 78.125 78.125 78.125 0
78.125 78.125 78.125 78.125 0
78.125 78.125 78.125 78.125 0
78.125 78.125 78.125 78.125 0
78.125 78.125 78.125 78.125 0
71.0 76.5 71.0 76.5 16
76.5 76.5 76.5 76.5 0
76.5 76.5 76.5 76.5 0
76.5 76.5 76.5 76.5 0
76.5 76.5 76.5 76.5 0
76.5 76.5 76.5 76.5 0
76.5 76.5 76.5 76.5 0
76.5 76.5 76.5 76.5 0
76.5 76.5 76.5 76.5 0
76.5 76.5 76.5 76.5 0
76.5 76.5 76.5 76.5 0
76.5 76.5 76.5 76.5 0
76.5 76.5 76.5 76.5 0
76.5 76.5 76.5 76.5 0
76.5 76.5 76.5 76.5 0
76.5 76.5 76.5 76.5 0
76.5 76.5 76.5 76.5 0
76.5 76.5 76.5 76.5 0
76.5 76.5 76.5 76.5 0
76.5 76.5 76.5 76.5 0
76.5 76.5 76.5 76.5 0
76.5 76.5 76.5 76.5 0
76.5 76.5 76.5 76.5 0
76.5 76.5 76.5 76.5 0
76.5 76.5 76.5 76.5 0
76.5 76.5 76.5 76.5 0
76.5 76.5 76.5 76.5 0
76.5 76.5 76.5 76.5 0
76.5 76.5 76.5 76.5 0
76.5 76.5 76.5 76.5 0
76.5 76.5 76.5 76.5 0
76.5 76.5 76.5 76.5 0
76.5 76.5 76.5 76.5 0
76.5 76.5 76.5 76.5 0
76.5 76.5 76.5 76.5 0
76.5 76.5 76.5 76.5 0
76.5 76.5 76.5 76.5 0
76.5 76.5 76.5 76.5 0
76.5 76.5 76.5 76.5 0
76.5 76.5 76.5 76.5 0
76.5 76.5 76.5 76.5 0
76.5 76.5 76.5 76.5 0
76.5 76.5 76.5 76.5 0
54.25 54.25 54.25 54.25 80
54.25 54.25 54.25 54.25 0
54.25 54.25 54.25 54.25 0
54.25 54.25 54.25 54.25 0
54.25 54.25 54.25 54.25 0
54.25 54.25 54.25 54.25 0
54.25 54.25 54.25 54.25 0
54.25 54.25 54.25 54.25 0
54.25 54.25 54.25 54.25 0
54.25 54.25 54.25 54.25 0
54.25 54.25 54.25 54.25 0
54.25 54.25 54.25 54.25 0
54.25 54.25 54.25 54.25 0
54.25 54.25 54.25 54.25 0
54.25 54.25 54.25 54.25 0
54.25 54.25 54.25 54.25 0
54.25 54.25 54.25 54.25 0
54.25 54.25 54.25 54.25 0
54.25 54.25 54.25 54.25 0
54.25 54.25 54.25 54.25 0
54.25 54.25 54.25 54.25 0
54.25 54.25 54.25 54.25 0
54.25 54.25 54.25 54.25 0
54.25 54.25 54.25 54.25 0
54.25 54.25 54.25 54.25 0
54.25 54.25 54.25 54.25 0
54.25 54.25 54.25 54.25 0
54.25 54.25 54.25 54.25 0
54.25 54.25 54.25 54.25 0
54.25 54.25 54.25 54.25 0
54.25 54.25 54.25 54.25 0
54.25 54.25 54.25 54.25 0
54.25 54.25 54.25 54.25 0
54.25 54.25 54.25 54.25 0
54.25 54.25 54.25 54.25 0
54.25 54.25 54.25 54.25 0
54.25 54.25 54.25 54.25 0
54.25 54.25 54.25 54.25 0
46.61000061035156 60.0 46.61000061035156 60.0 280
70.0 111.3499984741211 54.5 56.25 4620
56.25 58.70000076293945 47.5 58.70000076293945 1280
54.150001525878906 56.20000076293945 54.0 56.20000076293945 300
56.20000076293945 56.20000076293945 56.20000076293945 56.20000076293945 0
56.20000076293945 56.20000076293945 56.20000076293945 56.20000076293945 0
56.20000076293945 56.20000076293945 56.20000076293945 56.20000076293945 0
56.20000076293945 56.20000076293945 56.20000076293945 56.20000076293945 0
56.20000076293945 56.20000076293945 56.20000076293945 56.20000076293945 0
56.20000076293945 56.20000076293945 56.20000076293945 56.20000076293945 0
56.20000076293945 56.20000076293945 56.20000076293945 56.20000076293945 0
56.20000076293945 56.20000076293945 56.20000076293945 56.20000076293945 0
56.20000076293945 56.20000076293945 56.20000076293945 56.20000076293945 0
48.154998779296875 48.154998779296875 48.154998779296875 48.154998779296875 20
48.154998779296875 48.154998779296875 48.154998779296875 48.154998779296875 0
48.154998779296875 48.154998779296875 48.154998779296875 48.154998779296875 0
48.154998779296875 48.154998779296875 48.154998779296875 48.154998779296875 0
48.154998779296875 48.154998779296875 48.154998779296875 48.154998779296875 0
48.154998779296875 48.154998779296875 48.154998779296875 48.154998779296875 0
48.154998779296875 48.154998779296875 48.154998779296875 48.154998779296875 0
48.154998779296875 48.154998779296875 48.154998779296875 48.154998779296875 0
48.154998779296875 48.154998779296875 48.154998779296875 48.154998779296875 0
42.75 44.95000076293945 38.95000076293945 44.95000076293945 60
36.400001525878906 39.75 36.400001525878906 39.75 60
39.75 39.75 39.75 39.75 0
40.5 40.5 40.5 40.5 120
40.5 40.5 40.5 40.5 0
40.5 40.5 40.5 40.5 0
40.5 40.5 40.5 40.5 0
44.54999923706055 44.54999923706055 37.92499923706055 37.92499923706055 1420
37.92499923706055 37.92499923706055 37.92499923706055 37.92499923706055 0
37.92499923706055 37.92499923706055 37.92499923706055 37.92499923706055 0
37.92499923706055 37.92499923706055 37.92499923706055 37.92499923706055 0
37.92499923706055 37.92499923706055 37.92499923706055 37.92499923706055 0
37.92499923706055 37.92499923706055 37.92499923706055 37.92499923706055 0
37.92499923706055 37.92499923706055 37.92499923706055 37.92499923706055 0
37.92499923706055 37.92499923706055 37.92499923706055 37.92499923706055 0
37.92499923706055 37.92499923706055 37.92499923706055 37.92499923706055 0
37.92499923706055 37.92499923706055 37.92499923706055 37.92499923706055 0
37.92499923706055 37.92499923706055 37.92499923706055 37.92499923706055 0
37.92499923706055 37.92499923706055 37.92499923706055 37.92499923706055 0
37.92499923706055 37.92499923706055 37.92499923706055 37.92499923706055 0
37.92499923706055 37.92499923706055 37.92499923706055 37.92499923706055 0
34.75 34.75 30.049999237060547 30.049999237060547 220
30.049999237060547 30.049999237060547 30.049999237060547 30.049999237060547 0
30.5 30.5 30.5 30.5 200
30.5 30.5 30.5 30.5 0
29.75 29.75 29.75 29.75 400
29.75 29.75 29.75 29.75 0
29.75 29.75 29.75 29.75 0
29.75 29.75 29.75 29.75 0
29.75 29.75 29.75 29.75 0
29.75 29.75 27.200000762939453 27.200000762939453 80
28.600000381469727 28.600000381469727 28.600000381469727 28.600000381469727 40
27.5 30.0 27.5 30.0 100
30.0 30.0 30.0 30.0 0
22.844999313354492 22.844999313354492 22.844999313354492 22.844999313354492 400
22.844999313354492 22.844999313354492 22.844999313354492 22.844999313354492 0
22.844999313354492 22.844999313354492 22.844999313354492 22.844999313354492 0
22.844999313354492 22.844999313354492 22.844999313354492 22.844999313354492 0
22.844999313354492 22.844999313354492 22.844999313354492 22.844999313354492 0
22.844999313354492 22.844999313354492 22.844999313354492 22.844999313354492 0
22.844999313354492 22.844999313354492 22.844999313354492 22.844999313354492 0
22.844999313354492 22.844999313354492 22.844999313354492 22.844999313354492 0
22.844999313354492 22.844999313354492 22.844999313354492 22.844999313354492 0
22.844999313354492 22.844999313354492 22.844999313354492 22.844999313354492 0
22.844999313354492 22.844999313354492 22.844999313354492 22.844999313354492 0
22.844999313354492 22.844999313354492 22.844999313354492 22.844999313354492 0
22.844999313354492 22.844999313354492 22.844999313354492 22.844999313354492 0
22.844999313354492 22.844999313354492 22.844999313354492 22.844999313354492 0
22.844999313354492 22.844999313354492 22.844999313354492 22.844999313354492 0
22.844999313354492 22.844999313354492 22.844999313354492 22.844999313354492 0
21.5 21.5 21.5 21.5 40
21.5 21.5 21.5 21.5 0
21.5 21.5 21.5 21.5 0
21.5 21.5 21.5 21.5 0
21.5 21.5 21.5 21.5 0
21.5 21.5 21.5 21.5 0
21.5 21.5 21.5 21.5 0
21.5 21.5 21.5 21.5 0
21.5 21.5 21.5 21.5 0
21.5 21.5 21.5 21.5 0
21.5 21.5 21.5 21.5 0
21.5 21.5 21.5 21.5 0
21.5 21.5 21.5 21.5 0
21.5 21.5 21.5 21.5 0
21.5 21.5 21.5 21.5 0
21.5 21.5 21.5 21.5 0
23.200000762939453 25.0 23.200000762939453 23.25 800
22.0 22.0 20.0 20.0 240
20.100000381469727 20.100000381469727 20.100000381469727 20.100000381469727 40
30.0 30.0 21.75 22.850000381469727 10300
25.0 25.0 22.25 22.700000762939453 3500
21.299999237060547 21.5 19.5 21.0 840
22.049999237060547 22.049999237060547 21.399999618530273 21.399999618530273 200
21.399999618530273 23.690000534057617 19.850000381469727 19.850000381469727 420
19.850000381469727 20.700000762939453 19.7549991607666 19.850000381469727 400
21.610000610351562 21.610000610351562 21.610000610351562 21.610000610351562 300
23.399999618530273 27.450000762939453 22.795000076293945 25.0 6460
24.899999618530273 26.100000381469727 24.375 25.450000762939453 280
23.0 26.0 23.0 26.0 740
22.690000534057617 26.0 22.690000534057617 24.920000076293945 1120
26.149999618530273 26.149999618530273 25.100000381469727 25.219999313354492 380
23.540000915527344 24.0 23.540000915527344 24.0 700
22.649999618530273 24.25 22.649999618530273 24.0 1320
24.0 25.049999237060547 22.200000762939453 22.5 340
21.600000381469727 22.735000610351562 21.600000381469727 22.735000610351562 140
22.979999542236328 22.979999542236328 22.979999542236328 22.979999542236328 80
25.25 25.5 25.25 25.5 100
27.5 27.5 23.5 24.899999618530273 260
22.6299991607666 23.5 22.549999237060547 23.5 520
23.5 23.5 23.5 23.5 60
25.0 37.45000076293945 24.899999618530273 31.899999618530273 4300
37.0 72.81999969482422 33.79999923706055 39.95000076293945 19860
42.54999923706055 50.0 34.0 36.650001525878906 6640
44.900001525878906 60.099998474121094 40.0 41.75 16300
45.79999923706055 50.400001525878906 42.20000076293945 42.290000915527344 2740
37.5 43.79999923706055 33.20000076293945 40.0 4080
36.25 39.75 35.0 36.29999923706055 1660
34.849998474121094 39.75 33.849998474121094 34.54999923706055 1060
35.0 44.650001525878906 34.5 40.0 4680
44.5 44.5 37.5 37.5 960
41.900001525878906 43.650001525878906 36.349998474121094 40.0 1660
42.5 49.900001525878906 39.30500030517578 39.30500030517578 21140
42.099998474121094 42.099998474121094 35.75 37.45000076293945 7860
38.95000076293945 38.95000076293945 33.70000076293945 34.5 7400
34.79999923706055 36.900001525878906 33.849998474121094 34.5 4940
35.44499969482422 36.0 34.04999923706055 34.04999923706055 2220
35.150001525878906 35.150001525878906 30.0 33.400001525878906 4180
35.5 37.0 32.94499969482422 34.599998474121094 2940
36.95000076293945 36.95000076293945 33.595001220703125 35.349998474121094 3100
32.95000076293945 33.47999954223633 31.575000762939453 32.79999923706055 1880
34.650001525878906 35.685001373291016 31.549999237060547 31.600000381469727 8260
31.649999618530273 33.7599983215332 29.875 31.0 4280
30.049999237060547 31.75 30.0 31.450000762939453 4020
31.75 31.75 28.375 29.5 4320
29.5 31.149999618530273 28.200000762939453 29.975000381469727 3860
30.475000381469727 92.44999694824219 30.475000381469727 47.70000076293945 489300
40.0 44.79999923706055 36.599998474121094 37.79999923706055 110660
36.75 37.45000076293945 35.0 36.95000076293945 26800
34.95000076293945 35.0 31.5 34.45000076293945 26320
32.54999923706055 40.0 32.54999923706055 35.349998474121094 95820
34.400001525878906 36.099998474121094 32.5 34.13999938964844 18100
36.0 41.849998474121094 32.75 35.400001525878906 108720
34.29999923706055 47.5 33.25 47.5 134600
37.5 44.29999923706055 36.5 38.0 95960
37.400001525878906 41.0 36.79999923706055 38.875 38560
38.25 42.04999923706055 38.25 39.900001525878906 36600
39.04999923706055 39.04999923706055 37.5 37.75 27980
37.75 38.290000915527344 36.349998474121094 36.900001525878906 25520
37.45000076293945 40.5 36.349998474121094 37.79999923706055 43120
38.54999923706055 42.0 38.0 39.0 67840
39.29999923706055 56.849998474121094 39.224998474121094 49.25 455200
45.0 55.650001525878906 42.900001525878906 51.900001525878906 192060
49.70000076293945 56.150001525878906 49.099998474121094 52.400001525878906 132020
55.0 61.150001525878906 53.30500030517578 55.54999923706055 123460
55.0 68.80000305175781 49.45000076293945 52.0 272720
52.0 54.5 51.0 51.25 46500
50.400001525878906 50.95000076293945 48.75 50.04999923706055 27040
51.5 55.82500076293945 49.900001525878906 54.0 78940
52.900001525878906 53.95000076293945 51.75 52.150001525878906 29640
51.79999923706055 52.75 50.779998779296875 51.54999923706055 16080
51.900001525878906 55.25 50.5 53.0 36340
52.54999923706055 53.45000076293945 51.5 51.79999923706055 22880
51.20000076293945 52.54999923706055 50.95000076293945 51.67499923706055 16400
51.75 52.32500076293945 47.04999923706055 48.25 38300
49.04999923706055 49.70500183105469 47.93000030517578 48.849998474121094 8360
48.75 58.5 47.75 49.400001525878906 117340
48.599998474121094 48.599998474121094 43.0 45.150001525878906 43980
45.650001525878906 46.80500030517578 44.119998931884766 44.900001525878906 13340
45.650001525878906 45.95000076293945 42.75 43.0 21760
43.25 44.75 41.5 42.400001525878906 35620
43.45000076293945 45.0 42.25 43.0 17220
43.400001525878906 44.25 39.54999923706055 41.04999923706055 35800
41.349998474121094 42.099998474121094 38.75 41.75 19180
41.0 43.099998474121094 36.36000061035156 37.900001525878906 35900
39.20000076293945 40.70000076293945 37.5 37.79999923706055 20200
38.400001525878906 40.29999923706055 36.70000076293945 37.29999923706055 20560
37.54999923706055 38.310001373291016 30.649999618530273 32.25 71340
33.25 36.5 31.75 35.20000076293945 70180
35.849998474121094 36.0 32.099998474121094 33.150001525878906 37300
33.5 37.0 33.349998474121094 34.70000076293945 60260
34.400001525878906 35.404998779296875 33.0 34.099998474121094 14080
34.5 35.599998474121094 33.849998474121094 34.95000076293945 19740
33.04999923706055 33.95000076293945 31.549999237060547 33.0 22560
33.25 33.75 31.600000381469727 33.04999923706055 18720
32.79999923706055 33.20000076293945 31.5 31.5 9420
32.525001525878906 32.525001525878906 30.850000381469727 31.100000381469727 15080
30.950000762939453 32.5 30.5 31.649999618530273 11760
32.099998474121094 33.70000076293945 31.75 32.025001525878906 12720
32.25 33.5 31.299999237060547 32.0 5140
32.0 33.5 31.299999237060547 32.79999923706055 8880
32.75 36.650001525878906 30.850000381469727 31.350000381469727 95120
30.799999237060547 31.549999237060547 30.299999237060547 30.5 23280
31.25 32.400001525878906 30.75 30.950000762939453 7800
31.0 33.45000076293945 31.0 31.5 22680
32.29999923706055 32.5 31.75 31.899999618530273 5820
32.04999923706055 32.75 31.5 31.850000381469727 14120
33.29999923706055 34.95000076293945 32.5 32.54999923706055 27100
33.650001525878906 33.67499923706055 32.15999984741211 33.0 5460
32.29999923706055 33.400001525878906 31.25 31.299999237060547 14640
32.25 32.25 31.350000381469727 31.350000381469727 4260
31.25 31.25 30.600000381469727 31.200000762939453 4880
31.0 33.25 30.649999618530273 30.850000381469727 20220
31.950000762939453 31.950000762939453 30.75 30.799999237060547 6500
31.299999237060547 32.349998474121094 30.25 30.5 36400
30.649999618530273 34.20000076293945 30.524999618530273 30.75 134940
30.75 31.649999618530273 30.200000762939453 30.600000381469727 17240
30.799999237060547 32.45000076293945 30.75 31.299999237060547 14540
31.100000381469727 31.639999389648438 29.649999618530273 30.0 30080
30.5 30.899999618530273 28.149999618530273 28.649999618530273 12580
28.299999237060547 28.350000381469727 25.899999618530273 26.049999237060547 19180
25.700000762939453 26.809999465942383 25.700000762939453 26.25 11220
26.5 26.950000762939453 25.0 25.450000762939453 12460
26.049999237060547 29.700000762939453 25.399999618530273 25.649999618530273 35140
26.0 26.799999237060547 26.0 26.100000381469727 5940
26.149999618530273 28.100000381469727 26.149999618530273 26.350000381469727 8280
26.850000381469727 27.700000762939453 26.40999984741211 27.350000381469727 4900
27.149999618530273 27.559999465942383 26.299999237060547 26.350000381469727 5400
26.75 28.295000076293945 26.524999618530273 27.100000381469727 11980
27.049999237060547 28.299999237060547 27.049999237060547 27.700000762939453 2840
27.850000381469727 29.25 27.209999084472656 27.850000381469727 9780
28.799999237060547 29.5 28.200000762939453 29.25 5640
28.899999618530273 29.200000762939453 27.799999237060547 28.799999237060547 3480
29.200000762939453 29.450000762939453 28.75 28.75 4740
29.149999618530273 30.5 28.350000381469727 29.850000381469727 27720
29.25 29.25 28.25 28.600000381469727 17800
28.549999237060547 29.030000686645508 27.75 28.600000381469727 9880
28.899999618530273 30.5 28.5 29.75 29600
30.5 32.939998626708984 30.450000762939453 32.349998474121094 53820
32.29999923706055 32.46500015258789 29.700000762939453 30.5 24040
30.950000762939453 31.649999618530273 29.549999237060547 31.25 11040
31.600000381469727 31.600000381469727 30.200000762939453 30.350000381469727 6260
31.5 32.5 31.0 31.850000381469727 10540
31.75 32.849998474121094 30.0 30.649999618530273 17940
30.950000762939453 31.149999618530273 28.350000381469727 30.450000762939453 19760
30.049999237060547 30.399999618530273 29.25 29.799999237060547 7420
29.975000381469727 30.25 28.299999237060547 29.149999618530273 11220
29.149999618530273 32.54999923706055 27.5 28.25 98280
28.450000762939453 30.450000762939453 26.799999237060547 27.600000381469727 65260
27.549999237060547 27.549999237060547 26.649999618530273 27.049999237060547 12500
27.75 28.450000762939453 26.899999618530273 27.899999618530273 17440
27.850000381469727 28.25 27.100000381469727 27.549999237060547 8380
27.600000381469727 28.75 27.149999618530273 27.350000381469727 9400
27.655000686645508 27.950000762939453 26.549999237060547 27.399999618530273 9580
28.5 30.9950008392334 27.954999923706055 30.5 132220
30.100000381469727 38.04999923706055 28.799999237060547 33.25 253280
33.0 33.95000076293945 30.649999618530273 31.350000381469727 96480
30.0 32.29999923706055 29.399999618530273 30.549999237060547 41200
30.450000762939453 31.100000381469727 29.600000381469727 30.700000762939453 35700
30.950000762939453 31.950000762939453 29.799999237060547 31.350000381469727 78460
31.5 31.524999618530273 29.895000457763672 30.209999084472656 14260
30.950000762939453 32.29999923706055 30.450000762939453 32.04999923706055 55280
32.54999923706055 53.650001525878906 30.549999237060547 38.150001525878906 1258680
33.75 36.75 33.75 34.79999923706055 114240
36.849998474121094 37.84000015258789 35.099998474121094 35.45000076293945 32200
34.20000076293945 34.25 30.899999618530273 31.399999618530273 54780
31.299999237060547 33.29999923706055 31.299999237060547 31.549999237060547 21080
31.450000762939453 37.0 31.049999237060547 32.04999923706055 128920
32.04999923706055 33.75 31.600000381469727 32.95000076293945 39200
32.70000076293945 37.20000076293945 32.20000076293945 35.349998474121094 158980
35.650001525878906 38.849998474121094 34.20000076293945 35.0 123120
35.20000076293945 41.400001525878906 34.79999923706055 37.349998474121094 338780
38.400001525878906 39.5 35.04999923706055 35.79999923706055 190480
35.95000076293945 36.70000076293945 34.5 34.54999923706055 96680
34.900001525878906 35.400001525878906 33.349998474121094 33.95000076293945 48480
34.04999923706055 35.0 32.650001525878906 33.25 56000
33.650001525878906 33.650001525878906 32.099998474121094 32.95000076293945 23560
33.45000076293945 35.400001525878906 33.0 33.5 53880
33.400001525878906 34.0 32.599998474121094 33.400001525878906 26160
33.0 36.849998474121094 31.25 33.54999923706055 173760
34.25 34.79999923706055 33.0 33.25 29520
32.79999923706055 33.45000076293945 31.760000228881836 32.400001525878906 56820
33.04999923706055 34.150001525878906 31.799999237060547 31.950000762939453 22200
33.400001525878906 33.97999954223633 31.5 31.950000762939453 30980
33.0 36.0 33.0 35.349998474121094 55320
34.70000076293945 36.349998474121094 34.150001525878906 34.599998474121094 28260
35.0 39.0 34.099998474121094 34.900001525878906 79660
35.849998474121094 35.89500045776367 34.349998474121094 35.04999923706055 28180
35.650001525878906 35.849998474121094 34.29999923706055 35.349998474121094 20160
36.20000076293945 39.75 36.150001525878906 37.70000076293945 198300
37.900001525878906 39.494998931884766 36.75 38.599998474121094 102140
39.0 42.45000076293945 37.54999923706055 40.0 265740
40.400001525878906 47.45000076293945 38.5 44.400001525878906 212080
43.54999923706055 54.349998474121094 43.25 52.650001525878906 413820
52.5 57.5 52.45000076293945 55.29999923706055 132760
54.79999923706055 55.150001525878906 48.75 53.099998474121094 93100
51.900001525878906 52.369998931884766 50.04999923706055 51.20000076293945 35340
51.75 53.79999923706055 49.54999923706055 52.599998474121094 114720
50.54999923706055 51.5 48.099998474121094 48.29999923706055 41580
46.95000076293945 46.95000076293945 39.29999923706055 43.75 94400
44.0 46.45000076293945 42.04999923706055 42.04999923706055 65340
42.400001525878906 44.064998626708984 36.349998474121094 36.349998474121094 91340
38.29999923706055 38.75 36.95000076293945 37.400001525878906 66480
39.150001525878906 39.5 36.29999923706055 37.599998474121094 42720
37.75 38.45000076293945 35.95000076293945 36.099998474121094 51400
36.400001525878906 37.599998474121094 33.099998474121094 33.150001525878906 68780
33.75 33.89500045776367 27.75 28.5 98460
30.549999237060547 32.75 27.25 29.25 231540
29.75 31.5 29.299999237060547 29.549999237060547 56040
30.149999618530273 32.584999084472656 30.149999618530273 31.899999618530273 82920
31.850000381469727 32.70000076293945 30.799999237060547 31.5 36240
32.0 36.59000015258789 31.600000381469727 34.20000076293945 95300
33.54999923706055 35.5 32.04999923706055 32.95000076293945 111640
33.150001525878906 36.20000076293945 32.79999923706055 35.0 182080
36.150001525878906 39.70000076293945 33.75 35.04999923706055 267440
34.45000076293945 45.45000076293945 33.0 39.849998474121094 1273440
38.57500076293945 79.0 36.0 65.5 8906040
57.52000045776367 67.0 51.849998474121094 54.04999923706055 3557320
51.31999969482422 69.44999694824219 48.099998474121094 62.0 5315220
60.400001525878906 63.0 48.45000076293945 51.099998474121094 1211980
53.849998474121094 112.0 49.0 102.5999984741211 17245720
71.08999633789062 82.25 68.0 71.30000305175781 3157660
74.8499984741211 104.75 74.05000305175781 76.19999694824219 6370940
86.3499984741211 94.75 78.1500015258789 81.9000015258789 2647140
82.75 90.9000015258789 72.19999694824219 75.0 1961780
76.69999694824219 80.69499969482422 69.69999694824219 71.6500015258789 753120
68.69999694824219 79.75 65.94999694824219 67.44999694824219 1202320
67.69999694824219 72.1500015258789 63.5 66.94999694824219 686180
66.1500015258789 67.69999694824219 62.54999923706055 62.79999923706055 498740
62.54999923706055 63.0 54.25 54.54999923706055 440240
56.099998474121094 60.79999923706055 54.0 54.900001525878906 415800
55.650001525878906 57.79999923706055 50.75 52.75 519680
53.54999923706055 55.20000076293945 49.29999923706055 50.400001525878906 388660
49.75 50.314998626708984 45.54999923706055 46.599998474121094 371800
47.25 57.150001525878906 46.04999923706055 50.5 1808140
50.04999923706055 50.95000076293945 46.25 46.79999923706055 383680
46.900001525878906 49.150001525878906 42.5 45.20000076293945 407800
45.0 46.474998474121094 42.5 43.70000076293945 215080
43.25 45.900001525878906 41.5 42.599998474121094 203560
43.099998474121094 46.25 42.25 45.150001525878906 227640
45.099998474121094 51.900001525878906 43.349998474121094 46.650001525878906 534920
46.650001525878906 53.099998474121094 46.45000076293945 49.75 548000
50.650001525878906 53.70000076293945 49.75 51.5 258040
51.5 53.900001525878906 48.75 49.400001525878906 329660
49.0 49.75 46.5 46.900001525878906 132640
47.5 49.45000076293945 46.25 48.75 265240
45.25 46.349998474121094 42.650001525878906 43.400001525878906 229280
44.150001525878906 45.0 41.70000076293945 41.79999923706055 89300
40.54999923706055 43.25 39.400001525878906 40.650001525878906 329720
41.5 42.849998474121094 40.21500015258789 40.650001525878906 77420
40.75 42.849998474121094 38.650001525878906 39.599998474121094 289900
39.900001525878906 41.04999923706055 37.75 39.150001525878906 104680
39.45000076293945 39.5 36.25 36.75 200680
35.25 38.04999923706055 34.25 36.400001525878906 212240
36.650001525878906 38.349998474121094 35.599998474121094 36.29999923706055 78980
36.400001525878906 37.415000915527344 34.70000076293945 35.0 51020
35.650001525878906 38.25 35.25 37.150001525878906 69720
37.45000076293945 38.45000076293945 36.400001525878906 38.150001525878906 62740
38.400001525878906 38.70000076293945 37.099998474121094 37.650001525878906 31840
36.54999923706055 37.849998474121094 36.04999923706055 37.150001525878906 60240
37.0 38.70000076293945 36.70000076293945 37.849998474121094 114220
38.0 38.20000076293945 36.064998626708984 36.900001525878906 44900
37.25 37.5 35.5 36.79999923706055 49100
37.349998474121094 38.54999923706055 36.150001525878906 37.150001525878906 70660
38.0 41.70000076293945 37.79999923706055 40.95000076293945 185960
40.650001525878906 40.650001525878906 38.5 38.75 55120
38.900001525878906 39.95000076293945 37.95000076293945 39.20000076293945 70080
39.54999923706055 43.25 38.5 42.45000076293945 272020
42.0 42.45000076293945 38.95000076293945 39.75 107480
39.5 40.95000076293945 38.349998474121094 38.54999923706055 151080
38.79999923706055 39.75 38.525001525878906 38.95000076293945 54280
38.45000076293945 44.349998474121094 38.45000076293945 41.25 427500
41.150001525878906 42.25 40.04999923706055 41.849998474121094 80900
41.54999923706055 44.900001525878906 41.20000076293945 43.25 240880
43.099998474121094 43.95000076293945 40.70000076293945 41.349998474121094 142620
42.5 43.0 41.150001525878906 42.0 59300
41.75 43.5 40.75 41.849998474121094 51080
42.5 42.5 39.54999923706055 39.75 93680
39.900001525878906 40.75 38.599998474121094 39.79999923706055 43960
39.42499923706055 40.0 37.75 38.75 54100
38.349998474121094 39.599998474121094 37.599998474121094 38.29999923706055 46880
38.25 38.564998626708984 36.5 37.54999923706055 97740
37.70000076293945 38.349998474121094 35.775001525878906 36.599998474121094 123400
36.95000076293945 38.400001525878906 36.349998474121094 37.95000076293945 69440
38.04999923706055 38.650001525878906 37.599998474121094 38.04999923706055 23940
38.099998474121094 38.400001525878906 37.400001525878906 38.29999923706055 19640
37.849998474121094 39.095001220703125 36.75 37.349998474121094 44300
37.5 38.45000076293945 35.79999923706055 35.95000076293945 131900
36.099998474121094 36.400001525878906 35.25 35.849998474121094 33620
35.400001525878906 36.400001525878906 34.099998474121094 34.5 96620
35.29999923706055 35.400001525878906 33.5 33.900001525878906 31620
34.79999923706055 35.25 34.0 34.79999923706055 31760
35.25 35.599998474121094 34.04999923706055 34.599998474121094 37220
34.70000076293945 34.70000076293945 33.0 33.29999923706055 37860
34.0 38.5 34.0 35.95000076293945 255300
36.25 36.650001525878906 34.54999923706055 35.349998474121094 46300
34.95000076293945 37.45000076293945 34.45000076293945 35.04999923706055 132740
35.599998474121094 36.45000076293945 34.099998474121094 34.599998474121094 50800
34.5 36.45000076293945 33.54999923706055 33.95000076293945 152180
34.349998474121094 34.81999969482422 33.099998474121094 33.75 44220
33.400001525878906 34.79999923706055 32.54999923706055 33.45000076293945 62540
33.5 34.45000076293945 32.75 32.95000076293945 82400
33.849998474121094 34.70000076293945 33.400001525878906 34.150001525878906 58460
34.04999923706055 35.150001525878906 33.25 33.95000076293945 45440
33.650001525878906 33.75 32.349998474121094 32.70000076293945 32780
33.54999923706055 34.900001525878906 32.95000076293945 34.29999923706055 94200
33.95000076293945 34.099998474121094 32.849998474121094 33.54999923706055 30580
33.45000076293945 34.25 33.099998474121094 34.150001525878906 39360
34.150001525878906 34.5 33.79999923706055 34.20000076293945 15140
33.75 34.29999923706055 33.54999923706055 34.20000076293945 18240
34.599998474121094 35.45000076293945 33.85499954223633 34.75 79880
34.45000076293945 34.849998474121094 33.2400016784668 33.599998474121094 19880
34.099998474121094 35.5 33.0 33.70000076293945 96680
33.75 34.25 33.25 33.70000076293945 36160
34.0 34.650001525878906 33.20000076293945 33.29999923706055 70380
33.150001525878906 35.0 32.75 33.79999923706055 195800
33.79999923706055 34.04999923706055 31.950000762939453 32.29999923706055 104300
32.54999923706055 32.724998474121094 31.0 31.850000381469727 58220
31.5 32.099998474121094 30.649999618530273 31.049999237060547 68640
31.549999237060547 31.844999313354492 29.549999237060547 30.299999237060547 31780
30.950000762939453 31.100000381469727 29.55500030517578 30.649999618530273 32640
31.700000762939453 31.700000762939453 29.75 30.299999237060547 87780
30.75 35.20000076293945 30.100000381469727 31.350000381469727 132500
30.75 31.850000381469727 30.700000762939453 31.0 26440
31.5 32.25 30.850000381469727 31.700000762939453 33160
32.0 33.05500030517578 32.0 32.599998474121094 32440
32.5 37.5 32.099998474121094 34.0 604940
34.20000076293945 37.20000076293945 32.5 35.25 334880
35.0 36.95000076293945 34.04999923706055 34.5 148300
34.75 36.099998474121094 34.04999923706055 35.5 115380
36.0 44.75 35.099998474121094 40.150001525878906 1600120
39.95000076293945 41.599998474121094 37.0 40.599998474121094 548120
40.349998474121094 41.95000076293945 37.349998474121094 38.04999923706055 529120
37.79999923706055 39.599998474121094 35.400001525878906 35.849998474121094 288020
36.150001525878906 36.20000076293945 34.80500030517578 35.20000076293945 68880
35.5 36.650001525878906 35.25 36.150001525878906 114840
36.400001525878906 42.45000076293945 36.25 41.150001525878906 897340
41.25 46.849998474121094 40.79999923706055 43.79999923706055 803240
44.400001525878906 46.650001525878906 40.54999923706055 41.04999923706055 431240
40.0 42.70000076293945 38.099998474121094 40.0 371280
40.04999923706055 41.04999923706055 37.0 37.95000076293945 153840
38.150001525878906 40.04999923706055 37.20000076293945 39.5 202940
40.29999923706055 42.70000076293945 39.900001525878906 41.79999923706055 187540
41.95000076293945 42.79999923706055 40.20000076293945 40.849998474121094 207760
38.04999923706055 39.125 34.560001373291016 35.29999923706055 261300
35.95000076293945 36.18000030517578 32.61000061035156 33.25 211760
34.10499954223633 35.45000076293945 33.79999923706055 34.0 269880
33.849998474121094 36.5 33.75 36.5 163200
35.70000076293945 36.5 34.54999923706055 34.75 81560
34.650001525878906 36.25 34.04999923706055 35.20000076293945 92400
34.29999923706055 35.0 33.150001525878906 34.0 113440
33.849998474121094 34.20000076293945 30.450000762939453 31.0 161940
31.670000076293945 32.5 30.549999237060547 31.25 88460
31.5 32.0 28.649999618530273 30.25 91720
30.299999237060547 30.5 28.950000762939453 29.799999237060547 57260
30.899999618530273 31.0 29.25 30.049999237060547 60040
29.549999237060547 31.0 29.399999618530273 30.700000762939453 83120
31.0 31.75 30.350000381469727 31.299999237060547 43680
31.5 31.5 30.75 31.25 18940
30.5 32.75 30.450000762939453 30.5 83160
30.950000762939453 30.950000762939453 29.100000381469727 29.600000381469727 87920
29.799999237060547 32.0 29.450000762939453 30.799999237060547 99480
32.25 32.29999923706055 30.049999237060547 30.25 89500
30.299999237060547 30.5 29.25 29.450000762939453 58940
29.799999237060547 29.950000762939453 28.649999618530273 29.350000381469727 77160
29.25 30.700000762939453 29.25 29.75 83020
30.200000762939453 31.0 29.549999237060547 30.049999237060547 74100
30.450000762939453 30.5 29.299999237060547 29.75 27940
31.25 31.899999618530273 28.549999237060547 29.600000381469727 274520
29.5 34.0 29.350000381469727 33.29999923706055 419720
32.75 32.869998931884766 30.149999618530273 30.350000381469727 152540
30.25 30.530000686645508 29.350000381469727 29.700000762939453 106700
30.100000381469727 31.799999237060547 29.850000381469727 30.299999237060547 123520
30.299999237060547 31.2450008392334 29.600000381469727 29.899999618530273 124420
30.350000381469727 31.0 29.75 30.399999618530273 87660
30.200000762939453 34.25 29.75 30.549999237060547 473660
30.350000381469727 30.700000762939453 29.549999237060547 29.600000381469727 134420
29.950000762939453 29.950000762939453 28.600000381469727 29.100000381469727 132920
29.149999618530273 29.450000762939453 27.75 28.549999237060547 114260
28.5 29.149999618530273 28.0 28.899999618530273 80760
28.75 29.450000762939453 27.5 29.200000762939453 191260
29.969999313354492 30.600000381469727 28.049999237060547 28.649999618530273 195680
28.350000381469727 28.649999618530273 27.600000381469727 27.899999618530273 62260
27.899999618530273 29.850000381469727 27.799999237060547 29.5 197040
29.350000381469727 29.700000762939453 28.725000381469727 29.049999237060547 37240
28.899999618530273 31.100000381469727 28.5 29.600000381469727 179960
29.350000381469727 29.700000762939453 28.299999237060547 28.350000381469727 62500
28.5 28.600000381469727 26.100000381469727 26.5 94200
26.600000381469727 27.020000457763672 26.024999618530273 26.299999237060547 73420
26.75 26.75 24.200000762939453 24.399999618530273 132720
25.0 25.549999237060547 24.200000762939453 24.649999618530273 108200
24.649999618530273 26.200000762939453 24.149999618530273 25.850000381469727 52740
25.100000381469727 25.600000381469727 24.5 25.399999618530273 21080
25.399999618530273 25.600000381469727 24.649999618530273 25.0 62220
24.700000762939453 25.0 23.299999237060547 23.649999618530273 94340
23.700000762939453 24.850000381469727 23.350000381469727 23.850000381469727 40700
24.149999618530273 24.950000762939453 23.649999618530273 24.200000762939453 31740
24.149999618530273 24.274999618530273 21.954999923706055 22.549999237060547 64540
22.5 22.549999237060547 21.200000762939453 22.299999237060547 62800
22.600000381469727 23.25 22.5 23.100000381469727 34000
23.649999618530273 24.5 23.579999923706055 24.350000381469727 24160
24.399999618530273 24.850000381469727 23.600000381469727 23.75 27420
24.549999237060547 24.700000762939453 23.399999618530273 23.600000381469727 20260
23.75 23.899999618530273 21.950000762939453 21.950000762939453 40400
22.5 22.860000610351562 21.399999618530273 22.100000381469727 18760
22.0 22.950000762939453 21.424999237060547 22.75 22460
22.75 22.790000915527344 21.5 21.649999618530273 18760
21.149999618530273 21.950000762939453 21.0 21.5 16140
21.5 21.575000762939453 20.700000762939453 20.799999237060547 33900
21.200000762939453 21.549999237060547 20.80500030517578 21.149999618530273 27460
21.25 21.75 20.899999618530273 21.149999618530273 27540
21.100000381469727 21.424999237060547 20.600000381469727 21.049999237060547 22140
21.0 21.350000381469727 20.450000762939453 20.549999237060547 36900
20.549999237060547 20.700000762939453 19.850000381469727 20.299999237060547 34960
20.200000762939453 23.399999618530273 19.5 20.049999237060547 365380
20.799999237060547 21.149999618530273 19.700000762939453 19.899999618530273 104500
19.700000762939453 20.100000381469727 19.299999237060547 19.649999618530273 54180
20.25 20.899999618530273 19.399999618530273 20.350000381469727 132680
21.450000762939453 21.450000762939453 20.295000076293945 21.399999618530273 68240
20.950000762939453 21.350000381469727 20.19499969482422 20.549999237060547 33020
20.75 20.770000457763672 19.655000686645508 20.5 67080
21.549999237060547 21.950000762939453 20.950000762939453 21.649999618530273 52860
20.75 21.299999237060547 20.399999618530273 21.100000381469727 21080
21.149999618530273 22.399999618530273 21.0 21.649999618530273 51860
21.649999618530273 22.649999618530273 21.315000534057617 22.350000381469727 40180
23.0 23.299999237060547 21.0 21.600000381469727 224000
21.049999237060547 21.149999618530273 19.799999237060547 19.950000762939453 47780
20.270000457763672 20.280000686645508 19.0 19.200000762939453 57900
19.299999237060547 19.799999237060547 18.549999237060547 18.950000762939453 51480
19.25 19.700000762939453 17.899999618530273 18.200000762939453 77480
17.899999618530273 18.0 16.950000762939453 17.799999237060547 65780
16.899999618530273 17.200000762939453 15.800000190734863 17.200000762939453 44840
17.649999618530273 17.850000381469727 16.94499969482422 17.350000381469727 27120
17.799999237060547 17.850000381469727 16.950000762939453 17.399999618530273 32760
17.5 17.5 16.100000381469727 16.25 28200
16.200000762939453 16.700000762939453 15.824999809265137 16.25 17580
18.200000762939453 18.5 16.299999237060547 17.799999237060547 444120
17.549999237060547 18.549999237060547 17.149999618530273 18.200000762939453 71240
18.5 18.549999237060547 16.950000762939453 17.299999237060547 43060
17.0 17.299999237060547 16.649999618530273 16.700000762939453 24820
16.950000762939453 17.25 16.5 17.0 25080
17.25 18.100000381469727 17.200000762939453 17.799999237060547 33860
17.399999618530273 17.649999618530273 16.899999618530273 17.450000762939453 22060
17.700000762939453 17.950000762939453 17.200000762939453 17.399999618530273 13000
17.100000381469727 17.799999237060547 17.0 17.225000381469727 14260
17.049999237060547 17.350000381469727 16.149999618530273 16.600000381469727 23240
16.200000762939453 16.885000228881836 16.049999237060547 16.25 8080
16.850000381469727 16.899999618530273 16.399999618530273 16.75 21440
16.899999618530273 16.899999618530273 16.350000381469727 16.450000762939453 13840
16.100000381469727 16.5 15.550000190734863 15.800000190734863 10620
16.0 16.170000076293945 15.5 16.049999237060547 12960
15.5 16.350000381469727 15.100000381469727 15.199999809265137 29240
15.5 15.5 14.850000381469727 15.25 15140
14.25 16.450000762939453 14.050000190734863 15.350000381469727 119140
15.649999618530273 16.75 15.375 16.200000762939453 97220
15.949999809265137 16.799999237060547 15.550000190734863 15.699999809265137 48180
15.550000190734863 15.800000190734863 14.550000190734863 14.550000190734863 26940
14.850000381469727 15.75 14.300000190734863 14.449999809265137 41000
14.350000381469727 14.699999809265137 13.850000381469727 14.199999809265137 34120
14.050000190734863 14.069999694824219 12.800000190734863 13.149999618530273 31860
12.600000381469727 13.03499984741211 12.149999618530273 12.199999809265137 32340
12.75 13.65999984741211 12.399999618530273 13.5 169600
14.0 14.75 13.0 13.399999618530273 106840
13.149999618530273 13.300000190734863 12.399999618530273 12.800000190734863 42640
13.100000381469727 13.100000381469727 12.75 12.949999809265137 21300
12.800000190734863 13.25 12.149999618530273 12.399999618530273 52520
12.800000190734863 12.949999809265137 11.854999542236328 12.399999618530273 30800
13.149999618530273 13.180000305175781 11.864999771118164 12.649999618530273 89380
13.300000190734863 13.800000190734863 12.979999542236328 13.5 35180
13.25 14.25 13.25 14.0 34220
13.75 14.0 13.25 13.75 67560
13.600000381469727 14.149999618530273 13.100000381469727 14.100000381469727 107920
14.050000190734863 14.199999809265137 13.5 13.600000381469727 36420
13.600000381469727 15.050000190734863 13.550000190734863 14.25 154420
14.5 14.5 13.300000190734863 13.899999618530273 48080
13.699999809265137 14.199999809265137 13.600000381469727 14.100000381469727 34640
14.399999618530273 14.399999618530273 13.699999809265137 14.0 23720
13.75 14.050000190734863 13.25 13.5 28460
13.449999809265137 13.649999618530273 12.800000190734863 12.800000190734863 30320
12.850000381469727 14.850000381469727 12.850000381469727 14.050000190734863 134080
13.850000381469727 15.0 12.75 13.25 394320
13.25 13.404999732971191 12.449999809265137 12.550000190734863 64500
12.399999618530273 12.850000381469727 11.850000381469727 12.050000190734863 71300
12.100000381469727 12.5 10.899999618530273 11.449999809265137 86780
11.649999618530273 11.800000190734863 11.100000381469727 11.300000190734863 32620
11.100000381469727 11.345000267028809 10.800000190734863 10.949999809265137 18600
11.050000190734863 11.399999618530273 10.699999809265137 10.850000381469727 20420
10.899999618530273 11.050000190734863 10.699999809265137 10.800000190734863 17160
11.0 11.449999809265137 10.5 10.75 21420
10.75 10.850000381469727 10.25 10.699999809265137 9760
10.75 10.949999809265137 10.5 10.75 15960
10.75 11.050000190734863 10.300000190734863 10.5 29560
10.5 10.600000381469727 10.100000381469727 10.199999809265137 10560
10.149999618530273 10.399999618530273 9.649999618530273 9.949999809265137 11580
9.75 13.300000190734863 9.649999618530273 10.199999809265137 1261360
10.050000190734863 10.399999618530273 8.149999618530273 8.800000190734863 296300
8.850000381469727 9.75 8.100000381469727 8.300000190734863 151860
8.550000190734863 8.800000190734863 8.050000190734863 8.399999618530273 46560
8.449999809265137 9.050000190734863 8.449999809265137 8.75 28460
8.649999618530273 8.744999885559082 8.100000381469727 8.600000381469727 11200
8.5 8.899999618530273 8.050000190734863 8.75 17560
8.550000190734863 9.149999618530273 8.449999809265137 9.100000381469727 27840
8.75 8.800000190734863 8.100000381469727 8.5 10340
8.399999618530273 8.725000381469727 8.095000267028809 8.5 10620
8.350000381469727 8.449999809265137 7.5 7.650000095367432 25420
7.849999904632568 7.940000057220459 7.0 7.5 21300
7.5 8.100000381469727 7.099999904632568 7.199999809265137 50660
7.199999809265137 7.349999904632568 6.650000095367432 6.900000095367432 19160
7.099999904632568 7.449999809265137 7.099999904632568 7.349999904632568 12120
7.349999904632568 7.5 7.25 7.449999809265137 4800
7.650000095367432 7.949999809265137 7.5 7.574999809265137 10240
7.449999809265137 7.849999904632568 7.199999809265137 7.25 4280
7.5 7.849999904632568 7.400000095367432 7.5 7120
7.550000190734863 7.800000190734863 7.25 7.5 7040
7.400000095367432 7.699999809265137 7.300000190734863 7.650000095367432 5640
7.449999809265137 7.695000171661377 7.414999961853027 7.449999809265137 4240
7.550000190734863 7.699999809265137 7.400000095367432 7.5 5140
7.699999809265137 7.75 7.5 7.75 5820
7.699999809265137 7.900000095367432 7.599999904632568 7.900000095367432 5820
7.900000095367432 8.039999961853027 7.650000095367432 7.949999809265137 14140
7.900000095367432 8.199999809265137 7.900000095367432 8.199999809265137 5060
8.149999618530273 8.199999809265137 7.800000190734863 8.0 13540
7.949999809265137 8.199999809265137 7.75 8.149999618530273 6980
8.199999809265137 8.199999809265137 7.75 7.849999904632568 4660
7.599999904632568 7.800000190734863 7.449999809265137 7.449999809265137 5280
7.400000095367432 7.699999809265137 7.199999809265137 7.25 21260
7.300000190734863 7.5 7.0 7.050000190734863 12340
7.050000190734863 7.5 6.800000190734863 7.0 16180
6.75 7.0 6.400000095367432 6.519999980926514 12340
6.949999809265137 7.050000190734863 6.25 6.349999904632568 10260
6.449999809265137 6.550000190734863 6.150000095367432 6.5 9880
6.650000095367432 7.0 6.349999904632568 6.400000095367432 6620
6.5 6.599999904632568 6.0 6.150000095367432 25840
6.699999809265137 6.75 6.0 6.150000095367432 14540
6.150000095367432 7.099999904632568 6.099999904632568 6.650000095367432 121020
6.875 6.875 6.25 6.275000095367432 41440
6.925000190734863 7.25 6.775000095367432 6.775000095367432 39600
7.199999809265137 7.199999809265137 6.849999904632568 7.099999904632568 29400
7.324999809265137 7.352499961853027 6.099999904632568 6.699999809265137 54960
6.800000190734863 6.800000190734863 6.275000095367432 6.574999809265137 35680
6.425000190734863 6.585000038146973 6.099999904632568 6.224999904632568 53520
6.175000190734863 6.599999904632568 5.625 6.025000095367432 25840
6.0 6.0 5.789999961853027 5.949999809265137 8040
5.875 6.025000095367432 5.675000190734863 6.0 6120
6.025000095367432 6.25 6.025000095367432 6.087500095367432 10960
6.050000190734863 6.224999904632568 6.037499904632568 6.125 7760
6.074999809265137 6.25 6.050000190734863 6.150000095367432 22600
6.550000190734863 6.675000190734863 6.137499809265137 6.25 82440
6.074999809265137 6.449999809265137 6.0 6.25 17000
6.199999809265137 6.349999904632568 5.900000095367432 6.025000095367432 15520
6.125 6.409999847412109 5.96999979019165 5.974999904632568 10240
6.050000190734863 6.175000190734863 5.900000095367432 6.025000095367432 14360
6.117499828338623 6.224999904632568 6.025000095367432 6.125 7680
6.125 6.375 6.125 6.337500095367432 16280
6.224999904632568 6.300000190734863 5.974999904632568 6.175000190734863 24880
6.262499809265137 6.262499809265137 6.074999809265137 6.199999809265137 4520
6.175000190734863 6.25 5.925000190734863 5.962500095367432 7200
6.099999904632568 6.375 5.775000095367432 5.849999904632568 19000
5.974999904632568 6.105000019073486 5.75 5.974999904632568 14760
6.125 6.25 6.025000095367432 6.125 5000
6.347499847412109 6.347499847412109 6.067500114440918 6.25 4240
6.349999904632568 6.349999904632568 6.175000190734863 6.300000190734863 4200
6.324999809265137 6.474999904632568 6.25 6.324999809265137 4640
6.550000190734863 6.550000190734863 6.324999809265137 6.387499809265137 16840
6.375 7.0 6.349999904632568 6.574999809265137 34920
6.574999809265137 6.599999904632568 6.387499809265137 6.599999904632568 4000
6.525000095367432 6.724999904632568 6.449999809265137 6.675000190734863 16960
6.625 6.724999904632568 6.550000190734863 6.550000190734863 3840
6.650000095367432 6.75 6.322500228881836 6.425000190734863 6360
6.599999904632568 6.84250020980835 6.477499961853027 6.699999809265137 16160
6.550000190734863 6.824999809265137 6.5 6.574999809265137 9240
6.699999809265137 6.775000095367432 6.5 6.5 5560
6.574999809265137 6.75 6.412499904632568 6.449999809265137 9040
6.619999885559082 6.625 6.449999809265137 6.449999809265137 6040
6.474999904632568 6.974999904632568 6.474999904632568 6.550000190734863 11120
6.400000095367432 6.400000095367432 6.025000095367432 6.125 9400
6.150000095367432 6.425000190734863 6.102499961853027 6.300000190734863 22520
6.224999904632568 6.25 6.025000095367432 6.074999809265137 10240
6.0 6.074999809265137 5.75 5.900000095367432 11600
6.025000095367432 6.025000095367432 5.747499942779541 5.949999809265137 5600
6.125 6.1875 5.650000095367432 5.724999904632568 13240
6.0 6.074999809265137 5.824999809265137 5.925000190734863 6680
5.974999904632568 5.974999904632568 5.625 5.775000095367432 6360
5.800000190734863 6.074999809265137 5.800000190734863 6.074999809265137 7320
5.974999904632568 6.525000095367432 5.724999904632568 6.125 6360
6.0 6.275000095367432 6.0 6.125 6400
6.324999809265137 6.324999809265137 5.849999904632568 5.900000095367432 3720
5.75 5.900000095367432 5.75 5.862500190734863 4320
5.875 5.900000095367432 5.75 5.900000095367432 1880
6.0 6.125 5.925000190734863 6.099999904632568 1840
5.949999809265137 6.625 5.949999809265137 6.275000095367432 12480
6.199999809265137 6.199999809265137 6.0 6.0 2080
6.0 6.150000095367432 5.900000095367432 5.949999809265137 6600
6.300000190734863 6.300000190734863 5.772500038146973 6.050000190734863 3240
5.875 6.175000190734863 5.650000095367432 5.699999809265137 9760
5.625 5.797500133514404 5.599999904632568 5.599999904632568 3400
5.75 5.772500038146973 5.425000190734863 5.425000190734863 2160
5.525000095367432 5.525000095367432 3.950000047683716 4.224999904632568 150280
4.324999809265137 4.434999942779541 4.0 4.125 25280
4.074999809265137 4.074999809265137 3.625 3.75 24160
3.7750000953674316 3.7799999713897705 3.5250000953674316 3.674999952316284 5920
3.674999952316284 4.0 3.5399999618530273 3.5999999046325684 14160
3.875 3.875 3.674999952316284 3.8375000953674316 4120
3.825000047683716 4.025000095367432 3.5999999046325684 3.75 16880
4.25 4.25 3.7249999046325684 3.875 13720
4.175000190734863 4.175000190734863 3.875 4.025000095367432 4400
4.074999809265137 4.175000190734863 4.074999809265137 4.099999904632568 4240
4.175000190734863 4.300000190734863 4.150000095367432 4.150000095367432 6480
4.849999904632568 5.675000190734863 4.037499904632568 4.474999904632568 2330520
4.425000190734863 4.425000190734863 3.7249999046325684 3.7750000953674316 141280
3.8499999046325684 3.8499999046325684 3.450000047683716 3.6500000953674316 62840
3.6500000953674316 3.75 3.5999999046325684 3.6500000953674316 25280
3.625 3.809999942779541 3.625 3.75 44440
4.400000095367432 4.599999904632568 3.6500000953674316 3.700000047683716 1325040
3.7249999046325684 3.825000047683716 2.950000047683716 3.125 311520
3.125 3.375 3.0250000953674316 3.2750000953674316 152360
3.25 3.450000047683716 3.25 3.424999952316284 29960
3.424999952316284 3.5999999046325684 3.1875 3.5 59320
3.4749999046325684 3.549999952316284 3.325000047683716 3.4749999046325684 17360
3.3499999046325684 3.4024999141693115 3.25 3.3375000953674316 7400
3.4749999046325684 3.625 3.424999952316284 3.549999952316284 28080
3.700000047683716 3.799999952316284 3.625 3.799999952316284 27160
3.7750000953674316 3.825000047683716 3.6500000953674316 3.674999952316284 17880
3.5999999046325684 3.8499999046325684 3.5999999046325684 3.625 6920
3.625 3.75 3.5999999046325684 3.674999952316284 10280
3.674999952316284 3.825000047683716 3.625 3.799999952316284 14280
3.799999952316284 3.875 3.684999942779541 3.75 5160
3.6500000953674316 3.799999952316284 3.625 3.6500000953674316 15880
3.6875 3.825000047683716 3.5999999046325684 3.6500000953674316 8680
3.799999952316284 3.799999952316284 3.575000047683716 3.674999952316284 4120
3.674999952316284 3.75 3.549999952316284 3.674999952316284 6360
3.799999952316284 3.875 3.674999952316284 3.700000047683716 8600
3.825000047683716 3.825000047683716 3.5250000953674316 3.575000047683716 7120
3.7750000953674316 3.8375000953674316 3.617500066757202 3.700000047683716 8160
3.9749999046325684 4.175000190734863 3.950000047683716 4.119999885559082 42800
4.150000095367432 4.275000095367432 3.924999952316284 4.212500095367432 11320
4.400000095367432 4.775000095367432 4.349999904632568 4.349999904632568 44320
4.525000095367432 4.550000190734863 4.025000095367432 4.074999809265137 12960
4.025000095367432 4.300000190734863 4.025000095367432 4.257500171661377 6760
4.625 4.75 4.25 4.550000190734863 58480
4.650000095367432 4.724999904632568 4.300000190734863 4.5 29160
4.650000095367432 4.650000095367432 4.25 4.287499904632568 7040
4.599999904632568 4.599999904632568 4.125 4.235000133514404 8080
4.5 4.550000190734863 4.400000095367432 4.400000095367432 7600
4.425000190734863 4.440000057220459 4.324999809265137 4.324999809265137 3560
4.425000190734863 4.425000190734863 4.172500133514404 4.199999809265137 2360
4.25 4.300000190734863 4.150000095367432 4.262499809265137 5520
4.349999904632568 4.552499771118164 4.324999809265137 4.474999904632568 9040
4.512499809265137 4.525000095367432 4.400000095367432 4.449999809265137 9080
4.474999904632568 4.574999809265137 4.400000095367432 4.400000095367432 6280
4.625 4.724999904632568 4.449999809265137 4.639999866485596 14680
4.599999904632568 4.650000095367432 4.480000019073486 4.525000095367432 8520
4.625 4.675000190734863 4.5 4.574999809265137 3800
4.675000190734863 4.724999904632568 4.474999904632568 4.474999904632568 7520
4.474999904632568 4.525000095367432 4.300000190734863 4.300000190734863 6920
4.550000190734863 4.599999904632568 4.224999904632568 4.425000190734863 15040
4.625 4.625 4.425000190734863 4.487500190734863 6040
4.625 4.650000095367432 4.474999904632568 4.587500095367432 9480
4.474999904632568 4.550000190734863 4.275000095367432 4.349999904632568 7080
4.599999904632568 4.599999904632568 4.275000095367432 4.300000190734863 5800
4.375 4.550000190734863 4.375 4.375 7080
4.675000190734863 4.800000190734863 4.324999809265137 4.5 12840
4.550000190734863 4.550000190734863 4.425000190734863 4.550000190734863 3200
4.525000095367432 4.577499866485596 4.425000190734863 4.537499904632568 2720
4.699999809265137 4.715000152587891 4.4375 4.599999904632568 23280
4.5 4.599999904632568 4.125 4.242499828338623 12720
4.349999904632568 4.525000095367432 4.300000190734863 4.452499866485596 8640
4.5 4.5 4.192500114440918 4.449999809265137 14720
4.550000190734863 4.715000152587891 4.550000190734863 4.625 4520
4.75 4.900000095367432 4.400000095367432 4.625 12240
4.75 4.800000190734863 4.574999809265137 4.625 2640
4.724999904632568 4.925000190734863 4.599999904632568 4.800000190734863 6400
4.800000190734863 4.949999809265137 4.775000095367432 4.849999904632568 6920
4.824999809265137 5.0 4.699999809265137 4.974999904632568 7520
5.175000190734863 5.599999904632568 5.0 5.199999809265137 44880
5.375 5.5 5.025000095367432 5.224999904632568 19520
5.675000190734863 6.150000095367432 5.025000095367432 5.300000190734863 115400
5.699999809265137 5.699999809265137 5.375 5.375 78120
5.550000190734863 5.775000095367432 5.425000190734863 5.449999809265137 18920
5.625 5.625 5.300000190734863 5.5 7920
5.5 5.699999809265137 5.400000095367432 5.625 5720
5.400000095367432 5.625 5.375 5.550000190734863 13040
5.650000095367432 5.6875 5.425000190734863 5.525000095367432 2000
5.574999809265137 6.050000190734863 5.574999809265137 6.025000095367432 27040
6.099999904632568 6.224999904632568 5.824999809265137 5.925000190734863 13720
6.025000095367432 6.125 5.849999904632568 5.925000190734863 5520
5.900000095367432 6.0 5.875 5.974999904632568 5480
6.0 6.125 5.925000190734863 6.125 4880
6.224999904632568 6.224999904632568 5.824999809265137 6.175000190734863 9320
6.199999809265137 6.474999904632568 6.125 6.300000190734863 19320
6.224999904632568 6.432499885559082 6.0 6.0 13400
6.0 6.375 5.925000190734863 6.150000095367432 37920
6.1875 6.5 6.1875 6.474999904632568 12680
6.574999809265137 7.179999828338623 6.5 6.974999904632568 40640
7.349999904632568 7.75 7.25 7.625 56960
7.675000190734863 7.724999904632568 7.525000095367432 7.724999904632568 13320
7.5 7.642499923706055 7.449999809265137 7.599999904632568 23160
7.349999904632568 7.349999904632568 6.75 6.75 23840
7.0 7.175000190734863 6.875 7.050000190734863 10880
7.150000095367432 7.150000095367432 6.699999809265137 6.699999809265137 7280
7.025000095367432 7.025000095367432 6.672500133514404 6.800000190734863 6200
6.800000190734863 6.862500190734863 6.542500019073486 6.625 6040
6.625 6.900000095367432 6.550000190734863 6.599999904632568 4520
6.840000152587891 6.949999809265137 6.199999809265137 6.5 17760
6.525000095367432 6.625 6.34499979019165 6.474999904632568 10960
6.650000095367432 6.787499904632568 6.349999904632568 6.650000095367432 7560
6.724999904632568 6.974999904632568 6.300000190734863 6.300000190734863 10000
6.775000095367432 6.775000095367432 6.300000190734863 6.525000095367432 3640
6.337500095367432 6.337500095367432 5.599999904632568 5.849999904632568 15320
6.25 6.420000076293945 6.175000190734863 6.275000095367432 5640
6.449999809265137 6.539999961853027 5.625 5.925000190734863 10600
6.275000095367432 6.375 6.0 6.224999904632568 4640
6.199999809265137 6.25 6.0625 6.074999809265137 3320
6.0 6.349999904632568 5.647500038146973 5.824999809265137 10880
5.974999904632568 6.110000133514404 5.599999904632568 5.724999904632568 13400
5.474999904632568 5.900000095367432 5.324999809265137 5.724999904632568 13960
5.824999809265137 6.074999809265137 5.599999904632568 5.75 6280
5.525000095367432 5.537499904632568 5.324999809265137 5.400000095367432 2880
5.650000095367432 5.675000190734863 5.150000095367432 5.199999809265137 2000
5.400000095367432 5.400000095367432 4.862500190734863 5.099999904632568 7160
4.974999904632568 5.099999904632568 4.775000095367432 4.9375 4040
5.175000190734863 5.224999904632568 4.962500095367432 5.0 2560
5.162499904632568 5.449999809265137 4.875 4.875 4600
5.21999979019165 5.550000190734863 5.050000190734863 5.150000095367432 4080
5.34499979019165 5.550000190734863 4.925000190734863 4.949999809265137 2080
5.364999771118164 5.375 5.099999904632568 5.162499904632568 1440
5.275000095367432 5.400000095367432 5.199999809265137 5.199999809265137 12240
5.125 5.309999942779541 5.125 5.199999809265137 3360
5.329999923706055 5.332499980926514 5.025000095367432 5.224999904632568 1840
5.425000190734863 5.425000190734863 5.150000095367432 5.199999809265137 3000
5.324999809265137 5.387499809265137 5.125 5.224999904632568 9200
5.300000190734863 5.449999809265137 5.300000190734863 5.449999809265137 1560
5.425000190734863 5.449999809265137 5.25 5.425000190734863 3640
5.474999904632568 5.497499942779541 5.275000095367432 5.275000095367432 1680
5.324999809265137 5.324999809265137 5.199999809265137 5.252500057220459 3000
5.474999904632568 5.5 5.375 5.449999809265137 5560
5.5 5.675000190734863 5.150000095367432 5.574999809265137 4520
5.599999904632568 5.724999904632568 5.525000095367432 5.525000095367432 4760
5.650000095367432 6.75 5.5 6.275000095367432 76640
6.275000095367432 6.5 5.900000095367432 5.900000095367432 22880
6.0 6.400000095367432 5.800000190734863 5.824999809265137 19720
6.050000190734863 6.449999809265137 5.775000095367432 5.974999904632568 14400
6.199999809265137 6.5 5.800000190734863 5.849999904632568 22040
6.175000190734863 6.199999809265137 6.025000095367432 6.074999809265137 11840
6.349999904632568 6.400000095367432 6.150000095367432 6.150000095367432 8800
6.425000190734863 6.449999809265137 5.849999904632568 5.974999904632568 15640
6.224999904632568 6.25 6.007500171661377 6.050000190734863 2360
6.199999809265137 6.21750020980835 5.800000190734863 6.0 5440
6.25 6.300000190734863 5.824999809265137 5.875 21320
5.849999904632568 5.962500095367432 5.824999809265137 5.824999809265137 1080
5.800000190734863 5.824999809265137 5.275000095367432 5.375 12600
5.574999809265137 5.71999979019165 5.420000076293945 5.625 4640
5.400000095367432 5.625 5.375 5.525000095367432 3200
5.800000190734863 5.800000190734863 5.284999847412109 5.5 6760
5.925000190734863 5.925000190734863 5.599999904632568 5.675000190734863 3880
5.525000095367432 5.525000095367432 5.425000190734863 5.449999809265137 11120
5.449999809265137 5.672500133514404 5.375 5.525000095367432 3000
5.474999904632568 5.900000095367432 5.400000095367432 5.400000095367432 30840
5.425000190734863 5.650000095367432 5.262499809265137 5.425000190734863 10480
5.300000190734863 10.449999809265137 5.300000190734863 6.574999809265137 2861120
6.275000095367432 6.800000190734863 5.949999809265137 6.382500171661377 169840
6.175000190734863 6.625 5.724999904632568 6.150000095367432 95200
5.949999809265137 6.074999809265137 5.5 5.75 43000
5.75 10.425000190734863 5.625 8.625 10596120
8.899999618530273 10.449999809265137 7.925000190734863 9.975000381469727 1935520
9.524999618530273 10.274999618530273 8.574999809265137 8.899999618530273 434880
6.400000095367432 8.0 6.375 7.224999904632568 414960
7.025000095367432 7.175000190734863 6.375 6.724999904632568 249760
6.650000095367432 6.974999904632568 6.349999904632568 6.650000095367432 90440
6.574999809265137 6.75 5.775000095367432 5.974999904632568 121440
5.925000190734863 6.025000095367432 4.525000095367432 4.775000095367432 465720
5.224999904632568 5.5 5.0 5.0 130800
5.449999809265137 5.525000095367432 5.025000095367432 5.375 70160
5.349999904632568 5.449999809265137 4.75 4.875 111320
4.949999809265137 5.175000190734863 4.875 4.949999809265137 50200
4.974999904632568 5.002500057220459 4.775000095367432 4.949999809265137 36160
4.949999809265137 5.074999809265137 4.824999809265137 4.949999809265137 32920
5.0 5.199999809265137 4.824999809265137 5.099999904632568 30280
5.099999904632568 5.199999809265137 5.050000190734863 5.150000095367432 16800
5.300000190734863 5.474999904632568 5.0 5.074999809265137 68040
5.050000190734863 5.599999904632568 5.050000190734863 5.599999904632568 353400
5.400000095367432 5.574999809265137 5.125 5.449999809265137 56840
5.675000190734863 5.75 5.275000095367432 5.425000190734863 215080
5.400000095367432 5.525000095367432 5.130000114440918 5.375 45480
5.25 5.400000095367432 4.275000095367432 4.974999904632568 110240
4.949999809265137 5.099999904632568 4.800000190734863 4.900000095367432 26640
4.900000095367432 4.974999904632568 4.675000190734863 4.724999904632568 49280
4.875 4.974999904632568 4.375 4.525000095367432 46400
4.675000190734863 4.75 4.324999809265137 4.625 52080
4.625 4.724999904632568 4.552499771118164 4.724999904632568 14160
4.650000095367432 4.699999809265137 4.224999904632568 4.5 54520
4.324999809265137 4.574999809265137 4.324999809265137 4.400000095367432 14080
4.400000095367432 4.53249979019165 4.25 4.400000095367432 5680
4.369999885559082 4.570000171661377 4.150000095367432 4.380000114440918 86100
4.300000190734863 4.429999828338623 4.25 4.380000114440918 48700
4.400000095367432 4.699999809265137 4.400000095367432 4.630000114440918 176900
4.53000020980835 4.559999942779541 4.289999961853027 4.46999979019165 50700
4.440000057220459 4.699999809265137 4.409999847412109 4.510000228881836 33000
4.599999904632568 4.960000038146973 4.449999809265137 4.75 128000
4.690000057220459 4.949999809265137 4.650000095367432 4.769999980926514 65800
4.659999847412109 4.949999809265137 4.5 4.550000190734863 55100
4.570000171661377 4.710000038146973 4.329999923706055 4.440000057220459 80700
4.309999942779541 4.440000057220459 4.099999904632568 4.260000228881836 58800
4.284999847412109 4.309999942779541 4.090000152587891 4.170000076293945 21800
4.139999866485596 4.230000019073486 4.050000190734863 4.099999904632568 24500
4.079999923706055 4.117000102996826 3.9100000858306885 3.9700000286102295 17500
3.950000047683716 4.460000038146973 3.759999990463257 4.224999904632568 96900
4.010000228881836 4.441999912261963 4.0 4.159999847412109 33000
4.139999866485596 4.409999847412109 3.8380000591278076 4.070000171661377 10600
4.076000213623047 4.139999866485596 3.9600000381469727 3.990000009536743 19000
4.039999961853027 4.130000114440918 4.010000228881836 4.110000133514404 9200
4.070000171661377 4.300000190734863 4.070000171661377 4.25 70400
4.25 4.25 4.079999923706055 4.079999923706055 19500
4.139999866485596 4.188000202178955 3.890000104904175 4.090000152587891 15900
4.139999866485596 4.21999979019165 4.000999927520752 4.119999885559082 20600
4.099999904632568 4.300000190734863 4.03000020980835 4.039999961853027 41600
4.131999969482422 4.199999809265137 3.940000057220459 3.990000009536743 30600
4.010000228881836 4.146999835968018 3.950000047683716 4.059999942779541 13500
3.9700000286102295 4.119999885559082 3.9700000286102295 3.990000009536743 5800
4.099999904632568 4.138999938964844 3.75 3.8399999141693115 8800
3.9700000286102295 3.9700000286102295 3.8399999141693115 3.859999895095825 6100
3.936000108718872 4.119999885559082 3.859999895095825 3.9100000858306885 5800
3.8499999046325684 3.880000114440918 3.312999963760376 3.5299999713897705 28200
3.5799999237060547 3.700000047683716 3.4000000953674316 3.4200000762939453 7700
3.4800000190734863 3.739000082015991 3.4210000038146973 3.569999933242798 6200
3.6700000762939453 3.7039999961853027 3.450000047683716 3.4600000381469727 9000
3.369999885559082 3.4600000381469727 3.309999942779541 3.309999942779541 4700
3.319999933242798 3.359999895095825 2.6500000953674316 2.799999952316284 33700
3.0799999237060547 3.0799999237060547 2.859999895095825 2.890000104904175 19300
2.934999942779541 2.934999942779541 2.6500000953674316 2.7699999809265137 22100
2.7899999618530273 2.878000020980835 2.7200000286102295 2.819999933242798 15200
2.630000114440918 2.630000114440918 2.25 2.2699999809265137 57200
2.299999952316284 2.450000047683716 2.299999952316284 2.3550000190734863 18400
2.380000114440918 2.5899999141693115 2.369999885559082 2.509999990463257 33700
2.4100000858306885 2.4200000762939453 2.2699999809265137 2.2699999809265137 7100
2.430000066757202 2.4800000190734863 2.3589999675750732 2.4000000953674316 7800
2.380000114440918 2.450000047683716 2.3499999046325684 2.430000066757202 7800
2.384999990463257 2.430000066757202 2.26200008392334 2.299999952316284 7800
2.4000000953674316 2.4000000953674316 2.2799999713897705 2.299999952316284 3600
2.3499999046325684 2.4070000648498535 2.319999933242798 2.359999895095825 1900
2.369999885559082 2.4590001106262207 2.3499999046325684 2.359999895095825 17000
2.3299999237060547 2.5899999141693115 2.309999942779541 2.5399999618530273 40600
2.4800000190734863 2.4800000190734863 2.306999921798706 2.3399999141693115 19100
2.36299991607666 2.450000047683716 2.25 2.450000047683716 40500
2.4700000286102295 2.4700000286102295 2.2799999713897705 2.319999933242798 23400
2.299999952316284 2.3499999046325684 2.200000047683716 2.2799999713897705 20800
2.2200000286102295 2.240000009536743 2.0999999046325684 2.0999999046325684 9900
2.0799999237060547 2.1730000972747803 1.8799999952316284 2.0 27600
2.0199999809265137 2.25 1.940000057220459 1.940000057220459 12500
2.130000114440918 2.130000114440918 1.8899999856948853 1.9550000429153442 20200
1.8899999856948853 1.9600000381469727 1.7999999523162842 1.909999966621399 29200
1.9199999570846558 1.9700000286102295 1.7300000190734863 1.809999942779541 36100
1.8600000143051147 1.899999976158142 1.809999942779541 1.8700000047683716 18200
1.9129999876022339 1.9299999475479126 1.8300000429153442 1.8300000429153442 33200
1.9889999628067017 1.9889999628067017 1.809999942779541 1.809999942779541 10600
1.850000023841858 1.850000023841858 1.7599999904632568 1.7699999809265137 22300
1.7000000476837158 1.7400000095367432 1.5399999618530273 1.5750000476837158 34700
1.590000033378601 1.600000023841858 1.350000023841858 1.4600000381469727 55300
1.690000057220459 1.7000000476837158 1.5 1.600000023841858 17900
1.6399999856948853 1.7100000381469727 1.5950000286102295 1.6510000228881836 7300
1.6799999475479126 1.6799999475479126 1.5 1.5299999713897705 25900
1.5 1.659999966621399 1.5 1.6399999856948853 17900
1.600000023841858 1.7000000476837158 1.5700000524520874 1.6180000305175781 11700
1.600000023841858 1.6660000085830688 1.5640000104904175 1.5640000104904175 13300
1.4700000286102295 1.559999942779541 1.4700000286102295 1.559999942779541 1900
1.5700000524520874 1.5800000429153442 1.4800000190734863 1.5 11900
1.5499999523162842 1.7000000476837158 1.5099999904632568 1.590000033378601 41200
1.5449999570846558 1.6699999570846558 1.5299999713897705 1.5399999618530273 6000
1.590000033378601 1.5950000286102295 1.5089999437332153 1.5199999809265137 8400
1.5299999713897705 1.5399999618530273 1.399999976158142 1.4199999570846558 18800
1.5099999904632568 1.5099999904632568 1.4108999967575073 1.4108999967575073 15525
