25.5 26.6299991607666 25.5 25.760000228881836 5600
25.290000915527344 25.399999618530273 24.600000381469727 24.628999710083008 12000
24.889999389648438 25.030000686645508 24.65999984741211 25.030000686645508 1900
25.079999923706055 25.079999923706055 24.3799991607666 24.39699935913086 1500
25.610000610351562 26.283000946044922 25.610000610351562 26.283000946044922 1500
27.479999542236328 27.479999542236328 26.200000762939453 26.256000518798828 2500
26.3799991607666 26.850000381469727 26.3799991607666 26.75 15400
27.690000534057617 27.690000534057617 26.479999542236328 26.6200008392334 5800
26.739999771118164 27.09600067138672 26.6200008392334 27.09600067138672 3000
27.790000915527344 28.44499969482422 27.790000915527344 28.43000030517578 3700
28.25 28.34000015258789 27.75 28.17099952697754 21500
28.889999389648438 29.139999389648438 28.6200008392334 28.839000701904297 48400
29.8700008392334 29.8700008392334 28.69700050354004 28.799999237060547 16900
28.489999771118164 29.440000534057617 28.489999771118164 28.985000610351562 8500
28.56999969482422 28.56999969482422 27.56999969482422 27.6560001373291 7700
28.3700008392334 28.75 28.25 28.63800048828125 5300
28.809999465942383 28.8799991607666 28.43000030517578 28.545000076293945 5900
28.65999984741211 28.875 28.589000701904297 28.875 2500
29.34000015258789 29.440000534057617 29.06999969482422 29.150999069213867 33400
29.84000015258789 29.84000015258789 28.760000228881836 28.760000228881836 7400
29.299999237060547 29.670000076293945 29.200000762939453 29.610000610351562 11900
29.799999237060547 29.81999969482422 29.450000762939453 29.54800033569336 7400
29.149999618530273 29.149999618530273 28.280000686645508 28.42300033569336 4700
27.149999618530273 28.961000442504883 27.149999618530273 28.961000442504883 11300
29.600000381469727 29.850000381469727 29.538000106811523 29.562000274658203 2400
30.075000762939453 30.280000686645508 29.770000457763672 30.013999938964844 7100
30.1200008392334 30.440000534057617 30.049999237060547 30.264999389648438 6400
30.5 30.799999237060547 30.5 30.7549991607666 3800
30.829999923706055 31.222000122070312 30.829999923706055 31.222000122070312 1800
31.309999465942383 31.53499984741211 30.89299964904785 30.89299964904785 26300
30.799999237060547 31.299999237060547 30.299999237060547 30.631000518798828 6000
30.610000610351562 30.986000061035156 30.270000457763672 30.986000061035156 1000
30.989999771118164 30.989999771118164 30.3700008392334 30.844999313354492 2400
32.0 32.220001220703125 31.454999923706055 31.839000701904297 11600
31.989999771118164 32.40999984741211 31.972000122070312 31.972000122070312 8800
32.619998931884766 32.75 32.58000183105469 32.689998626708984 3600
32.599998474121094 32.61000061035156 32.35499954223633 32.43000030517578 3600
32.7599983215332 32.7599983215332 32.005001068115234 32.4739990234375 6400
33.630001068115234 33.630001068115234 32.696998596191406 32.696998596191406 4400
32.696998596191406 32.696998596191406 31.329999923706055 32.380001068115234 5600
32.65999984741211 32.810001373291016 32.17399978637695 32.17399978637695 800
32.38999938964844 33.279998779296875 32.38999938964844 33.27000045776367 3700
33.459999084472656 33.72999954223633 33.459999084472656 33.65700149536133 1900
34.02000045776367 34.189998626708984 33.810001373291016 34.189998626708984 3800
34.709999084472656 34.709999084472656 34.41999816894531 34.566001892089844 4600
34.619998931884766 34.7400016784668 34.16999816894531 34.244998931884766 2300
34.36000061035156 34.650001525878906 34.36000061035156 34.542999267578125 4000
34.86000061035156 34.86000061035156 34.16999816894531 34.51599884033203 4600
34.529998779296875 34.702999114990234 34.45500183105469 34.702999114990234 2800
35.16999816894531 35.349998474121094 35.16999816894531 35.349998474121094 8100
34.970001220703125 34.970001220703125 33.70000076293945 33.80400085449219 5100
34.720001220703125 34.720001220703125 34.0 34.1510009765625 1900
33.20000076293945 34.56999969482422 33.20000076293945 34.56999969482422 5600
35.689998626708984 35.689998626708984 34.91999816894531 35.084999084472656 4200
35.619998931884766 35.808998107910156 35.310001373291016 35.566001892089844 2300
35.790000915527344 36.900001525878906 35.56999969482422 35.652000427246094 2900
36.04499816894531 36.04499816894531 35.75600051879883 35.75600051879883 3800
36.0099983215332 36.310001373291016 35.81999969482422 36.292999267578125 3700
36.58000183105469 36.869998931884766 36.41999816894531 36.46799850463867 7800
36.56999969482422 36.599998474121094 35.650001525878906 35.81399917602539 8700
35.66999816894531 35.98099899291992 35.66999816894531 35.98099899291992 1300
35.9900016784668 35.9900016784668 35.30099868774414 35.30099868774414 4200
35.0 35.39099884033203 35.0 35.39099884033203 4000
35.91999816894531 36.11000061035156 35.915000915527344 36.10100173950195 1200
36.33000183105469 36.51499938964844 36.33000183105469 36.51499938964844 4200
37.14899826049805 37.14899826049805 36.89899826049805 36.89899826049805 6200
37.95000076293945 38.029998779296875 37.619998931884766 37.724998474121094 9900
37.70000076293945 37.9900016784668 37.58000183105469 37.58000183105469 2300
37.560001373291016 38.68899917602539 37.560001373291016 38.68899917602539 4100
39.150001525878906 39.21200180053711 38.75 39.21200180053711 5500
39.47999954223633 39.47999954223633 38.7599983215332 38.94300079345703 4100
39.56999969482422 39.63999938964844 37.755001068115234 37.762001037597656 10400
37.77000045776367 37.856998443603516 36.880001068115234 37.856998443603516 5900
39.290000915527344 40.20000076293945 37.630001068115234 37.888999938964844 7100
37.25 37.255001068115234 36.900001525878906 37.255001068115234 4500
36.900001525878906 37.46200180053711 36.900001525878906 37.46200180053711 5300
37.88999938964844 38.50400161743164 37.65999984741211 38.50400161743164 3700
38.939998626708984 38.939998626708984 38.60100173950195 38.60100173950195 3900
38.540000915527344 38.7599983215332 38.439998626708984 38.624000549316406 3700
38.2400016784668 38.84000015258789 37.849998474121094 37.88999938964844 5100
37.86000061035156 38.150001525878906 37.58300018310547 38.132999420166016 12300
38.72999954223633 39.09000015258789 38.650001525878906 39.09000015258789 6000
39.08000183105469 39.08000183105469 38.505001068115234 38.505001068115234 2700
38.939998626708984 39.5099983215332 38.939998626708984 39.4739990234375 10200
39.560001373291016 40.150001525878906 39.36000061035156 40.08100128173828 5300
40.65999984741211 40.65999984741211 39.900001525878906 40.16600036621094 8500
40.88999938964844 41.09000015258789 40.709999084472656 40.99399948120117 15800
40.77000045776367 41.67300033569336 40.77000045776367 41.67300033569336 4600
42.13999938964844 42.13999938964844 41.810001373291016 41.99599838256836 16300
41.9900016784668 42.060001373291016 41.65999984741211 41.99800109863281 8900
41.349998474121094 41.599998474121094 40.43000030517578 40.87200164794922 12400
40.63999938964844 40.880001068115234 39.994998931884766 40.3489990234375 8300
40.084999084472656 40.25 39.61199951171875 39.61199951171875 6600
39.599998474121094 40.779998779296875 39.599998474121094 40.62799835205078 7900
40.75 40.95000076293945 40.650001525878906 40.66600036621094 5800
40.70199966430664 40.915000915527344 40.5989990234375 40.5989990234375 5400
41.119998931884766 41.21500015258789 41.0099983215332 41.20600128173828 3500
41.79999923706055 41.79999923706055 41.435001373291016 41.540000915527344 6400
41.91999816894531 41.91999816894531 41.40999984741211 41.41299819946289 5800
41.31999969482422 41.98899841308594 41.31999969482422 41.957000732421875 2600
41.65999984741211 42.209999084472656 41.65999984741211 42.13199996948242 7300
42.970001220703125 42.999000549316406 42.400001525878906 42.470001220703125 11400
42.400001525878906 43.03499984741211 42.400001525878906 43.03499984741211 5600
43.68000030517578 44.31800079345703 43.349998474121094 44.25 9500
44.31999969482422 44.31999969482422 43.70000076293945 43.95000076293945 8600
44.209999084472656 44.290000915527344 44.05500030517578 44.220001220703125 15900
44.369998931884766 44.56999969482422 44.11000061035156 44.44900131225586 5700
45.0 45.67300033569336 44.93000030517578 45.67300033569336 11000
46.54999923706055 46.54999923706055 45.22999954223633 45.9900016784668 20500
45.470001220703125 45.470001220703125 43.0099983215332 43.380001068115234 21500
42.90999984741211 43.6619987487793 41.20000076293945 42.790000915527344 24700
40.810001373291016 42.0 40.02199935913086 41.14699935913086 11500
41.380001068115234 42.5 41.380001068115234 42.244998931884766 5500
42.70500183105469 42.83000183105469 41.38800048828125 41.49300003051758 9100
41.959999084472656 41.959999084472656 41.275001525878906 41.32899856567383 3200
41.540000915527344 42.41899871826172 41.540000915527344 42.007999420166016 3400
42.4900016784668 42.6609992980957 42.45500183105469 42.6609992980957 1600
43.13999938964844 43.13999938964844 42.150001525878906 42.150001525878906 3700
40.47999954223633 41.81999969482422 40.47999954223633 41.78799819946289 5400
40.0 41.9900016784668 40.0 41.369998931884766 6400
40.31999969482422 41.779998779296875 40.31999969482422 41.77000045776367 5500
41.66899871826172 42.3390007019043 41.590999603271484 42.3390007019043 3800
42.560001373291016 42.560001373291016 41.26300048828125 41.26300048828125 2600
40.560001373291016 41.4900016784668 40.560001373291016 41.349998474121094 3000
41.0 41.9900016784668 41.0 41.970001220703125 9200
42.93000030517578 42.93000030517578 42.47999954223633 42.69499969482422 2300
41.9900016784668 42.93000030517578 41.9900016784668 42.790000915527344 3500
43.17499923706055 43.36000061035156 42.9900016784668 43.16600036621094 2100
43.560001373291016 44.040000915527344 43.52000045776367 43.93000030517578 9000
42.59000015258789 43.77000045776367 42.59000015258789 43.130001068115234 4200
43.130001068115234 44.15700149536133 43.130001068115234 44.15700149536133 1900
44.310001373291016 44.790000915527344 43.9900016784668 44.130001068115234 7100
44.310001373291016 45.130001068115234 44.310001373291016 45.08700180053711 9800
45.2599983215332 45.380001068115234 45.09000015258789 45.17100143432617 3600
45.90999984741211 45.90999984741211 45.380001068115234 45.882999420166016 1500
46.630001068115234 46.82899856567383 46.250999450683594 46.54600143432617 3800
46.77000045776367 46.97999954223633 46.43600082397461 46.81800079345703 4200
47.11000061035156 47.11000061035156 46.183998107910156 46.270999908447266 4800
45.720001220703125 46.0 45.2400016784668 45.88999938964844 3900
46.17499923706055 46.220001220703125 45.81999969482422 45.84199905395508 3300
46.22999954223633 46.22999954223633 45.310001373291016 45.310001373291016 6900
45.22999954223633 45.91999816894531 45.22999954223633 45.595001220703125 2700
45.709999084472656 45.709999084472656 45.24800109863281 45.24800109863281 3000
45.34000015258789 45.34000015258789 44.58000183105469 45.01499938964844 4500
44.814998626708984 45.28200149536133 44.80500030517578 45.28200149536133 4000
45.40999984741211 45.40999984741211 44.29800033569336 44.61899948120117 3000
45.0 45.16600036621094 44.959999084472656 45.16600036621094 4200
44.58000183105469 44.58000183105469 43.70000076293945 43.82600021362305 15200
44.060001373291016 44.98500061035156 44.060001373291016 44.79999923706055 2800
43.395999908447266 43.400001525878906 43.111000061035156 43.207000732421875 3700
43.34000015258789 43.66999816894531 42.86000061035156 43.27899932861328 4300
43.31999969482422 43.97999954223633 43.31999969482422 43.79999923706055 9500
45.27000045776367 46.060001373291016 45.138999938964844 46.060001373291016 4000
46.75 47.60300064086914 46.75 47.5099983215332 8900
47.45000076293945 48.130001068115234 47.06999969482422 48.07099914550781 14800
49.630001068115234 49.630001068115234 46.47800064086914 46.47800064086914 10900
46.0 46.0 43.83000183105469 44.32500076293945 8700
44.93000030517578 45.65999984741211 44.93000030517578 45.60900115966797 11300
46.060001373291016 46.26499938964844 45.71699905395508 45.71699905395508 3500
45.970001220703125 46.540000915527344 45.86000061035156 46.21099853515625 7200
45.689998626708984 46.849998474121094 45.689998626708984 46.71500015258789 12000
46.779998779296875 46.779998779296875 46.40999984741211 46.45500183105469 6400
46.555999755859375 46.555999755859375 46.040000915527344 46.040000915527344 1500
45.869998931884766 46.922000885009766 45.869998931884766 46.922000885009766 1800
47.0 47.560001373291016 47.0 47.130001068115234 4200
47.7599983215332 47.7599983215332 46.959999084472656 47.3120002746582 2300
47.70000076293945 47.70000076293945 46.9900016784668 47.40800094604492 17200
47.45000076293945 47.52000045776367 47.28099822998047 47.4739990234375 3100
48.0 48.279998779296875 48.0 48.22999954223633 13500
48.099998474121094 48.2400016784668 47.29999923706055 48.220001220703125 8600
48.63999938964844 48.63999938964844 48.18600082397461 48.27000045776367 10400
48.0 48.349998474121094 47.83000183105469 48.236000061035156 7300
48.0 48.7599983215332 48.0 48.19300079345703 4600
48.540000915527344 49.29499816894531 48.45800018310547 49.29499816894531 8200
49.599998474121094 49.599998474121094 49.35499954223633 49.518001556396484 6900
49.63999938964844 50.097999572753906 49.595001220703125 50.0620002746582 4400
49.84000015258789 50.07899856567383 48.67399978637695 48.78200149536133 7200
48.5 49.42900085449219 48.5 49.29399871826172 1900
49.20000076293945 49.27000045776367 48.599998474121094 48.9739990234375 3200
49.52000045776367 49.52000045776367 49.23099899291992 49.23099899291992 6600
49.93000030517578 49.93000030517578 48.86000061035156 49.3489990234375 15500
49.33000183105469 50.0 49.33000183105469 49.9370002746582 9000
50.5 50.59700012207031 50.32699966430664 50.55400085449219 3300
50.70000076293945 50.75899887084961 50.54999923706055 50.59199905395508 1900
50.36000061035156 50.68000030517578 49.94499969482422 50.45000076293945 7600
50.75 50.77000045776367 50.23500061035156 50.69599914550781 3300
50.68000030517578 50.68000030517578 50.28799819946289 50.28799819946289 5300
50.02000045776367 50.32500076293945 50.02000045776367 50.099998474121094 2900
50.43000030517578 50.43000030517578 49.28499984741211 49.459999084472656 7600
49.900001525878906 49.900001525878906 49.369998931884766 49.606998443603516 12700
49.650001525878906 50.49300003051758 49.5 50.48099899291992 9400
50.790000915527344 50.790000915527344 50.2599983215332 50.32600021362305 6900
51.13999938964844 51.13999938964844 49.54999923706055 49.99300003051758 12800
49.9900016784668 51.095001220703125 49.9900016784668 51.095001220703125 11600
50.43000030517578 50.939998626708984 50.220001220703125 50.279998779296875 7400
51.189998626708984 51.869998931884766 51.189998626708984 51.869998931884766 3400
52.630001068115234 52.810001373291016 52.02000045776367 52.80500030517578 5500
52.41999816894531 52.959999084472656 52.22999954223633 52.39500045776367 5200
52.880001068115234 52.880001068115234 52.10200119018555 52.430999755859375 39400
52.7400016784668 53.040000915527344 52.5099983215332 52.7869987487793 11300
53.5099983215332 54.029998779296875 53.220001220703125 53.229000091552734 104800
53.709999084472656 53.709999084472656 52.1619987487793 52.40299987792969 27400
53.630001068115234 54.279998779296875 53.599998474121094 54.154998779296875 27900
55.130001068115234 55.86899948120117 55.130001068115234 55.650001525878906 92300
56.130001068115234 56.130001068115234 55.650001525878906 55.9900016784668 46800
56.02000045776367 56.15999984741211 55.900001525878906 56.119998931884766 38300
57.0099983215332 57.5 55.0099983215332 56.08000183105469 77100
56.08000183105469 56.08000183105469 55.099998474121094 55.1150016784668 33800
54.369998931884766 55.43000030517578 52.58000183105469 52.72999954223633 63800
53.56999969482422 54.529998779296875 53.220001220703125 53.779998779296875 36800
54.20000076293945 54.20000076293945 52.7400016784668 53.16999816894531 26200
54.040000915527344 55.790000915527344 54.040000915527344 55.630001068115234 27000
56.779998779296875 57.11000061035156 56.33000183105469 57.04999923706055 37400
57.7599983215332 57.81999969482422 57.22999954223633 57.41999816894531 21300
57.83000183105469 60.74700164794922 56.83000183105469 57.29999923706055 22700
57.84000015258789 57.91999816894531 57.020999908447266 57.70000076293945 24800
58.58000183105469 58.94200134277344 58.470001220703125 58.89500045776367 23300
59.060001373291016 59.29999923706055 58.790000915527344 59.099998474121094 17400
59.9900016784668 60.064998626708984 58.630001068115234 59.65999984741211 27800
60.0 60.71799850463867 60.0 60.619998931884766 20400
59.849998474121094 61.1349983215332 59.849998474121094 61.1349983215332 20300
60.5 61.650001525878906 60.209999084472656 60.720001220703125 35500
60.59000015258789 60.59000015258789 59.31999969482422 60.01499938964844 20400
59.310001373291016 59.310001373291016 58.29999923706055 59.130001068115234 26300
59.5 60.31999969482422 59.5 59.880001068115234 12600
58.75 58.75 56.69499969482422 56.70000076293945 46700
55.0 56.290000915527344 53.619998931884766 56.02000045776367 43300
55.54999923706055 56.13999938964844 54.369998931884766 56.040000915527344 18100
56.18000030517578 56.310001373291016 53.279998779296875 53.68299865722656 17800
53.470001220703125 54.23500061035156 52.599998474121094 53.900001525878906 12900
55.22999954223633 56.099998474121094 54.88800048828125 55.959999084472656 17000
56.31999969482422 56.43000030517578 54.7400016784668 54.83000183105469 9400
55.150001525878906 55.150001525878906 53.040000915527344 53.176998138427734 17900
52.83000183105469 52.939998626708984 49.779998779296875 50.599998474121094 39400
50.81999969482422 51.2400016784668 48.279998779296875 50.77000045776367 53100
50.15999984741211 50.470001220703125 47.61000061035156 47.61000061035156 92500
47.810001373291016 50.869998931884766 47.810001373291016 50.529998779296875 18600
51.0 51.25 49.630001068115234 49.685001373291016 11500
51.400001525878906 52.619998931884766 51.400001525878906 52.529998779296875 26200
51.04999923706055 51.763999938964844 51.0099983215332 51.763999938964844 4100
51.5099983215332 52.16999816894531 51.290000915527344 52.16999816894531 11000
52.560001373291016 53.35900115966797 52.332000732421875 52.494998931884766 6200
51.810001373291016 52.4900016784668 50.91999816894531 52.18000030517578 3500
51.5099983215332 51.5099983215332 50.130001068115234 50.13999938964844 14600
50.220001220703125 50.84000015258789 49.79999923706055 50.59000015258789 11800
50.56999969482422 51.54999923706055 50.56999969482422 51.04999923706055 11000
51.06999969482422 51.06999969482422 50.38999938964844 50.38999938964844 8600
50.0099983215332 50.0099983215332 48.220001220703125 48.25 11700
47.5 48.54899978637695 47.5 48.34000015258789 13900
48.77000045776367 49.54999923706055 48.400001525878906 49.54999923706055 4200
49.470001220703125 49.470001220703125 48.349998474121094 48.775001525878906 5900
48.189998626708984 49.209999084472656 48.189998626708984 49.02000045776367 6900
49.16999816894531 50.755001068115234 49.16999816894531 50.41999816894531 9100
51.66999816894531 52.31999969482422 51.66999816894531 52.20000076293945 10200
53.029998779296875 53.029998779296875 52.236000061035156 52.654998779296875 10200
52.13999938964844 53.57400131225586 52.13999938964844 53.08000183105469 7300
52.95000076293945 52.95000076293945 52.45000076293945 52.5099983215332 4800
53.38999938964844 53.689998626708984 53.38999938964844 53.52000045776367 3500
53.43000030517578 53.43000030517578 52.904998779296875 53.35599899291992 3300
52.59299850463867 52.95500183105469 52.2599983215332 52.81999969482422 5900
53.25 53.290000915527344 53.040000915527344 53.290000915527344 4200
53.63999938964844 53.720001220703125 52.540000915527344 52.540000915527344 5800
53.459999084472656 53.900001525878906 53.36000061035156 53.900001525878906 3400
53.45000076293945 53.4630012512207 53.290000915527344 53.36000061035156 5600
52.70000076293945 53.31999969482422 52.209999084472656 52.43000030517578 5700
52.54999923706055 52.57600021362305 51.5099983215332 51.77000045776367 10300
51.54999923706055 52.5 51.54999923706055 52.5 3900
52.25 53.064998626708984 52.25 52.301998138427734 3500
53.47999954223633 53.90999984741211 53.400001525878906 53.88600158691406 4300
53.88999938964844 54.73500061035156 53.7400016784668 54.72999954223633 6900
54.65999984741211 55.15999984741211 54.65999984741211 54.689998626708984 5500
54.93000030517578 55.02000045776367 54.43000030517578 54.599998474121094 7400
55.47999954223633 55.47999954223633 53.58000183105469 54.154998779296875 7500
53.5 54.06999969482422 53.000999450683594 53.0099983215332 8000
53.400001525878906 53.400001525878906 52.08000183105469 52.222999572753906 6000
51.869998931884766 51.869998931884766 50.16999816894531 50.779998779296875 7400
51.0 51.43000030517578 50.70000076293945 50.70000076293945 5100
50.099998474121094 50.400001525878906 49.7599983215332 50.400001525878906 6800
51.150001525878906 51.34700012207031 50.895999908447266 50.895999908447266 2900
50.25 50.25 48.31999969482422 48.40999984741211 24500
47.06999969482422 48.709999084472656 46.470001220703125 48.69200134277344 23100
47.5890007019043 47.5890007019043 46.59000015258789 46.902000427246094 5600
47.970001220703125 47.970001220703125 46.04999923706055 46.4739990234375 15300
46.93000030517578 48.150001525878906 46.93000030517578 48.1150016784668 5100
47.86000061035156 48.05400085449219 47.560001373291016 48.05400085449219 3600
48.29999923706055 49.25 48.29999923706055 48.59199905395508 3200
47.650001525878906 48.768001556396484 47.650001525878906 48.768001556396484 4100
49.46500015258789 50.32500076293945 49.46500015258789 50.32500076293945 11000
50.810001373291016 50.810001373291016 49.93000030517578 50.016998291015625 2000
50.439998626708984 50.933998107910156 50.439998626708984 50.933998107910156 5100
51.650001525878906 51.650001525878906 51.119998931884766 51.209999084472656 2500
51.529998779296875 51.61899948120117 51.5 51.55699920654297 2400
51.2599983215332 51.494998931884766 50.72999954223633 51.494998931884766 3400
51.779998779296875 52.165000915527344 51.779998779296875 51.9010009765625 1300
52.529998779296875 53.154998779296875 52.43000030517578 52.832000732421875 6700
52.709999084472656 53.20000076293945 52.599998474121094 52.749000549316406 3000
51.880001068115234 52.0629997253418 51.72800064086914 51.72800064086914 4000
52.6609992980957 52.840999603271484 52.5989990234375 52.784000396728516 2100
52.20000076293945 52.58000183105469 51.810001373291016 52.58000183105469 20700
52.77000045776367 52.880001068115234 52.77000045776367 52.79999923706055 1500
52.79999923706055 53.02000045776367 52.79999923706055 52.827999114990234 1700
52.77000045776367 53.78300094604492 52.77000045776367 53.78300094604492 3300
53.779998779296875 54.029998779296875 53.709999084472656 54.029998779296875 3600
54.220001220703125 54.88999938964844 54.220001220703125 54.819000244140625 4300
54.61000061035156 54.61000061035156 54.029998779296875 54.10599899291992 3000
54.224998474121094 54.224998474121094 53.939998626708984 54.018001556396484 1800
54.2400016784668 55.599998474121094 54.2400016784668 55.42900085449219 5200
55.06999969482422 55.61000061035156 55.06999969482422 55.4739990234375 7500
54.91999816894531 55.13999938964844 54.3849983215332 55.0099983215332 7000
54.814998626708984 55.27000045776367 54.814998626708984 55.27000045776367 4100
55.16999816894531 56.0099983215332 55.16999816894531 55.8390007019043 5400
56.5 57.13999938964844 56.5 56.90999984741211 8000
56.900001525878906 56.900001525878906 56.59000015258789 56.803001403808594 2100
57.43000030517578 57.83000183105469 57.43000030517578 57.83000183105469 3400
57.06999969482422 58.08000183105469 57.06999969482422 57.98500061035156 3700
57.779998779296875 57.95000076293945 57.5 57.53200149536133 3200
57.06999969482422 57.54999923706055 56.470001220703125 57.0099983215332 14500
57.20000076293945 57.38999938964844 57.02000045776367 57.275001525878906 4900
56.95000076293945 57.290000915527344 56.65999984741211 57.06999969482422 6100
57.400001525878906 57.400001525878906 56.25 56.29999923706055 4600
55.290000915527344 55.869998931884766 53.720001220703125 55.459999084472656 10000
56.0099983215332 56.65999984741211 56.0099983215332 56.65999984741211 3700
56.630001068115234 57.06700134277344 56.5 56.779998779296875 6000
56.65999984741211 57.5 56.65999984741211 57.040000915527344 2500
57.45000076293945 57.45000076293945 56.3390007019043 56.3390007019043 4500
56.0 56.279998779296875 55.290000915527344 55.38999938964844 2300
55.599998474121094 55.599998474121094 54.78799819946289 54.78799819946289 4000
54.0 54.73500061035156 53.630001068115234 54.659000396728516 8100
54.689998626708984 55.49700164794922 54.689998626708984 55.49700164794922 3600
55.54999923706055 56.43000030517578 55.54999923706055 56.43000030517578 2000
56.58000183105469 56.755001068115234 56.43000030517578 56.755001068115234 4800
56.689998626708984 56.81999969482422 56.119998931884766 56.733001708984375 7300
56.060001373291016 56.060001373291016 54.34000015258789 55.69499969482422 5100
55.06999969482422 55.119998931884766 53.29999923706055 54.34000015258789 4000
55.18000030517578 56.13999938964844 54.79999923706055 56.05500030517578 4700
56.63999938964844 56.775001525878906 56.439998626708984 56.5 2300
55.54999923706055 56.189998626708984 55.54999923706055 55.90299987792969 1200
55.880001068115234 56.88999938964844 55.86000061035156 56.404998779296875 3500
56.025001525878906 56.499000549316406 55.869998931884766 56.499000549316406 2900
56.56999969482422 57.439998626708984 56.56999969482422 57.439998626708984 5900
57.65999984741211 58.040000915527344 57.63999938964844 57.939998626708984 3500
57.939998626708984 57.939998626708984 57.310001373291016 57.46699905395508 3100
57.474998474121094 57.79999923706055 57.474998474121094 57.75699996948242 1300
58.0 58.0 57.03900146484375 57.03900146484375 3400
57.290000915527344 57.290000915527344 56.551998138427734 56.95100021362305 1800
57.11000061035156 57.279998779296875 57.06999969482422 57.2599983215332 1600
57.66999816894531 57.66999816894531 57.37099838256836 57.37099838256836 700
56.81999969482422 57.08000183105469 55.81999969482422 56.27000045776367 9800
55.82500076293945 56.189998626708984 55.56999969482422 55.775001525878906 1600
56.060001373291016 56.380001068115234 55.77199935913086 55.77199935913086 1600
55.119998931884766 56.130001068115234 55.06999969482422 55.65999984741211 1600
56.459999084472656 56.459999084472656 56.26300048828125 56.26300048828125 800
56.880001068115234 57.867000579833984 56.797000885009766 57.867000579833984 5100
58.119998931884766 58.7599983215332 58.119998931884766 58.72999954223633 6200
58.959999084472656 59.08000183105469 58.95000076293945 59.08000183105469 4900
58.95000076293945 58.95000076293945 58.78499984741211 58.78499984741211 600
58.939998626708984 59.520999908447266 58.900001525878906 59.520999908447266 4200
60.060001373291016 60.345001220703125 60.060001373291016 60.25 3900
60.0 60.47999954223633 59.900001525878906 60.47999954223633 1100
60.900001525878906 61.310001373291016 60.900001525878906 61.02000045776367 4900
60.71900177001953 60.869998931884766 60.619998931884766 60.869998931884766 2600
60.900001525878906 61.90999984741211 60.900001525878906 61.84299850463867 3200
62.349998474121094 62.38800048828125 61.95000076293945 61.95000076293945 14800
61.400001525878906 61.400001525878906 60.470001220703125 60.85300064086914 10100
60.540000915527344 60.83000183105469 60.540000915527344 60.65999984741211 2200
61.209999084472656 61.22999954223633 60.362998962402344 60.36899948120117 3800
59.970001220703125 60.25 59.345001220703125 60.04499816894531 2600
60.119998931884766 60.47999954223633 60.119998931884766 60.262001037597656 1200
59.779998779296875 60.25 59.68899917602539 60.25 1100
59.744998931884766 60.599998474121094 59.744998931884766 60.599998474121094 3100
60.040000915527344 60.04999923706055 59.7400016784668 60.029998779296875 2400
58.459999084472656 58.849998474121094 57.494998931884766 58.21099853515625 12100
58.75 58.77000045776367 58.59299850463867 58.73699951171875 1700
58.9900016784668 59.810001373291016 58.9900016784668 59.77899932861328 1900
60.159000396728516 60.45000076293945 60.05099868774414 60.404998779296875 1500
59.599998474121094 60.04600143432617 59.599998474121094 60.04600143432617 800
59.619998931884766 59.71900177001953 59.071998596191406 59.71900177001953 1300
57.52000045776367 57.61000061035156 57.10599899291992 57.10599899291992 2400
57.5 57.5 56.40599822998047 56.40599822998047 1200
56.84000015258789 57.30099868774414 56.84000015258789 57.08700180053711 1500
56.111000061035156 57.22200012207031 56.111000061035156 57.22200012207031 2200
56.0 56.04999923706055 54.970001220703125 55.42499923706055 11200
55.81999969482422 56.64500045776367 55.81999969482422 56.64500045776367 1700
56.7599983215332 57.27899932861328 56.7599983215332 57.27899932861328 900
58.880001068115234 59.25 58.61000061035156 58.61000061035156 2900
58.59000015258789 58.779998779296875 58.268001556396484 58.268001556396484 1400
57.810001373291016 58.58000183105469 57.810001373291016 58.03799819946289 600
58.30099868774414 58.34000015258789 58.1349983215332 58.209999084472656 1500
58.43000030517578 59.78300094604492 58.43000030517578 59.78300094604492 1200
60.7599983215332 60.869998931884766 60.599998474121094 60.689998626708984 5100
61.0 61.220001220703125 60.90999984741211 61.21500015258789 5400
61.513999938964844 62.220001220703125 61.513999938964844 62.220001220703125 4000
62.900001525878906 62.922000885009766 62.900001525878906 62.922000885009766 800
62.849998474121094 62.91899871826172 62.46099853515625 62.68899917602539 1400
62.560001373291016 63.380001068115234 62.560001373291016 63.30799865722656 4200
63.029998779296875 63.290000915527344 62.595001220703125 62.67599868774414 2500
62.959999084472656 63.220001220703125 62.959999084472656 63.10300064086914 5800
63.63999938964844 63.665000915527344 62.93299865722656 62.93299865722656 2000
63.52399826049805 63.52399826049805 62.70399856567383 62.70399856567383 2500
63.0099983215332 63.20600128173828 62.88199996948242 63.20600128173828 1300
62.93000030517578 63.20000076293945 62.900001525878906 63.20000076293945 1500
63.720001220703125 63.90999984741211 63.689998626708984 63.891998291015625 2700
64.0 64.19499969482422 64.0 64.19499969482422 1500
64.26000213623047 64.7760009765625 64.12000274658203 64.7760009765625 1200
65.5199966430664 66.86499786376953 65.5199966430664 66.5999984741211 2600
67.49400329589844 67.49400329589844 66.62999725341797 66.77400207519531 3300
67.44999694824219 68.23999786376953 67.44999694824219 68.12200164794922 2600
69.16999816894531 69.16999816894531 67.51000213623047 67.98500061035156 5900
67.48999786376953 67.83000183105469 66.11000061035156 66.2040023803711 3700
66.94999694824219 67.52999877929688 66.94999694824219 67.47000122070312 3100
67.70999908447266 68.48400115966797 67.70999908447266 68.48400115966797 1700
69.13999938964844 69.13999938964844 68.0 68.29100036621094 2900
68.41999816894531 69.28800201416016 68.41999816894531 69.28800201416016 3700
68.75 68.75 68.22000122070312 68.31999969482422 6600
69.13999938964844 69.50399780273438 68.81400299072266 68.81400299072266 1200
69.20999908447266 69.3290023803711 68.85900115966797 68.85900115966797 3800
69.23999786376953 69.25499725341797 66.80000305175781 66.80000305175781 6700
66.75 66.75 65.0 66.02999877929688 5500
65.4000015258789 67.08300018310547 65.21099853515625 67.08300018310547 1900
66.5999984741211 66.70999908447266 65.68000030517578 65.79199981689453 3500
66.79000091552734 67.27799987792969 66.29000091552734 67.27799987792969 3500
67.51000213623047 67.51000213623047 65.23999786376953 65.66000366210938 4000
66.12999725341797 66.12999725341797 63.297000885009766 63.297000885009766 4700
62.959999084472656 63.58100128173828 62.79999923706055 63.45500183105469 3100
64.27999877929688 64.27999877929688 61.720001220703125 62.534000396728516 5400
63.189998626708984 63.189998626708984 60.72999954223633 62.356998443603516 12800
63.939998626708984 65.55999755859375 63.939998626708984 65.26000213623047 3300
64.76000213623047 65.91200256347656 64.76000213623047 65.9000015258789 600
66.08999633789062 66.09500122070312 64.28399658203125 64.28399658203125 1100
65.1500015258789 65.1500015258789 63.79999923706055 63.959999084472656 2100
63.91999816894531 63.91999816894531 62.72999954223633 62.72999954223633 1600
61.380001068115234 61.78099822998047 60.83100128173828 61.66699981689453 3800
61.2400016784668 63.56999969482422 60.88999938964844 63.56999969482422 2200
63.49300003051758 63.5 60.66999816894531 61.055999755859375 3100
60.220001220703125 61.25 60.09000015258789 61.02000045776367 3600
59.93000030517578 60.20000076293945 59.61199951171875 60.20000076293945 5700
61.029998779296875 62.79800033569336 60.619998931884766 62.79800033569336 2200
62.61000061035156 63.29999923706055 62.61000061035156 63.16299819946289 4400
62.939998626708984 63.70000076293945 62.939998626708984 63.404998779296875 3800
64.5 64.64800262451172 64.18000030517578 64.49600219726562 3300
64.0 64.0 63.369998931884766 63.65399932861328 900
63.000999450683594 63.34700012207031 63.0 63.34700012207031 4400
63.56999969482422 64.11499786376953 63.46500015258789 63.46500015258789 1500
63.380001068115234 63.380001068115234 63.0 63.0 500
63.36000061035156 63.36000061035156 63.0 63.25400161743164 2300
62.810001373291016 62.810001373291016 60.81999969482422 61.69200134277344 3200
60.91999816894531 60.91999816894531 58.8390007019043 58.8390007019043 3900
58.06999969482422 59.779998779296875 57.959999084472656 59.22800064086914 7600
58.0 58.67599868774414 57.9900016784668 58.242000579833984 3900
56.481998443603516 58.30699920654297 56.130001068115234 58.30699920654297 3800
58.130001068115234 59.9379997253418 58.130001068115234 59.9379997253418 2800
60.78499984741211 60.78499984741211 59.970001220703125 59.970001220703125 1900
58.90999984741211 58.90999984741211 57.4109992980957 57.4109992980957 5300
58.209999084472656 58.209999084472656 57.5 58.20399856567383 2400
57.0 57.52799987792969 56.25 56.28300094604492 5000
56.29999923706055 56.810001373291016 55.75899887084961 55.75899887084961 18000
56.20000076293945 57.150001525878906 55.07699966430664 55.07699966430664 5300
54.470001220703125 55.060001373291016 53.34000015258789 53.34000015258789 10200
51.900001525878906 53.560001373291016 49.91999816894531 53.560001373291016 35400
52.540000915527344 52.540000915527344 51.58000183105469 51.63100051879883 4300
52.5099983215332 53.029998779296875 50.88999938964844 51.0989990234375 8400
52.0 52.0 50.0 50.18000030517578 4700
49.189998626708984 51.53300094604492 49.189998626708984 51.53300094604492 4400
53.220001220703125 54.94200134277344 53.220001220703125 54.94200134277344 3900
55.150001525878906 55.78300094604492 55.150001525878906 55.78300094604492 1900
56.0 56.209999084472656 55.779998779296875 55.986000061035156 2700
54.31999969482422 54.599998474121094 53.150001525878906 53.45000076293945 3300
54.3849983215332 55.11000061035156 53.630001068115234 54.91999816894531 3500
54.81999969482422 55.415000915527344 54.645999908447266 54.645999908447266 4200
54.5 55.9900016784668 54.5 55.900001525878906 1800
56.47999954223633 57.65999984741211 56.33000183105469 57.65999984741211 7100
56.959999084472656 58.18000030517578 56.58000183105469 56.58000183105469 4000
56.279998779296875 56.279998779296875 53.38999938964844 53.68299865722656 9600
53.619998931884766 53.790000915527344 53.207000732421875 53.207000732421875 3900
54.36000061035156 55.689998626708984 54.189998626708984 55.689998626708984 2600
54.86000061035156 55.13600158691406 54.290000915527344 55.13600158691406 2000
53.9900016784668 53.9900016784668 52.720001220703125 52.7599983215332 2700
52.43000030517578 52.43000030517578 51.0 51.61000061035156 3100
51.900001525878906 52.279998779296875 50.779998779296875 51.034000396728516 4300
51.15999984741211 51.689998626708984 49.599998474121094 49.599998474121094 6100
47.16999816894531 51.61600112915039 47.16999816894531 51.61600112915039 4400
51.0 52.42900085449219 51.0 52.42900085449219 1100
52.40999984741211 53.41999816894531 51.84000015258789 52.7869987487793 7800
52.59000015258789 52.59000015258789 51.11000061035156 51.13999938964844 5000
51.43000030517578 52.08700180053711 51.43000030517578 52.07500076293945 5600
52.099998474121094 52.099998474121094 49.59000015258789 49.86199951171875 2000
49.25 49.25 47.970001220703125 48.31999969482422 2800
47.93000030517578 47.93000030517578 45.632999420166016 45.632999420166016 7100
45.25 46.7599983215332 45.040000915527344 46.04999923706055 7700
47.5 48.46200180053711 47.5 48.38999938964844 6000
47.334999084472656 47.604000091552734 46.61000061035156 47.604000091552734 1300
47.96500015258789 47.96500015258789 45.887001037597656 45.887001037597656 2500
44.43000030517578 44.59000015258789 43.987998962402344 43.987998962402344 3100
43.77000045776367 45.900001525878906 43.77000045776367 45.900001525878906 3100
47.31999969482422 48.957000732421875 47.31999969482422 48.957000732421875 14700
48.29999923706055 49.72600173950195 48.29999923706055 49.72600173950195 2500
50.22999954223633 51.29999923706055 50.22999954223633 51.290000915527344 2700
51.0 51.0 50.53499984741211 50.86399841308594 2000
50.900001525878906 52.595001220703125 50.900001525878906 51.91699981689453 1700
51.52000045776367 52.25 51.14099884033203 51.14099884033203 2000
52.180999755859375 52.61899948120117 52.180999755859375 52.61899948120117 1000
52.130001068115234 52.41999816894531 51.540000915527344 51.95399856567383 2500
52.5 52.790000915527344 52.400001525878906 52.790000915527344 800
53.650001525878906 54.154998779296875 53.5 54.060001373291016 2300
53.619998931884766 53.619998931884766 52.52299880981445 52.52299880981445 600
52.119998931884766 52.2599983215332 51.680999755859375 51.680999755859375 1900
51.41999816894531 51.41999816894531 51.17499923706055 51.40999984741211 2400
52.599998474121094 52.82099914550781 52.31999969482422 52.82099914550781 1800
52.650001525878906 52.650001525878906 50.928001403808594 50.928001403808594 800
48.88999938964844 49.358001708984375 48.779998779296875 49.25400161743164 3400
48.60200119018555 49.13199996948242 48.2400016784668 49.13199996948242 2000
48.400001525878906 48.67499923706055 48.08700180053711 48.08700180053711 1800
47.25 47.25 47.21799850463867 47.21799850463867 700
47.970001220703125 48.47999954223633 46.72999954223633 46.869998931884766 9800
46.869998931884766 48.380001068115234 46.869998931884766 48.349998474121094 2400
47.619998931884766 47.619998931884766 46.87099838256836 46.87099838256836 1200
46.619998931884766 46.85100173950195 46.220001220703125 46.582000732421875 1600
46.5 47.67599868774414 46.5 47.67599868774414 900
47.060001373291016 47.060001373291016 46.40299987792969 46.40299987792969 5700
46.75 46.75 44.619998931884766 44.619998931884766 900
44.52000045776367 44.52000045776367 43.72600173950195 43.72600173950195 2200
43.65999984741211 44.64099884033203 43.65999984741211 44.64099884033203 5300
43.32500076293945 43.599998474121094 43.042999267578125 43.042999267578125 6100
44.029998779296875 44.029998779296875 43.02000045776367 43.095001220703125 800
43.90999984741211 45.20000076293945 43.29999923706055 44.814998626708984 3200
43.52000045776367 43.52000045776367 43.082000732421875 43.082000732421875 400
43.27199935913086 44.08300018310547 43.1349983215332 44.08300018310547 1200
43.93000030517578 44.0099983215332 43.65999984741211 43.90599822998047 2300
42.959999084472656 45.15399932861328 42.779998779296875 45.15399932861328 3500
44.2400016784668 44.2400016784668 42.53499984741211 42.53499984741211 1500
41.279998779296875 42.2599983215332 41.18000030517578 41.875 1700
40.86000061035156 40.86000061035156 39.255001068115234 39.255001068115234 4700
40.290000915527344 40.290000915527344 38.959999084472656 39.84000015258789 2000
39.33000183105469 39.75 38.619998931884766 38.619998931884766 10000
37.810001373291016 38.79999923706055 37.7400016784668 38.7130012512207 6800
39.63999938964844 41.38999938964844 39.630001068115234 41.29999923706055 2700
40.93000030517578 40.93000030517578 40.099998474121094 40.099998474121094 5300
41.060001373291016 41.42300033569336 40.77000045776367 41.42300033569336 1600
40.7599983215332 40.7599983215332 39.444000244140625 39.444000244140625 3200
39.29999923706055 40.5 39.25 39.98899841308594 4300
39.79499816894531 39.79499816894531 39.79499816894531 39.79499816894531 100
39.314998626708984 39.9370002746582 39.314998626708984 39.9370002746582 2400
38.400001525878906 38.64500045776367 38.2599983215332 38.417999267578125 1500
39.08000183105469 39.3129997253418 38.709999084472656 39.3129997253418 3700
40.13999938964844 40.75899887084961 40.13999938964844 40.558998107910156 5300
40.70000076293945 41.89400100708008 40.70000076293945 41.89400100708008 4300
42.25 42.25 41.94599914550781 41.94599914550781 800
41.36000061035156 41.73500061035156 41.36000061035156 41.73500061035156 1300
41.68000030517578 43.76300048828125 41.68000030517578 43.76300048828125 1200
43.0 43.060001373291016 42.5 42.597999572753906 1600
43.16999816894531 43.16999816894531 42.709999084472656 42.709999084472656 800
43.119998931884766 43.44599914550781 42.9900016784668 43.44599914550781 3400
43.33000183105469 43.33000183105469 42.915000915527344 43.10200119018555 700
42.619998931884766 42.619998931884766 41.88199996948242 41.88199996948242 300
41.220001220703125 41.220001220703125 40.310001373291016 40.310001373291016 2200
38.529998779296875 39.040000915527344 37.959999084472656 37.972999572753906 6700
38.02000045776367 38.2400016784668 37.70000076293945 38.112998962402344 4400
38.630001068115234 39.07500076293945 38.630001068115234 39.07500076293945 1000
37.959999084472656 37.959999084472656 37.0 37.03099822998047 2000
37.400001525878906 37.70000076293945 37.400001525878906 37.689998626708984 2200
38.20000076293945 38.880001068115234 38.20000076293945 38.58000183105469 700
38.9900016784668 38.9900016784668 38.527000427246094 38.527000427246094 20500
39.0 39.150001525878906 39.0 39.12200164794922 700
40.08000183105469 40.5 40.08000183105469 40.5 900
40.119998931884766 40.119998931884766 40.04999923706055 40.04999923706055 800
38.94599914550781 38.94599914550781 38.94599914550781 38.94599914550781 200
38.560001373291016 38.65999984741211 38.41999816894531 38.652000427246094 4500
37.60599899291992 38.04600143432617 37.60599899291992 37.7400016784668 1300
37.66999816894531 37.7599983215332 37.45000076293945 37.7599983215332 1700
37.9900016784668 38.71500015258789 37.9900016784668 38.71500015258789 4100
38.619998931884766 38.880001068115234 38.52000045776367 38.880001068115234 10500
39.529998779296875 39.99100112915039 39.5099983215332 39.99100112915039 2500
39.98099899291992 39.98099899291992 39.98099899291992 39.98099899291992 300
38.880001068115234 39.189998626708984 38.85900115966797 38.85900115966797 5600
38.29999923706055 38.540000915527344 37.91999816894531 38.130001068115234 5900
38.349998474121094 38.349998474121094 38.3129997253418 38.3129997253418 500
37.70000076293945 38.345001220703125 37.70000076293945 38.25299835205078 400
38.78499984741211 38.91999816894531 38.78499984741211 38.91999816894531 400
39.81999969482422 39.880001068115234 38.92499923706055 39.00400161743164 1500
39.279998779296875 40.277000427246094 39.279998779296875 40.277000427246094 3900
40.70899963378906 41.54999923706055 40.70899963378906 41.472999572753906 5800
41.939998626708984 41.95000076293945 41.939998626708984 41.95000076293945 1000
41.36000061035156 41.36000061035156 40.75400161743164 40.75400161743164 300
40.279998779296875 40.369998931884766 40.04999923706055 40.31999969482422 1500
39.34000015258789 39.34000015258789 39.25 39.25 2500
40.439998626708984 41.15999984741211 40.400001525878906 41.13800048828125 4300
41.11000061035156 41.36000061035156 41.0 41.36000061035156 900
41.55500030517578 41.90800094604492 41.55500030517578 41.90800094604492 1200
41.4900016784668 42.400001525878906 41.459999084472656 42.124000549316406 4900
41.97999954223633 42.40299987792969 41.91999816894531 42.40299987792969 3900
42.540000915527344 43.470001220703125 42.540000915527344 43.470001220703125 3600
43.400001525878906 43.93299865722656 43.400001525878906 43.93299865722656 600
43.36000061035156 43.9370002746582 43.36000061035156 43.9370002746582 2000
43.720001220703125 44.220001220703125 43.459999084472656 43.57699966430664 1700
43.15999984741211 43.15999984741211 42.08000183105469 42.43000030517578 2200
43.5 44.08000183105469 43.459999084472656 44.08000183105469 2000
44.59000015258789 44.630001068115234 43.459999084472656 43.59199905395508 4700
44.16299819946289 44.33000183105469 44.16299819946289 44.33000183105469 600
44.27000045776367 44.65399932861328 44.27000045776367 44.65399932861328 1700
44.189998626708984 44.310001373291016 43.93000030517578 43.9630012512207 1400
42.970001220703125 43.15999984741211 42.970001220703125 43.15999984741211 700
43.40999984741211 43.40999984741211 43.347999572753906 43.347999572753906 700
42.11000061035156 42.1879997253418 42.060001373291016 42.14400100708008 1400
41.31999969482422 41.31999969482422 40.88999938964844 40.9379997253418 2700
41.36000061035156 41.36000061035156 40.959999084472656 41.00199890136719 1100
41.507999420166016 41.507999420166016 41.323001861572266 41.323001861572266 200
42.439998626708984 42.584999084472656 42.41999816894531 42.584999084472656 1900
41.97999954223633 41.97999954223633 40.95600128173828 40.95600128173828 3000
40.279998779296875 40.88999938964844 40.279998779296875 40.2859992980957 2100
40.08000183105469 40.08000183105469 39.400001525878906 39.76599884033203 1100
40.13800048828125 40.20000076293945 39.4900016784668 39.59199905395508 1900
38.27000045776367 38.27000045776367 38.27000045776367 38.27000045776367 300
37.88800048828125 37.88800048828125 37.88800048828125 37.88800048828125 200
37.7599983215332 37.7599983215332 37.340999603271484 37.340999603271484 400
37.61000061035156 38.222999572753906 37.61000061035156 38.222999572753906 1000
38.29999923706055 38.777000427246094 38.29999923706055 38.560001373291016 1600
39.150001525878906 40.01499938964844 39.150001525878906 40.01499938964844 800
40.18000030517578 40.48899841308594 40.18000030517578 40.48899841308594 1600
38.91999816894531 39.40999984741211 38.19200134277344 38.19200134277344 1500
38.400001525878906 38.54499816894531 38.400001525878906 38.54499816894531 500
38.22999954223633 38.22999954223633 37.88399887084961 37.88399887084961 400
37.220001220703125 37.316001892089844 36.94900131225586 37.316001892089844 1300
37.209999084472656 37.584999084472656 37.209999084472656 37.584999084472656 3100
36.9900016784668 36.99100112915039 36.86000061035156 36.99100112915039 600
37.38399887084961 37.38399887084961 36.652000427246094 36.652000427246094 800
35.612998962402344 35.612998962402344 35.5099983215332 35.5099983215332 1000
34.63999938964844 34.77899932861328 34.60499954223633 34.77899932861328 600
34.82500076293945 34.82500076293945 34.64699935913086 34.64699935913086 700
35.16999816894531 35.16999816894531 34.58000183105469 34.91999816894531 1900
35.38999938964844 35.766998291015625 35.38999938964844 35.766998291015625 1700
34.54999923706055 34.63100051879883 34.470001220703125 34.63100051879883 1000
34.86000061035156 34.86000061035156 34.382999420166016 34.382999420166016 300
34.69499969482422 34.96099853515625 34.69499969482422 34.96099853515625 200
36.40999984741211 36.5099983215332 36.279998779296875 36.400001525878906 1700
35.90999984741211 36.79100036621094 35.41999816894531 36.61399841308594 1800
36.582000732421875 36.582000732421875 36.582000732421875 36.582000732421875 100
35.70000076293945 35.70000076293945 34.32699966430664 34.32699966430664 4400
33.52000045776367 33.57500076293945 33.060001373291016 33.369998931884766 10200
32.130001068115234 33.06999969482422 32.130001068115234 32.48899841308594 2200
32.33000183105469 32.53099822998047 32.150001525878906 32.5099983215332 6200
31.360000610351562 32.845001220703125 30.989999771118164 32.84199905395508 1400
32.93299865722656 32.93299865722656 31.53499984741211 31.53499984741211 1400
32.040000915527344 32.93000030517578 32.040000915527344 32.87799835205078 2200
33.849998474121094 33.900001525878906 32.90999984741211 33.06999969482422 2600
32.68199920654297 32.68199920654297 32.62200164794922 32.62200164794922 100
33.619998931884766 33.7400016784668 32.70000076293945 32.84000015258789 1000
32.75 33.38100051879883 32.650001525878906 33.38100051879883 1100
32.70000076293945 32.97600173950195 32.119998931884766 32.97600173950195 900
34.150001525878906 34.20399856567383 34.13999938964844 34.13999938964844 400
33.7400016784668 33.7400016784668 33.14400100708008 33.14400100708008 2600
33.58000183105469 33.58000183105469 32.986000061035156 32.986000061035156 300
32.724998474121094 33.284000396728516 32.724998474121094 33.284000396728516 3600
32.61000061035156 32.9900016784668 32.61000061035156 32.82899856567383 3100
33.2400016784668 33.5099983215332 32.66999816894531 32.66999816894531 1600
32.61000061035156 32.61000061035156 31.417999267578125 31.417999267578125 800
30.780000686645508 31.510000228881836 30.780000686645508 31.0 2000
31.638999938964844 31.638999938964844 30.94700050354004 30.94700050354004 800
30.65999984741211 31.118000030517578 30.65999984741211 31.118000030517578 1500
31.5 31.5 31.448999404907227 31.448999404907227 1200
30.40999984741211 30.40999984741211 30.20400047302246 30.20400047302246 500
33.02000045776367 33.42900085449219 32.93000030517578 33.42900085449219 900
33.279998779296875 35.117000579833984 33.279998779296875 34.77299880981445 12100
34.349998474121094 34.380001068115234 34.279998779296875 34.321998596191406 900
35.95000076293945 35.95000076293945 35.529998779296875 35.62699890136719 1000
34.47600173950195 34.47600173950195 34.47600173950195 34.47600173950195 200
34.099998474121094 34.21500015258789 34.099998474121094 34.21500015258789 100
34.529998779296875 34.529998779296875 33.84000015258789 33.97800064086914 2600
33.310001373291016 33.310001373291016 33.11000061035156 33.17399978637695 2400
33.415000915527344 33.58700180053711 33.400001525878906 33.58700180053711 700
33.56999969482422 34.25 33.56999969482422 34.14899826049805 3800
34.02000045776367 34.02000045776367 33.88199996948242 33.88199996948242 1000
33.349998474121094 33.80500030517578 33.349998474121094 33.38800048828125 1000
33.20000076293945 33.321998596191406 33.20000076293945 33.321998596191406 700
33.560001373291016 35.314998626708984 33.560001373291016 35.314998626708984 1400
35.01499938964844 35.4739990234375 35.0099983215332 35.4739990234375 1600
35.08000183105469 35.0880012512207 35.08000183105469 35.0880012512207 500
34.84000015258789 34.84000015258789 34.00699996948242 34.00699996948242 1700
33.9900016784668 33.9900016784668 33.11000061035156 33.28099822998047 1900
33.27000045776367 33.33000183105469 33.130001068115234 33.236000061035156 1100
33.380001068115234 34.10599899291992 33.380001068115234 34.10599899291992 2600
34.18000030517578 34.2599983215332 33.95600128173828 33.95600128173828 2000
33.880001068115234 34.395999908447266 33.880001068115234 34.395999908447266 600
34.81999969482422 35.027000427246094 34.81999969482422 35.027000427246094 1300
35.2599983215332 35.2599983215332 34.68000030517578 34.834999084472656 1100
33.5099983215332 33.53300094604492 33.380001068115234 33.53300094604492 500
32.840999603271484 33.060001373291016 32.83000183105469 33.060001373291016 1700
33.040000915527344 33.040000915527344 32.492000579833984 32.492000579833984 500
32.4900016784668 32.4900016784668 32.349998474121094 32.428001403808594 1500
32.60499954223633 32.9640007019043 32.60499954223633 32.9640007019043 600
31.75 31.854000091552734 31.719999313354492 31.854000091552734 700
31.600000381469727 31.84000015258789 31.600000381469727 31.84000015258789 200
31.600000381469727 31.600000381469727 31.18000030517578 31.292999267578125 3900
31.290000915527344 31.326000213623047 30.790000915527344 30.88800048828125 700
31.030000686645508 32.03499984741211 31.030000686645508 32.03499984741211 4100
31.450000762939453 31.785999298095703 31.40999984741211 31.785999298095703 6100
31.899999618530273 32.119998931884766 31.43000030517578 31.433000564575195 900
31.65999984741211 31.850000381469727 31.65999984741211 31.732999801635742 800
31.020000457763672 31.020000457763672 30.799999237060547 30.809999465942383 2700
30.875 31.267000198364258 30.847000122070312 31.267000198364258 2200
31.459999084472656 32.52000045776367 31.459999084472656 31.93400001525879 500
32.040000915527344 32.29399871826172 32.0 32.29399871826172 400
32.75 32.98400115966797 32.75 32.98400115966797 500
33.0 33.46200180053711 33.0 33.46200180053711 700
32.790000915527344 33.81700134277344 32.790000915527344 33.81700134277344 300
33.81700134277344 34.141998291015625 33.599998474121094 34.141998291015625 900
34.141998291015625 34.141998291015625 33.75 33.76300048828125 3300
33.1150016784668 33.1150016784668 33.1150016784668 33.1150016784668 100
33.33000183105469 34.44599914550781 33.33000183105469 34.44599914550781 500
34.400001525878906 35.95199966430664 34.400001525878906 35.95199966430664 1700
35.68000030517578 35.68000030517578 35.529998779296875 35.599998474121094 1000
34.79999923706055 35.43000030517578 34.79999923706055 35.43000030517578 800
35.68000030517578 36.37200164794922 35.68000030517578 36.37200164794922 800
36.91999816894531 37.15999984741211 36.91999816894531 36.97700119018555 900
36.0 36.11000061035156 35.73400115966797 35.73400115966797 2700
36.099998474121094 36.361000061035156 36.099998474121094 36.361000061035156 1300
36.849998474121094 38.20600128173828 36.849998474121094 38.20600128173828 600
39.2599983215332 39.65999984741211 39.2599983215332 39.60900115966797 1800
38.54999923706055 38.54999923706055 38.2599983215332 38.34000015258789 1600
38.04999923706055 38.04999923706055 37.63600158691406 37.63600158691406 1400
37.95000076293945 38.57899856567383 37.83000183105469 38.57899856567383 400
38.20000076293945 38.209999084472656 37.92100143432617 37.92100143432617 1900
38.1879997253418 38.1879997253418 37.96799850463867 37.96799850463867 600
36.9900016784668 37.08300018310547 36.970001220703125 37.08300018310547 500
37.529998779296875 37.7130012512207 37.41999816894531 37.7130012512207 1600
38.2599983215332 38.75400161743164 38.2599983215332 38.75400161743164 300
38.4900016784668 38.861000061035156 38.4900016784668 38.861000061035156 700
37.757999420166016 37.757999420166016 37.757999420166016 37.757999420166016 100
36.729000091552734 36.92499923706055 36.729000091552734 36.92499923706055 200
36.7599983215332 36.7599983215332 36.0260009765625 36.0260009765625 300
36.064998626708984 36.064998626708984 36.064998626708984 36.064998626708984 200
37.150001525878906 37.18000030517578 36.55500030517578 37.034000396728516 700
36.0 36.220001220703125 36.0 36.220001220703125 500
36.52799987792969 36.52799987792969 36.52799987792969 36.52799987792969 100
36.86000061035156 36.86000061035156 36.58000183105469 36.58000183105469 500
36.36899948120117 36.36899948120117 36.36899948120117 36.36899948120117 100
35.95000076293945 36.55400085449219 35.9010009765625 36.55400085449219 1400
36.53300094604492 36.99700164794922 36.53300094604492 36.99700164794922 800
37.150001525878906 37.150001525878906 36.70000076293945 36.715999603271484 700
36.790000915527344 36.790000915527344 36.375999450683594 36.375999450683594 700
36.459999084472656 36.75899887084961 36.349998474121094 36.75899887084961 1700
36.220001220703125 36.43000030517578 35.67599868774414 35.67599868774414 700
35.099998474121094 35.31100082397461 34.720001220703125 34.74800109863281 900
34.59000015258789 35.18000030517578 34.59000015258789 35.007999420166016 300
35.810001373291016 35.810001373291016 35.810001373291016 35.810001373291016 100
35.284000396728516 35.83000183105469 35.284000396728516 35.7869987487793 300
36.22999954223633 37.28499984741211 36.22999954223633 37.28499984741211 1700
37.0099983215332 37.25199890136719 37.0099983215332 37.25199890136719 1200
37.05400085449219 37.05400085449219 37.05400085449219 37.05400085449219 100
37.49399948120117 37.856998443603516 37.49399948120117 37.856998443603516 700
37.869998931884766 37.95600128173828 37.44499969482422 37.44499969482422 1300
38.400001525878906 38.400001525878906 38.400001525878906 38.400001525878906 100
37.650001525878906 37.8390007019043 37.599998474121094 37.8390007019043 2500
37.439998626708984 37.52399826049805 37.40999984741211 37.52399826049805 600
37.38999938964844 37.38999938964844 37.38999938964844 37.38999938964844 100
37.849998474121094 38.185001373291016 37.849998474121094 38.185001373291016 500
38.63999938964844 38.72999954223633 38.62900161743164 38.72999954223633 300
38.9900016784668 39.483001708984375 38.9900016784668 39.483001708984375 700
38.849998474121094 39.00199890136719 38.79999923706055 39.00199890136719 1900
39.36000061035156 39.36000061035156 38.71200180053711 38.71200180053711 700
37.737998962402344 37.737998962402344 37.737998962402344 37.737998962402344 100
37.20000076293945 37.86000061035156 37.20000076293945 37.84400177001953 1100
37.55699920654297 38.066001892089844 37.55699920654297 38.066001892089844 1300
37.779998779296875 37.779998779296875 37.77000045776367 37.779998779296875 2900
37.21200180053711 37.21200180053711 37.21200180053711 37.21200180053711 100
37.750999450683594 37.750999450683594 37.750999450683594 37.750999450683594 200
37.4900016784668 37.547000885009766 37.4900016784668 37.547000885009766 400
37.209999084472656 37.81999969482422 37.209999084472656 37.81999969482422 1100
38.04800033569336 38.04800033569336 38.04800033569336 38.04800033569336 100
37.9010009765625 37.9010009765625 37.9010009765625 37.9010009765625 100
37.340999603271484 37.340999603271484 37.340999603271484 37.340999603271484 100
37.15999984741211 37.42900085449219 37.15999984741211 37.284000396728516 800
36.7599983215332 36.98400115966797 36.7599983215332 36.98400115966797 200
35.8650016784668 35.8650016784668 35.737998962402344 35.737998962402344 300
36.722999572753906 36.722999572753906 36.722999572753906 36.722999572753906 100
37.26499938964844 37.26499938964844 37.257999420166016 37.257999420166016 100
36.62099838256836 37.2869987487793 36.62099838256836 37.2869987487793 800
37.361000061035156 37.361000061035156 37.34600067138672 37.34600067138672 300
36.76599884033203 36.902000427246094 36.76599884033203 36.902000427246094 1100
36.630001068115234 36.77000045776367 36.43600082397461 36.43600082397461 500
36.0 37.04999923706055 36.0 36.92599868774414 1000
37.459999084472656 37.72700119018555 37.459999084472656 37.72700119018555 400
37.4900016784668 38.32600021362305 37.4900016784668 38.32600021362305 3400
38.167999267578125 38.167999267578125 38.167999267578125 38.167999267578125 200
38.79800033569336 38.79800033569336 38.79800033569336 38.79800033569336 100
38.65999984741211 38.70000076293945 38.650001525878906 38.70000076293945 800
38.48699951171875 38.48699951171875 38.26499938964844 38.470001220703125 1100
38.63999938964844 39.220001220703125 38.63999938964844 39.220001220703125 3900
39.33000183105469 39.560001373291016 39.33000183105469 39.3650016784668 800
39.75 40.33599853515625 39.75 40.33599853515625 400
40.79800033569336 41.474998474121094 40.79800033569336 41.474998474121094 2200
41.04999923706055 41.04999923706055 41.042999267578125 41.042999267578125 600
40.52000045776367 41.68899917602539 40.52000045776367 41.46500015258789 2400
40.999000549316406 40.999000549316406 40.999000549316406 40.999000549316406 100
40.599998474121094 40.895999908447266 40.599998474121094 40.895999908447266 500
42.77000045776367 43.060001373291016 42.54499816894531 42.9900016784668 4400
44.060001373291016 45.27000045776367 44.060001373291016 45.209999084472656 5400
46.38999938964844 46.38999938964844 45.17499923706055 45.41999816894531 5600
44.97999954223633 45.04199981689453 44.435001373291016 44.46799850463867 1600
44.25 45.66999816894531 44.16999816894531 45.38100051879883 7900
46.7400016784668 46.7400016784668 45.979000091552734 45.979000091552734 3100
45.95000076293945 46.18000030517578 45.62699890136719 46.029998779296875 3700
46.255001068115234 46.433998107910156 46.255001068115234 46.433998107910156 2500
46.78499984741211 46.78499984741211 44.959999084472656 44.959999084472656 3100
44.77000045776367 45.91999816894531 44.77000045776367 45.8120002746582 1500
46.83000183105469 46.83000183105469 46.183998107910156 46.183998107910156 1000
46.459999084472656 47.290000915527344 46.459999084472656 47.117000579833984 6100
48.09000015258789 48.09000015258789 47.2599983215332 47.720001220703125 4200
48.040000915527344 48.143001556396484 47.47999954223633 48.143001556396484 4500
48.082000732421875 48.560001373291016 48.0 48.560001373291016 2800
48.36000061035156 48.36899948120117 47.930999755859375 47.930999755859375 900
48.11000061035156 48.11000061035156 47.564998626708984 47.902000427246094 5100
47.20000076293945 47.540000915527344 46.65999984741211 46.72200012207031 2300
46.5099983215332 47.11000061035156 46.5099983215332 47.03300094604492 900
46.66999816894531 46.66999816894531 46.46500015258789 46.49800109863281 600
45.77000045776367 45.83000183105469 45.70000076293945 45.77000045776367 1700
45.792999267578125 46.630001068115234 45.78499984741211 46.630001068115234 1500
46.630001068115234 47.290000915527344 46.630001068115234 46.784000396728516 1800
46.8120002746582 46.8120002746582 46.29499816894531 46.36800003051758 1500
47.07099914550781 47.189998626708984 47.07099914550781 47.189998626708984 800
47.88999938964844 47.88999938964844 47.529998779296875 47.529998779296875 600
47.84000015258789 47.84000015258789 47.20800018310547 47.29499816894531 4100
46.2599983215332 46.70600128173828 46.2599983215332 46.70600128173828 2500
46.974998474121094 47.310001373291016 46.79399871826172 46.79399871826172 1900
46.52000045776367 46.89899826049805 46.52000045776367 46.89899826049805 5600
46.63999938964844 47.29999923706055 46.63999938964844 47.25 4000
47.88999938964844 48.220001220703125 47.880001068115234 47.95399856567383 1600
48.64500045776367 49.44900131225586 48.0 49.44900131225586 8900
49.369998931884766 49.369998931884766 49.08599853515625 49.08599853515625 900
49.52000045776367 49.8380012512207 49.52000045776367 49.8380012512207 2600
49.84199905395508 50.540000915527344 49.84199905395508 50.540000915527344 1000
51.0 51.0 50.24800109863281 50.36399841308594 1200
50.0 50.0 48.35499954223633 48.35499954223633 4500
48.64699935913086 48.64699935913086 48.099998474121094 48.18199920654297 2200
47.970001220703125 48.31399917602539 47.970001220703125 48.31399917602539 1200
48.31399917602539 49.24100112915039 48.31399917602539 49.05799865722656 4500
48.53099822998047 48.53099822998047 48.16999816894531 48.43600082397461 1300
49.29999923706055 49.36000061035156 48.29999923706055 48.356998443603516 1400
48.959999084472656 49.52000045776367 48.959999084472656 49.483001708984375 500
49.720001220703125 50.0 49.720001220703125 49.845001220703125 1700
49.84000015258789 49.84000015258789 49.784000396728516 49.784000396728516 400
45.77000045776367 48.41999816894531 45.77000045776367 47.62200164794922 3400
47.62200164794922 47.9010009765625 47.62200164794922 47.79499816894531 1400
48.88999938964844 48.88999938964844 48.25600051879883 48.25600051879883 800
48.099998474121094 48.435001373291016 48.099998474121094 48.435001373291016 900
47.689998626708984 47.689998626708984 46.650001525878906 47.154998779296875 1000
47.54999923706055 47.54999923706055 46.154998779296875 46.154998779296875 1300
46.4119987487793 46.779998779296875 46.119998931884766 46.23699951171875 1400
45.60100173950195 45.60100173950195 45.34600067138672 45.34600067138672 800
45.2400016784668 46.31800079345703 45.2400016784668 46.31800079345703 1400
46.3849983215332 46.3849983215332 45.83000183105469 45.83000183105469 300
45.650001525878906 45.650001525878906 45.22999954223633 45.22999954223633 200
44.858001708984375 44.858001708984375 44.58000183105469 44.779998779296875 2100
44.111000061035156 44.680999755859375 44.111000061035156 44.680999755859375 600
45.38600158691406 46.13999938964844 45.38600158691406 46.08100128173828 1700
46.880001068115234 46.880001068115234 45.75299835205078 45.75299835205078 2300
45.470001220703125 46.88999938964844 45.470001220703125 46.77899932861328 63200
48.959999084472656 48.959999084472656 45.62200164794922 45.70000076293945 5100
45.4900016784668 45.83599853515625 45.0 45.54999923706055 3500
45.470001220703125 45.83000183105469 45.38999938964844 45.720001220703125 63400
46.84000015258789 47.14500045776367 46.84000015258789 47.077999114990234 2200
47.57500076293945 47.57500076293945 47.375 47.375 800
47.0 47.77000045776367 47.0 47.63199996948242 900
47.65999984741211 47.939998626708984 47.54999923706055 47.54999923706055 2900
47.15999984741211 47.904998779296875 47.15999984741211 47.8390007019043 1200
47.56999969482422 47.56999969482422 46.93000030517578 47.13999938964844 2000
46.56999969482422 46.59600067138672 46.279998779296875 46.59600067138672 1500
46.43000030517578 46.479000091552734 46.400001525878906 46.44900131225586 800
46.56999969482422 47.150001525878906 46.56999969482422 47.13800048828125 2800
47.0 47.0 46.61800003051758 46.61800003051758 600
46.90999984741211 46.93299865722656 46.72999954223633 46.86399841308594 600
46.900001525878906 47.189998626708984 46.900001525878906 46.95399856567383 700
45.89500045776367 45.95600128173828 45.875999450683594 45.875999450683594 2600
45.560001373291016 45.79999923706055 45.540000915527344 45.7400016784668 3900
45.4900016784668 45.4900016784668 45.305999755859375 45.38199996948242 1000
45.720001220703125 45.720001220703125 44.694000244140625 44.694000244140625 900
44.0 44.0 43.33399963378906 43.33399963378906 1800
43.849998474121094 43.849998474121094 43.59700012207031 43.59700012207031 500
43.4900016784668 43.691001892089844 43.47999954223633 43.691001892089844 3000
43.41999816894531 43.41999816894531 43.00699996948242 43.05799865722656 800
43.34000015258789 43.66999816894531 43.00400161743164 43.45800018310547 600
43.380001068115234 44.191001892089844 43.380001068115234 44.17599868774414 1300
44.709999084472656 44.720001220703125 44.54600143432617 44.54600143432617 1000
44.93000030517578 44.93000030517578 44.87300109863281 44.87300109863281 400
43.880001068115234 43.880001068115234 43.5099983215332 43.630001068115234 1800
43.959999084472656 44.3489990234375 43.959999084472656 44.3489990234375 4900
43.92499923706055 44.36000061035156 43.92499923706055 44.36000061035156 200
43.540000915527344 45.63999938964844 43.540000915527344 45.63999938964844 800
45.11000061035156 45.5369987487793 45.11000061035156 45.5369987487793 900
46.119998931884766 46.27000045776367 46.119998931884766 46.15999984741211 1900
46.3650016784668 46.46200180053711 46.3650016784668 46.46200180053711 600
46.5099983215332 46.52000045776367 46.05500030517578 46.05500030517578 1700
45.380001068115234 45.380001068115234 45.0099983215332 45.0099983215332 1400
45.263999938964844 45.89500045776367 45.263999938964844 45.849998474121094 800
45.2400016784668 45.2599983215332 45.00600051879883 45.150001525878906 800
44.319000244140625 44.43899917602539 44.060001373291016 44.10300064086914 1200
44.380001068115234 44.380001068115234 43.801998138427734 43.801998138427734 800
43.0 43.0 42.880001068115234 42.94599914550781 1100
42.970001220703125 43.439998626708984 42.970001220703125 43.439998626708984 2461
