5.199999809265137 6.5 4.110000133514404 4.170000076293945 21019400
3.700000047683716 3.799999952316284 3.049999952316284 3.049999952316284 4554700
2.940000057220459 3.6600000858306885 2.8399999141693115 3.2200000286102295 7478500
3.009999990463257 3.0350000858306885 2.450000047683716 2.4600000381469727 3046000
2.2200000286102295 2.4600000381469727 2.0199999809265137 2.119999885559082 1720100
2.009999990463257 2.0299999713897705 1.7699999809265137 1.7799999713897705 1189700
1.7200000286102295 1.899999976158142 1.5499999523162842 1.6399999856948853 604700
1.559999942779541 2.0899999141693115 1.4600000381469727 1.5299999713897705 3019600
1.4900000095367432 1.8300000429153442 1.3980000019073486 1.6299999952316284 3338400
1.600000023841858 1.6399999856948853 1.4500000476837158 1.6100000143051147 672700
1.4900000095367432 1.590000033378601 1.4600000381469727 1.4600000381469727 420900
1.4299999475479126 1.5099999904632568 1.3899999856948853 1.4700000286102295 254400
1.5099999904632568 1.5199999809265137 1.309999942779541 1.3799999952316284 327600
1.350000023841858 1.5499999523162842 1.350000023841858 1.409999966621399 336200
1.399999976158142 1.4010000228881836 1.2599999904632568 1.2999999523162842 168000
1.2899999618530273 1.3700000047683716 1.25 1.2699999809265137 140700
1.25 1.350000023841858 1.2200000286102295 1.2599999904632568 201100
1.309999942779541 1.350000023841858 1.25 1.2799999713897705 209800
1.2899999618530273 1.2899999618530273 1.2200000286102295 1.2430000305175781 78700
1.2300000190734863 1.3289999961853027 1.2170000076293945 1.2699999809265137 303000
1.2200000286102295 1.4900000095367432 1.2200000286102295 1.25 1003500
1.2000000476837158 1.2730000019073486 1.1399999856948853 1.1779999732971191 186800
1.159999966621399 1.1890000104904175 1.0199999809265137 1.0700000524520874 249200
1.059999942779541 1.100000023841858 1.0099999904632568 1.0399999618530273 135400
1.0099999904632568 1.090000033378601 1.0099999904632568 1.0499999523162842 94400
1.0700000524520874 1.1200000047683716 1.0199999809265137 1.0329999923706055 225400
1.0399999618530273 1.090000033378601 1.0390000343322754 1.0679999589920044 166200
1.065000057220459 1.159999966621399 1.0499999523162842 1.0700000524520874 181900
1.0499999523162842 1.1299999952316284 1.0499999523162842 1.0800000429153442 80600
1.1100000143051147 1.159999966621399 1.0700000524520874 1.1399999856948853 166300
1.0800000429153442 1.1699999570846558 1.0700000524520874 1.1200000047683716 191600
1.190000057220459 1.1950000524520874 1.090000033378601 1.1299999952316284 185700
1.1100000143051147 1.1399999856948853 1.065000057220459 1.0850000381469727 116000
1.0789999961853027 1.1399999856948853 1.0700000524520874 1.1399999856948853 74600
1.1399999856948853 1.2000000476837158 1.1399999856948853 1.190000057220459 108800
1.159999966621399 1.2799999713897705 1.159999966621399 1.2599999904632568 132900
1.2699999809265137 1.340000033378601 1.2100000381469727 1.3300000429153442 65000
1.340000033378601 1.340000033378601 1.2799999713897705 1.3200000524520874 72000
1.3200000524520874 1.340000033378601 1.2200000286102295 1.2400000095367432 101400
1.2209999561309814 1.3200000524520874 1.2200000286102295 1.2999999523162842 107200
1.2599999904632568 1.3799999952316284 1.2599999904632568 1.3600000143051147 127200
1.2910000085830688 1.3799999952316284 1.2910000085830688 1.3200000524520874 111100
1.3209999799728394 1.4199999570846558 1.2599999904632568 1.3899999856948853 184400
1.3450000286102295 1.4700000286102295 1.3300000429153442 1.440000057220459 111300
1.4500000476837158 1.5099999904632568 1.3700000047683716 1.4500000476837158 115500
1.440000057220459 1.6200000047683716 1.3899999856948853 1.4800000190734863 244200
1.5299999713897705 1.5859999656677246 1.5 1.5 72000
1.5 1.5099999904632568 1.399999976158142 1.4299999475479126 64300
1.409999966621399 1.4450000524520874 1.3700000047683716 1.4149999618530273 50900
1.3849999904632568 1.409999966621399 1.3200000524520874 1.399999976158142 48400
1.440000057220459 1.4800000190734863 1.350000023841858 1.4199999570846558 75500
1.4600000381469727 1.5 1.340000033378601 1.4800000190734863 74700
1.4500000476837158 1.6399999856948853 1.434999942779541 1.6299999952316284 152900
1.5700000524520874 1.8450000286102295 1.5700000524520874 1.6399999856948853 145400
1.6200000047683716 1.6799999475479126 1.5800000429153442 1.6710000038146973 171200
1.6200000047683716 1.649999976158142 1.5199999809265137 1.5800000429153442 46200
1.5 1.7200000286102295 1.4900000095367432 1.6100000143051147 51100
1.5 1.649999976158142 1.5 1.600000023841858 28200
1.5299999713897705 1.565000057220459 1.4830000400543213 1.5499999523162842 54300
1.4630000591278076 1.559999942779541 1.4559999704360962 1.559999942779541 78800
1.600000023841858 1.6640000343322754 1.5 1.5299999713897705 21000
1.5299999713897705 1.600000023841858 1.4800000190734863 1.4800000190734863 29700
1.5429999828338623 1.5429999828338623 1.399999976158142 1.409999966621399 29100
1.4700000286102295 1.5 1.3700000047683716 1.3700000047683716 14700
1.4299999475479126 1.4500000476837158 1.309999942779541 1.399999976158142 98600
1.399999976158142 1.5 1.3799999952316284 1.5 61100
1.5499999523162842 1.600000023841858 1.399999976158142 1.4500000476837158 130800
1.4900000095367432 1.5800000429153442 1.2799999713897705 1.2799999713897705 75300
1.3200000524520874 1.409999966621399 1.309999942779541 1.350000023841858 45700
1.399999976158142 1.399999976158142 1.25 1.25 57700
1.2589999437332153 1.315000057220459 1.2200000286102295 1.2400000095367432 23800
1.2300000190734863 1.3009999990463257 1.0299999713897705 1.149999976158142 249600
1.149999976158142 1.2000000476837158 1.0740000009536743 1.1699999570846558 25300
1.0700000524520874 1.2289999723434448 1.0700000524520874 1.2289999723434448 45900
1.246000051498413 1.25 1.190000057220459 1.2400000095367432 47800
1.2200000286102295 1.350000023841858 1.1799999475479126 1.3300000429153442 77200
1.3300000429153442 1.3899999856948853 1.2799999713897705 1.309999942779541 117000
1.2999999523162842 1.3300000429153442 1.2599999904632568 1.3300000429153442 79200
1.309999942779541 1.371999979019165 1.2799999713897705 1.3700000047683716 62700
1.4600000381469727 1.4600000381469727 1.3300000429153442 1.4199999570846558 18800
1.3899999856948853 1.4500000476837158 1.309999942779541 1.3899999856948853 60700
1.3580000400543213 1.399999976158142 1.2799999713897705 1.350000023841858 53600
1.350000023841858 1.350000023841858 1.1799999475479126 1.25 27600
1.149999976158142 1.3300000429153442 1.0199999809265137 1.2799999713897705 217000
1.340000033378601 1.3669999837875366 1.2300000190734863 1.2699999809265137 23300
1.2699999809265137 1.350000023841858 1.2300000190734863 1.2999999523162842 49000
1.2999999523162842 1.3799999952316284 1.2799999713897705 1.3799999952316284 65600
1.3600000143051147 1.600000023841858 1.3300000429153442 1.4900000095367432 76100
1.4800000190734863 1.649999976158142 1.4700000286102295 1.6399999856948853 83900
1.6399999856948853 1.649999976158142 1.559999942779541 1.6399999856948853 22500
1.6699999570846558 1.6699999570846558 1.5299999713897705 1.5499999523162842 27200
1.5329999923706055 1.659999966621399 1.5 1.6130000352859497 24300
1.5499999523162842 1.809999942779541 1.5499999523162842 1.7599999904632568 43600
1.7400000095367432 1.7799999713897705 1.7000000476837158 1.7630000114440918 43600
1.753999948501587 1.8899999856948853 1.6449999809265137 1.690000057220459 92900
1.7400000095367432 1.7400000095367432 1.4900000095367432 1.6699999570846558 13500
1.725000023841858 1.850000023841858 1.6299999952316284 1.8329999446868896 29000
1.7799999713897705 1.840000033378601 1.6740000247955322 1.8300000429153442 39000
1.75 1.850000023841858 1.7000000476837158 1.8029999732971191 54800
1.7400000095367432 1.7999999523162842 1.6799999475479126 1.7200000286102295 15500
1.6699999570846558 1.840000033378601 1.659999966621399 1.7599999904632568 57900
1.840000033378601 1.840000033378601 1.6920000314712524 1.7000000476837158 30300
1.809999942779541 1.809999942779541 1.6069999933242798 1.7000000476837158 31300
1.6200000047683716 1.690000057220459 1.590000033378601 1.600000023841858 48900
1.7100000381469727 1.7699999809265137 1.559999942779541 1.5839999914169312 29200
1.5 1.6100000143051147 1.5 1.5099999904632568 10800
1.649999976158142 1.649999976158142 1.409999966621399 1.4600000381469727 17800
1.4800000190734863 1.6200000047683716 1.4500000476837158 1.4800000190734863 4500
1.5399999618530273 1.5399999618530273 1.4600000381469727 1.475000023841858 5000
1.440000057220459 1.600000023841858 1.440000057220459 1.5099999904632568 9000
1.4600000381469727 1.5399999618530273 1.4500000476837158 1.4700000286102295 3000
1.5199999809265137 1.5199999809265137 1.4500000476837158 1.475000023841858 11100
1.4700000286102295 1.5299999713897705 1.440000057220459 1.4700000286102295 2900
1.5299999713897705 1.6490000486373901 1.4900000095367432 1.600000023841858 11500
1.628999948501587 1.7899999618530273 1.4800000190734863 1.7029999494552612 46500
1.7599999904632568 1.7799999713897705 1.6699999570846558 1.7799999713897705 41200
1.75 1.840000033378601 1.7200000286102295 1.7899999618530273 35100
1.7799999713897705 2.5899999141693115 1.4700000286102295 1.4700000286102295 3621700
1.440000057220459 1.8799999952316284 1.4199999570846558 1.850000023841858 285200
1.7599999904632568 2.2799999713897705 1.6799999475479126 2.240000009536743 370900
2.4700000286102295 2.4700000286102295 2.0 2.190000057220459 219300
2.190000057220459 2.190000057220459 1.5700000524520874 1.690000057220459 235400
1.690000057220459 2.049999952316284 1.5700000524520874 1.8899999856948853 151800
1.899999976158142 2.009999990463257 1.809999942779541 1.9700000286102295 41800
1.9900000095367432 2.0999999046325684 1.8899999856948853 2.0799999237060547 111100
2.0 2.0999999046325684 1.899999976158142 2.0299999713897705 161700
1.909999966621399 2.0299999713897705 1.850000023841858 1.850000023841858 28700
1.9199999570846558 1.9500000476837158 1.7999999523162842 1.840000033378601 50400
1.8509999513626099 1.8930000066757202 1.7599999904632568 1.8600000143051147 35800
1.850000023841858 1.8519999980926514 1.75 1.7599999904632568 43300
1.7799999713897705 1.8200000524520874 1.600000023841858 1.7200000286102295 34300
1.7599999904632568 1.7599999904632568 1.6100000143051147 1.6100000143051147 31100
1.75 1.75 1.4199999570846558 1.590000033378601 41300
1.5399999618530273 1.7039999961853027 1.4900000095367432 1.5299999713897705 34600
1.5299999713897705 1.6480000019073486 1.4500000476837158 1.4900000095367432 19600
1.5 1.600000023841858 1.1299999952316284 1.159999966621399 177300
1.1299999952316284 1.2799999713897705 1.1299999952316284 1.2699999809265137 95800
1.2899999618530273 1.3799999952316284 1.2430000305175781 1.25 44700
1.2899999618530273 1.3799999952316284 1.2289999723434448 1.3300000429153442 21500
1.2649999856948853 1.4199999570846558 1.2649999856948853 1.3899999856948853 28700
1.3899999856948853 1.5099999904632568 1.2999999523162842 1.4500000476837158 245700
1.4199999570846558 1.4600000381469727 1.309999942779541 1.4500000476837158 121000
1.4199999570846558 1.4199999570846558 1.2999999523162842 1.2999999523162842 36500
1.2400000095367432 1.2799999713897705 1.149999976158142 1.159999966621399 158900
1.1699999570846558 1.2660000324249268 1.149999976158142 1.149999976158142 66000
1.149999976158142 1.2100000381469727 1.1200000047683716 1.2100000381469727 89900
1.2200000286102295 1.2699999809265137 1.2020000219345093 1.2100000381469727 90600
1.2100000381469727 1.2350000143051147 1.1399999856948853 1.2100000381469727 82800
1.2209999561309814 1.2300000190734863 1.0399999618530273 1.1150000095367432 114300
1.1699999570846558 1.1699999570846558 1.0499999523162842 1.1299999952316284 49500
1.1299999952316284 1.149999976158142 1.0800000429153442 1.1100000143051147 76400
1.1200000047683716 1.1399999856948853 1.090000033378601 1.090000033378601 31500
1.100000023841858 1.159999966621399 1.065000057220459 1.0700000524520874 68200
1.0800000429153442 1.0800000429153442 1.0499999523162842 1.0499999523162842 24900
1.0499999523162842 1.1799999475479126 1.034999966621399 1.100000023841858 99200
1.1200000047683716 1.1699999570846558 1.0499999523162842 1.0800000429153442 42400
1.1799999475479126 1.1799999475479126 0.9700000286102295 1.0299999713897705 67000
1.0299999713897705 1.0299999713897705 0.949999988079071 0.9739999771118164 30800
0.972000002861023 1.0099999904632568 0.9200000166893005 0.9399999976158142 22000
0.9869999885559082 1.0099999904632568 0.9169999957084656 0.9760000109672546 20600
0.9340000152587891 1.0099999904632568 0.9340000152587891 0.9399999976158142 10200
0.9869999885559082 1.0 0.9449999928474426 0.9900000095367432 9400
0.9900000095367432 1.1109999418258667 0.9620000123977661 1.0199999809265137 26600
1.0199999809265137 1.149999976158142 0.9399999976158142 0.9599999785423279 137400
0.9700000286102295 1.0 0.8299999833106995 0.8600000143051147 169900
0.8799999952316284 0.8799999952316284 0.8159999847412109 0.8289999961853027 46800
0.8550000190734863 0.859000027179718 0.8159999847412109 0.859000027179718 10600
0.8399999737739563 1.0889999866485596 0.824999988079071 1.0 139800
0.9629999995231628 1.0099999904632568 0.8999999761581421 0.949999988079071 116200
0.8999999761581421 0.9570000171661377 0.8859999775886536 0.9120000004768372 27800
0.9599999785423279 0.9599999785423279 0.8880000114440918 0.9419999718666077 26100
0.9300000071525574 0.949999988079071 0.8769999742507935 0.8960000276565552 44100
0.984000027179718 0.9900000095367432 0.8199999928474426 0.8610000014305115 76100
0.902999997138977 0.902999997138977 0.8199999928474426 0.8550000190734863 21300
0.8600000143051147 0.875 0.7799999713897705 0.7799999713897705 176900
0.800000011920929 0.8330000042915344 0.7670000195503235 0.7799999713897705 50400
0.7799999713897705 0.8460000157356262 0.7749999761581421 0.7799999713897705 67500
0.7799999713897705 0.828000009059906 0.7599999904632568 0.7710000276565552 47000
0.75 0.7879999876022339 0.7099999785423279 0.734000027179718 47000
0.7099999785423279 0.7459999918937683 0.7049999833106995 0.7049999833106995 44000
0.7300000190734863 0.7300000190734863 0.6399999856948853 0.675000011920929 40400
0.6499999761581421 0.6800000071525574 0.6000000238418579 0.6140000224113464 95500
0.6240000128746033 0.7900000214576721 0.6119999885559082 0.7099999785423279 167100
0.7099999785423279 0.7639999985694885 0.6700000166893005 0.7400000095367432 21000
0.7770000100135803 0.8619999885559082 0.7609999775886536 0.8539999723434448 98000
0.8399999737739563 0.8399999737739563 0.7799999713897705 0.8339999914169312 71900
0.8600000143051147 0.8880000114440918 0.800000011920929 0.8149999976158142 19600
0.824999988079071 0.824999988079071 0.7350000143051147 0.7699999809265137 18000
0.7699999809265137 0.7699999809265137 0.7269999980926514 0.7269999980926514 23800
0.7300000190734863 0.8500000238418579 0.7269999980926514 0.7419999837875366 21200
0.7599999904632568 0.7900000214576721 0.75 0.7609999775886536 17800
0.7599999904632568 0.800000011920929 0.7400000095367432 0.7900000214576721 41200
0.7760000228881836 0.800000011920929 0.7269999980926514 0.800000011920929 18300
0.7799999713897705 0.800000011920929 0.7300000190734863 0.800000011920929 11600
0.800000011920929 0.8970000147819519 0.800000011920929 0.8899999856948853 38000
0.8799999952316284 0.8799999952316284 0.800000011920929 0.8450000286102295 11100
0.8100000023841858 0.8199999928474426 0.800000011920929 0.8199999928474426 10700
0.8199999928474426 0.8299999833106995 0.7310000061988831 0.8299999833106995 10800
0.8299999833106995 0.8299999833106995 0.7910000085830688 0.8299999833106995 3900
0.8740000128746033 0.8740000128746033 0.7799999713897705 0.8299999833106995 6000
0.7570000290870667 0.8190000057220459 0.7570000290870667 0.800000011920929 5600
0.7699999809265137 0.8199999928474426 0.7400000095367432 0.7599999904632568 24200
0.7599999904632568 0.8450000286102295 0.734000027179718 0.7580000162124634 23600
0.7699999809265137 0.7799999713897705 0.7540000081062317 0.7799999713897705 4700
0.75 0.800000011920929 0.75 0.7649999856948853 22100
0.7699999809265137 0.800000011920929 0.7319999933242798 0.7889999747276306 9800
0.7360000014305115 0.781000018119812 0.7319999933242798 0.7630000114440918 24300
0.7990000247955322 0.7990000247955322 0.7319999933242798 0.75 13600
0.7599999904632568 0.7599999904632568 0.7400000095367432 0.75 32200
0.7599999904632568 0.7599999904632568 0.7129999995231628 0.7139999866485596 25500
0.7490000128746033 0.7490000128746033 0.699999988079071 0.699999988079071 22900
0.7210000157356262 0.7210000157356262 0.6499999761581421 0.6919999718666077 12300
0.7160000205039978 0.7160000205039978 0.652999997138977 0.6679999828338623 22400
0.699999988079071 0.699999988079071 0.6620000004768372 0.6790000200271606 6200
0.7160000205039978 0.7160000205039978 0.6650000214576721 0.6869999766349792 15700
0.6869999766349792 0.699999988079071 0.6660000085830688 0.6700000166893005 16700
0.6800000071525574 0.6899999976158142 0.6460000276565552 0.6480000019073486 12800
0.6399999856948853 0.6480000019073486 0.6100000143051147 0.6480000019073486 2085000
1.0199999809265137 1.0299999713897705 0.800000011920929 0.902999997138977 8328100
0.800000011920929 0.8500000238418579 0.6610000133514404 0.7200000286102295 940100
0.6800000071525574 0.7200000286102295 0.6499999761581421 0.6600000262260437 361000
0.6399999856948853 0.699999988079071 0.6019999980926514 0.6700000166893005 188800
0.6800000071525574 0.699999988079071 0.6110000014305115 0.6159999966621399 141500
0.6000000238418579 0.6480000019073486 0.5799999833106995 0.6119999885559082 137300
0.6029999852180481 0.6100000143051147 0.5099999904632568 0.5659999847412109 116900
0.5860000252723694 0.6000000238418579 0.5669999718666077 0.5770000219345093 24100
0.5659999847412109 0.5950000286102295 0.5009999871253967 0.5400000214576721 205600
0.5239999890327454 0.5590000152587891 0.5099999904632568 0.5099999904632568 70000
0.5299999713897705 0.5360000133514404 0.5099999904632568 0.5199999809265137 54900
0.5019999742507935 0.5400000214576721 0.5 0.5400000214576721 55600
0.5360000133514404 0.5360000133514404 0.47099998593330383 0.5 105600
0.5099999904632568 0.5099999904632568 0.460999995470047 0.49399998784065247 80500
0.4699999988079071 0.4699999988079071 0.4099999964237213 0.43299999833106995 170400
0.4399999976158142 0.46000000834465027 0.4180000126361847 0.4180000126361847 69800
0.4359999895095825 0.43799999356269836 0.375 0.4189999997615814 104200
0.43299999833106995 0.48399999737739563 0.4000000059604645 0.45899999141693115 62400
0.4399999976158142 0.4569999873638153 0.4099999964237213 0.4309999942779541 453000
0.42899999022483826 0.42899999022483826 0.367000013589859 0.4259999990463257 154100
0.4269999861717224 0.44999998807907104 0.39100000262260437 0.4300000071525574 80400
0.41999998688697815 0.4300000071525574 0.3959999978542328 0.41999998688697815 44300
0.42899999022483826 0.44999998807907104 0.29600000381469727 0.4300000071525574 114900
0.4099999964237213 0.4399999976158142 0.38999998569488525 0.4129999876022339 25000
0.42899999022483826 0.4300000071525574 0.39500001072883606 0.4099999964237213 37800
0.3970000147819519 0.4399999976158142 0.3970000147819519 0.4300000071525574 16400
0.43799999356269836 0.4399999976158142 0.3799999952316284 0.3959999978542328 26400
0.41600000858306885 0.41999998688697815 0.38100001215934753 0.38100001215934753 26700
0.3930000066757202 0.4000000059604645 0.3799999952316284 0.38100001215934753 4100
0.4350000023841858 0.5049999952316284 0.4020000100135803 0.4519999921321869 1993700
0.41999998688697815 0.4699999988079071 0.4000000059604645 0.4059999883174896 140700
0.39800000190734863 0.39800000190734863 0.3499999940395355 0.36500000953674316 78400
0.382999986410141 0.3959999978542328 0.3479999899864197 0.3499999940395355 39100
0.48500001430511475 0.5350000262260437 0.3799999952316284 0.45899999141693115 3122400
0.4050000011920929 0.527999997138977 0.4050000011920929 0.5099999904632568 299600
0.5049999952316284 0.5049999952316284 0.41200000047683716 0.46000000834465027 271700
0.4560000002384186 0.4560000002384186 0.4000000059604645 0.41999998688697815 127800
0.4320000112056732 0.44999998807907104 0.38499999046325684 0.4429999887943268 110800
0.42399999499320984 0.4350000023841858 0.3919999897480011 0.4300000071525574 23400
0.41100001335144043 0.4300000071525574 0.3700000047683716 0.4300000071525574 43600
0.4000000059604645 0.4189999997615814 0.3619999885559082 0.38999998569488525 65600
0.3889999985694885 0.4000000059604645 0.3630000054836273 0.39899998903274536 19200
0.38100001215934753 0.4050000011920929 0.36399999260902405 0.4050000011920929 30100
0.4000000059604645 0.4000000059604645 0.3799999952316284 0.38999998569488525 7200
0.3700000047683716 0.3889999985694885 0.3529999852180481 0.3889999985694885 15800
0.3889999985694885 0.3889999985694885 0.36800000071525574 0.3790000081062317 17400
0.3790000081062317 0.3889999985694885 0.36000001430511475 0.3619999885559082 11300
0.3790000081062317 0.4050000011920929 0.3619999885559082 0.40400001406669617 74900
0.41999998688697815 0.4399999976158142 0.3700000047683716 0.4399999976158142 37100
0.4189999997615814 0.4390000104904175 0.39800000190734863 0.4390000104904175 8600
0.4099999964237213 0.4449999928474426 0.39399999380111694 0.4449999928474426 5700
0.4399999976158142 0.4399999976158142 0.4309999942779541 0.43299999833106995 4700
0.4399999976158142 0.4399999976158142 0.4350000023841858 0.4399999976158142 10800
0.4569999873638153 0.4569999873638153 0.38999998569488525 0.4399999976158142 12100
0.4399999976158142 0.4650000035762787 0.42500001192092896 0.46299999952316284 18800
0.4729999899864197 0.49000000953674316 0.36000001430511475 0.4300000071525574 53600
0.44999998807907104 0.4790000021457672 0.4009999930858612 0.46000000834465027 7000
0.46000000834465027 0.4749999940395355 0.42500001192092896 0.46000000834465027 16000
0.44999998807907104 0.48500001430511475 0.4059999883174896 0.44200000166893005 12200
0.44200000166893005 0.48500001430511475 0.414000004529953 0.4259999990463257 16600
0.4300000071525574 0.4350000023841858 0.4099999964237213 0.41600000858306885 3000
0.421999990940094 0.44999998807907104 0.4020000100135803 0.4020000100135803 6000
0.4020000100135803 0.4300000071525574 0.4009999930858612 0.4300000071525574 6900
0.41999998688697815 0.47999998927116394 0.41999998688697815 0.45010000467300415 20343
